6.202999999999999625e-01
5.332999999999999963e-01
4.526000000000000023e-01
3.121999999999999775e-01
2.267000000000000126e-01
1.733000000000000096e-01
1.451999999999999957e-01
1.057000000000000023e-01
8.550000000000000655e-02
8.179999999999999771e-02
9.220000000000000417e-02
1.037000000000000005e-01
1.145999999999999935e-01
1.048999999999999932e-01
9.719999999999999474e-02
1.071000000000000008e-01
1.267000000000000071e-01
1.496999999999999997e-01
1.590999999999999914e-01
1.789999999999999925e-01
1.980999999999999983e-01
2.576999999999999846e-01
2.989999999999999880e-01
3.195999999999999952e-01
3.558999999999999941e-01
3.454999999999999738e-01
3.111999999999999766e-01
2.439000000000000057e-01
1.754999999999999893e-01
1.121999999999999942e-01
9.180000000000000659e-02
8.100000000000000255e-02
7.929999999999999549e-02
5.850000000000000339e-02
3.980000000000000204e-02
2.050000000000000086e-02
1.580000000000000154e-02
1.450000000000000074e-02
1.280000000000000061e-02
2.929999999999999966e-02
3.969999999999999918e-02
4.039999999999999841e-02
5.079999999999999793e-02
5.229999999999999927e-02
6.149999999999999911e-02
6.279999999999999472e-02
6.389999999999999847e-02
6.110000000000000153e-02
5.840000000000000052e-02
5.870000000000000218e-02
5.469999999999999862e-02
7.099999999999999367e-02
9.189999999999999558e-02
1.350000000000000089e-01
1.796000000000000096e-01
1.915999999999999925e-01
1.855999999999999872e-01
1.784999999999999920e-01
1.748000000000000109e-01
1.585000000000000020e-01
1.428000000000000103e-01
1.333999999999999908e-01
1.112999999999999962e-01
1.100000000000000006e-01
9.969999999999999696e-02
9.110000000000000042e-02
1.106000000000000039e-01
1.218000000000000055e-01
1.343999999999999917e-01
1.562000000000000055e-01
1.529999999999999971e-01
1.789000000000000035e-01
1.816000000000000114e-01
2.001000000000000001e-01
2.427999999999999881e-01
3.048000000000000154e-01
3.592000000000000193e-01
4.128000000000000003e-01
4.864999999999999880e-01
5.866999999999999993e-01
6.907999999999999696e-01
7.752999999999999892e-01
8.169999999999999485e-01
8.512999999999999456e-01
8.733999999999999542e-01
8.992999999999999883e-01
9.153000000000000025e-01
9.239000000000000545e-01
9.292000000000000259e-01
9.326999999999999735e-01
9.415000000000000036e-01
9.250000000000000444e-01
9.346999999999999753e-01
9.399999999999999467e-01
9.367999999999999661e-01
9.353000000000000203e-01
9.268999999999999462e-01
9.234999999999999876e-01
9.161000000000000254e-01
8.949000000000000288e-01
9.147999999999999465e-01
9.203000000000000069e-01
9.142000000000000126e-01
9.275999999999999801e-01
9.264999999999999902e-01
9.370000000000000551e-01
9.281000000000000361e-01
9.257999999999999563e-01
9.172000000000000153e-01
9.129000000000000448e-01
9.185999999999999721e-01
9.219000000000000528e-01
9.141000000000000236e-01
9.294999999999999929e-01
9.254999999999999893e-01
9.275999999999999801e-01
9.333000000000000185e-01
9.331000000000000405e-01
9.334999999999999964e-01
9.416999999999999815e-01
9.428999999999999604e-01
9.445000000000000062e-01
9.436999999999999833e-01
9.522000000000000464e-01
9.431000000000000494e-01
9.477999999999999758e-01
9.485000000000000098e-01
9.401000000000000467e-01
9.488999999999999657e-01
9.341000000000000414e-01
9.367999999999999661e-01
9.303000000000000158e-01
9.268999999999999462e-01
9.083999999999999853e-01
9.088000000000000522e-01
9.095999999999999641e-01
8.985999999999999543e-01
8.983999999999999764e-01
8.832999999999999741e-01
8.709000000000000075e-01
8.748000000000000220e-01
8.700999999999999845e-01
8.900000000000000133e-01
8.857000000000000428e-01
9.002999999999999892e-01
9.171000000000000263e-01
9.264999999999999902e-01
9.235999999999999766e-01
9.250000000000000444e-01
9.182000000000000162e-01
9.358999999999999542e-01
9.281000000000000361e-01
9.344000000000000083e-01
9.435000000000000053e-01
9.354000000000000092e-01
9.393000000000000238e-01
9.436999999999999833e-01
9.506999999999999895e-01
9.487999999999999767e-01
9.461000000000000520e-01
9.492000000000000437e-01
9.482000000000000428e-01
9.431000000000000494e-01
9.550999999999999490e-01
9.525000000000000133e-01
9.330000000000000515e-01
9.402000000000000357e-01
9.205999999999999739e-01
9.172000000000000153e-01
9.120000000000000329e-01
9.129000000000000448e-01
9.123999999999999888e-01
9.233000000000000096e-01
9.131000000000000227e-01
9.230000000000000426e-01
9.204999999999999849e-01
9.264999999999999902e-01
9.295999999999999819e-01
9.333000000000000185e-01
9.261000000000000343e-01
9.240000000000000435e-01
9.292000000000000259e-01
9.383000000000000229e-01
9.331000000000000405e-01
9.425999999999999934e-01
9.405999999999999917e-01
9.570999999999999508e-01
9.375000000000000000e-01
9.344999999999999973e-01
9.375999999999999890e-01
9.354000000000000092e-01
9.355999999999999872e-01
9.431000000000000494e-01
9.446999999999999842e-01
9.623000000000000442e-01
9.500999999999999446e-01
9.505000000000000115e-01
9.486999999999999877e-01
9.496999999999999886e-01
9.576999999999999957e-01
9.485999999999999988e-01
9.383000000000000229e-01
9.354999999999999982e-01
9.515000000000000124e-01
9.444000000000000172e-01
9.415999999999999925e-01
9.475000000000000089e-01
9.392000000000000348e-01
9.403000000000000247e-01
9.425000000000000044e-01
9.388999999999999568e-01
9.388999999999999568e-01
9.392000000000000348e-01
9.276999999999999691e-01
9.367999999999999661e-01
9.311000000000000387e-01
9.383000000000000229e-01
9.292000000000000259e-01
9.365999999999999881e-01
9.284999999999999920e-01
9.323000000000000176e-01
9.233000000000000096e-01
9.276999999999999691e-01
9.293000000000000149e-01
9.294999999999999929e-01
9.364999999999999991e-01
9.284999999999999920e-01
9.318999999999999506e-01
9.226999999999999647e-01
9.183999999999999941e-01
9.303000000000000158e-01
9.175999999999999712e-01
9.136999999999999567e-01
9.171000000000000263e-01
9.076999999999999513e-01
8.980000000000000204e-01
8.981999999999999984e-01
8.875999999999999446e-01
8.760999999999999899e-01
8.460999999999999632e-01
8.292000000000000481e-01
8.074000000000000066e-01
8.072000000000000286e-01
8.094999999999999973e-01
7.870000000000000329e-01
7.634999999999999565e-01
7.509000000000000119e-01
7.147000000000000020e-01
7.489000000000000101e-01
7.599000000000000199e-01
8.061000000000000387e-01
8.065999999999999837e-01
8.457999999999999963e-01
8.898000000000000353e-01
9.033999999999999808e-01
9.243000000000000105e-01
8.867000000000000437e-01
9.586000000000000076e-01
9.762999999999999456e-01
9.744000000000000439e-01
9.655000000000000249e-01
9.717999999999999972e-01
9.743000000000000549e-01
9.651999999999999469e-01
9.651999999999999469e-01
9.553000000000000380e-01
9.546000000000000041e-01
9.524000000000000243e-01
9.494000000000000217e-01
9.586999999999999966e-01
9.514000000000000234e-01
9.536000000000000032e-01
9.559999999999999609e-01
9.504000000000000226e-01
9.503000000000000336e-01
9.481000000000000538e-01
9.418999999999999595e-01
9.536999999999999922e-01
9.497999999999999776e-01
9.475000000000000089e-01
9.473000000000000309e-01
9.497999999999999776e-01
9.478999999999999648e-01
9.509999999999999565e-01
9.534000000000000252e-01
9.518999999999999684e-01
9.612000000000000544e-01
9.606000000000000094e-01
9.584000000000000297e-01
9.596000000000000085e-01
9.626000000000000112e-01
9.461000000000000520e-01
9.651999999999999469e-01
9.609999999999999654e-01
9.535000000000000142e-01
9.516999999999999904e-01
9.446999999999999842e-01
9.424000000000000155e-01
9.518999999999999684e-01
9.462000000000000410e-01
9.593000000000000416e-01
9.347999999999999643e-01
9.331000000000000405e-01
9.411000000000000476e-01
9.239000000000000545e-01
9.206999999999999629e-01
9.244999999999999885e-01
9.194999999999999840e-01
9.080000000000000293e-01
8.912999999999999812e-01
8.914999999999999591e-01
8.699999999999999956e-01
8.558000000000000052e-01
8.396000000000000130e-01
8.215000000000000080e-01
7.776999999999999469e-01
7.760000000000000231e-01
7.858000000000000540e-01
7.836999999999999522e-01
7.840000000000000302e-01
7.710000000000000187e-01
7.458000000000000185e-01
6.918999999999999595e-01
6.512000000000000011e-01
6.115000000000000435e-01
5.634000000000000119e-01
5.272000000000000020e-01
4.665000000000000258e-01
4.093999999999999861e-01
3.507000000000000117e-01
3.008000000000000118e-01
2.646999999999999909e-01
2.697999999999999843e-01
2.832000000000000073e-01
2.733999999999999764e-01
2.788999999999999813e-01
3.075999999999999845e-01
3.245999999999999996e-01
3.101999999999999758e-01
3.013000000000000123e-01
2.726000000000000090e-01
2.681999999999999940e-01
2.262000000000000122e-01
2.117999999999999883e-01
1.925000000000000044e-01
1.744999999999999885e-01
1.307999999999999996e-01
1.200999999999999984e-01
9.740000000000000047e-02
7.829999999999999460e-02
6.270000000000000573e-02
4.900000000000000189e-02
3.790000000000000313e-02
3.559999999999999970e-02
4.130000000000000338e-02
3.269999999999999990e-02
2.319999999999999840e-02
2.779999999999999832e-02
2.889999999999999861e-02
4.050000000000000128e-02
5.750000000000000250e-02
6.110000000000000153e-02
4.970000000000000112e-02
5.000000000000000278e-02
6.189999999999999669e-02
5.759999999999999842e-02
5.820000000000000173e-02
5.800000000000000294e-02
7.230000000000000315e-02
1.087999999999999939e-01
1.580999999999999905e-01
1.990999999999999992e-01
2.348000000000000087e-01
2.750000000000000222e-01
3.282999999999999807e-01
3.538999999999999924e-01
3.561000000000000276e-01
3.464999999999999747e-01
3.310000000000000164e-01
2.883000000000000007e-01
2.580999999999999961e-01
2.260999999999999954e-01
2.023000000000000076e-01
1.595999999999999919e-01
1.461000000000000076e-01
1.197000000000000008e-01
1.023000000000000020e-01
9.210000000000000131e-02
7.580000000000000626e-02
6.980000000000000093e-02
6.289999999999999758e-02
5.070000000000000201e-02
3.760000000000000148e-02
3.649999999999999772e-02
2.529999999999999957e-02
1.030000000000000013e-02
5.300000000000000024e-03
0.000000000000000000e+00
0.000000000000000000e+00
5.199999999999999761e-03
1.580000000000000154e-02
2.479999999999999913e-02
3.400000000000000244e-02
5.170000000000000290e-02
4.760000000000000342e-02
5.269999999999999685e-02
4.630000000000000088e-02
3.919999999999999873e-02
2.340000000000000066e-02
7.799999999999999642e-03
7.700000000000000247e-03
9.100000000000000450e-03
1.000000000000000021e-03
6.100000000000000387e-03
1.140000000000000041e-02
1.980000000000000163e-02
2.000000000000000042e-02
2.160000000000000114e-02
2.570000000000000062e-02
2.970000000000000070e-02
2.889999999999999861e-02
3.950000000000000039e-02
4.440000000000000197e-02
5.129999999999999838e-02
5.800000000000000294e-02
6.840000000000000246e-02
6.930000000000000049e-02
8.100000000000000255e-02
1.088999999999999968e-01
1.446000000000000063e-01
1.930999999999999939e-01
2.142999999999999905e-01
2.674000000000000266e-01
3.175999999999999934e-01
3.914000000000000257e-01
4.852000000000000202e-01
5.793000000000000371e-01
6.412999999999999812e-01
6.914000000000000146e-01
7.308999999999999941e-01
7.711999999999999966e-01
7.720000000000000195e-01
7.872000000000000108e-01
8.355000000000000204e-01
8.808000000000000274e-01
9.126999999999999558e-01
9.294999999999999929e-01
9.429999999999999494e-01
9.494000000000000217e-01
9.515000000000000124e-01
9.526000000000000023e-01
9.518999999999999684e-01
9.508999999999999675e-01
9.496999999999999886e-01
9.442000000000000393e-01
9.495999999999999996e-01
9.481000000000000538e-01
9.372000000000000330e-01
9.502000000000000446e-01
9.364999999999999991e-01
9.396999999999999797e-01
9.334000000000000075e-01
9.244999999999999885e-01
9.324999999999999956e-01
9.226999999999999647e-01
9.275999999999999801e-01
9.250000000000000444e-01
9.261000000000000343e-01
9.242000000000000215e-01
9.402000000000000357e-01
9.298999999999999488e-01
9.334999999999999964e-01
9.393000000000000238e-01
9.283000000000000140e-01
9.324000000000000066e-01
9.471000000000000529e-01
9.466999999999999860e-01
9.525000000000000133e-01
9.510999999999999455e-01
9.628999999999999782e-01
9.544000000000000261e-01
9.584000000000000297e-01
9.573000000000000398e-01
9.624000000000000332e-01
9.569999999999999618e-01
9.578999999999999737e-01
9.603000000000000425e-01
9.683000000000000496e-01
9.675000000000000266e-01
9.725000000000000311e-01
9.674000000000000377e-01
9.755000000000000338e-01
9.688999999999999835e-01
9.746000000000000218e-01
9.771999999999999575e-01
9.798000000000000043e-01
9.721999999999999531e-01
9.670999999999999597e-01
9.664000000000000368e-01
9.667999999999999927e-01
9.616000000000000103e-01
9.631999999999999451e-01
9.633000000000000451e-01
9.546999999999999931e-01
9.506999999999999895e-01
9.446999999999999842e-01
9.360000000000000542e-01
9.356999999999999762e-01
9.384000000000000119e-01
9.264000000000000012e-01
9.216999999999999638e-01
9.100000000000000311e-01
9.196999999999999620e-01
9.190000000000000391e-01
9.246999999999999664e-01
9.176999999999999602e-01
9.285999999999999810e-01
9.321000000000000396e-01
9.358999999999999542e-01
9.384000000000000119e-01
9.409999999999999476e-01
9.382000000000000339e-01
9.461000000000000520e-01
9.487999999999999767e-01
9.388999999999999568e-01
9.246999999999999664e-01
9.354000000000000092e-01
9.462000000000000410e-01
9.426999999999999824e-01
9.417999999999999705e-01
9.429999999999999494e-01
9.488999999999999657e-01
9.525000000000000133e-01
9.414000000000000146e-01
9.575000000000000178e-01
9.528999999999999693e-01
9.421000000000000485e-01
9.424000000000000155e-01
9.629999999999999671e-01
9.664000000000000368e-01
9.668999999999999817e-01
9.777000000000000135e-01
9.716000000000000192e-01
9.677999999999999936e-01
9.694000000000000394e-01
9.676000000000000156e-01
9.747000000000000108e-01
9.639999999999999680e-01
9.748999999999999888e-01
9.557999999999999829e-01
9.462000000000000410e-01
9.557999999999999829e-01
9.465000000000000080e-01
9.500999999999999446e-01
9.485000000000000098e-01
9.411000000000000476e-01
9.495999999999999996e-01
9.254000000000000004e-01
9.215999999999999748e-01
9.139000000000000457e-01
9.132000000000000117e-01
8.908000000000000362e-01
8.590999999999999748e-01
8.229999999999999538e-01
8.060000000000000497e-01
7.679000000000000270e-01
7.311999999999999611e-01
6.757999999999999563e-01
6.237000000000000322e-01
5.411000000000000254e-01
4.938000000000000167e-01
4.683999999999999830e-01
4.359999999999999987e-01
4.072000000000000064e-01
3.879000000000000226e-01
3.598000000000000087e-01
3.719999999999999973e-01
3.700999999999999845e-01
3.469999999999999751e-01
3.307999999999999829e-01
3.487000000000000099e-01
3.225000000000000089e-01
3.276000000000000023e-01
3.331999999999999962e-01
3.664000000000000035e-01
3.930000000000000160e-01
4.178999999999999937e-01
4.722999999999999976e-01
5.289000000000000368e-01
5.845000000000000195e-01
6.612000000000000099e-01
7.507000000000000339e-01
7.753999999999999782e-01
8.115999999999999881e-01
8.359999999999999654e-01
9.011000000000000121e-01
9.290000000000000480e-01
9.416999999999999815e-01
9.495999999999999996e-01
9.417999999999999705e-01
9.516000000000000014e-01
9.498999999999999666e-01
9.516000000000000014e-01
9.506999999999999895e-01
9.495000000000000107e-01
9.567999999999999838e-01
9.492000000000000437e-01
9.474000000000000199e-01
9.376999999999999780e-01
9.311000000000000387e-01
9.363000000000000211e-01
9.237999999999999545e-01
9.282000000000000250e-01
9.226999999999999647e-01
8.971000000000000085e-01
8.959000000000000297e-01
8.961000000000000076e-01
8.971999999999999975e-01
8.820000000000000062e-01
8.870000000000000107e-01
8.907000000000000473e-01
8.824999999999999512e-01
8.792999999999999705e-01
8.834999999999999520e-01
8.737000000000000322e-01
8.796000000000000485e-01
8.761999999999999789e-01
8.709000000000000075e-01
8.648000000000000131e-01
8.630999999999999783e-01
8.429999999999999716e-01
8.530999999999999694e-01
8.586000000000000298e-01
8.567000000000000171e-01
8.590999999999999748e-01
8.467999999999999972e-01
8.506000000000000227e-01
8.568000000000000060e-01
8.232000000000000428e-01
8.055999999999999828e-01
7.590999999999999970e-01
7.183000000000000496e-01
6.468000000000000416e-01
5.413999999999999924e-01
4.794999999999999818e-01
4.481999999999999873e-01
3.861999999999999877e-01
3.371000000000000107e-01
3.090999999999999859e-01
2.923000000000000043e-01
2.812999999999999945e-01
2.676000000000000045e-01
2.303000000000000047e-01
2.614000000000000212e-01
2.969999999999999862e-01
2.822000000000000064e-01
2.973000000000000087e-01
3.062000000000000277e-01
2.979999999999999871e-01
3.027000000000000246e-01
3.804000000000000159e-01
4.285999999999999810e-01
4.712999999999999967e-01
5.521000000000000352e-01
6.516999999999999460e-01
7.006000000000000005e-01
7.544999999999999485e-01
8.185000000000000053e-01
8.750999999999999890e-01
9.019000000000000350e-01
9.284000000000000030e-01
9.363000000000000211e-01
9.435000000000000053e-01
9.515000000000000124e-01
9.656000000000000139e-01
9.536000000000000032e-01
9.674000000000000377e-01
9.569999999999999618e-01
9.680999999999999606e-01
9.559999999999999609e-01
9.747000000000000108e-01
9.610999999999999543e-01
9.649999999999999689e-01
9.651999999999999469e-01
9.687999999999999945e-01
9.761999999999999567e-01
9.775000000000000355e-01
9.829999999999999849e-01
9.707999999999999963e-01
9.799999999999999822e-01
9.818999999999999950e-01
9.789999999999999813e-01
9.817000000000000171e-01
9.784000000000000474e-01
9.719999999999999751e-01
9.730999999999999650e-01
9.726000000000000201e-01
9.613000000000000433e-01
9.643000000000000460e-01
9.608999999999999764e-01
9.610999999999999543e-01
9.502000000000000446e-01
9.476999999999999869e-01
9.558999999999999719e-01
9.641999999999999460e-01
9.697999999999999954e-01
9.716000000000000192e-01
9.599999999999999645e-01
9.588999999999999746e-01
9.727999999999999980e-01
9.636000000000000121e-01
9.636000000000000121e-01
9.646000000000000130e-01
9.644000000000000350e-01
9.451000000000000512e-01
9.412000000000000366e-01
9.435000000000000053e-01
9.488999999999999657e-01
9.423000000000000265e-01
9.587999999999999856e-01
9.376999999999999780e-01
9.394000000000000128e-01
9.447999999999999732e-01
9.342000000000000304e-01
9.245999999999999774e-01
8.970000000000000195e-01
8.947000000000000508e-01
8.856000000000000538e-01
8.830000000000000071e-01
8.851999999999999869e-01
8.091000000000000414e-01
