8.862999999999999767e-01
8.716000000000000414e-01
8.430999999999999606e-01
7.744999999999999662e-01
7.416000000000000369e-01
7.207999999999999963e-01
7.115000000000000213e-01
7.140999999999999570e-01
7.168999999999999817e-01
7.137000000000000011e-01
7.153000000000000469e-01
7.035000000000000142e-01
6.881000000000000449e-01
6.572999999999999954e-01
6.058000000000000052e-01
5.463999999999999968e-01
5.038000000000000256e-01
4.511999999999999900e-01
4.239999999999999880e-01
4.057999999999999940e-01
3.937999999999999834e-01
3.973999999999999755e-01
3.942999999999999838e-01
3.997999999999999887e-01
3.758000000000000229e-01
3.847999999999999754e-01
3.966999999999999971e-01
4.218999999999999972e-01
4.141000000000000236e-01
4.048999999999999821e-01
3.876000000000000001e-01
3.789000000000000146e-01
3.452999999999999958e-01
3.345000000000000195e-01
3.098000000000000198e-01
3.169000000000000150e-01
3.133000000000000229e-01
3.170999999999999930e-01
3.427999999999999936e-01
3.678000000000000158e-01
4.064999999999999725e-01
4.133999999999999897e-01
4.016000000000000125e-01
3.719000000000000083e-01
3.483999999999999875e-01
3.326999999999999957e-01
2.974999999999999867e-01
2.629000000000000226e-01
2.215000000000000024e-01
1.635999999999999954e-01
1.358000000000000040e-01
1.228000000000000064e-01
1.283999999999999864e-01
1.155999999999999944e-01
1.310999999999999943e-01
1.433000000000000107e-01
1.423000000000000098e-01
1.338000000000000023e-01
1.315999999999999948e-01
1.244999999999999996e-01
1.313000000000000000e-01
1.386999999999999900e-01
1.696999999999999897e-01
1.827999999999999903e-01
1.751000000000000056e-01
1.555999999999999883e-01
1.398999999999999966e-01
1.272999999999999965e-01
1.077000000000000041e-01
8.580000000000000127e-02
7.040000000000000424e-02
5.759999999999999842e-02
4.710000000000000298e-02
4.070000000000000007e-02
3.509999999999999926e-02
4.039999999999999841e-02
3.579999999999999849e-02
3.760000000000000148e-02
3.039999999999999994e-02
2.069999999999999965e-02
1.430000000000000021e-02
1.100000000000000066e-03
1.170000000000000033e-02
9.799999999999999684e-03
1.299999999999999940e-02
1.060000000000000005e-02
1.349999999999999985e-02
2.700000000000000143e-03
5.300000000000000024e-03
8.999999999999999320e-03
0.000000000000000000e+00
5.899999999999999863e-03
4.199999999999999740e-03
1.200000000000000025e-02
1.039999999999999952e-02
2.000000000000000042e-03
6.700000000000000226e-03
6.700000000000000226e-03
1.770000000000000046e-02
1.710000000000000062e-02
2.500000000000000139e-02
3.259999999999999704e-02
3.780000000000000027e-02
5.519999999999999907e-02
7.660000000000000142e-02
8.119999999999999440e-02
1.033000000000000029e-01
1.342000000000000137e-01
1.582999999999999963e-01
1.980999999999999983e-01
2.515000000000000013e-01
2.812000000000000055e-01
3.084000000000000075e-01
3.304000000000000270e-01
3.397000000000000020e-01
3.644000000000000017e-01
3.855999999999999983e-01
3.643000000000000127e-01
3.318999999999999728e-01
3.234000000000000208e-01
2.775000000000000244e-01
2.020000000000000129e-01
1.593999999999999861e-01
1.213000000000000050e-01
9.710000000000000575e-02
7.099999999999999367e-02
7.370000000000000162e-02
7.789999999999999702e-02
7.340000000000000691e-02
7.109999999999999654e-02
7.610000000000000098e-02
8.329999999999999905e-02
8.519999999999999796e-02
9.810000000000000664e-02
1.120000000000000023e-01
1.456999999999999962e-01
1.743999999999999995e-01
1.711000000000000021e-01
1.265000000000000013e-01
1.241000000000000020e-01
9.489999999999999825e-02
7.670000000000000429e-02
4.610000000000000209e-02
2.079999999999999905e-02
5.199999999999999761e-03
0.000000000000000000e+00
0.000000000000000000e+00
0.000000000000000000e+00
0.000000000000000000e+00
1.000000000000000021e-03
1.159999999999999920e-02
1.609999999999999973e-02
2.799999999999999972e-03
0.000000000000000000e+00
0.000000000000000000e+00
9.799999999999999684e-03
6.300000000000000044e-03
1.480000000000000066e-02
8.099999999999999561e-03
1.060000000000000005e-02
2.399999999999999790e-03
3.099999999999999891e-03
6.199999999999999782e-03
0.000000000000000000e+00
0.000000000000000000e+00
0.000000000000000000e+00
0.000000000000000000e+00
0.000000000000000000e+00
0.000000000000000000e+00
0.000000000000000000e+00
6.300000000000000044e-03
1.349999999999999985e-02
2.220000000000000098e-02
3.389999999999999958e-02
6.600000000000000311e-02
7.620000000000000384e-02
1.194999999999999951e-01
1.593999999999999861e-01
2.384000000000000008e-01
3.094999999999999973e-01
3.541000000000000258e-01
3.961000000000000076e-01
4.167000000000000148e-01
