9.004999999999999671e-01
8.961999999999999966e-01
8.762999999999999678e-01
8.636000000000000343e-01
8.631999999999999673e-01
8.760000000000000009e-01
8.884999999999999565e-01
8.720999999999999863e-01
8.682999999999999607e-01
8.542999999999999483e-01
8.565000000000000391e-01
8.458999999999999853e-01
8.560999999999999721e-01
8.659000000000000030e-01
8.663999999999999480e-01
8.633999999999999453e-01
8.556000000000000272e-01
8.672999999999999599e-01
8.608000000000000096e-01
8.535000000000000364e-01
8.776000000000000467e-01
8.875999999999999446e-01
8.875999999999999446e-01
8.812999999999999723e-01
8.808000000000000274e-01
8.656000000000000361e-01
8.696000000000000396e-01
8.769000000000000128e-01
8.759000000000000119e-01
8.786000000000000476e-01
8.739000000000000101e-01
8.840000000000000080e-01
8.669999999999999929e-01
8.668000000000000149e-01
8.824999999999999512e-01
8.950000000000000178e-01
9.002999999999999892e-01
8.629000000000000004e-01
8.729999999999999982e-01
9.002999999999999892e-01
8.961000000000000076e-01
9.166999999999999593e-01
9.286999999999999700e-01
9.274000000000000021e-01
9.383000000000000229e-01
9.179000000000000492e-01
9.232000000000000206e-01
9.264000000000000012e-01
9.114999999999999769e-01
9.211000000000000298e-01
9.201000000000000290e-01
9.391000000000000458e-01
9.496999999999999886e-01
9.582000000000000517e-01
9.596000000000000085e-01
9.584000000000000297e-01
9.593000000000000416e-01
9.608999999999999764e-01
9.614000000000000323e-01
9.636000000000000121e-01
9.524000000000000243e-01
9.429999999999999494e-01
9.366999999999999771e-01
9.306999999999999718e-01
9.189000000000000501e-01
9.184999999999999831e-01
9.091000000000000192e-01
9.038000000000000478e-01
9.146999999999999575e-01
9.167999999999999483e-01
9.215999999999999748e-01
9.106999999999999540e-01
9.252000000000000224e-01
9.471000000000000529e-01
9.449999999999999512e-01
9.346999999999999753e-01
9.461000000000000520e-01
9.505000000000000115e-01
9.383000000000000229e-01
9.197999999999999510e-01
9.064999999999999725e-01
9.133000000000000007e-01
9.262000000000000233e-01
9.118000000000000549e-01
8.853999999999999648e-01
8.834999999999999520e-01
9.033999999999999808e-01
9.193999999999999950e-01
9.370000000000000551e-01
9.321000000000000396e-01
9.284000000000000030e-01
9.133999999999999897e-01
9.088000000000000522e-01
8.962999999999999856e-01
9.046999999999999487e-01
9.079000000000000403e-01
8.920000000000000151e-01
8.790000000000000036e-01
8.985999999999999543e-01
9.071000000000000174e-01
9.264999999999999902e-01
9.373000000000000220e-01
9.323000000000000176e-01
9.301000000000000378e-01
9.246999999999999664e-01
9.445999999999999952e-01
9.388999999999999568e-01
9.506999999999999895e-01
9.395999999999999908e-01
9.403000000000000247e-01
9.426999999999999824e-01
9.435999999999999943e-01
9.338999999999999524e-01
9.203999999999999959e-01
8.982999999999999874e-01
8.857000000000000428e-01
8.627000000000000224e-01
8.610999999999999766e-01
8.556000000000000272e-01
8.499999999999999778e-01
8.481999999999999540e-01
8.314000000000000279e-01
8.333000000000000407e-01
8.265000000000000124e-01
8.508000000000000007e-01
8.863999999999999657e-01
8.894999999999999574e-01
8.725000000000000533e-01
8.441999999999999504e-01
8.707000000000000295e-01
9.157999999999999474e-01
9.256999999999999673e-01
9.403000000000000247e-01
9.374000000000000110e-01
9.424000000000000155e-01
9.408999999999999586e-01
9.391000000000000458e-01
9.337999999999999634e-01
9.277999999999999581e-01
9.100000000000000311e-01
9.200000000000000400e-01
9.153000000000000025e-01
9.274000000000000021e-01
9.403000000000000247e-01
9.464000000000000190e-01
9.409999999999999476e-01
9.293000000000000149e-01
9.155999999999999694e-01
9.317999999999999616e-01
9.368999999999999551e-01
9.388999999999999568e-01
9.314999999999999947e-01
9.212000000000000188e-01
9.131000000000000227e-01
9.123999999999999888e-01
9.216999999999999638e-01
9.438999999999999613e-01
9.472000000000000419e-01
9.506999999999999895e-01
9.513000000000000345e-01
9.427999999999999714e-01
9.553000000000000380e-01
9.602000000000000535e-01
9.469999999999999529e-01
9.317999999999999616e-01
9.322000000000000286e-01
9.361000000000000432e-01
9.306999999999999718e-01
9.572000000000000508e-01
9.507999999999999785e-01
9.612000000000000544e-01
9.714000000000000412e-01
9.687999999999999945e-01
9.739999999999999769e-01
9.606000000000000094e-01
9.576000000000000068e-01
9.608999999999999764e-01
9.517999999999999794e-01
9.455000000000000071e-01
9.405000000000000027e-01
9.484000000000000208e-01
9.367999999999999661e-01
9.350000000000000533e-01
9.360000000000000542e-01
9.346999999999999753e-01
9.343000000000000194e-01
9.354000000000000092e-01
9.507999999999999785e-01
9.395999999999999908e-01
9.190000000000000391e-01
9.130000000000000338e-01
8.935999999999999499e-01
8.866000000000000547e-01
9.011000000000000121e-01
9.073999999999999844e-01
9.112999999999999989e-01
9.207999999999999519e-01
9.211000000000000298e-01
9.267999999999999572e-01
9.187999999999999501e-01
9.310000000000000497e-01
9.206999999999999629e-01
9.434000000000000163e-01
9.533000000000000362e-01
9.618999999999999773e-01
9.617999999999999883e-01
9.562000000000000499e-01
9.568999999999999728e-01
9.377999999999999670e-01
9.368999999999999551e-01
9.006999999999999451e-01
9.298999999999999488e-01
9.278999999999999471e-01
9.172000000000000153e-01
8.869000000000000217e-01
8.942999999999999838e-01
8.882999999999999785e-01
8.770000000000000018e-01
8.591999999999999638e-01
8.377000000000000002e-01
7.923999999999999932e-01
7.567000000000000393e-01
7.077999999999999847e-01
6.320000000000000062e-01
5.442000000000000171e-01
4.640000000000000235e-01
4.346999999999999753e-01
3.430000000000000271e-01
2.913000000000000034e-01
2.538000000000000256e-01
2.293000000000000038e-01
2.089000000000000024e-01
2.091000000000000081e-01
2.212000000000000077e-01
2.119000000000000050e-01
2.321999999999999897e-01
2.500000000000000000e-01
2.712999999999999856e-01
3.037000000000000255e-01
3.441000000000000170e-01
3.820999999999999952e-01
4.244999999999999885e-01
4.833000000000000074e-01
5.588999999999999524e-01
5.987000000000000099e-01
6.176000000000000378e-01
6.804999999999999938e-01
7.254000000000000448e-01
7.652999999999999803e-01
7.822999999999999954e-01
8.245000000000000107e-01
8.138999999999999568e-01
8.156999999999999806e-01
8.706000000000000405e-01
8.732999999999999652e-01
8.750000000000000000e-01
8.968000000000000416e-01
9.053999999999999826e-01
9.284999999999999920e-01
9.292000000000000259e-01
9.375000000000000000e-01
9.389999999999999458e-01
9.449999999999999512e-01
9.348999999999999533e-01
9.396999999999999797e-01
9.438999999999999613e-01
9.516000000000000014e-01
9.748999999999999888e-01
9.768999999999999906e-01
9.635000000000000231e-01
9.640999999999999570e-01
9.557999999999999829e-01
9.630999999999999561e-01
9.526000000000000023e-01
9.548999999999999710e-01
9.633000000000000451e-01
9.565000000000000169e-01
9.597999999999999865e-01
9.514000000000000234e-01
9.622000000000000552e-01
9.654000000000000359e-01
9.608999999999999764e-01
9.657000000000000028e-01
9.686000000000000165e-01
9.669999999999999707e-01
9.736000000000000210e-01
9.639999999999999680e-01
9.782999999999999474e-01
9.628999999999999782e-01
9.735000000000000320e-01
9.596999999999999975e-01
9.604000000000000314e-01
9.647000000000000020e-01
9.586000000000000076e-01
9.622000000000000552e-01
9.575000000000000178e-01
9.634000000000000341e-01
9.799999999999999822e-01
9.839999999999999858e-01
9.875000000000000444e-01
9.789999999999999813e-01
9.606999999999999984e-01
9.547999999999999821e-01
9.664000000000000368e-01
9.643000000000000460e-01
9.638999999999999790e-01
9.650999999999999579e-01
9.572000000000000508e-01
9.391000000000000458e-01
9.338999999999999524e-01
9.292000000000000259e-01
9.347999999999999643e-01
9.284999999999999920e-01
9.332000000000000295e-01
9.341000000000000414e-01
9.173000000000000043e-01
9.303000000000000158e-01
9.344999999999999973e-01
9.381000000000000449e-01
9.473000000000000309e-01
9.570999999999999508e-01
9.575000000000000178e-01
9.512000000000000455e-01
9.417999999999999705e-01
9.314000000000000057e-01
9.167999999999999483e-01
9.132000000000000117e-01
9.073999999999999844e-01
9.169000000000000483e-01
9.187999999999999501e-01
9.153999999999999915e-01
9.145999999999999686e-01
9.201000000000000290e-01
9.240000000000000435e-01
9.199000000000000510e-01
9.167999999999999483e-01
9.268999999999999462e-01
9.295999999999999819e-01
9.265999999999999792e-01
9.321000000000000396e-01
9.458999999999999631e-01
9.362000000000000322e-01
9.231000000000000316e-01
9.257999999999999563e-01
9.307999999999999607e-01
9.314000000000000057e-01
9.186999999999999611e-01
9.315999999999999837e-01
9.140000000000000346e-01
9.004999999999999671e-01
9.094999999999999751e-01
9.239000000000000545e-01
9.141000000000000236e-01
8.915999999999999481e-01
8.792999999999999705e-01
8.807000000000000384e-01
8.749000000000000110e-01
8.633999999999999453e-01
8.502999999999999448e-01
8.467999999999999972e-01
8.176999999999999824e-01
8.388999999999999790e-01
8.389999999999999680e-01
8.434000000000000385e-01
8.286999999999999922e-01
8.222000000000000419e-01
8.023000000000000131e-01
8.031000000000000361e-01
7.982000000000000206e-01
8.008999999999999453e-01
8.129999999999999449e-01
8.192000000000000393e-01
8.138999999999999568e-01
8.071000000000000396e-01
7.939000000000000501e-01
7.690000000000000169e-01
7.496000000000000441e-01
7.017999999999999794e-01
6.452999999999999847e-01
5.536999999999999700e-01
4.949000000000000066e-01
4.227000000000000202e-01
3.418999999999999817e-01
2.752999999999999892e-01
1.786000000000000087e-01
1.696999999999999897e-01
1.436000000000000054e-01
1.396000000000000019e-01
1.246000000000000024e-01
1.199999999999999956e-01
1.147999999999999993e-01
1.250999999999999890e-01
1.106000000000000039e-01
1.189999999999999947e-01
1.145000000000000046e-01
1.237999999999999934e-01
1.317000000000000115e-01
1.274000000000000132e-01
1.350000000000000089e-01
1.259000000000000119e-01
1.204999999999999960e-01
1.272000000000000075e-01
1.083999999999999964e-01
9.629999999999999671e-02
9.810000000000000664e-02
9.130000000000000615e-02
9.410000000000000309e-02
1.049999999999999961e-01
8.830000000000000349e-02
9.189999999999999558e-02
8.210000000000000631e-02
8.480000000000000038e-02
8.250000000000000389e-02
7.480000000000000537e-02
6.750000000000000444e-02
6.539999999999999980e-02
8.509999999999999509e-02
6.239999999999999714e-02
6.990000000000000380e-02
9.919999999999999651e-02
8.880000000000000393e-02
8.069999999999999396e-02
8.690000000000000502e-02
8.640000000000000457e-02
7.069999999999999896e-02
6.320000000000000617e-02
7.499999999999999722e-02
6.439999999999999891e-02
6.149999999999999911e-02
5.160000000000000003e-02
4.780000000000000221e-02
3.880000000000000115e-02
2.920000000000000026e-02
3.559999999999999970e-02
3.350000000000000200e-02
2.400000000000000050e-02
3.880000000000000115e-02
3.119999999999999857e-02
4.100000000000000172e-02
2.750000000000000014e-02
4.730000000000000177e-02
5.920000000000000262e-02
5.460000000000000270e-02
6.969999999999999807e-02
9.260000000000000175e-02
1.079999999999999988e-01
1.589000000000000135e-01
2.341000000000000025e-01
3.211999999999999855e-01
3.655999999999999805e-01
4.182000000000000162e-01
4.956999999999999740e-01
5.608999999999999542e-01
6.257000000000000339e-01
7.116999999999999993e-01
7.664999999999999591e-01
7.882000000000000117e-01
7.995999999999999774e-01
7.956999999999999629e-01
7.836999999999999522e-01
7.791000000000000147e-01
7.558000000000000274e-01
7.362999999999999545e-01
7.318000000000000060e-01
7.052000000000000490e-01
6.747999999999999554e-01
6.199000000000000066e-01
5.695999999999999952e-01
4.999000000000000110e-01
4.385999999999999899e-01
3.901000000000000023e-01
3.311999999999999944e-01
2.605000000000000093e-01
2.258000000000000007e-01
2.227999999999999980e-01
2.044999999999999873e-01
2.061000000000000054e-01
2.106000000000000094e-01
2.149000000000000077e-01
2.121000000000000107e-01
2.447999999999999898e-01
2.937000000000000166e-01
3.733000000000000207e-01
4.739999999999999769e-01
5.554000000000000048e-01
5.937000000000000055e-01
6.562999999999999945e-01
6.796999999999999709e-01
6.522000000000000020e-01
