9.861999999999999655e-01
9.916000000000000369e-01
9.796000000000000263e-01
9.789999999999999813e-01
9.635000000000000231e-01
9.566000000000000059e-01
9.967000000000000304e-01
9.671999999999999487e-01
9.744000000000000439e-01
9.902999999999999581e-01
9.790999999999999703e-01
9.799999999999999822e-01
9.877000000000000224e-01
9.981999999999999762e-01
9.986000000000000432e-01
1.000000000000000000e+00
9.888000000000000123e-01
1.000000000000000000e+00
1.000000000000000000e+00
1.000000000000000000e+00
1.000000000000000000e+00
1.000000000000000000e+00
1.000000000000000000e+00
1.000000000000000000e+00
1.000000000000000000e+00
1.000000000000000000e+00
1.000000000000000000e+00
1.000000000000000000e+00
9.960999999999999854e-01
9.956000000000000405e-01
1.000000000000000000e+00
9.961999999999999744e-01
1.000000000000000000e+00
1.000000000000000000e+00
9.981999999999999762e-01
9.798000000000000043e-01
9.872999999999999554e-01
9.932999999999999607e-01
9.819999999999999840e-01
9.869999999999999885e-01
1.000000000000000000e+00
1.000000000000000000e+00
1.000000000000000000e+00
1.000000000000000000e+00
9.977000000000000313e-01
9.983999999999999542e-01
9.916000000000000369e-01
9.864000000000000545e-01
9.902999999999999581e-01
9.953999999999999515e-01
9.828999999999999959e-01
9.854000000000000536e-01
9.868999999999999995e-01
9.982999999999999652e-01
9.903999999999999471e-01
9.997000000000000330e-01
1.000000000000000000e+00
1.000000000000000000e+00
9.879000000000000004e-01
1.000000000000000000e+00
1.000000000000000000e+00
1.000000000000000000e+00
9.871999999999999664e-01
9.726000000000000201e-01
9.736000000000000210e-01
9.506999999999999895e-01
9.373000000000000220e-01
9.402000000000000357e-01
9.697999999999999954e-01
9.718999999999999861e-01
9.650999999999999579e-01
9.778000000000000025e-01
9.718999999999999861e-01
9.628999999999999782e-01
9.707000000000000073e-01
9.622000000000000552e-01
9.464000000000000190e-01
9.216999999999999638e-01
9.224999999999999867e-01
9.012999999999999901e-01
8.779000000000000137e-01
8.476000000000000201e-01
8.374000000000000332e-01
8.309999999999999609e-01
8.184000000000000163e-01
8.017999999999999572e-01
8.037999999999999590e-01
8.283000000000000362e-01
7.979000000000000536e-01
7.980000000000000426e-01
8.131000000000000449e-01
8.487999999999999989e-01
8.467000000000000082e-01
8.366000000000000103e-01
8.275000000000000133e-01
8.104999999999999982e-01
7.624999999999999556e-01
7.238999999999999879e-01
6.522000000000000020e-01
5.808999999999999719e-01
4.915999999999999814e-01
4.146000000000000241e-01
3.271000000000000019e-01
2.535000000000000031e-01
2.091999999999999971e-01
1.627000000000000113e-01
1.395000000000000129e-01
1.205999999999999989e-01
1.054999999999999966e-01
1.147999999999999993e-01
1.152999999999999997e-01
1.243999999999999967e-01
1.360000000000000098e-01
1.403000000000000080e-01
1.472999999999999865e-01
1.489000000000000046e-01
1.605999999999999928e-01
1.675999999999999990e-01
1.771999999999999964e-01
1.910999999999999921e-01
2.195000000000000007e-01
2.393000000000000127e-01
2.723999999999999755e-01
3.301000000000000045e-01
3.871999999999999886e-01
4.262000000000000233e-01
4.660000000000000253e-01
4.779999999999999805e-01
4.784999999999999809e-01
4.885999999999999788e-01
4.737999999999999989e-01
4.334000000000000075e-01
3.961000000000000076e-01
3.497000000000000108e-01
3.225000000000000089e-01
3.005999999999999783e-01
2.331999999999999906e-01
2.069999999999999896e-01
1.855999999999999872e-01
1.517999999999999905e-01
1.733000000000000096e-01
1.554000000000000103e-01
1.436000000000000054e-01
1.290999999999999925e-01
1.340999999999999970e-01
1.648999999999999910e-01
2.066999999999999948e-01
2.576999999999999846e-01
2.988000000000000100e-01
3.502000000000000113e-01
3.738000000000000211e-01
4.495000000000000107e-01
4.640000000000000235e-01
5.162999999999999812e-01
5.651000000000000467e-01
6.096000000000000307e-01
6.676999999999999602e-01
6.972000000000000419e-01
7.471999999999999753e-01
7.733999999999999764e-01
7.894999999999999796e-01
7.949000000000000510e-01
8.081000000000000405e-01
8.388999999999999790e-01
8.398999999999999799e-01
8.528000000000000025e-01
8.558999999999999941e-01
8.780000000000000027e-01
8.908000000000000362e-01
9.206999999999999629e-01
9.086999999999999522e-01
9.096999999999999531e-01
9.130000000000000338e-01
9.479999999999999538e-01
9.408999999999999586e-01
9.585000000000000187e-01
9.462000000000000410e-01
9.842999999999999527e-01
9.792999999999999483e-01
9.825000000000000400e-01
9.874000000000000554e-01
9.930999999999999828e-01
9.908000000000000140e-01
9.968000000000000194e-01
9.968000000000000194e-01
1.000000000000000000e+00
9.989000000000000101e-01
9.856000000000000316e-01
9.906000000000000361e-01
9.676000000000000156e-01
9.902999999999999581e-01
9.717999999999999972e-01
9.643000000000000460e-01
9.693000000000000504e-01
9.737000000000000099e-01
9.631999999999999451e-01
9.616000000000000103e-01
9.657000000000000028e-01
9.678999999999999826e-01
9.899999999999999911e-01
9.903999999999999471e-01
9.649999999999999689e-01
9.707999999999999963e-01
9.716000000000000192e-01
9.745000000000000329e-01
9.687999999999999945e-01
9.640999999999999570e-01
9.638999999999999790e-01
9.671999999999999487e-01
9.697000000000000064e-01
9.617999999999999883e-01
9.474000000000000199e-01
9.243000000000000105e-01
8.871999999999999886e-01
8.659000000000000030e-01
8.248999999999999666e-01
7.876999999999999558e-01
7.489999999999999991e-01
7.123000000000000442e-01
6.650000000000000355e-01
6.568000000000000504e-01
6.582999999999999963e-01
6.591000000000000192e-01
6.450000000000000178e-01
6.392999999999999794e-01
7.194000000000000394e-01
7.934999999999999831e-01
8.427999999999999936e-01
8.719999999999999973e-01
9.283000000000000140e-01
9.586000000000000076e-01
9.667000000000000037e-01
9.725000000000000311e-01
9.829999999999999849e-01
9.879000000000000004e-01
9.971999999999999753e-01
1.000000000000000000e+00
1.000000000000000000e+00
1.000000000000000000e+00
1.000000000000000000e+00
1.000000000000000000e+00
1.000000000000000000e+00
1.000000000000000000e+00
9.946000000000000396e-01
9.986000000000000432e-01
1.000000000000000000e+00
1.000000000000000000e+00
1.000000000000000000e+00
1.000000000000000000e+00
9.907000000000000250e-01
1.000000000000000000e+00
9.899999999999999911e-01
9.957000000000000295e-01
1.000000000000000000e+00
1.000000000000000000e+00
1.000000000000000000e+00
1.000000000000000000e+00
1.000000000000000000e+00
1.000000000000000000e+00
9.915000000000000480e-01
9.887000000000000233e-01
9.979999999999999982e-01
1.000000000000000000e+00
1.000000000000000000e+00
1.000000000000000000e+00
9.989000000000000101e-01
1.000000000000000000e+00
9.970999999999999863e-01
1.000000000000000000e+00
9.960999999999999854e-01
9.921999999999999709e-01
9.817000000000000171e-01
9.895000000000000462e-01
1.000000000000000000e+00
1.000000000000000000e+00
1.000000000000000000e+00
1.000000000000000000e+00
1.000000000000000000e+00
1.000000000000000000e+00
1.000000000000000000e+00
1.000000000000000000e+00
1.000000000000000000e+00
1.000000000000000000e+00
1.000000000000000000e+00
1.000000000000000000e+00
1.000000000000000000e+00
1.000000000000000000e+00
1.000000000000000000e+00
1.000000000000000000e+00
1.000000000000000000e+00
1.000000000000000000e+00
1.000000000000000000e+00
1.000000000000000000e+00
1.000000000000000000e+00
1.000000000000000000e+00
1.000000000000000000e+00
1.000000000000000000e+00
1.000000000000000000e+00
1.000000000000000000e+00
1.000000000000000000e+00
1.000000000000000000e+00
1.000000000000000000e+00
1.000000000000000000e+00
1.000000000000000000e+00
1.000000000000000000e+00
1.000000000000000000e+00
1.000000000000000000e+00
1.000000000000000000e+00
1.000000000000000000e+00
1.000000000000000000e+00
1.000000000000000000e+00
1.000000000000000000e+00
1.000000000000000000e+00
1.000000000000000000e+00
1.000000000000000000e+00
1.000000000000000000e+00
1.000000000000000000e+00
1.000000000000000000e+00
1.000000000000000000e+00
1.000000000000000000e+00
1.000000000000000000e+00
1.000000000000000000e+00
1.000000000000000000e+00
1.000000000000000000e+00
1.000000000000000000e+00
1.000000000000000000e+00
1.000000000000000000e+00
1.000000000000000000e+00
1.000000000000000000e+00
1.000000000000000000e+00
1.000000000000000000e+00
1.000000000000000000e+00
1.000000000000000000e+00
1.000000000000000000e+00
1.000000000000000000e+00
1.000000000000000000e+00
1.000000000000000000e+00
1.000000000000000000e+00
1.000000000000000000e+00
1.000000000000000000e+00
1.000000000000000000e+00
1.000000000000000000e+00
1.000000000000000000e+00
1.000000000000000000e+00
1.000000000000000000e+00
1.000000000000000000e+00
1.000000000000000000e+00
1.000000000000000000e+00
1.000000000000000000e+00
1.000000000000000000e+00
1.000000000000000000e+00
1.000000000000000000e+00
9.948000000000000176e-01
9.978000000000000203e-01
9.645000000000000240e-01
9.647999999999999909e-01
9.363000000000000211e-01
9.388999999999999568e-01
9.540999999999999481e-01
9.416999999999999815e-01
9.840999999999999748e-01
9.973999999999999533e-01
1.000000000000000000e+00
1.000000000000000000e+00
9.988000000000000211e-01
1.000000000000000000e+00
1.000000000000000000e+00
1.000000000000000000e+00
1.000000000000000000e+00
1.000000000000000000e+00
1.000000000000000000e+00
1.000000000000000000e+00
1.000000000000000000e+00
1.000000000000000000e+00
1.000000000000000000e+00
1.000000000000000000e+00
1.000000000000000000e+00
1.000000000000000000e+00
1.000000000000000000e+00
1.000000000000000000e+00
1.000000000000000000e+00
1.000000000000000000e+00
1.000000000000000000e+00
1.000000000000000000e+00
9.746000000000000218e-01
9.663000000000000478e-01
9.585000000000000187e-01
9.451000000000000512e-01
9.607999999999999874e-01
9.515000000000000124e-01
9.515000000000000124e-01
9.530999999999999472e-01
9.421000000000000485e-01
9.386999999999999789e-01
9.671999999999999487e-01
1.000000000000000000e+00
9.837000000000000188e-01
1.000000000000000000e+00
1.000000000000000000e+00
1.000000000000000000e+00
1.000000000000000000e+00
1.000000000000000000e+00
1.000000000000000000e+00
1.000000000000000000e+00
1.000000000000000000e+00
1.000000000000000000e+00
1.000000000000000000e+00
1.000000000000000000e+00
1.000000000000000000e+00
1.000000000000000000e+00
1.000000000000000000e+00
1.000000000000000000e+00
1.000000000000000000e+00
1.000000000000000000e+00
1.000000000000000000e+00
1.000000000000000000e+00
1.000000000000000000e+00
1.000000000000000000e+00
1.000000000000000000e+00
1.000000000000000000e+00
1.000000000000000000e+00
1.000000000000000000e+00
1.000000000000000000e+00
1.000000000000000000e+00
1.000000000000000000e+00
9.741999999999999549e-01
9.933999999999999497e-01
9.784000000000000474e-01
9.916000000000000369e-01
1.000000000000000000e+00
1.000000000000000000e+00
1.000000000000000000e+00
1.000000000000000000e+00
1.000000000000000000e+00
1.000000000000000000e+00
1.000000000000000000e+00
9.955000000000000515e-01
9.915000000000000480e-01
9.956000000000000405e-01
9.736000000000000210e-01
9.640999999999999570e-01
9.570999999999999508e-01
9.411000000000000476e-01
9.385000000000000009e-01
9.311000000000000387e-01
9.106999999999999540e-01
9.149000000000000465e-01
9.120000000000000329e-01
9.064999999999999725e-01
9.686000000000000165e-01
9.493000000000000327e-01
9.626000000000000112e-01
9.900999999999999801e-01
9.655000000000000249e-01
9.928000000000000158e-01
1.000000000000000000e+00
1.000000000000000000e+00
1.000000000000000000e+00
1.000000000000000000e+00
1.000000000000000000e+00
1.000000000000000000e+00
1.000000000000000000e+00
1.000000000000000000e+00
1.000000000000000000e+00
1.000000000000000000e+00
1.000000000000000000e+00
1.000000000000000000e+00
1.000000000000000000e+00
1.000000000000000000e+00
1.000000000000000000e+00
1.000000000000000000e+00
1.000000000000000000e+00
1.000000000000000000e+00
1.000000000000000000e+00
1.000000000000000000e+00
1.000000000000000000e+00
1.000000000000000000e+00
1.000000000000000000e+00
1.000000000000000000e+00
1.000000000000000000e+00
9.859999999999999876e-01
1.000000000000000000e+00
1.000000000000000000e+00
1.000000000000000000e+00
1.000000000000000000e+00
1.000000000000000000e+00
1.000000000000000000e+00
1.000000000000000000e+00
1.000000000000000000e+00
1.000000000000000000e+00
1.000000000000000000e+00
9.859999999999999876e-01
9.761999999999999567e-01
9.694000000000000394e-01
9.667000000000000037e-01
9.676000000000000156e-01
9.570999999999999508e-01
9.626000000000000112e-01
9.657999999999999918e-01
9.655000000000000249e-01
9.592000000000000526e-01
9.467999999999999750e-01
9.392000000000000348e-01
9.466999999999999860e-01
9.160000000000000364e-01
9.029000000000000359e-01
8.777000000000000357e-01
8.288999999999999702e-01
7.873999999999999888e-01
7.473999999999999533e-01
6.902000000000000357e-01
6.497000000000000552e-01
6.267000000000000348e-01
5.874000000000000332e-01
5.093999999999999639e-01
4.292000000000000259e-01
3.770000000000000018e-01
3.443999999999999839e-01
3.114999999999999991e-01
2.898000000000000020e-01
2.760000000000000231e-01
2.742999999999999883e-01
2.646999999999999909e-01
2.978000000000000091e-01
3.121999999999999775e-01
3.241999999999999882e-01
3.558000000000000052e-01
4.108999999999999875e-01
4.757000000000000117e-01
5.340000000000000302e-01
5.794000000000000261e-01
6.124000000000000554e-01
6.347000000000000419e-01
6.400000000000000133e-01
6.856999999999999762e-01
7.124000000000000332e-01
7.057999999999999829e-01
7.156000000000000139e-01
7.281999999999999584e-01
7.518000000000000238e-01
8.107999999999999652e-01
8.393000000000000460e-01
8.708000000000000185e-01
9.226999999999999647e-01
9.306999999999999718e-01
9.296999999999999709e-01
9.327999999999999625e-01
9.368999999999999551e-01
9.204999999999999849e-01
9.185999999999999721e-01
9.129000000000000448e-01
9.101000000000000201e-01
8.736000000000000432e-01
8.235999999999999988e-01
7.553999999999999604e-01
7.175000000000000266e-01
6.510000000000000231e-01
5.897999999999999909e-01
5.596999999999999753e-01
4.919000000000000039e-01
4.586000000000000076e-01
4.819999999999999840e-01
4.969999999999999973e-01
5.292999999999999927e-01
5.652000000000000357e-01
5.948999999999999844e-01
6.440000000000000169e-01
6.915000000000000036e-01
7.150999999999999579e-01
7.850000000000000311e-01
8.235000000000000098e-01
8.789000000000000146e-01
8.994999999999999662e-01
9.471000000000000529e-01
9.707000000000000073e-01
9.766000000000000236e-01
1.000000000000000000e+00
9.960999999999999854e-01
9.952999999999999625e-01
9.897000000000000242e-01
9.748999999999999888e-01
9.752999999999999448e-01
9.651999999999999469e-01
9.646000000000000130e-01
9.546999999999999931e-01
9.226999999999999647e-01
9.043999999999999817e-01
8.763999999999999568e-01
8.564000000000000501e-01
8.318999999999999728e-01
8.014999999999999902e-01
7.729000000000000314e-01
7.425000000000000488e-01
6.864999999999999991e-01
6.795999999999999819e-01
6.504999999999999671e-01
6.129999999999999893e-01
5.536999999999999700e-01
4.702000000000000068e-01
4.381999999999999784e-01
3.951999999999999957e-01
3.887999999999999790e-01
3.780000000000000027e-01
4.067999999999999949e-01
4.406999999999999806e-01
4.671000000000000152e-01
5.312999999999999945e-01
6.232999999999999652e-01
6.512999999999999901e-01
7.579000000000000181e-01
8.347999999999999865e-01
8.842999999999999750e-01
9.283000000000000140e-01
9.579999999999999627e-01
9.713000000000000522e-01
9.867000000000000215e-01
9.867000000000000215e-01
9.691999999999999504e-01
9.478999999999999648e-01
9.320000000000000506e-01
8.962999999999999856e-01
8.690999999999999837e-01
8.423000000000000487e-01
8.004000000000000004e-01
7.492999999999999661e-01
6.904000000000000137e-01
6.502999999999999892e-01
6.138000000000000123e-01
5.732000000000000428e-01
5.089000000000000190e-01
4.474000000000000199e-01
4.149999999999999800e-01
3.996999999999999997e-01
3.796999999999999820e-01
3.332999999999999852e-01
3.081999999999999740e-01
2.983000000000000096e-01
2.659000000000000252e-01
2.374999999999999889e-01
2.260999999999999954e-01
2.237999999999999989e-01
2.124000000000000055e-01
2.119999999999999940e-01
2.439000000000000057e-01
2.846000000000000196e-01
3.221999999999999864e-01
3.622000000000000219e-01
3.950000000000000178e-01
4.017000000000000015e-01
4.069999999999999729e-01
4.174999999999999822e-01
4.283000000000000140e-01
4.057000000000000051e-01
4.015000000000000235e-01
4.151000000000000245e-01
4.084999999999999742e-01
3.856999999999999873e-01
3.766999999999999793e-01
4.063999999999999835e-01
3.942999999999999838e-01
3.602000000000000202e-01
3.804000000000000159e-01
3.675999999999999823e-01
3.832999999999999741e-01
3.675999999999999823e-01
3.871999999999999886e-01
4.179999999999999827e-01
4.370999999999999885e-01
4.814999999999999836e-01
5.224999999999999645e-01
5.614999999999999991e-01
5.741000000000000547e-01
6.229999999999999982e-01
6.709000000000000519e-01
7.039999999999999591e-01
6.939999999999999503e-01
6.833000000000000185e-01
6.699000000000000510e-01
6.549000000000000377e-01
6.368000000000000327e-01
6.138000000000000123e-01
5.874000000000000332e-01
5.469000000000000528e-01
5.168000000000000371e-01
5.020999999999999908e-01
4.855999999999999761e-01
4.978000000000000203e-01
5.299000000000000377e-01
5.399000000000000465e-01
5.638999999999999568e-01
5.907999999999999918e-01
5.763000000000000345e-01
5.244999999999999662e-01
4.925999999999999823e-01
4.426999999999999824e-01
3.837999999999999745e-01
3.186999999999999833e-01
2.692999999999999838e-01
2.446000000000000119e-01
2.043000000000000094e-01
1.448000000000000120e-01
1.188000000000000028e-01
8.939999999999999336e-02
6.239999999999999714e-02
6.619999999999999496e-02
5.680000000000000326e-02
4.569999999999999757e-02
5.519999999999999907e-02
4.850000000000000144e-02
4.460000000000000075e-02
4.449999999999999789e-02
3.099999999999999978e-02
2.239999999999999977e-02
3.150000000000000022e-02
3.230000000000000232e-02
3.919999999999999873e-02
4.950000000000000233e-02
6.500000000000000222e-02
9.729999999999999760e-02
1.049999999999999961e-01
1.055999999999999994e-01
1.243999999999999967e-01
1.257999999999999952e-01
1.290999999999999925e-01
1.486999999999999988e-01
1.471999999999999975e-01
1.250999999999999890e-01
1.343000000000000027e-01
1.105000000000000010e-01
9.600000000000000200e-02
8.820000000000000062e-02
8.669999999999999929e-02
7.499999999999999722e-02
7.109999999999999654e-02
6.130000000000000032e-02
8.300000000000000433e-02
8.089999999999999969e-02
7.059999999999999609e-02
7.230000000000000315e-02
7.779999999999999416e-02
8.699999999999999400e-02
9.710000000000000575e-02
1.171999999999999986e-01
1.307000000000000106e-01
1.479000000000000037e-01
1.668000000000000038e-01
2.003999999999999948e-01
2.149000000000000077e-01
2.497999999999999943e-01
3.020999999999999797e-01
3.579999999999999849e-01
4.043999999999999817e-01
4.302000000000000268e-01
4.662999999999999923e-01
4.631000000000000116e-01
4.606000000000000094e-01
4.395999999999999908e-01
4.284999999999999920e-01
3.976000000000000090e-01
3.541000000000000258e-01
3.064000000000000057e-01
2.807000000000000051e-01
2.227000000000000091e-01
1.183000000000000024e-01
6.669999999999999540e-02
3.969999999999999918e-02
2.630000000000000046e-02
2.620000000000000107e-02
1.839999999999999969e-02
1.969999999999999876e-02
2.400000000000000050e-02
1.729999999999999941e-02
1.149999999999999981e-02
1.469999999999999953e-02
1.930000000000000118e-02
7.900000000000000772e-03
3.700000000000000164e-03
1.349999999999999985e-02
1.930000000000000118e-02
2.359999999999999945e-02
3.960000000000000325e-02
2.680000000000000090e-02
4.610000000000000209e-02
5.920000000000000262e-02
6.859999999999999432e-02
8.859999999999999820e-02
1.004000000000000031e-01
9.579999999999999627e-02
9.690000000000000002e-02
1.087000000000000050e-01
9.829999999999999849e-02
9.940000000000000224e-02
1.010000000000000064e-01
1.164000000000000035e-01
1.290999999999999925e-01
1.418999999999999984e-01
1.665000000000000091e-01
1.902000000000000079e-01
2.169999999999999984e-01
2.550999999999999934e-01
2.943000000000000060e-01
3.457999999999999963e-01
4.113999999999999879e-01
4.793999999999999928e-01
5.237000000000000544e-01
5.554000000000000048e-01
6.412999999999999812e-01
7.771000000000000130e-01
8.470999999999999641e-01
9.002000000000000002e-01
9.195999999999999730e-01
9.564000000000000279e-01
9.730999999999999650e-01
9.743000000000000549e-01
9.703000000000000513e-01
9.657999999999999918e-01
9.802999999999999492e-01
9.665000000000000258e-01
9.569999999999999618e-01
9.330000000000000515e-01
9.225999999999999757e-01
8.689000000000000057e-01
8.054999999999999938e-01
7.572999999999999732e-01
7.187999999999999945e-01
7.066999999999999948e-01
6.443999999999999728e-01
5.987000000000000099e-01
5.041999999999999815e-01
4.318000000000000171e-01
3.622000000000000219e-01
2.852000000000000091e-01
2.331999999999999906e-01
1.978000000000000036e-01
1.816000000000000114e-01
1.632000000000000117e-01
1.645000000000000073e-01
1.668999999999999928e-01
1.610000000000000042e-01
1.499000000000000055e-01
1.307000000000000106e-01
1.174000000000000044e-01
1.005999999999999950e-01
1.087000000000000050e-01
1.033000000000000029e-01
1.033000000000000029e-01
1.039000000000000062e-01
8.930000000000000437e-02
9.489999999999999825e-02
7.620000000000000384e-02
7.040000000000000424e-02
6.759999999999999343e-02
6.909999999999999476e-02
7.639999999999999569e-02
6.550000000000000266e-02
7.689999999999999614e-02
6.959999999999999520e-02
6.990000000000000380e-02
8.210000000000000631e-02
1.038000000000000034e-01
1.199999999999999956e-01
1.395000000000000129e-01
1.628999999999999893e-01
1.879000000000000115e-01
2.063000000000000111e-01
2.485999999999999877e-01
2.726000000000000090e-01
2.768999999999999795e-01
2.692999999999999838e-01
2.534000000000000141e-01
2.338999999999999968e-01
2.119999999999999940e-01
1.986999999999999877e-01
2.073000000000000120e-01
2.454000000000000070e-01
3.093000000000000194e-01
3.412000000000000033e-01
3.583000000000000074e-01
3.493999999999999884e-01
3.210000000000000075e-01
2.773999999999999799e-01
2.439999999999999947e-01
2.328999999999999959e-01
2.096000000000000085e-01
1.978999999999999926e-01
1.857999999999999929e-01
1.824000000000000066e-01
1.814000000000000057e-01
1.751999999999999946e-01
1.736999999999999933e-01
1.708000000000000074e-01
1.637000000000000122e-01
1.635999999999999954e-01
1.625999999999999945e-01
1.675999999999999990e-01
1.774000000000000021e-01
1.884000000000000119e-01
1.887999999999999956e-01
1.713000000000000078e-01
1.456999999999999962e-01
1.323000000000000009e-01
1.267999999999999960e-01
1.180999999999999966e-01
1.103999999999999981e-01
9.349999999999999978e-02
7.870000000000000606e-02
6.859999999999999432e-02
6.629999999999999782e-02
7.059999999999999609e-02
7.230000000000000315e-02
8.509999999999999509e-02
9.929999999999999938e-02
9.909999999999999365e-02
1.095000000000000001e-01
1.087999999999999939e-01
1.014000000000000040e-01
9.690000000000000002e-02
8.640000000000000457e-02
7.850000000000000033e-02
8.219999999999999529e-02
9.550000000000000155e-02
1.043000000000000038e-01
9.710000000000000575e-02
1.004000000000000031e-01
1.049999999999999961e-01
8.790000000000000591e-02
7.149999999999999412e-02
7.019999999999999851e-02
8.509999999999999509e-02
9.760000000000000620e-02
1.247999999999999943e-01
1.542999999999999927e-01
1.947000000000000119e-01
2.328999999999999959e-01
2.562999999999999723e-01
2.457999999999999907e-01
2.426999999999999991e-01
2.331000000000000016e-01
2.190999999999999892e-01
1.925999999999999934e-01
1.763000000000000123e-01
1.736999999999999933e-01
1.794999999999999929e-01
2.071999999999999953e-01
2.230000000000000038e-01
2.467000000000000026e-01
2.802000000000000046e-01
2.999999999999999889e-01
3.461000000000000187e-01
3.683000000000000163e-01
4.117000000000000104e-01
4.653999999999999804e-01
5.063999999999999613e-01
5.340000000000000302e-01
5.855000000000000204e-01
6.298000000000000265e-01
7.175000000000000266e-01
7.802999999999999936e-01
8.245999999999999996e-01
8.515000000000000346e-01
8.404000000000000359e-01
8.347999999999999865e-01
8.127999999999999670e-01
7.724999999999999645e-01
7.300999999999999712e-01
6.679000000000000492e-01
6.092999999999999527e-01
5.252000000000000002e-01
4.375000000000000000e-01
3.467999999999999972e-01
2.180999999999999883e-01
1.565000000000000002e-01
9.610000000000000486e-02
6.909999999999999476e-02
6.060000000000000109e-02
5.160000000000000003e-02
4.739999999999999769e-02
4.229999999999999732e-02
4.850000000000000144e-02
4.370000000000000273e-02
3.799999999999999906e-02
5.689999999999999919e-02
5.899999999999999689e-02
5.999999999999999778e-02
6.110000000000000153e-02
5.970000000000000306e-02
5.319999999999999729e-02
5.430000000000000104e-02
5.249999999999999806e-02
5.550000000000000072e-02
4.900000000000000189e-02
6.379999999999999560e-02
7.549999999999999767e-02
8.659999999999999643e-02
8.770000000000000018e-02
9.410000000000000309e-02
1.032000000000000001e-01
1.024999999999999939e-01
1.067000000000000032e-01
1.130000000000000032e-01
1.150999999999999940e-01
1.134000000000000008e-01
1.038000000000000034e-01
1.079999999999999988e-01
1.009000000000000036e-01
8.319999999999999618e-02
6.719999999999999585e-02
5.500000000000000028e-02
5.399999999999999939e-02
4.780000000000000221e-02
4.019999999999999962e-02
4.340000000000000108e-02
3.740000000000000269e-02
4.150000000000000216e-02
4.340000000000000108e-02
5.210000000000000048e-02
4.599999999999999922e-02
4.519999999999999712e-02
5.170000000000000290e-02
5.360000000000000181e-02
5.600000000000000117e-02
5.109999999999999959e-02
4.429999999999999910e-02
4.839999999999999858e-02
4.460000000000000075e-02
3.470000000000000168e-02
4.139999999999999930e-02
3.269999999999999990e-02
2.549999999999999836e-02
2.110000000000000070e-02
1.930000000000000118e-02
1.170000000000000033e-02
5.899999999999999863e-03
1.899999999999999996e-03
1.239999999999999956e-02
1.480000000000000066e-02
8.000000000000000167e-03
2.400000000000000050e-02
4.399999999999999745e-02
3.440000000000000002e-02
3.429999999999999716e-02
5.380000000000000060e-02
7.549999999999999767e-02
8.880000000000000393e-02
1.356999999999999873e-01
1.764999999999999902e-01
2.001999999999999891e-01
2.538000000000000256e-01
3.150000000000000022e-01
4.228000000000000091e-01
5.181999999999999940e-01
5.905000000000000249e-01
6.564999999999999725e-01
7.245000000000000329e-01
7.359999999999999876e-01
7.772000000000000020e-01
7.822999999999999954e-01
7.701000000000000068e-01
7.766999999999999460e-01
7.684999999999999609e-01
7.133000000000000451e-01
6.867999999999999661e-01
6.583999999999999853e-01
6.146000000000000352e-01
5.685000000000000053e-01
5.217000000000000526e-01
4.677999999999999936e-01
4.260999999999999788e-01
3.703000000000000180e-01
3.443999999999999839e-01
3.316999999999999948e-01
3.044000000000000039e-01
2.671999999999999931e-01
2.313999999999999946e-01
1.938000000000000000e-01
1.542999999999999927e-01
1.198000000000000037e-01
1.049999999999999961e-01
9.840000000000000135e-02
8.250000000000000389e-02
8.050000000000000211e-02
7.340000000000000691e-02
5.639999999999999875e-02
4.599999999999999922e-02
4.130000000000000338e-02
3.810000000000000192e-02
3.930000000000000160e-02
4.179999999999999688e-02
3.980000000000000204e-02
4.220000000000000140e-02
3.690000000000000224e-02
3.939999999999999752e-02
3.479999999999999760e-02
5.909999999999999976e-02
7.839999999999999747e-02
7.979999999999999594e-02
9.020000000000000240e-02
1.130000000000000032e-01
1.169000000000000039e-01
1.150999999999999940e-01
1.197000000000000008e-01
9.260000000000000175e-02
7.399999999999999634e-02
5.179999999999999882e-02
3.939999999999999752e-02
2.709999999999999909e-02
2.599999999999999881e-02
2.280000000000000082e-02
2.120000000000000009e-02
2.440000000000000155e-02
2.610000000000000167e-02
2.390000000000000110e-02
3.570000000000000256e-02
3.420000000000000123e-02
5.519999999999999907e-02
7.359999999999999876e-02
8.069999999999999396e-02
7.380000000000000449e-02
8.140000000000000013e-02
8.569999999999999840e-02
9.360000000000000264e-02
1.270000000000000018e-01
1.231000000000000011e-01
1.476000000000000090e-01
1.411000000000000032e-01
1.363999999999999935e-01
1.423000000000000098e-01
1.408000000000000085e-01
1.595000000000000029e-01
1.653999999999999915e-01
1.718999999999999972e-01
1.841000000000000136e-01
1.912000000000000088e-01
1.822000000000000008e-01
1.487999999999999878e-01
1.361999999999999877e-01
1.228000000000000064e-01
1.145000000000000046e-01
1.117999999999999966e-01
1.122999999999999970e-01
1.140999999999999931e-01
1.297999999999999987e-01
1.519999999999999962e-01
1.847999999999999921e-01
2.182999999999999940e-01
2.516999999999999793e-01
2.945999999999999730e-01
3.297999999999999821e-01
3.657000000000000250e-01
4.040000000000000258e-01
4.007000000000000006e-01
4.058999999999999830e-01
4.318000000000000171e-01
4.991999999999999771e-01
5.248000000000000442e-01
5.563000000000000167e-01
5.937000000000000055e-01
6.383999999999999675e-01
6.625999999999999668e-01
6.875000000000000000e-01
7.134000000000000341e-01
7.147000000000000020e-01
7.076000000000000068e-01
6.981000000000000538e-01
6.733999999999999986e-01
6.442999999999999838e-01
6.105000000000000426e-01
5.567999999999999616e-01
4.909000000000000030e-01
4.368000000000000216e-01
4.053999999999999826e-01
3.618000000000000105e-01
3.284000000000000252e-01
2.827000000000000068e-01
2.543000000000000260e-01
2.505000000000000004e-01
2.316999999999999893e-01
1.900000000000000022e-01
1.658000000000000029e-01
1.537000000000000033e-01
1.472999999999999865e-01
1.300999999999999934e-01
1.189000000000000057e-01
1.105000000000000010e-01
1.078000000000000069e-01
1.126999999999999946e-01
1.005999999999999950e-01
1.063000000000000056e-01
1.441000000000000059e-01
1.877000000000000057e-01
2.124999999999999944e-01
2.436000000000000110e-01
2.822999999999999954e-01
3.381000000000000116e-01
3.605999999999999761e-01
3.679999999999999938e-01
3.886999999999999900e-01
3.896999999999999909e-01
4.053999999999999826e-01
4.153000000000000025e-01
4.017999999999999905e-01
4.173999999999999932e-01
4.126000000000000223e-01
3.973999999999999755e-01
4.121000000000000218e-01
4.053999999999999826e-01
4.203000000000000069e-01
4.426999999999999824e-01
4.551999999999999935e-01
4.838999999999999968e-01
4.941999999999999726e-01
5.319000000000000394e-01
5.575999999999999845e-01
6.096000000000000307e-01
6.351999999999999869e-01
5.995000000000000329e-01
5.980999999999999650e-01
5.921999999999999487e-01
5.547999999999999599e-01
5.328000000000000513e-01
4.996999999999999775e-01
4.900999999999999801e-01
4.746000000000000218e-01
4.683999999999999830e-01
4.874999999999999889e-01
4.868000000000000105e-01
4.792000000000000148e-01
4.739999999999999769e-01
4.739999999999999769e-01
4.848999999999999977e-01
5.027000000000000357e-01
5.319000000000000394e-01
5.397999999999999465e-01
5.143999999999999684e-01
5.170000000000000151e-01
5.362000000000000099e-01
5.160000000000000142e-01
5.164999999999999591e-01
5.323999999999999844e-01
5.516999999999999682e-01
5.704000000000000181e-01
5.605999999999999872e-01
5.676999999999999824e-01
5.754000000000000226e-01
5.777999999999999803e-01
5.429000000000000492e-01
4.963000000000000189e-01
4.645000000000000240e-01
4.426999999999999824e-01
4.151000000000000245e-01
3.985000000000000209e-01
3.947999999999999843e-01
3.997999999999999887e-01
4.200999999999999734e-01
4.516000000000000014e-01
5.230000000000000204e-01
6.264999999999999458e-01
7.158999999999999808e-01
7.719000000000000306e-01
8.505000000000000338e-01
8.944999999999999618e-01
9.066999999999999504e-01
9.169000000000000483e-01
9.253000000000000114e-01
9.673000000000000487e-01
9.607999999999999874e-01
9.747999999999999998e-01
9.596000000000000085e-01
9.083999999999999853e-01
8.827000000000000401e-01
8.594000000000000528e-01
7.788000000000000478e-01
7.199999999999999734e-01
6.102999999999999536e-01
5.636999999999999789e-01
4.647999999999999909e-01
4.279000000000000026e-01
3.549999999999999822e-01
2.505000000000000004e-01
1.971999999999999864e-01
1.617000000000000104e-01
1.262999999999999956e-01
1.193000000000000033e-01
1.049999999999999961e-01
8.920000000000000151e-02
8.640000000000000457e-02
8.319999999999999618e-02
8.210000000000000631e-02
8.759999999999999731e-02
9.260000000000000175e-02
1.024000000000000049e-01
1.136000000000000065e-01
1.248999999999999971e-01
1.383999999999999952e-01
1.458000000000000129e-01
1.433000000000000107e-01
1.421000000000000041e-01
1.416999999999999926e-01
1.221000000000000002e-01
1.102000000000000063e-01
1.024000000000000049e-01
1.193000000000000033e-01
1.434999999999999887e-01
1.647000000000000131e-01
1.593999999999999861e-01
1.678999999999999937e-01
1.797999999999999876e-01
2.011000000000000010e-01
2.111000000000000099e-01
2.361000000000000043e-01
2.634000000000000230e-01
2.720000000000000195e-01
2.806000000000000161e-01
3.328999999999999737e-01
3.580999999999999739e-01
3.816999999999999837e-01
4.587999999999999856e-01
5.062999999999999723e-01
5.594000000000000083e-01
6.064000000000000501e-01
7.109999999999999654e-01
7.459000000000000075e-01
7.365000000000000435e-01
