1.000000000000000000e+00
1.000000000000000000e+00
1.000000000000000000e+00
9.950999999999999845e-01
9.928000000000000158e-01
1.000000000000000000e+00
1.000000000000000000e+00
1.000000000000000000e+00
9.841999999999999638e-01
9.701999999999999513e-01
9.452000000000000401e-01
9.376999999999999780e-01
9.418999999999999595e-01
9.297999999999999599e-01
9.308999999999999497e-01
9.013999999999999790e-01
9.018000000000000460e-01
9.022000000000000020e-01
8.642999999999999572e-01
8.439999999999999725e-01
8.548999999999999932e-01
8.562999999999999501e-01
8.532999999999999474e-01
8.520999999999999686e-01
8.756000000000000449e-01
8.508999999999999897e-01
8.596000000000000307e-01
8.572999999999999510e-01
8.362000000000000544e-01
8.473000000000000531e-01
8.175000000000000044e-01
8.234000000000000208e-01
8.692999999999999616e-01
8.286000000000000032e-01
8.065999999999999837e-01
8.247999999999999776e-01
8.229999999999999538e-01
8.501999999999999558e-01
8.306000000000000050e-01
8.065999999999999837e-01
7.869000000000000439e-01
7.855999999999999650e-01
7.761000000000000121e-01
7.848000000000000531e-01
7.478000000000000203e-01
7.316000000000000281e-01
7.265000000000000346e-01
7.003000000000000336e-01
6.771000000000000352e-01
6.559000000000000385e-01
6.655999999999999694e-01
6.473999999999999755e-01
6.481000000000000094e-01
6.197000000000000286e-01
6.034000000000000474e-01
5.890999999999999570e-01
5.859999999999999654e-01
5.908999999999999808e-01
6.132999999999999563e-01
6.358000000000000318e-01
6.339000000000000190e-01
6.260999999999999899e-01
5.995000000000000329e-01
5.638999999999999568e-01
5.046000000000000485e-01
4.562999999999999834e-01
3.921999999999999931e-01
3.286999999999999922e-01
2.773999999999999799e-01
2.541999999999999815e-01
2.252000000000000113e-01
1.847000000000000031e-01
1.328999999999999904e-01
1.355999999999999983e-01
1.105000000000000010e-01
9.869999999999999607e-02
8.930000000000000437e-02
8.519999999999999796e-02
8.429999999999999993e-02
8.150000000000000300e-02
7.649999999999999856e-02
6.579999999999999738e-02
5.099999999999999672e-02
4.440000000000000197e-02
3.549999999999999684e-02
2.809999999999999998e-02
2.440000000000000155e-02
1.569999999999999868e-02
6.700000000000000226e-03
1.460000000000000013e-02
1.760000000000000106e-02
1.899999999999999953e-02
1.080000000000000057e-02
2.259999999999999856e-02
2.249999999999999917e-02
1.609999999999999973e-02
1.559999999999999928e-02
1.739999999999999880e-02
1.099999999999999936e-02
0.000000000000000000e+00
0.000000000000000000e+00
0.000000000000000000e+00
0.000000000000000000e+00
0.000000000000000000e+00
1.000000000000000021e-03
4.499999999999999660e-03
4.899999999999999842e-03
5.899999999999999863e-03
7.599999999999999985e-03
7.199999999999999803e-03
1.299999999999999940e-03
0.000000000000000000e+00
2.799999999999999972e-03
0.000000000000000000e+00
0.000000000000000000e+00
0.000000000000000000e+00
0.000000000000000000e+00
0.000000000000000000e+00
0.000000000000000000e+00
3.299999999999999982e-03
0.000000000000000000e+00
0.000000000000000000e+00
1.899999999999999996e-03
2.899999999999999800e-03
0.000000000000000000e+00
0.000000000000000000e+00
0.000000000000000000e+00
5.499999999999999681e-03
4.400000000000000265e-03
3.000000000000000062e-03
0.000000000000000000e+00
1.600000000000000033e-02
4.610000000000000209e-02
8.930000000000000437e-02
1.221000000000000002e-01
1.353000000000000036e-01
9.909999999999999365e-02
9.279999999999999361e-02
7.340000000000000691e-02
8.550000000000000655e-02
7.620000000000000384e-02
6.569999999999999452e-02
5.619999999999999996e-02
4.950000000000000233e-02
4.830000000000000265e-02
4.499999999999999833e-02
5.659999999999999754e-02
5.469999999999999862e-02
4.680000000000000132e-02
4.220000000000000140e-02
3.150000000000000022e-02
2.610000000000000167e-02
2.100000000000000130e-02
2.409999999999999989e-02
1.739999999999999880e-02
7.100000000000000408e-03
1.409999999999999969e-02
1.200000000000000025e-02
1.490000000000000005e-02
1.729999999999999941e-02
1.089999999999999997e-02
8.200000000000000691e-03
4.799999999999999580e-03
0.000000000000000000e+00
3.099999999999999891e-03
0.000000000000000000e+00
0.000000000000000000e+00
0.000000000000000000e+00
0.000000000000000000e+00
0.000000000000000000e+00
0.000000000000000000e+00
1.399999999999999986e-03
0.000000000000000000e+00
0.000000000000000000e+00
0.000000000000000000e+00
0.000000000000000000e+00
0.000000000000000000e+00
0.000000000000000000e+00
0.000000000000000000e+00
0.000000000000000000e+00
0.000000000000000000e+00
0.000000000000000000e+00
6.000000000000000125e-03
6.199999999999999782e-03
1.089999999999999997e-02
2.680000000000000090e-02
3.030000000000000054e-02
3.070000000000000159e-02
3.540000000000000091e-02
4.320000000000000229e-02
4.619999999999999801e-02
4.050000000000000128e-02
4.290000000000000063e-02
4.449999999999999789e-02
4.519999999999999712e-02
4.610000000000000209e-02
4.510000000000000120e-02
3.719999999999999696e-02
2.900000000000000147e-02
2.779999999999999832e-02
3.070000000000000159e-02
2.889999999999999861e-02
4.080000000000000293e-02
2.719999999999999848e-02
3.389999999999999958e-02
1.899999999999999953e-02
1.030000000000000013e-02
8.099999999999999561e-03
9.199999999999999845e-03
1.980000000000000163e-02
2.620000000000000107e-02
3.309999999999999748e-02
3.969999999999999918e-02
4.929999999999999660e-02
5.850000000000000339e-02
6.230000000000000121e-02
7.220000000000000029e-02
7.180000000000000271e-02
7.430000000000000493e-02
7.340000000000000691e-02
6.279999999999999472e-02
5.269999999999999685e-02
5.120000000000000245e-02
4.109999999999999765e-02
4.150000000000000216e-02
3.760000000000000148e-02
3.540000000000000091e-02
3.300000000000000155e-02
3.939999999999999752e-02
3.889999999999999708e-02
3.679999999999999938e-02
2.050000000000000086e-02
2.199999999999999872e-02
2.970000000000000070e-02
2.630000000000000046e-02
2.910000000000000087e-02
5.070000000000000201e-02
5.240000000000000213e-02
6.579999999999999738e-02
7.009999999999999565e-02
6.819999999999999674e-02
7.249999999999999500e-02
6.990000000000000380e-02
6.400000000000000133e-02
5.410000000000000225e-02
4.800000000000000100e-02
4.019999999999999962e-02
3.960000000000000325e-02
3.769999999999999740e-02
3.230000000000000232e-02
3.169999999999999901e-02
2.620000000000000107e-02
2.639999999999999986e-02
2.639999999999999986e-02
2.369999999999999885e-02
2.069999999999999965e-02
1.720000000000000001e-02
1.370000000000000037e-02
1.050000000000000065e-02
7.000000000000000146e-03
1.460000000000000013e-02
1.159999999999999920e-02
0.000000000000000000e+00
0.000000000000000000e+00
0.000000000000000000e+00
1.399999999999999986e-03
1.000000000000000021e-03
1.340000000000000045e-02
3.379999999999999671e-02
3.699999999999999817e-02
4.349999999999999700e-02
4.900000000000000189e-02
6.410000000000000420e-02
7.499999999999999722e-02
7.140000000000000513e-02
8.190000000000000058e-02
1.010000000000000064e-01
1.217000000000000026e-01
1.178000000000000019e-01
1.060999999999999999e-01
1.020999999999999963e-01
7.259999999999999787e-02
4.630000000000000088e-02
3.490000000000000047e-02
2.759999999999999953e-02
2.409999999999999989e-02
3.269999999999999990e-02
2.879999999999999921e-02
3.660000000000000059e-02
3.339999999999999913e-02
3.330000000000000321e-02
2.900000000000000147e-02
3.130000000000000143e-02
2.829999999999999877e-02
1.940000000000000058e-02
1.679999999999999896e-02
1.959999999999999937e-02
2.160000000000000114e-02
1.460000000000000013e-02
1.430000000000000021e-02
1.990000000000000102e-02
1.540000000000000049e-02
2.009999999999999981e-02
2.290000000000000022e-02
2.440000000000000155e-02
1.430000000000000021e-02
1.439999999999999961e-02
1.609999999999999973e-02
1.209999999999999964e-02
8.999999999999999320e-03
1.600000000000000077e-03
5.000000000000000104e-04
2.500000000000000052e-03
2.399999999999999790e-03
3.700000000000000164e-03
1.039999999999999952e-02
2.479999999999999913e-02
2.670000000000000151e-02
3.070000000000000159e-02
4.680000000000000132e-02
5.330000000000000016e-02
4.819999999999999979e-02
5.580000000000000238e-02
5.360000000000000181e-02
5.170000000000000290e-02
4.499999999999999833e-02
3.420000000000000123e-02
2.589999999999999941e-02
2.100000000000000130e-02
1.359999999999999924e-02
1.679999999999999896e-02
1.839999999999999969e-02
2.000000000000000042e-02
2.670000000000000151e-02
2.599999999999999881e-02
2.879999999999999921e-02
3.339999999999999913e-02
4.680000000000000132e-02
6.880000000000000004e-02
1.079999999999999988e-01
1.205999999999999989e-01
1.353999999999999926e-01
1.361999999999999877e-01
1.189000000000000057e-01
1.081000000000000016e-01
7.530000000000000582e-02
5.650000000000000161e-02
4.220000000000000140e-02
2.680000000000000090e-02
2.730000000000000135e-02
2.690000000000000030e-02
3.059999999999999873e-02
2.380000000000000171e-02
3.359999999999999792e-02
3.330000000000000321e-02
5.249999999999999806e-02
6.710000000000000686e-02
7.789999999999999702e-02
8.699999999999999400e-02
8.930000000000000437e-02
1.005000000000000060e-01
9.370000000000000551e-02
8.260000000000000675e-02
8.580000000000000127e-02
8.250000000000000389e-02
7.860000000000000320e-02
7.159999999999999698e-02
5.829999999999999766e-02
5.050000000000000322e-02
3.280000000000000276e-02
4.050000000000000128e-02
5.170000000000000290e-02
5.940000000000000141e-02
7.720000000000000473e-02
1.057000000000000023e-01
1.199000000000000066e-01
1.260000000000000009e-01
1.395000000000000129e-01
1.358000000000000040e-01
1.580999999999999905e-01
1.608999999999999875e-01
1.633000000000000007e-01
1.409999999999999865e-01
1.151999999999999968e-01
9.539999999999999869e-02
7.109999999999999654e-02
5.999999999999999778e-02
4.440000000000000197e-02
2.999999999999999889e-02
1.899999999999999953e-02
1.849999999999999908e-02
2.290000000000000022e-02
2.879999999999999921e-02
3.969999999999999918e-02
4.460000000000000075e-02
4.370000000000000273e-02
3.960000000000000325e-02
3.640000000000000180e-02
3.509999999999999926e-02
4.070000000000000007e-02
4.290000000000000063e-02
5.369999999999999774e-02
4.939999999999999947e-02
4.460000000000000075e-02
3.320000000000000034e-02
3.209999999999999659e-02
2.299999999999999961e-02
1.990000000000000102e-02
1.830000000000000029e-02
2.029999999999999860e-02
2.659999999999999865e-02
3.400000000000000244e-02
5.670000000000000040e-02
7.760000000000000231e-02
8.559999999999999554e-02
8.450000000000000566e-02
8.089999999999999969e-02
6.419999999999999318e-02
5.580000000000000238e-02
4.710000000000000298e-02
3.749999999999999861e-02
3.039999999999999994e-02
1.969999999999999876e-02
1.810000000000000150e-02
1.700000000000000122e-02
1.930000000000000118e-02
1.739999999999999880e-02
1.389999999999999916e-02
1.260000000000000009e-02
1.799999999999999864e-02
2.249999999999999917e-02
2.970000000000000070e-02
2.980000000000000010e-02
2.529999999999999957e-02
2.149999999999999828e-02
2.419999999999999929e-02
2.110000000000000070e-02
1.269999999999999948e-02
1.239999999999999956e-02
1.669999999999999957e-02
1.299999999999999940e-02
9.499999999999999764e-03
1.260000000000000009e-02
1.660000000000000017e-02
1.909999999999999892e-02
1.720000000000000001e-02
1.810000000000000150e-02
1.549999999999999989e-02
1.949999999999999997e-02
1.750000000000000167e-02
1.849999999999999908e-02
2.400000000000000050e-02
2.359999999999999945e-02
3.429999999999999716e-02
4.909999999999999781e-02
5.680000000000000326e-02
5.979999999999999899e-02
4.950000000000000233e-02
3.919999999999999873e-02
3.939999999999999752e-02
3.130000000000000143e-02
2.869999999999999982e-02
3.420000000000000123e-02
3.950000000000000039e-02
5.079999999999999793e-02
6.219999999999999835e-02
7.630000000000000671e-02
7.760000000000000231e-02
7.889999999999999791e-02
8.100000000000000255e-02
6.439999999999999891e-02
4.139999999999999930e-02
3.209999999999999659e-02
2.510000000000000078e-02
2.750000000000000014e-02
2.440000000000000155e-02
9.499999999999999764e-03
1.600000000000000077e-03
9.400000000000000369e-03
3.799999999999999992e-03
3.299999999999999982e-03
8.000000000000000167e-03
1.140000000000000041e-02
3.479999999999999760e-02
2.079999999999999905e-02
2.170000000000000054e-02
1.650000000000000078e-02
1.269999999999999948e-02
1.799999999999999951e-03
1.170000000000000033e-02
8.300000000000000086e-03
1.359999999999999924e-02
2.170000000000000054e-02
3.080000000000000099e-02
5.120000000000000245e-02
6.850000000000000533e-02
9.909999999999999365e-02
1.292999999999999983e-01
1.985000000000000098e-01
2.570000000000000062e-01
3.154000000000000137e-01
3.557000000000000162e-01
4.212000000000000188e-01
4.471999999999999864e-01
4.948000000000000176e-01
5.433000000000000052e-01
5.709999999999999520e-01
6.018999999999999906e-01
6.417000000000000481e-01
6.788999999999999480e-01
6.840000000000000524e-01
6.905999999999999917e-01
6.972000000000000419e-01
7.079999999999999627e-01
6.861000000000000432e-01
6.814000000000000057e-01
6.946999999999999842e-01
7.002000000000000446e-01
7.194000000000000394e-01
7.365000000000000435e-01
7.639000000000000234e-01
7.560000000000000053e-01
7.551999999999999824e-01
7.480999999999999872e-01
7.742999999999999883e-01
7.903000000000000025e-01
7.946999999999999620e-01
8.062000000000000277e-01
7.910000000000000364e-01
7.641999999999999904e-01
7.083000000000000407e-01
7.024000000000000243e-01
6.482999999999999874e-01
6.391999999999999904e-01
6.050999999999999712e-01
5.290000000000000258e-01
4.696000000000000174e-01
3.940000000000000169e-01
3.439999999999999725e-01
2.806000000000000161e-01
2.235000000000000042e-01
1.280999999999999917e-01
7.389999999999999347e-02
5.809999999999999887e-02
3.250000000000000111e-02
3.269999999999999990e-02
3.130000000000000143e-02
3.139999999999999736e-02
3.350000000000000200e-02
3.230000000000000232e-02
2.869999999999999982e-02
2.299999999999999961e-02
2.000000000000000042e-02
1.299999999999999940e-02
6.100000000000000387e-03
3.700000000000000164e-03
5.999999999999999474e-04
0.000000000000000000e+00
5.000000000000000104e-04
1.469999999999999953e-02
2.110000000000000070e-02
1.820000000000000090e-02
1.669999999999999957e-02
0.000000000000000000e+00
3.299999999999999982e-03
0.000000000000000000e+00
0.000000000000000000e+00
0.000000000000000000e+00
0.000000000000000000e+00
8.000000000000000383e-04
1.739999999999999880e-02
3.020000000000000115e-02
3.350000000000000200e-02
3.919999999999999873e-02
4.610000000000000209e-02
5.310000000000000137e-02
6.650000000000000355e-02
7.480000000000000537e-02
6.479999999999999649e-02
5.210000000000000048e-02
4.560000000000000164e-02
4.680000000000000132e-02
4.540000000000000285e-02
3.459999999999999881e-02
3.189999999999999780e-02
2.570000000000000062e-02
1.700000000000000122e-02
1.600000000000000033e-02
1.220000000000000077e-02
7.499999999999999722e-03
1.899999999999999996e-03
0.000000000000000000e+00
0.000000000000000000e+00
1.000000000000000021e-03
5.700000000000000205e-03
1.299999999999999940e-03
5.199999999999999761e-03
3.599999999999999901e-03
1.000000000000000048e-04
5.300000000000000024e-03
1.030000000000000013e-02
1.849999999999999908e-02
3.590000000000000135e-02
3.400000000000000244e-02
3.440000000000000002e-02
4.320000000000000229e-02
3.370000000000000079e-02
1.940000000000000058e-02
1.540000000000000049e-02
7.199999999999999803e-03
2.200000000000000133e-03
0.000000000000000000e+00
0.000000000000000000e+00
2.799999999999999972e-03
1.439999999999999961e-02
1.710000000000000062e-02
1.349999999999999985e-02
8.500000000000000611e-03
8.800000000000000530e-03
1.679999999999999896e-02
1.260000000000000009e-02
0.000000000000000000e+00
7.499999999999999722e-03
0.000000000000000000e+00
0.000000000000000000e+00
0.000000000000000000e+00
5.100000000000000366e-03
1.420000000000000082e-02
1.700000000000000122e-02
2.280000000000000082e-02
4.150000000000000216e-02
4.259999999999999898e-02
3.529999999999999805e-02
2.220000000000000098e-02
1.700000000000000122e-02
9.700000000000000289e-03
1.209999999999999964e-02
8.600000000000000006e-03
1.540000000000000049e-02
1.980000000000000163e-02
2.079999999999999905e-02
2.460000000000000034e-02
1.990000000000000102e-02
1.159999999999999920e-02
1.469999999999999953e-02
1.519999999999999997e-02
2.400000000000000050e-02
2.970000000000000070e-02
2.960000000000000131e-02
2.949999999999999845e-02
2.120000000000000009e-02
1.689999999999999836e-02
1.959999999999999937e-02
1.959999999999999937e-02
2.549999999999999836e-02
2.069999999999999965e-02
2.790000000000000119e-02
3.540000000000000091e-02
4.170000000000000095e-02
3.180000000000000188e-02
2.170000000000000054e-02
2.210000000000000159e-02
1.810000000000000150e-02
1.779999999999999985e-02
2.529999999999999957e-02
2.920000000000000026e-02
2.719999999999999848e-02
2.730000000000000135e-02
2.750000000000000014e-02
2.949999999999999845e-02
3.910000000000000281e-02
4.730000000000000177e-02
3.830000000000000071e-02
3.250000000000000111e-02
2.939999999999999905e-02
2.299999999999999961e-02
2.549999999999999836e-02
3.309999999999999748e-02
3.939999999999999752e-02
3.300000000000000155e-02
2.299999999999999961e-02
2.050000000000000086e-02
1.409999999999999969e-02
1.629999999999999852e-02
2.009999999999999981e-02
9.900000000000000813e-03
1.660000000000000017e-02
1.060000000000000005e-02
5.400000000000000286e-03
1.129999999999999928e-02
1.329999999999999932e-02
2.170000000000000054e-02
2.740000000000000074e-02
3.849999999999999950e-02
3.109999999999999917e-02
3.330000000000000321e-02
3.899999999999999994e-02
4.329999999999999821e-02
6.119999999999999746e-02
8.200000000000000344e-02
1.107999999999999957e-01
1.582999999999999963e-01
1.978000000000000036e-01
2.674000000000000266e-01
3.331999999999999962e-01
3.462999999999999967e-01
3.607000000000000206e-01
3.325000000000000178e-01
3.089999999999999969e-01
2.831000000000000183e-01
2.777999999999999914e-01
2.500999999999999890e-01
2.414999999999999925e-01
2.318999999999999950e-01
2.021999999999999909e-01
1.501000000000000112e-01
1.134000000000000008e-01
8.830000000000000349e-02
6.660000000000000642e-02
5.909999999999999976e-02
5.160000000000000003e-02
4.209999999999999853e-02
3.740000000000000269e-02
2.889999999999999861e-02
1.319999999999999993e-02
1.930000000000000118e-02
6.799999999999999621e-03
1.469999999999999953e-02
1.750000000000000167e-02
1.640000000000000138e-02
1.179999999999999973e-02
1.529999999999999936e-02
2.060000000000000026e-02
1.400000000000000029e-02
1.230000000000000017e-02
1.260000000000000009e-02
1.209999999999999964e-02
1.009999999999999960e-02
1.069999999999999944e-02
8.899999999999999925e-03
1.209999999999999964e-02
2.100000000000000130e-02
2.069999999999999965e-02
1.729999999999999941e-02
9.900000000000000813e-03
1.020000000000000073e-02
1.209999999999999964e-02
1.469999999999999953e-02
7.300000000000000065e-03
1.290000000000000001e-02
6.899999999999999883e-03
1.640000000000000138e-02
9.299999999999999239e-03
2.200000000000000133e-03
0.000000000000000000e+00
0.000000000000000000e+00
0.000000000000000000e+00
0.000000000000000000e+00
0.000000000000000000e+00
0.000000000000000000e+00
0.000000000000000000e+00
3.000000000000000062e-03
5.400000000000000286e-03
1.269999999999999948e-02
1.030000000000000013e-02
2.380000000000000171e-02
3.059999999999999873e-02
3.649999999999999772e-02
4.660000000000000253e-02
4.229999999999999732e-02
3.529999999999999805e-02
2.610000000000000167e-02
2.110000000000000070e-02
1.280000000000000061e-02
5.499999999999999681e-03
1.199999999999999895e-03
0.000000000000000000e+00
0.000000000000000000e+00
3.700000000000000164e-03
0.000000000000000000e+00
7.499999999999999722e-03
1.209999999999999964e-02
8.899999999999999925e-03
1.609999999999999973e-02
2.230000000000000038e-02
1.430000000000000021e-02
1.379999999999999977e-02
1.409999999999999969e-02
1.250000000000000069e-02
6.300000000000000044e-03
8.399999999999999481e-03
1.050000000000000065e-02
1.650000000000000078e-02
2.589999999999999941e-02
2.560000000000000123e-02
1.710000000000000062e-02
1.480000000000000066e-02
2.149999999999999828e-02
2.539999999999999897e-02
4.299999999999999656e-02
5.090000000000000080e-02
4.599999999999999922e-02
6.460000000000000464e-02
6.640000000000000069e-02
5.050000000000000322e-02
4.669999999999999846e-02
4.050000000000000128e-02
2.290000000000000022e-02
1.629999999999999852e-02
1.990000000000000102e-02
2.900000000000000147e-02
3.090000000000000038e-02
2.469999999999999973e-02
2.690000000000000030e-02
2.920000000000000026e-02
4.299999999999999656e-02
4.170000000000000095e-02
3.259999999999999704e-02
2.730000000000000135e-02
1.859999999999999848e-02
0.000000000000000000e+00
0.000000000000000000e+00
0.000000000000000000e+00
0.000000000000000000e+00
0.000000000000000000e+00
0.000000000000000000e+00
0.000000000000000000e+00
0.000000000000000000e+00
0.000000000000000000e+00
0.000000000000000000e+00
0.000000000000000000e+00
1.000000000000000048e-04
1.250000000000000069e-02
2.069999999999999965e-02
1.629999999999999852e-02
1.080000000000000057e-02
2.200000000000000133e-03
0.000000000000000000e+00
0.000000000000000000e+00
0.000000000000000000e+00
0.000000000000000000e+00
0.000000000000000000e+00
4.400000000000000265e-03
1.260000000000000009e-02
1.159999999999999920e-02
1.329999999999999932e-02
3.420000000000000123e-02
5.689999999999999919e-02
7.190000000000000557e-02
8.179999999999999771e-02
7.760000000000000231e-02
8.980000000000000482e-02
1.297000000000000097e-01
1.512000000000000011e-01
1.807999999999999885e-01
2.094000000000000028e-01
2.449000000000000066e-01
2.696999999999999953e-01
2.639000000000000234e-01
2.872999999999999998e-01
3.321999999999999953e-01
3.407999999999999918e-01
3.256999999999999895e-01
