8.474000000000000421e-01
9.465999999999999970e-01
9.610999999999999543e-01
9.767000000000000126e-01
9.779999999999999805e-01
9.818999999999999950e-01
9.876000000000000334e-01
9.821999999999999620e-01
9.690999999999999615e-01
9.596999999999999975e-01
9.536000000000000032e-01
9.472000000000000419e-01
9.342000000000000304e-01
9.405999999999999917e-01
9.386999999999999789e-01
9.334999999999999964e-01
9.324999999999999956e-01
9.328999999999999515e-01
9.160000000000000364e-01
9.219000000000000528e-01
9.049000000000000377e-01
9.284999999999999920e-01
9.324000000000000066e-01
9.155999999999999694e-01
9.166999999999999593e-01
9.203999999999999959e-01
9.120000000000000329e-01
9.114999999999999769e-01
9.075999999999999623e-01
9.003999999999999782e-01
9.159000000000000474e-01
9.335999999999999854e-01
9.318999999999999506e-01
9.324000000000000066e-01
9.275999999999999801e-01
9.124999999999999778e-01
9.395000000000000018e-01
9.415999999999999925e-01
9.659999999999999698e-01
9.636000000000000121e-01
9.635000000000000231e-01
9.512000000000000455e-01
9.646000000000000130e-01
9.407999999999999696e-01
9.485000000000000098e-01
9.240000000000000435e-01
9.494000000000000217e-01
9.283000000000000140e-01
9.425000000000000044e-01
9.391000000000000458e-01
9.176999999999999602e-01
9.116999999999999549e-01
9.028000000000000469e-01
9.006999999999999451e-01
8.954999999999999627e-01
9.115999999999999659e-01
9.033999999999999808e-01
9.113999999999999879e-01
9.062000000000000055e-01
9.063999999999999835e-01
9.003999999999999782e-01
8.928000000000000380e-01
9.036999999999999478e-01
8.913999999999999702e-01
9.013999999999999790e-01
8.973999999999999755e-01
9.183999999999999941e-01
8.998000000000000442e-01
9.101000000000000201e-01
9.006999999999999451e-01
9.110000000000000320e-01
9.102000000000000091e-01
9.050000000000000266e-01
8.921000000000000041e-01
8.952999999999999847e-01
8.834999999999999520e-01
8.729000000000000092e-01
8.539999999999999813e-01
8.459999999999999742e-01
8.267999999999999794e-01
8.162000000000000366e-01
7.942000000000000171e-01
7.739000000000000323e-01
7.279999999999999805e-01
7.157999999999999918e-01
6.783000000000000140e-01
6.640000000000000346e-01
6.428000000000000380e-01
6.300999999999999934e-01
6.291999999999999815e-01
6.254999999999999449e-01
6.180999999999999828e-01
6.239999999999999991e-01
6.247000000000000330e-01
6.198000000000000176e-01
6.096000000000000307e-01
5.878999999999999782e-01
5.724000000000000199e-01
5.596999999999999753e-01
5.583000000000000185e-01
5.483999999999999986e-01
5.292999999999999927e-01
5.080000000000000071e-01
5.010999999999999899e-01
4.837000000000000188e-01
4.364000000000000101e-01
4.128999999999999893e-01
3.704999999999999960e-01
3.069000000000000061e-01
2.884999999999999787e-01
2.887000000000000122e-01
2.464000000000000079e-01
2.126000000000000112e-01
1.937000000000000111e-01
1.655999999999999972e-01
1.320000000000000062e-01
1.190999999999999975e-01
1.093999999999999972e-01
8.899999999999999578e-02
7.149999999999999412e-02
5.859999999999999931e-02
4.660000000000000253e-02
4.229999999999999732e-02
4.710000000000000298e-02
5.670000000000000040e-02
6.660000000000000642e-02
6.940000000000000335e-02
6.489999999999999936e-02
5.979999999999999899e-02
5.879999999999999810e-02
6.669999999999999540e-02
7.950000000000000122e-02
1.088999999999999968e-01
1.454000000000000015e-01
1.864999999999999991e-01
2.116999999999999993e-01
2.626000000000000001e-01
2.675000000000000155e-01
2.807000000000000051e-01
2.757000000000000006e-01
2.841000000000000192e-01
2.780000000000000249e-01
2.918000000000000038e-01
3.183000000000000274e-01
3.346000000000000085e-01
3.472000000000000086e-01
3.420000000000000262e-01
3.320000000000000173e-01
3.184000000000000163e-01
3.004999999999999893e-01
2.611999999999999877e-01
2.459999999999999964e-01
2.560999999999999943e-01
2.631999999999999895e-01
3.180000000000000049e-01
3.866999999999999882e-01
5.051999999999999824e-01
5.903000000000000469e-01
6.866999999999999771e-01
7.324000000000000510e-01
7.859000000000000430e-01
8.275000000000000133e-01
8.633999999999999453e-01
8.840000000000000080e-01
8.974999999999999645e-01
9.132000000000000117e-01
9.255999999999999783e-01
9.251000000000000334e-01
9.312000000000000277e-01
9.360000000000000542e-01
9.535000000000000142e-01
9.494000000000000217e-01
9.536000000000000032e-01
9.530999999999999472e-01
9.211000000000000298e-01
8.779000000000000137e-01
8.006999999999999673e-01
