9.026999999999999469e-01
9.789999999999999813e-01
9.668999999999999817e-01
9.835000000000000409e-01
9.663000000000000478e-01
9.704000000000000403e-01
9.756000000000000227e-01
9.677999999999999936e-01
9.717999999999999972e-01
9.612000000000000544e-01
9.537999999999999812e-01
9.260000000000000453e-01
9.324000000000000066e-01
8.962999999999999856e-01
8.811999999999999833e-01
8.631999999999999673e-01
7.993000000000000105e-01
7.661999999999999922e-01
7.419999999999999929e-01
7.140999999999999570e-01
6.528000000000000469e-01
6.037000000000000144e-01
5.709999999999999520e-01
5.229000000000000314e-01
4.682999999999999940e-01
4.299000000000000044e-01
4.067999999999999949e-01
3.864000000000000212e-01
3.744999999999999996e-01
3.381000000000000116e-01
3.150999999999999912e-01
2.767000000000000015e-01
2.416999999999999982e-01
2.217000000000000082e-01
1.958000000000000018e-01
1.890999999999999903e-01
1.643000000000000016e-01
1.456999999999999962e-01
1.202000000000000013e-01
1.062000000000000027e-01
7.240000000000000602e-02
6.690000000000000113e-02
5.779999999999999721e-02
5.140000000000000124e-02
7.159999999999999698e-02
6.379999999999999560e-02
6.270000000000000573e-02
8.290000000000000147e-02
8.930000000000000437e-02
9.410000000000000309e-02
9.279999999999999361e-02
1.084999999999999992e-01
9.160000000000000087e-02
1.064999999999999974e-01
1.015000000000000069e-01
7.230000000000000315e-02
5.689999999999999919e-02
4.030000000000000249e-02
2.489999999999999852e-02
4.000000000000000192e-04
0.000000000000000000e+00
5.599999999999999943e-03
1.569999999999999868e-02
1.119999999999999989e-02
2.170000000000000054e-02
8.999999999999999320e-03
0.000000000000000000e+00
0.000000000000000000e+00
0.000000000000000000e+00
0.000000000000000000e+00
0.000000000000000000e+00
0.000000000000000000e+00
1.099999999999999936e-02
2.659999999999999865e-02
5.770000000000000129e-02
1.140999999999999931e-01
1.968000000000000027e-01
2.545000000000000040e-01
3.251000000000000001e-01
3.786999999999999811e-01
4.129999999999999782e-01
5.201999999999999957e-01
5.526999999999999691e-01
5.595999999999999863e-01
5.503000000000000114e-01
5.558999999999999497e-01
5.483000000000000096e-01
5.298000000000000487e-01
5.239000000000000323e-01
5.142999999999999794e-01
4.995999999999999885e-01
5.001999999999999780e-01
5.011999999999999789e-01
4.638999999999999790e-01
4.321999999999999731e-01
3.947999999999999843e-01
3.845999999999999974e-01
3.568999999999999950e-01
3.372999999999999887e-01
3.187999999999999723e-01
3.015999999999999792e-01
2.805000000000000271e-01
2.381999999999999951e-01
2.268000000000000016e-01
1.981999999999999873e-01
1.564000000000000112e-01
1.305000000000000049e-01
1.166999999999999982e-01
1.092999999999999944e-01
1.212000000000000022e-01
1.252000000000000057e-01
1.190999999999999975e-01
1.120000000000000023e-01
1.087999999999999939e-01
9.320000000000000506e-02
6.869999999999999718e-02
5.689999999999999919e-02
4.410000000000000031e-02
4.270000000000000184e-02
3.980000000000000204e-02
3.169999999999999901e-02
1.779999999999999985e-02
7.199999999999999803e-03
2.099999999999999870e-03
0.000000000000000000e+00
9.199999999999999845e-03
1.529999999999999936e-02
9.599999999999999159e-03
1.389999999999999916e-02
1.830000000000000029e-02
1.720000000000000001e-02
4.000000000000000083e-02
6.360000000000000375e-02
8.210000000000000631e-02
1.018000000000000016e-01
9.529999999999999583e-02
1.058000000000000052e-01
1.174000000000000044e-01
1.368000000000000049e-01
1.716999999999999915e-01
1.691000000000000003e-01
1.882999999999999952e-01
1.797999999999999876e-01
1.806000000000000105e-01
1.716999999999999915e-01
1.602000000000000091e-01
1.380000000000000115e-01
1.248999999999999971e-01
1.221000000000000002e-01
1.204999999999999960e-01
1.078000000000000069e-01
1.016999999999999987e-01
1.067000000000000032e-01
1.117999999999999966e-01
1.146999999999999964e-01
1.171999999999999986e-01
1.338000000000000023e-01
1.486999999999999988e-01
1.535999999999999865e-01
1.559000000000000108e-01
1.438000000000000111e-01
1.255999999999999894e-01
1.058999999999999941e-01
9.070000000000000284e-02
6.650000000000000355e-02
5.630000000000000282e-02
5.840000000000000052e-02
5.659999999999999754e-02
5.349999999999999895e-02
4.619999999999999801e-02
4.730000000000000177e-02
4.739999999999999769e-02
3.649999999999999772e-02
3.440000000000000002e-02
3.599999999999999728e-02
4.259999999999999898e-02
3.960000000000000325e-02
5.360000000000000181e-02
7.149999999999999412e-02
6.210000000000000242e-02
6.429999999999999605e-02
7.779999999999999416e-02
6.779999999999999916e-02
5.770000000000000129e-02
5.390000000000000346e-02
4.630000000000000088e-02
3.209999999999999659e-02
2.500000000000000139e-02
3.070000000000000159e-02
3.359999999999999792e-02
4.009999999999999676e-02
5.360000000000000181e-02
8.100000000000000255e-02
8.390000000000000235e-02
8.290000000000000147e-02
8.490000000000000324e-02
9.130000000000000615e-02
1.093999999999999972e-01
1.039999999999999952e-01
1.101000000000000034e-01
1.146999999999999964e-01
1.032000000000000001e-01
8.500000000000000611e-02
8.279999999999999860e-02
9.339999999999999691e-02
1.058999999999999941e-01
1.115000000000000019e-01
1.029000000000000054e-01
9.439999999999999780e-02
7.749999999999999944e-02
6.060000000000000109e-02
5.410000000000000225e-02
4.630000000000000088e-02
4.989999999999999991e-02
4.979999999999999705e-02
4.739999999999999769e-02
4.349999999999999700e-02
4.120000000000000051e-02
3.769999999999999740e-02
4.189999999999999974e-02
5.800000000000000294e-02
7.679999999999999327e-02
8.050000000000000211e-02
7.399999999999999634e-02
6.990000000000000380e-02
5.009999999999999870e-02
5.149999999999999717e-02
4.320000000000000229e-02
3.529999999999999805e-02
2.610000000000000167e-02
1.859999999999999848e-02
1.499999999999999944e-02
1.849999999999999908e-02
1.529999999999999936e-02
2.309999999999999901e-02
3.160000000000000309e-02
3.200000000000000067e-02
2.500000000000000139e-02
1.069999999999999944e-02
8.099999999999999561e-03
2.700000000000000143e-03
0.000000000000000000e+00
3.200000000000000153e-03
9.700000000000000289e-03
4.799999999999999580e-03
2.299999999999999961e-03
3.000000000000000062e-03
6.499999999999999702e-03
1.179999999999999973e-02
2.419999999999999929e-02
3.930000000000000160e-02
3.989999999999999797e-02
4.569999999999999757e-02
4.460000000000000075e-02
5.240000000000000213e-02
5.489999999999999741e-02
5.220000000000000334e-02
3.219999999999999946e-02
3.549999999999999684e-02
2.539999999999999897e-02
1.949999999999999997e-02
1.720000000000000001e-02
2.029999999999999860e-02
3.629999999999999893e-02
5.090000000000000080e-02
5.109999999999999959e-02
4.920000000000000068e-02
5.469999999999999862e-02
7.099999999999999367e-02
9.170000000000000373e-02
1.020999999999999963e-01
1.020999999999999963e-01
1.001999999999999974e-01
9.589999999999999913e-02
8.409999999999999420e-02
8.250000000000000389e-02
6.679999999999999827e-02
4.809999999999999692e-02
3.780000000000000027e-02
2.960000000000000131e-02
2.860000000000000042e-02
3.799999999999999906e-02
3.989999999999999797e-02
4.209999999999999853e-02
4.839999999999999858e-02
5.759999999999999842e-02
6.729999999999999871e-02
1.122999999999999970e-01
1.393999999999999961e-01
1.958999999999999908e-01
2.565999999999999948e-01
3.081999999999999740e-01
3.320000000000000173e-01
3.390000000000000235e-01
