9.265999999999999792e-01
9.356999999999999762e-01
9.224999999999999867e-01
9.132000000000000117e-01
9.004999999999999671e-01
8.899000000000000243e-01
8.887000000000000455e-01
8.924999999999999600e-01
9.058000000000000496e-01
9.002999999999999892e-01
8.998000000000000442e-01
9.074999999999999734e-01
9.116999999999999549e-01
9.124999999999999778e-01
9.197999999999999510e-01
9.028000000000000469e-01
9.141000000000000236e-01
8.943999999999999728e-01
9.094999999999999751e-01
9.058000000000000496e-01
9.169000000000000483e-01
9.092999999999999972e-01
9.170000000000000373e-01
9.220000000000000417e-01
9.120000000000000329e-01
9.090000000000000302e-01
8.991000000000000103e-01
9.120000000000000329e-01
9.249000000000000554e-01
9.163999999999999924e-01
9.102000000000000091e-01
9.173000000000000043e-01
9.120000000000000329e-01
9.101000000000000201e-01
9.315999999999999837e-01
9.328999999999999515e-01
9.451000000000000512e-01
9.377999999999999670e-01
9.302000000000000268e-01
9.372000000000000330e-01
9.485000000000000098e-01
9.428999999999999604e-01
9.451000000000000512e-01
9.383000000000000229e-01
9.443000000000000282e-01
9.547999999999999821e-01
9.475999999999999979e-01
9.331000000000000405e-01
9.321000000000000396e-01
9.357999999999999652e-01
9.387999999999999678e-01
9.434000000000000163e-01
9.446999999999999842e-01
9.353000000000000203e-01
9.405999999999999917e-01
9.311000000000000387e-01
9.303000000000000158e-01
9.432000000000000384e-01
9.493000000000000327e-01
9.383000000000000229e-01
9.475999999999999979e-01
9.402000000000000357e-01
9.548999999999999710e-01
9.457999999999999741e-01
9.483000000000000318e-01
9.496999999999999886e-01
9.473000000000000309e-01
9.368999999999999551e-01
9.207999999999999519e-01
9.313000000000000167e-01
9.394000000000000128e-01
9.304999999999999938e-01
9.091000000000000192e-01
9.338999999999999524e-01
9.392000000000000348e-01
9.318999999999999506e-01
9.434000000000000163e-01
9.276999999999999691e-01
9.241000000000000325e-01
9.266999999999999682e-01
9.451000000000000512e-01
9.427999999999999714e-01
9.393000000000000238e-01
9.441000000000000503e-01
9.356999999999999762e-01
9.417999999999999705e-01
9.444000000000000172e-01
9.379999999999999449e-01
9.342000000000000304e-01
9.271000000000000352e-01
9.288999999999999480e-01
9.332000000000000295e-01
9.254999999999999893e-01
9.371000000000000441e-01
9.187999999999999501e-01
9.301000000000000378e-01
9.243000000000000105e-01
9.235999999999999766e-01
9.167999999999999483e-01
9.370000000000000551e-01
9.417999999999999705e-01
9.333000000000000185e-01
9.313000000000000167e-01
9.443000000000000282e-01
9.153999999999999915e-01
9.121000000000000218e-01
9.243000000000000105e-01
9.170000000000000373e-01
9.155999999999999694e-01
9.206999999999999629e-01
9.219000000000000528e-01
9.455999999999999961e-01
9.504000000000000226e-01
9.416999999999999815e-01
9.342000000000000304e-01
9.382000000000000339e-01
9.419999999999999485e-01
9.406999999999999806e-01
9.378999999999999559e-01
9.301000000000000378e-01
9.159000000000000474e-01
9.448999999999999622e-01
9.286999999999999700e-01
9.236999999999999655e-01
9.255999999999999783e-01
9.514000000000000234e-01
9.455999999999999961e-01
9.485000000000000098e-01
9.493000000000000327e-01
9.497999999999999776e-01
9.503000000000000336e-01
9.595000000000000195e-01
9.361000000000000432e-01
9.602000000000000535e-01
9.426999999999999824e-01
9.498999999999999666e-01
9.473000000000000309e-01
9.366999999999999771e-01
9.352000000000000313e-01
9.396999999999999797e-01
9.375999999999999890e-01
9.372000000000000330e-01
9.261000000000000343e-01
9.478999999999999648e-01
9.493000000000000327e-01
9.395999999999999908e-01
9.394000000000000128e-01
9.452000000000000401e-01
9.522000000000000464e-01
9.606999999999999984e-01
9.536000000000000032e-01
9.543000000000000371e-01
9.655000000000000249e-01
9.553000000000000380e-01
9.496999999999999886e-01
9.409999999999999476e-01
9.435000000000000053e-01
9.357999999999999652e-01
9.313000000000000167e-01
9.214999999999999858e-01
9.258999999999999453e-01
9.254000000000000004e-01
9.163000000000000034e-01
9.073999999999999844e-01
8.809000000000000163e-01
9.069000000000000394e-01
8.699000000000000066e-01
8.709000000000000075e-01
8.689999999999999947e-01
8.374000000000000332e-01
8.641999999999999682e-01
8.645000000000000462e-01
8.585000000000000409e-01
8.656000000000000361e-01
8.663999999999999480e-01
8.843999999999999639e-01
9.005999999999999561e-01
8.998000000000000442e-01
9.023999999999999799e-01
9.050000000000000266e-01
9.090000000000000302e-01
9.082000000000000073e-01
8.961000000000000076e-01
8.967000000000000526e-01
8.783999999999999586e-01
8.813999999999999613e-01
8.708000000000000185e-01
8.590999999999999748e-01
8.439999999999999725e-01
8.414000000000000368e-01
8.348999999999999755e-01
8.093000000000000194e-01
7.782000000000000028e-01
7.521999999999999797e-01
6.975999999999999979e-01
6.704999999999999849e-01
6.274999999999999467e-01
6.098999999999999977e-01
5.655000000000000027e-01
5.465999999999999748e-01
5.377999999999999448e-01
5.046000000000000485e-01
4.791000000000000258e-01
4.788000000000000034e-01
4.738999999999999879e-01
4.409000000000000141e-01
4.220999999999999752e-01
4.097999999999999976e-01
3.886000000000000010e-01
3.867999999999999772e-01
3.896999999999999909e-01
3.862999999999999767e-01
3.978999999999999759e-01
4.041000000000000147e-01
4.118999999999999884e-01
4.068999999999999839e-01
4.480000000000000093e-01
4.707000000000000073e-01
5.113999999999999657e-01
5.523000000000000131e-01
5.820999999999999508e-01
6.317000000000000393e-01
6.818999999999999506e-01
6.952000000000000401e-01
7.379999999999999893e-01
7.792999999999999927e-01
8.336999999999999966e-01
8.531999999999999584e-01
8.700999999999999845e-01
8.978000000000000425e-01
9.054999999999999716e-01
9.021000000000000130e-01
9.061000000000000165e-01
9.098000000000000531e-01
9.129000000000000448e-01
9.156999999999999584e-01
9.185999999999999721e-01
9.172000000000000153e-01
9.277999999999999581e-01
8.972999999999999865e-01
8.991999999999999993e-01
9.051000000000000156e-01
9.088000000000000522e-01
9.084999999999999742e-01
9.125999999999999668e-01
9.111000000000000210e-01
9.118000000000000549e-01
9.224999999999999867e-01
9.196999999999999620e-01
9.167999999999999483e-01
9.247999999999999554e-01
9.118000000000000549e-01
9.009000000000000341e-01
8.884999999999999565e-01
8.856000000000000538e-01
8.798000000000000265e-01
8.750000000000000000e-01
8.612999999999999545e-01
8.429999999999999716e-01
8.090000000000000524e-01
7.917999999999999483e-01
7.677000000000000490e-01
7.301999999999999602e-01
7.097999999999999865e-01
6.649000000000000465e-01
6.290999999999999925e-01
6.097000000000000197e-01
5.872000000000000552e-01
5.492000000000000215e-01
5.219000000000000306e-01
5.061999999999999833e-01
5.004999999999999449e-01
4.865999999999999770e-01
4.783999999999999919e-01
5.012999999999999678e-01
5.114999999999999547e-01
5.506999999999999673e-01
5.646999999999999797e-01
6.530000000000000249e-01
7.033000000000000362e-01
7.284000000000000474e-01
7.734999999999999654e-01
8.095999999999999863e-01
8.124000000000000110e-01
8.193000000000000282e-01
7.995999999999999774e-01
7.538000000000000256e-01
8.027999999999999581e-01
8.453000000000000513e-01
8.529999999999999805e-01
8.303000000000000380e-01
8.316000000000000059e-01
8.387000000000000011e-01
8.725000000000000533e-01
8.504000000000000448e-01
8.496000000000000218e-01
8.568000000000000060e-01
8.645000000000000462e-01
8.589999999999999858e-01
8.611999999999999655e-01
8.463000000000000522e-01
8.475000000000000311e-01
8.426000000000000156e-01
8.411999999999999478e-01
8.413000000000000478e-01
8.473000000000000531e-01
8.515000000000000346e-01
8.642999999999999572e-01
8.699999999999999956e-01
8.732999999999999652e-01
8.750999999999999890e-01
8.638000000000000123e-01
8.677000000000000268e-01
8.769000000000000128e-01
8.856000000000000538e-01
8.890000000000000124e-01
8.851999999999999869e-01
8.928000000000000380e-01
8.884999999999999565e-01
8.884999999999999565e-01
8.836000000000000520e-01
8.706000000000000405e-01
8.605000000000000426e-01
8.328999999999999737e-01
7.983000000000000096e-01
7.634999999999999565e-01
7.013000000000000345e-01
6.737999999999999545e-01
6.280999999999999917e-01
5.846999999999999975e-01
5.636999999999999789e-01
5.544000000000000039e-01
5.565999999999999837e-01
5.446999999999999620e-01
5.392000000000000126e-01
5.220000000000000195e-01
5.482000000000000206e-01
5.620000000000000551e-01
6.110999999999999766e-01
6.359000000000000208e-01
6.976999999999999869e-01
7.345000000000000417e-01
7.651000000000000023e-01
7.933999999999999941e-01
8.196999999999999842e-01
8.325000000000000178e-01
8.414000000000000368e-01
8.439999999999999725e-01
8.381999999999999451e-01
8.417999999999999927e-01
8.546000000000000263e-01
8.678000000000000158e-01
8.690999999999999837e-01
8.630999999999999783e-01
8.398999999999999799e-01
8.377000000000000002e-01
8.234000000000000208e-01
7.977999999999999536e-01
7.576000000000000512e-01
7.024000000000000243e-01
6.418000000000000371e-01
5.959999999999999742e-01
5.608999999999999542e-01
5.193999999999999728e-01
4.610000000000000209e-01
4.464000000000000190e-01
4.336999999999999744e-01
4.486999999999999877e-01
4.752000000000000113e-01
5.098000000000000309e-01
5.318000000000000504e-01
5.848999999999999755e-01
6.261999999999999789e-01
6.804999999999999938e-01
7.311999999999999611e-01
7.711999999999999966e-01
8.102000000000000313e-01
8.518000000000000016e-01
8.692999999999999616e-01
8.877000000000000446e-01
8.921000000000000041e-01
9.068000000000000504e-01
9.039000000000000368e-01
9.021000000000000130e-01
9.084999999999999742e-01
9.092999999999999972e-01
9.207999999999999519e-01
9.092000000000000082e-01
9.086999999999999522e-01
9.183999999999999941e-01
9.146999999999999575e-01
9.162000000000000144e-01
9.124999999999999778e-01
9.046999999999999487e-01
9.080000000000000293e-01
9.002000000000000002e-01
8.911999999999999922e-01
8.859000000000000208e-01
8.762999999999999678e-01
8.682999999999999607e-01
8.487999999999999989e-01
8.274000000000000243e-01
8.022000000000000242e-01
7.732999999999999874e-01
7.479999999999999982e-01
7.340999999999999748e-01
7.243000000000000549e-01
7.062000000000000499e-01
7.070999999999999508e-01
7.038999999999999702e-01
7.319999999999999840e-01
7.347000000000000197e-01
7.992000000000000215e-01
8.193000000000000282e-01
8.687000000000000277e-01
9.009000000000000341e-01
9.190000000000000391e-01
9.249000000000000554e-01
9.455999999999999961e-01
9.524000000000000243e-01
9.663000000000000478e-01
9.769999999999999796e-01
9.786000000000000254e-01
9.835000000000000409e-01
9.869999999999999885e-01
9.819999999999999840e-01
9.787000000000000144e-01
9.683000000000000496e-01
9.543000000000000371e-01
9.471000000000000529e-01
9.402000000000000357e-01
9.408999999999999586e-01
9.494000000000000217e-01
9.488999999999999657e-01
9.483000000000000318e-01
9.426999999999999824e-01
9.629999999999999671e-01
9.544000000000000261e-01
9.562000000000000499e-01
9.612000000000000544e-01
9.550999999999999490e-01
9.493000000000000327e-01
9.334999999999999964e-01
9.280000000000000471e-01
9.409999999999999476e-01
9.242000000000000215e-01
9.274000000000000021e-01
9.294000000000000039e-01
9.272000000000000242e-01
9.221000000000000307e-01
8.921999999999999931e-01
8.971999999999999975e-01
8.921000000000000041e-01
9.045999999999999597e-01
9.105999999999999650e-01
9.005999999999999561e-01
9.125999999999999668e-01
9.175999999999999712e-01
9.157999999999999474e-01
9.203999999999999959e-01
9.205999999999999739e-01
9.283000000000000140e-01
9.192000000000000171e-01
9.243000000000000105e-01
9.163000000000000034e-01
8.968000000000000416e-01
9.152000000000000135e-01
9.311000000000000387e-01
9.288999999999999480e-01
9.150000000000000355e-01
9.263000000000000123e-01
9.385999999999999899e-01
9.428999999999999604e-01
9.405999999999999917e-01
9.477999999999999758e-01
9.452000000000000401e-01
9.395000000000000018e-01
9.303000000000000158e-01
9.381000000000000449e-01
9.162000000000000144e-01
9.364000000000000101e-01
9.559999999999999609e-01
9.483000000000000318e-01
9.436999999999999833e-01
9.555000000000000160e-01
9.690999999999999615e-01
9.637999999999999901e-01
9.582000000000000517e-01
9.439999999999999503e-01
9.046999999999999487e-01
8.586000000000000298e-01
8.175000000000000044e-01
7.742999999999999883e-01
6.965999999999999970e-01
6.467000000000000526e-01
5.497999999999999554e-01
4.672999999999999932e-01
4.132000000000000117e-01
3.738000000000000211e-01
3.769000000000000128e-01
4.022999999999999909e-01
3.881999999999999895e-01
4.234999999999999876e-01
4.665000000000000258e-01
4.934000000000000052e-01
4.944000000000000061e-01
4.791000000000000258e-01
4.682000000000000051e-01
4.005000000000000226e-01
4.050000000000000266e-01
4.143000000000000016e-01
4.645000000000000240e-01
4.633999999999999786e-01
4.691000000000000170e-01
4.546000000000000041e-01
4.642000000000000015e-01
4.512999999999999790e-01
4.451999999999999846e-01
4.323000000000000176e-01
3.890000000000000124e-01
3.431000000000000161e-01
2.998000000000000109e-01
2.701000000000000068e-01
2.747999999999999887e-01
2.555999999999999939e-01
1.867999999999999938e-01
1.645999999999999963e-01
1.396999999999999909e-01
1.242999999999999938e-01
1.101000000000000034e-01
1.084999999999999992e-01
1.105000000000000010e-01
1.112999999999999962e-01
9.569999999999999341e-02
8.500000000000000611e-02
7.000000000000000666e-02
6.079999999999999988e-02
7.309999999999999831e-02
8.060000000000000497e-02
8.799999999999999489e-02
9.339999999999999691e-02
9.479999999999999538e-02
1.049999999999999961e-01
1.218999999999999945e-01
1.449999999999999900e-01
1.913999999999999868e-01
2.081000000000000072e-01
2.262000000000000122e-01
2.291999999999999871e-01
2.295999999999999985e-01
2.550999999999999934e-01
2.536999999999999811e-01
2.711000000000000076e-01
2.914999999999999813e-01
3.274000000000000243e-01
3.768000000000000238e-01
4.098999999999999866e-01
4.003999999999999782e-01
3.985000000000000209e-01
3.834000000000000186e-01
3.760000000000000009e-01
3.655999999999999805e-01
3.554999999999999827e-01
3.382999999999999896e-01
3.093000000000000194e-01
2.988000000000000100e-01
2.829999999999999738e-01
2.655000000000000138e-01
2.218999999999999861e-01
1.940999999999999948e-01
1.738999999999999990e-01
1.405000000000000138e-01
1.298999999999999877e-01
1.081000000000000016e-01
8.930000000000000437e-02
8.669999999999999929e-02
9.349999999999999978e-02
1.111000000000000043e-01
1.127999999999999975e-01
1.400000000000000133e-01
1.723000000000000087e-01
2.293000000000000038e-01
3.094000000000000083e-01
3.580999999999999739e-01
4.173999999999999932e-01
4.608999999999999764e-01
5.086000000000000520e-01
5.064999999999999503e-01
