8.743999999999999551e-01
9.599999999999999645e-01
9.506000000000000005e-01
9.324000000000000066e-01
9.312000000000000277e-01
9.444000000000000172e-01
9.522000000000000464e-01
9.540999999999999481e-01
9.737000000000000099e-01
9.375999999999999890e-01
9.434000000000000163e-01
9.388999999999999568e-01
9.487999999999999767e-01
9.548999999999999710e-01
9.586000000000000076e-01
9.522000000000000464e-01
9.608999999999999764e-01
9.560999999999999499e-01
9.620999999999999552e-01
9.580999999999999517e-01
9.694000000000000394e-01
9.618999999999999773e-01
9.693000000000000504e-01
9.704000000000000403e-01
9.604000000000000314e-01
9.678999999999999826e-01
9.627000000000000002e-01
9.649999999999999689e-01
9.680999999999999606e-01
9.566000000000000059e-01
9.686000000000000165e-01
9.608999999999999764e-01
9.666000000000000147e-01
9.543000000000000371e-01
9.641999999999999460e-01
9.503000000000000336e-01
9.388999999999999568e-01
9.459999999999999520e-01
9.465999999999999970e-01
9.442000000000000393e-01
9.514000000000000234e-01
9.556999999999999940e-01
9.677000000000000046e-01
9.385999999999999899e-01
9.463000000000000300e-01
9.427999999999999714e-01
9.431000000000000494e-01
9.459999999999999520e-01
9.510999999999999455e-01
9.556000000000000050e-01
9.509999999999999565e-01
9.548999999999999710e-01
9.512000000000000455e-01
9.532000000000000473e-01
9.649999999999999689e-01
9.570999999999999508e-01
9.579999999999999627e-01
9.741999999999999549e-01
9.526000000000000023e-01
9.679999999999999716e-01
9.711999999999999522e-01
9.738999999999999879e-01
9.607999999999999874e-01
9.556999999999999940e-01
9.590999999999999526e-01
9.801999999999999602e-01
9.663000000000000478e-01
9.557999999999999829e-01
9.756000000000000227e-01
9.618999999999999773e-01
9.666000000000000147e-01
9.677000000000000046e-01
9.586999999999999966e-01
9.703000000000000513e-01
9.623000000000000442e-01
9.617999999999999883e-01
9.697000000000000064e-01
9.675000000000000266e-01
9.728999999999999870e-01
9.729999999999999760e-01
9.645000000000000240e-01
9.637000000000000011e-01
9.805000000000000382e-01
9.797000000000000153e-01
9.797000000000000153e-01
9.671999999999999487e-01
9.602000000000000535e-01
9.540999999999999481e-01
9.522000000000000464e-01
9.497999999999999776e-01
9.654000000000000359e-01
9.764000000000000457e-01
9.588999999999999746e-01
9.749999999999999778e-01
9.617999999999999883e-01
9.514000000000000234e-01
9.586000000000000076e-01
9.592000000000000526e-01
9.646000000000000130e-01
9.630999999999999561e-01
9.647999999999999909e-01
9.711999999999999522e-01
9.754000000000000448e-01
9.700999999999999623e-01
9.636000000000000121e-01
9.603000000000000425e-01
9.757000000000000117e-01
9.625000000000000222e-01
9.623000000000000442e-01
9.713000000000000522e-01
9.644000000000000350e-01
9.578999999999999737e-01
9.575000000000000178e-01
9.631999999999999451e-01
9.595000000000000195e-01
9.507999999999999785e-01
9.385000000000000009e-01
9.282000000000000250e-01
9.304999999999999938e-01
9.479999999999999538e-01
9.694000000000000394e-01
9.507999999999999785e-01
9.648999999999999799e-01
9.618999999999999773e-01
9.728999999999999870e-01
9.465999999999999970e-01
9.596000000000000085e-01
9.573000000000000398e-01
9.475000000000000089e-01
9.352000000000000313e-01
9.126999999999999558e-01
8.999000000000000332e-01
8.954999999999999627e-01
8.708000000000000185e-01
8.423000000000000487e-01
7.874999999999999778e-01
7.436000000000000387e-01
7.167000000000000037e-01
6.946999999999999842e-01
6.847999999999999643e-01
6.612999999999999989e-01
6.915999999999999925e-01
6.684999999999999831e-01
7.100999999999999535e-01
7.675999999999999490e-01
7.759000000000000341e-01
7.574999999999999512e-01
7.996999999999999664e-01
8.163000000000000256e-01
8.060000000000000497e-01
8.105999999999999872e-01
8.518999999999999906e-01
8.615000000000000435e-01
8.548999999999999932e-01
9.252000000000000224e-01
9.431000000000000494e-01
9.641999999999999460e-01
9.721999999999999531e-01
9.852999999999999536e-01
9.602000000000000535e-01
9.563000000000000389e-01
9.903999999999999471e-01
9.669999999999999707e-01
9.690999999999999615e-01
9.610999999999999543e-01
9.577999999999999847e-01
9.911999999999999700e-01
9.818000000000000060e-01
9.727999999999999980e-01
9.815000000000000391e-01
1.000000000000000000e+00
9.665000000000000258e-01
9.786000000000000254e-01
9.814000000000000501e-01
9.810999999999999721e-01
9.800999999999999712e-01
9.911999999999999700e-01
9.862999999999999545e-01
9.822999999999999510e-01
1.000000000000000000e+00
9.739999999999999769e-01
9.605000000000000204e-01
9.719999999999999751e-01
9.721999999999999531e-01
9.710999999999999632e-01
9.696000000000000174e-01
9.711999999999999522e-01
9.598999999999999755e-01
9.616000000000000103e-01
9.599999999999999645e-01
9.536999999999999922e-01
9.719999999999999751e-01
9.739999999999999769e-01
9.727999999999999980e-01
9.795000000000000373e-01
9.847000000000000197e-01
9.830999999999999739e-01
9.759999999999999787e-01
9.566000000000000059e-01
9.512000000000000455e-01
9.486999999999999877e-01
9.373000000000000220e-01
9.233000000000000096e-01
9.404000000000000137e-01
9.368999999999999551e-01
9.361000000000000432e-01
9.600999999999999535e-01
9.466999999999999860e-01
9.577999999999999847e-01
9.849999999999999867e-01
9.814000000000000501e-01
9.731999999999999540e-01
9.636000000000000121e-01
9.637999999999999901e-01
9.610999999999999543e-01
9.559999999999999609e-01
9.606000000000000094e-01
9.553000000000000380e-01
9.500999999999999446e-01
9.778000000000000025e-01
9.730999999999999650e-01
9.597999999999999865e-01
9.655000000000000249e-01
9.657999999999999918e-01
9.700999999999999623e-01
9.697999999999999954e-01
9.727999999999999980e-01
9.778999999999999915e-01
9.738999999999999879e-01
9.723000000000000531e-01
9.771999999999999575e-01
9.565000000000000169e-01
9.506999999999999895e-01
9.658999999999999808e-01
9.842999999999999527e-01
9.912999999999999590e-01
9.655000000000000249e-01
9.658999999999999808e-01
9.634000000000000341e-01
9.624000000000000332e-01
9.603000000000000425e-01
9.697999999999999954e-01
9.624000000000000332e-01
9.637000000000000011e-01
9.649999999999999689e-01
9.734000000000000430e-01
9.687999999999999945e-01
9.676000000000000156e-01
9.685000000000000275e-01
9.664000000000000368e-01
9.690999999999999615e-01
9.647999999999999909e-01
9.658999999999999808e-01
9.559999999999999609e-01
9.750999999999999668e-01
9.634000000000000341e-01
9.524000000000000243e-01
9.513000000000000345e-01
9.495999999999999996e-01
9.542000000000000481e-01
9.640999999999999570e-01
9.528999999999999693e-01
9.433000000000000274e-01
9.634000000000000341e-01
9.852999999999999536e-01
9.745000000000000329e-01
9.537999999999999812e-01
9.754000000000000448e-01
9.641999999999999460e-01
9.639999999999999680e-01
9.587999999999999856e-01
9.603000000000000425e-01
9.600999999999999535e-01
9.582000000000000517e-01
9.579999999999999627e-01
9.524000000000000243e-01
9.677000000000000046e-01
9.665000000000000258e-01
9.569999999999999618e-01
9.840999999999999748e-01
9.848000000000000087e-01
9.731999999999999540e-01
9.778000000000000025e-01
9.715000000000000302e-01
9.721999999999999531e-01
9.737999999999999989e-01
9.758999999999999897e-01
9.811999999999999611e-01
9.724000000000000421e-01
9.615000000000000213e-01
9.414000000000000146e-01
9.407999999999999696e-01
9.293000000000000149e-01
9.278999999999999471e-01
9.461000000000000520e-01
9.434000000000000163e-01
9.538999999999999702e-01
9.594000000000000306e-01
9.839999999999999858e-01
1.000000000000000000e+00
1.000000000000000000e+00
1.000000000000000000e+00
1.000000000000000000e+00
1.000000000000000000e+00
1.000000000000000000e+00
1.000000000000000000e+00
9.931999999999999718e-01
1.000000000000000000e+00
1.000000000000000000e+00
1.000000000000000000e+00
9.987000000000000322e-01
9.957000000000000295e-01
9.925000000000000488e-01
9.928000000000000158e-01
9.893999999999999462e-01
9.830999999999999739e-01
9.828999999999999959e-01
9.971999999999999753e-01
9.756000000000000227e-01
9.710999999999999632e-01
9.725000000000000311e-01
9.768000000000000016e-01
9.825000000000000400e-01
9.903999999999999471e-01
9.794000000000000483e-01
9.848999999999999977e-01
9.861999999999999655e-01
9.963999999999999524e-01
9.962999999999999634e-01
9.848999999999999977e-01
9.780999999999999694e-01
9.794000000000000483e-01
9.810999999999999721e-01
9.606999999999999984e-01
9.522000000000000464e-01
9.554000000000000270e-01
9.690999999999999615e-01
9.648999999999999799e-01
9.665000000000000258e-01
9.597999999999999865e-01
9.717999999999999972e-01
9.688999999999999835e-01
9.686000000000000165e-01
9.638999999999999790e-01
9.643000000000000460e-01
9.704000000000000403e-01
9.624000000000000332e-01
9.609999999999999654e-01
9.631999999999999451e-01
9.623000000000000442e-01
9.562000000000000499e-01
9.757000000000000117e-01
9.686000000000000165e-01
9.588999999999999746e-01
9.496999999999999886e-01
9.510999999999999455e-01
9.372000000000000330e-01
9.547999999999999821e-01
9.416999999999999815e-01
9.524000000000000243e-01
9.495000000000000107e-01
9.485000000000000098e-01
9.518999999999999684e-01
9.536999999999999922e-01
9.535000000000000142e-01
9.535000000000000142e-01
9.546000000000000041e-01
9.548999999999999710e-01
9.549999999999999600e-01
9.553000000000000380e-01
9.557999999999999829e-01
9.565000000000000169e-01
9.579999999999999627e-01
9.575000000000000178e-01
9.498999999999999666e-01
9.553000000000000380e-01
9.562000000000000499e-01
9.569999999999999618e-01
9.528999999999999693e-01
9.513000000000000345e-01
9.526000000000000023e-01
9.533000000000000362e-01
9.516000000000000014e-01
9.498999999999999666e-01
9.505000000000000115e-01
9.569999999999999618e-01
9.575000000000000178e-01
9.556000000000000050e-01
9.647000000000000020e-01
9.534000000000000252e-01
9.562000000000000499e-01
9.661999999999999478e-01
9.589999999999999636e-01
9.620999999999999552e-01
9.628999999999999782e-01
9.766000000000000236e-01
9.698999999999999844e-01
9.584000000000000297e-01
9.473000000000000309e-01
9.550999999999999490e-01
9.557999999999999829e-01
9.454000000000000181e-01
9.620999999999999552e-01
9.546999999999999931e-01
9.630999999999999561e-01
9.588999999999999746e-01
9.477999999999999758e-01
9.324000000000000066e-01
9.011000000000000121e-01
8.754999999999999449e-01
8.476000000000000201e-01
8.114999999999999991e-01
7.772000000000000020e-01
7.316000000000000281e-01
6.770000000000000462e-01
6.147000000000000242e-01
5.600000000000000533e-01
5.302000000000000046e-01
4.476999999999999869e-01
4.182000000000000162e-01
4.103999999999999870e-01
3.899000000000000243e-01
3.759000000000000119e-01
3.921999999999999931e-01
4.176000000000000267e-01
4.409000000000000141e-01
4.643999999999999795e-01
5.852000000000000535e-01
6.805999999999999828e-01
7.337000000000000188e-01
7.562999999999999723e-01
8.405000000000000249e-01
8.681999999999999718e-01
8.988000000000000433e-01
9.261000000000000343e-01
9.412000000000000366e-01
9.437999999999999723e-01
9.636000000000000121e-01
9.576000000000000068e-01
9.578999999999999737e-01
9.708999999999999853e-01
9.801999999999999602e-01
9.877000000000000224e-01
9.788000000000000034e-01
9.835000000000000409e-01
9.835000000000000409e-01
9.885000000000000453e-01
1.000000000000000000e+00
9.915000000000000480e-01
9.693000000000000504e-01
9.739999999999999769e-01
9.734000000000000430e-01
9.610999999999999543e-01
9.677999999999999936e-01
9.825000000000000400e-01
9.727000000000000091e-01
9.661999999999999478e-01
9.801999999999999602e-01
9.808000000000000052e-01
9.600999999999999535e-01
9.600999999999999535e-01
9.533000000000000362e-01
9.445999999999999952e-01
9.478999999999999648e-01
9.431000000000000494e-01
9.408999999999999586e-01
9.447999999999999732e-01
9.670999999999999597e-01
9.616000000000000103e-01
9.634000000000000341e-01
9.741999999999999549e-01
9.715000000000000302e-01
9.795000000000000373e-01
9.877000000000000224e-01
9.821999999999999620e-01
9.847000000000000197e-01
9.799999999999999822e-01
9.792999999999999483e-01
9.979000000000000092e-01
9.866000000000000325e-01
9.829999999999999849e-01
1.000000000000000000e+00
9.743000000000000549e-01
9.596999999999999975e-01
9.566999999999999948e-01
9.566000000000000059e-01
9.623000000000000442e-01
9.500999999999999446e-01
9.464000000000000190e-01
9.594000000000000306e-01
9.656000000000000139e-01
9.716000000000000192e-01
9.465000000000000080e-01
9.667999999999999927e-01
9.699999999999999734e-01
9.651999999999999469e-01
9.656000000000000139e-01
9.761999999999999567e-01
9.687999999999999945e-01
9.755000000000000338e-01
9.700999999999999623e-01
9.941999999999999726e-01
9.967000000000000304e-01
9.915000000000000480e-01
9.957000000000000295e-01
9.859999999999999876e-01
9.959000000000000075e-01
9.999000000000000110e-01
9.715000000000000302e-01
9.698999999999999844e-01
9.505000000000000115e-01
9.388999999999999568e-01
9.273000000000000131e-01
9.207999999999999519e-01
9.120000000000000329e-01
8.872999999999999776e-01
8.954999999999999627e-01
8.859000000000000208e-01
8.551999999999999602e-01
8.558000000000000052e-01
8.262000000000000455e-01
7.590999999999999970e-01
7.306000000000000272e-01
6.947999999999999732e-01
6.319000000000000172e-01
5.597999999999999643e-01
5.193999999999999728e-01
4.724999999999999756e-01
4.028999999999999804e-01
3.572000000000000175e-01
3.027000000000000246e-01
2.416000000000000092e-01
2.033000000000000085e-01
1.595999999999999919e-01
1.423999999999999988e-01
1.391999999999999904e-01
1.210999999999999993e-01
1.074999999999999983e-01
9.869999999999999607e-02
1.117999999999999966e-01
1.540999999999999870e-01
1.819999999999999951e-01
2.431999999999999995e-01
3.019000000000000017e-01
3.768000000000000238e-01
4.169999999999999818e-01
4.511999999999999900e-01
4.815999999999999726e-01
5.109000000000000208e-01
5.429000000000000492e-01
5.696999999999999842e-01
5.770999999999999464e-01
6.004000000000000448e-01
6.072999999999999510e-01
6.080999999999999739e-01
6.107000000000000206e-01
5.968999999999999861e-01
5.635999999999999899e-01
5.550000000000000488e-01
5.248000000000000442e-01
5.201999999999999957e-01
5.014999999999999458e-01
5.221000000000000085e-01
5.132999999999999785e-01
5.247000000000000552e-01
5.116000000000000547e-01
5.380000000000000338e-01
5.729999999999999538e-01
5.603000000000000203e-01
5.973000000000000531e-01
6.358000000000000318e-01
6.419000000000000261e-01
6.539000000000000368e-01
6.844999999999999973e-01
7.058999999999999719e-01
7.408000000000000140e-01
7.442999999999999616e-01
7.508000000000000229e-01
7.488000000000000211e-01
7.470999999999999863e-01
7.459000000000000075e-01
7.531999999999999806e-01
7.540000000000000036e-01
7.297000000000000153e-01
6.998999999999999666e-01
6.512000000000000011e-01
5.998999999999999888e-01
5.385999999999999677e-01
4.914999999999999925e-01
4.354999999999999982e-01
3.768000000000000238e-01
3.296000000000000041e-01
2.582999999999999741e-01
1.782999999999999863e-01
1.203999999999999931e-01
9.790000000000000091e-02
5.530000000000000193e-02
2.319999999999999840e-02
1.280000000000000061e-02
0.000000000000000000e+00
0.000000000000000000e+00
0.000000000000000000e+00
0.000000000000000000e+00
0.000000000000000000e+00
1.600000000000000077e-03
0.000000000000000000e+00
4.199999999999999740e-03
0.000000000000000000e+00
0.000000000000000000e+00
0.000000000000000000e+00
1.899999999999999996e-03
0.000000000000000000e+00
4.400000000000000265e-03
1.510000000000000057e-02
2.450000000000000094e-02
3.119999999999999857e-02
4.089999999999999886e-02
2.350000000000000006e-02
1.650000000000000078e-02
8.200000000000000691e-03
2.299999999999999961e-03
0.000000000000000000e+00
0.000000000000000000e+00
0.000000000000000000e+00
0.000000000000000000e+00
0.000000000000000000e+00
3.700000000000000164e-03
6.700000000000000226e-03
1.469999999999999953e-02
2.960000000000000131e-02
5.639999999999999875e-02
7.119999999999999940e-02
1.013000000000000012e-01
1.173000000000000015e-01
1.095000000000000001e-01
8.719999999999999973e-02
7.499999999999999722e-02
8.069999999999999396e-02
8.110000000000000542e-02
8.179999999999999771e-02
7.770000000000000517e-02
8.699999999999999400e-02
1.103999999999999981e-01
1.264000000000000123e-01
1.380000000000000115e-01
1.233999999999999958e-01
1.102000000000000063e-01
9.859999999999999321e-02
6.809999999999999387e-02
4.630000000000000088e-02
2.769999999999999893e-02
2.719999999999999848e-02
1.460000000000000013e-02
1.379999999999999977e-02
3.080000000000000099e-02
2.139999999999999888e-02
2.319999999999999840e-02
2.620000000000000107e-02
3.130000000000000143e-02
2.280000000000000082e-02
2.709999999999999909e-02
3.780000000000000027e-02
3.830000000000000071e-02
2.589999999999999941e-02
2.860000000000000042e-02
2.779999999999999832e-02
2.060000000000000026e-02
2.290000000000000022e-02
2.510000000000000078e-02
3.790000000000000313e-02
3.839999999999999664e-02
3.370000000000000079e-02
3.330000000000000321e-02
2.970000000000000070e-02
2.900000000000000147e-02
2.290000000000000022e-02
7.400000000000000328e-03
0.000000000000000000e+00
0.000000000000000000e+00
5.100000000000000366e-03
1.779999999999999985e-02
2.419999999999999929e-02
2.520000000000000018e-02
1.890000000000000013e-02
3.819999999999999785e-02
2.489999999999999852e-02
4.070000000000000007e-02
4.030000000000000249e-02
5.380000000000000060e-02
5.890000000000000097e-02
7.249999999999999500e-02
8.959999999999999909e-02
9.589999999999999913e-02
1.034999999999999948e-01
1.122999999999999970e-01
1.272000000000000075e-01
1.343000000000000027e-01
1.274000000000000132e-01
1.239999999999999991e-01
1.147999999999999993e-01
1.084999999999999992e-01
1.176999999999999991e-01
1.098999999999999977e-01
9.869999999999999607e-02
9.700000000000000289e-02
9.329999999999999405e-02
1.063000000000000056e-01
1.047000000000000014e-01
1.076000000000000012e-01
1.315000000000000058e-01
1.456000000000000072e-01
1.618999999999999884e-01
1.867000000000000048e-01
2.403000000000000136e-01
3.180999999999999939e-01
3.875000000000000111e-01
4.354999999999999982e-01
4.655000000000000249e-01
4.615000000000000213e-01
4.364000000000000101e-01
3.895000000000000129e-01
3.407000000000000028e-01
2.535999999999999921e-01
2.056000000000000050e-01
1.371999999999999886e-01
1.073000000000000065e-01
8.830000000000000349e-02
7.789999999999999702e-02
7.489999999999999436e-02
8.000000000000000167e-02
8.419999999999999707e-02
9.550000000000000155e-02
1.193000000000000033e-01
1.423000000000000098e-01
1.902999999999999969e-01
2.207000000000000073e-01
2.781000000000000139e-01
3.634999999999999898e-01
4.763999999999999901e-01
5.532000000000000250e-01
6.371999999999999886e-01
6.945999999999999952e-01
7.372999999999999554e-01
7.822999999999999954e-01
8.219999999999999529e-01
8.709000000000000075e-01
8.837000000000000410e-01
9.143000000000000016e-01
9.179000000000000492e-01
9.385000000000000009e-01
9.341000000000000414e-01
9.407999999999999696e-01
9.348999999999999533e-01
9.413000000000000256e-01
9.527999999999999803e-01
9.546999999999999931e-01
9.496999999999999886e-01
9.619999999999999662e-01
9.444000000000000172e-01
9.335999999999999854e-01
9.234999999999999876e-01
9.421000000000000485e-01
9.575000000000000178e-01
9.432000000000000384e-01
9.395999999999999908e-01
9.447999999999999732e-01
9.619999999999999662e-01
9.529999999999999583e-01
9.530999999999999472e-01
9.500999999999999446e-01
9.457999999999999741e-01
9.212000000000000188e-01
9.517999999999999794e-01
9.494000000000000217e-01
9.707999999999999963e-01
9.618999999999999773e-01
9.768000000000000016e-01
9.745000000000000329e-01
9.697000000000000064e-01
9.815000000000000391e-01
9.739999999999999769e-01
9.716000000000000192e-01
9.593000000000000416e-01
9.619999999999999662e-01
9.608999999999999764e-01
9.666000000000000147e-01
9.618999999999999773e-01
9.468999999999999639e-01
9.526000000000000023e-01
9.429999999999999494e-01
9.526000000000000023e-01
9.557999999999999829e-01
9.510999999999999455e-01
9.546000000000000041e-01
9.499999999999999556e-01
9.522000000000000464e-01
9.538999999999999702e-01
9.554000000000000270e-01
9.605000000000000204e-01
9.616000000000000103e-01
9.619999999999999662e-01
9.577999999999999847e-01
9.707000000000000073e-01
9.655000000000000249e-01
9.689999999999999725e-01
9.667000000000000037e-01
9.522000000000000464e-01
9.599999999999999645e-01
9.520999999999999464e-01
9.276999999999999691e-01
9.447999999999999732e-01
9.507999999999999785e-01
9.572000000000000508e-01
9.525000000000000133e-01
9.494000000000000217e-01
9.727999999999999980e-01
9.570999999999999508e-01
9.512000000000000455e-01
9.469999999999999529e-01
9.445999999999999952e-01
9.457999999999999741e-01
9.356999999999999762e-01
9.384000000000000119e-01
9.514000000000000234e-01
9.508999999999999675e-01
9.509999999999999565e-01
9.482000000000000428e-01
9.691999999999999504e-01
9.726000000000000201e-01
9.649999999999999689e-01
9.684000000000000385e-01
9.718999999999999861e-01
9.600999999999999535e-01
9.546000000000000041e-01
9.455000000000000071e-01
9.284000000000000030e-01
9.447999999999999732e-01
9.550999999999999490e-01
9.489999999999999547e-01
9.449999999999999512e-01
9.466999999999999860e-01
9.448999999999999622e-01
9.546999999999999931e-01
9.547999999999999821e-01
9.557999999999999829e-01
9.600999999999999535e-01
9.678999999999999826e-01
9.577999999999999847e-01
9.418999999999999595e-01
9.266999999999999682e-01
9.524000000000000243e-01
9.576999999999999957e-01
9.689999999999999725e-01
9.688999999999999835e-01
9.744000000000000439e-01
9.627999999999999892e-01
9.657000000000000028e-01
9.647000000000000020e-01
9.665000000000000258e-01
9.687999999999999945e-01
9.761999999999999567e-01
9.727000000000000091e-01
9.764000000000000457e-01
9.756000000000000227e-01
9.799999999999999822e-01
9.801999999999999602e-01
9.801999999999999602e-01
9.812999999999999501e-01
9.818999999999999950e-01
9.875000000000000444e-01
9.826000000000000290e-01
9.917000000000000259e-01
9.737999999999999989e-01
9.804000000000000492e-01
9.640999999999999570e-01
9.788000000000000034e-01
9.869999999999999885e-01
9.756000000000000227e-01
9.656000000000000139e-01
9.737000000000000099e-01
9.360000000000000542e-01
9.453000000000000291e-01
9.396999999999999797e-01
9.532000000000000473e-01
9.576999999999999957e-01
9.527999999999999803e-01
9.526999999999999913e-01
9.620999999999999552e-01
9.609999999999999654e-01
9.731999999999999540e-01
9.599999999999999645e-01
9.616000000000000103e-01
9.609999999999999654e-01
9.555000000000000160e-01
9.514000000000000234e-01
9.353000000000000203e-01
9.362000000000000322e-01
9.233999999999999986e-01
9.254000000000000004e-01
9.288999999999999480e-01
9.185999999999999721e-01
9.033999999999999808e-01
8.991000000000000103e-01
8.821999999999999842e-01
8.856000000000000538e-01
8.707000000000000295e-01
8.712999999999999634e-01
8.612999999999999545e-01
8.601999999999999647e-01
8.606000000000000316e-01
8.521999999999999575e-01
8.731999999999999762e-01
8.643999999999999462e-01
8.121000000000000441e-01
