9.386999999999999789e-01
9.615000000000000213e-01
9.457999999999999741e-01
9.312000000000000277e-01
9.155999999999999694e-01
9.143000000000000016e-01
8.960000000000000187e-01
9.024999999999999689e-01
8.836000000000000520e-01
8.754999999999999449e-01
8.898000000000000353e-01
9.013999999999999790e-01
8.736000000000000432e-01
8.762999999999999678e-01
8.540999999999999703e-01
8.525000000000000355e-01
8.546000000000000263e-01
8.457999999999999963e-01
8.202000000000000401e-01
7.917999999999999483e-01
7.219999999999999751e-01
6.973000000000000309e-01
6.703999999999999959e-01
6.356000000000000538e-01
6.423999999999999710e-01
6.294999999999999485e-01
6.424999999999999600e-01
6.452999999999999847e-01
6.771000000000000352e-01
6.961000000000000520e-01
7.271999999999999575e-01
7.379999999999999893e-01
7.488000000000000211e-01
7.567000000000000393e-01
7.633999999999999675e-01
7.748000000000000442e-01
7.883999999999999897e-01
7.935999999999999721e-01
7.946999999999999620e-01
7.861000000000000210e-01
7.597000000000000419e-01
7.409999999999999920e-01
7.086000000000000076e-01
6.838999999999999524e-01
6.450000000000000178e-01
6.010999999999999677e-01
5.573000000000000176e-01
5.171000000000000041e-01
4.747000000000000108e-01
4.403000000000000247e-01
4.259999999999999898e-01
3.936999999999999944e-01
3.783000000000000251e-01
3.800999999999999934e-01
3.660999999999999810e-01
3.756999999999999784e-01
3.763000000000000234e-01
3.713000000000000189e-01
3.709000000000000075e-01
3.699000000000000066e-01
4.103999999999999870e-01
3.895000000000000129e-01
3.877999999999999781e-01
4.109999999999999765e-01
4.104999999999999760e-01
4.088999999999999857e-01
3.912999999999999812e-01
3.528000000000000025e-01
3.187999999999999723e-01
3.150999999999999912e-01
2.972000000000000197e-01
2.894999999999999796e-01
2.985999999999999766e-01
2.957000000000000184e-01
2.945999999999999730e-01
2.993000000000000105e-01
2.832999999999999963e-01
2.364999999999999880e-01
2.039999999999999869e-01
1.633999999999999897e-01
1.170999999999999958e-01
9.239999999999999603e-02
9.500000000000000111e-02
5.770000000000000129e-02
4.420000000000000318e-02
4.120000000000000051e-02
2.939999999999999905e-02
2.790000000000000119e-02
4.229999999999999732e-02
5.199999999999999761e-02
6.069999999999999701e-02
7.359999999999999876e-02
1.011999999999999983e-01
1.184999999999999942e-01
1.436000000000000054e-01
1.645000000000000073e-01
1.927999999999999992e-01
2.056000000000000050e-01
2.227999999999999980e-01
2.192999999999999949e-01
2.147000000000000020e-01
2.084000000000000019e-01
2.101000000000000090e-01
2.046000000000000041e-01
2.121000000000000107e-01
2.112999999999999878e-01
2.273000000000000020e-01
2.576999999999999846e-01
2.586999999999999855e-01
2.399999999999999911e-01
2.152000000000000024e-01
2.033000000000000085e-01
2.054999999999999882e-01
2.069000000000000006e-01
2.086999999999999966e-01
2.034999999999999865e-01
2.003999999999999948e-01
1.723999999999999977e-01
1.456999999999999962e-01
1.443000000000000116e-01
1.330000000000000071e-01
1.155000000000000054e-01
9.840000000000000135e-02
8.010000000000000453e-02
6.040000000000000230e-02
4.619999999999999801e-02
3.790000000000000313e-02
2.139999999999999888e-02
2.290000000000000022e-02
3.579999999999999849e-02
4.859999999999999737e-02
6.329999999999999516e-02
7.900000000000000078e-02
8.740000000000000546e-02
8.780000000000000304e-02
6.320000000000000617e-02
4.780000000000000221e-02
3.420000000000000123e-02
2.680000000000000090e-02
3.670000000000000345e-02
4.039999999999999841e-02
6.669999999999999540e-02
7.409999999999999920e-02
9.500000000000000111e-02
9.650000000000000244e-02
1.226000000000000006e-01
1.300000000000000044e-01
1.108999999999999986e-01
1.005000000000000060e-01
8.010000000000000453e-02
6.239999999999999714e-02
3.670000000000000345e-02
2.520000000000000018e-02
2.460000000000000034e-02
2.089999999999999844e-02
2.170000000000000054e-02
2.589999999999999941e-02
1.480000000000000066e-02
3.389999999999999958e-02
3.960000000000000325e-02
5.879999999999999810e-02
1.058999999999999941e-01
1.257000000000000062e-01
1.433999999999999997e-01
1.328999999999999904e-01
1.174999999999999933e-01
1.121999999999999942e-01
7.789999999999999702e-02
5.949999999999999734e-02
4.070000000000000007e-02
3.649999999999999772e-02
3.119999999999999857e-02
1.909999999999999892e-02
1.770000000000000046e-02
1.779999999999999985e-02
1.060000000000000005e-02
4.899999999999999842e-03
1.000000000000000048e-04
9.400000000000000369e-03
2.399999999999999790e-03
0.000000000000000000e+00
2.399999999999999790e-03
1.720000000000000001e-02
1.409999999999999969e-02
1.990000000000000102e-02
3.749999999999999861e-02
3.629999999999999893e-02
4.830000000000000265e-02
3.690000000000000224e-02
4.030000000000000249e-02
3.679999999999999938e-02
3.219999999999999946e-02
5.709999999999999798e-02
7.169999999999999984e-02
9.450000000000000067e-02
1.040999999999999981e-01
1.134000000000000008e-01
1.163000000000000006e-01
1.328000000000000014e-01
1.393000000000000071e-01
1.532000000000000028e-01
1.632000000000000117e-01
1.482999999999999874e-01
1.333000000000000018e-01
1.087999999999999939e-01
9.650000000000000244e-02
7.989999999999999880e-02
7.399999999999999634e-02
5.530000000000000193e-02
5.290000000000000258e-02
2.429999999999999868e-02
2.879999999999999921e-02
3.849999999999999950e-02
1.990000000000000102e-02
3.099999999999999978e-02
4.719999999999999890e-02
6.279999999999999472e-02
7.860000000000000320e-02
1.178000000000000019e-01
1.443000000000000116e-01
1.514000000000000068e-01
1.403999999999999970e-01
1.491999999999999993e-01
1.502000000000000002e-01
1.535999999999999865e-01
1.522999999999999909e-01
1.582000000000000073e-01
1.779999999999999916e-01
1.978000000000000036e-01
2.245000000000000051e-01
2.622999999999999776e-01
3.219000000000000195e-01
3.738000000000000211e-01
4.416999999999999815e-01
4.990999999999999881e-01
5.525999999999999801e-01
5.786000000000000032e-01
6.245000000000000551e-01
6.620000000000000329e-01
7.053000000000000380e-01
7.299999999999999822e-01
7.560999999999999943e-01
7.809000000000000385e-01
7.920000000000000373e-01
8.239999999999999547e-01
8.082000000000000295e-01
8.385000000000000231e-01
8.841999999999999860e-01
8.818000000000000282e-01
8.895999999999999464e-01
9.002999999999999892e-01
9.130000000000000338e-01
9.223999999999999977e-01
9.082999999999999963e-01
9.424000000000000155e-01
9.327999999999999625e-01
9.315999999999999837e-01
9.286999999999999700e-01
9.364000000000000101e-01
9.360000000000000542e-01
9.377999999999999670e-01
9.415000000000000036e-01
9.446999999999999842e-01
9.456999999999999851e-01
9.407999999999999696e-01
9.465000000000000080e-01
9.477999999999999758e-01
9.425999999999999934e-01
9.412000000000000366e-01
9.345999999999999863e-01
9.346999999999999753e-01
9.333000000000000185e-01
9.385999999999999899e-01
9.342000000000000304e-01
9.344000000000000083e-01
9.448999999999999622e-01
9.395999999999999908e-01
9.368999999999999551e-01
9.372000000000000330e-01
9.322000000000000286e-01
9.429999999999999494e-01
9.454000000000000181e-01
9.493000000000000327e-01
9.375000000000000000e-01
9.710999999999999632e-01
9.627999999999999892e-01
9.535000000000000142e-01
9.634000000000000341e-01
9.565000000000000169e-01
9.495000000000000107e-01
9.527999999999999803e-01
9.578999999999999737e-01
9.585000000000000187e-01
9.680999999999999606e-01
9.630999999999999561e-01
9.766000000000000236e-01
9.635000000000000231e-01
9.513000000000000345e-01
9.445999999999999952e-01
9.426999999999999824e-01
9.558999999999999719e-01
9.630999999999999561e-01
9.628999999999999782e-01
9.459999999999999520e-01
9.468999999999999639e-01
9.433000000000000274e-01
9.483000000000000318e-01
9.471000000000000529e-01
9.509999999999999565e-01
9.402000000000000357e-01
9.229000000000000536e-01
9.175999999999999712e-01
9.373000000000000220e-01
9.473000000000000309e-01
9.553000000000000380e-01
9.599999999999999645e-01
9.526999999999999913e-01
9.399999999999999467e-01
9.086999999999999522e-01
9.060000000000000275e-01
9.192000000000000171e-01
9.425000000000000044e-01
9.623000000000000442e-01
9.555000000000000160e-01
9.653000000000000469e-01
9.568999999999999728e-01
9.656000000000000139e-01
9.688999999999999835e-01
9.596000000000000085e-01
9.645000000000000240e-01
9.644000000000000350e-01
9.630999999999999561e-01
9.624000000000000332e-01
9.614000000000000323e-01
9.583000000000000407e-01
9.665000000000000258e-01
9.765000000000000346e-01
9.780999999999999694e-01
9.654000000000000359e-01
9.717000000000000082e-01
9.643000000000000460e-01
9.535000000000000142e-01
9.331000000000000405e-01
9.532000000000000473e-01
9.587999999999999856e-01
9.556999999999999940e-01
9.494000000000000217e-01
9.619999999999999662e-01
9.590999999999999526e-01
9.510999999999999455e-01
9.605000000000000204e-01
9.615000000000000213e-01
9.495999999999999996e-01
9.567999999999999838e-01
9.495000000000000107e-01
9.563000000000000389e-01
9.499999999999999556e-01
9.481000000000000538e-01
9.639999999999999680e-01
9.481000000000000538e-01
9.518999999999999684e-01
9.520999999999999464e-01
9.485000000000000098e-01
9.576000000000000068e-01
9.526000000000000023e-01
9.340000000000000524e-01
9.304000000000000048e-01
9.149000000000000465e-01
9.290000000000000480e-01
9.404000000000000137e-01
9.441000000000000503e-01
9.272000000000000242e-01
9.389999999999999458e-01
9.465000000000000080e-01
9.443000000000000282e-01
9.526000000000000023e-01
9.545000000000000151e-01
9.485999999999999988e-01
9.483000000000000318e-01
9.589999999999999636e-01
9.664000000000000368e-01
9.567999999999999838e-01
9.670999999999999597e-01
9.701999999999999513e-01
9.728999999999999870e-01
9.782999999999999474e-01
9.637000000000000011e-01
9.530999999999999472e-01
9.488999999999999657e-01
9.489999999999999547e-01
9.583000000000000407e-01
9.726000000000000201e-01
9.701999999999999513e-01
9.624000000000000332e-01
9.495000000000000107e-01
9.557999999999999829e-01
9.593000000000000416e-01
9.568999999999999728e-01
9.515000000000000124e-01
9.540999999999999481e-01
9.421000000000000485e-01
9.454000000000000181e-01
9.361000000000000432e-01
9.186999999999999611e-01
8.923999999999999710e-01
8.663999999999999480e-01
8.098999999999999533e-01
7.735999999999999543e-01
7.187000000000000055e-01
7.095000000000000195e-01
6.860000000000000542e-01
6.928999999999999604e-01
6.991000000000000547e-01
7.315000000000000391e-01
7.520000000000000018e-01
7.594999999999999529e-01
7.614999999999999547e-01
7.503999999999999559e-01
7.355000000000000426e-01
7.230999999999999650e-01
7.088999999999999746e-01
6.937999999999999723e-01
6.647999999999999465e-01
6.127000000000000224e-01
5.535999999999999810e-01
4.711000000000000187e-01
4.229999999999999871e-01
3.709999999999999964e-01
3.345000000000000195e-01
2.942000000000000171e-01
2.750000000000000222e-01
2.645000000000000129e-01
2.620000000000000107e-01
2.590999999999999970e-01
2.565000000000000058e-01
2.270000000000000073e-01
2.111000000000000099e-01
2.210000000000000020e-01
2.358000000000000096e-01
2.492999999999999938e-01
2.574000000000000177e-01
3.059000000000000052e-01
3.155999999999999917e-01
3.492000000000000104e-01
4.077999999999999958e-01
4.576999999999999957e-01
5.132999999999999785e-01
5.422000000000000153e-01
5.634000000000000119e-01
6.228000000000000203e-01
6.723000000000000087e-01
7.059999999999999609e-01
7.409000000000000030e-01
7.654999999999999583e-01
8.379999999999999671e-01
8.877000000000000446e-01
9.079000000000000403e-01
9.106999999999999540e-01
9.225999999999999757e-01
9.301000000000000378e-01
9.226999999999999647e-01
9.455000000000000071e-01
9.705000000000000293e-01
9.639999999999999680e-01
9.610999999999999543e-01
9.780999999999999694e-01
9.774000000000000465e-01
9.858999999999999986e-01
9.709999999999999742e-01
9.790999999999999703e-01
9.778999999999999915e-01
9.847000000000000197e-01
9.725000000000000311e-01
9.623000000000000442e-01
9.786000000000000254e-01
9.649999999999999689e-01
9.498999999999999666e-01
9.552000000000000490e-01
9.685000000000000275e-01
9.622000000000000552e-01
9.657999999999999918e-01
9.613000000000000433e-01
9.606999999999999984e-01
9.532000000000000473e-01
9.417999999999999705e-01
9.443000000000000282e-01
9.595000000000000195e-01
9.678999999999999826e-01
9.703000000000000513e-01
9.770999999999999686e-01
9.875000000000000444e-01
9.758000000000000007e-01
9.704000000000000403e-01
9.707000000000000073e-01
9.685000000000000275e-01
9.580999999999999517e-01
9.703000000000000513e-01
9.592000000000000526e-01
9.568999999999999728e-01
9.687999999999999945e-01
9.549999999999999600e-01
9.575000000000000178e-01
9.546000000000000041e-01
9.508999999999999675e-01
9.525000000000000133e-01
9.493000000000000327e-01
9.438999999999999613e-01
9.305999999999999828e-01
9.475000000000000089e-01
9.577999999999999847e-01
9.550999999999999490e-01
9.634000000000000341e-01
9.421000000000000485e-01
9.361000000000000432e-01
9.387999999999999678e-01
9.446999999999999842e-01
9.335999999999999854e-01
9.447999999999999732e-01
9.525000000000000133e-01
9.466999999999999860e-01
9.443000000000000282e-01
9.584000000000000297e-01
9.738999999999999879e-01
9.697999999999999954e-01
9.612000000000000544e-01
9.381000000000000449e-01
9.637999999999999901e-01
9.716000000000000192e-01
9.805000000000000382e-01
9.734000000000000430e-01
9.687999999999999945e-01
9.731999999999999540e-01
9.801999999999999602e-01
9.799999999999999822e-01
9.820999999999999730e-01
9.729999999999999760e-01
9.667000000000000037e-01
9.673000000000000487e-01
9.679999999999999716e-01
9.496999999999999886e-01
9.500999999999999446e-01
9.622000000000000552e-01
9.674000000000000377e-01
9.623000000000000442e-01
9.721999999999999531e-01
9.636000000000000121e-01
9.634000000000000341e-01
9.733000000000000540e-01
9.619999999999999662e-01
9.627000000000000002e-01
9.630999999999999561e-01
9.633000000000000451e-01
9.671999999999999487e-01
9.650999999999999579e-01
9.666000000000000147e-01
9.624000000000000332e-01
9.596000000000000085e-01
9.617999999999999883e-01
9.657000000000000028e-01
9.695000000000000284e-01
9.627999999999999892e-01
9.719999999999999751e-01
9.542000000000000481e-01
9.610999999999999543e-01
9.724000000000000421e-01
9.730999999999999650e-01
9.701999999999999513e-01
9.639999999999999680e-01
9.735000000000000320e-01
9.533000000000000362e-01
9.556000000000000050e-01
9.670999999999999597e-01
9.647999999999999909e-01
9.665000000000000258e-01
9.700999999999999623e-01
9.744000000000000439e-01
9.752999999999999448e-01
9.781999999999999584e-01
9.812999999999999501e-01
9.787000000000000144e-01
9.838999999999999968e-01
9.902999999999999581e-01
9.798000000000000043e-01
9.736000000000000210e-01
9.771999999999999575e-01
9.771999999999999575e-01
9.772999999999999465e-01
9.774000000000000465e-01
9.646000000000000130e-01
9.522000000000000464e-01
9.684000000000000385e-01
9.438999999999999613e-01
9.637999999999999901e-01
9.649999999999999689e-01
9.799999999999999822e-01
9.654000000000000359e-01
9.626000000000000112e-01
9.688999999999999835e-01
9.627000000000000002e-01
9.657999999999999918e-01
9.656000000000000139e-01
9.637999999999999901e-01
9.636000000000000121e-01
9.713000000000000522e-01
9.735000000000000320e-01
9.754000000000000448e-01
9.792999999999999483e-01
9.790999999999999703e-01
9.836000000000000298e-01
9.715000000000000302e-01
9.680999999999999606e-01
9.636000000000000121e-01
9.626000000000000112e-01
9.544000000000000261e-01
9.322000000000000286e-01
9.290000000000000480e-01
8.972999999999999865e-01
9.120000000000000329e-01
9.197999999999999510e-01
9.143000000000000016e-01
8.993999999999999773e-01
9.182000000000000162e-01
9.271000000000000352e-01
9.247999999999999554e-01
9.318999999999999506e-01
9.220000000000000417e-01
9.170000000000000373e-01
9.152000000000000135e-01
9.180000000000000382e-01
9.055999999999999606e-01
8.554000000000000492e-01
8.649999999999999911e-01
8.987000000000000544e-01
9.046999999999999487e-01
9.166999999999999593e-01
9.093999999999999861e-01
9.261000000000000343e-01
9.334000000000000075e-01
9.532000000000000473e-01
9.427999999999999714e-01
9.434000000000000163e-01
9.444000000000000172e-01
9.486999999999999877e-01
9.556000000000000050e-01
9.556999999999999940e-01
9.516000000000000014e-01
9.341000000000000414e-01
9.272000000000000242e-01
9.196999999999999620e-01
9.207999999999999519e-01
9.170000000000000373e-01
9.226999999999999647e-01
9.149000000000000465e-01
8.922999999999999821e-01
8.933999999999999719e-01
9.378999999999999559e-01
9.271000000000000352e-01
9.530999999999999472e-01
9.507999999999999785e-01
9.510999999999999455e-01
9.643000000000000460e-01
9.669999999999999707e-01
9.628999999999999782e-01
9.606000000000000094e-01
9.533000000000000362e-01
9.459999999999999520e-01
9.570999999999999508e-01
9.542000000000000481e-01
9.588999999999999746e-01
9.615000000000000213e-01
9.576000000000000068e-01
9.584000000000000297e-01
9.681999999999999496e-01
9.723000000000000531e-01
9.811999999999999611e-01
9.705000000000000293e-01
9.829999999999999849e-01
9.798000000000000043e-01
9.754000000000000448e-01
9.775000000000000355e-01
9.746000000000000218e-01
9.755000000000000338e-01
9.709999999999999742e-01
9.737000000000000099e-01
9.756000000000000227e-01
9.717000000000000082e-01
9.775000000000000355e-01
9.680999999999999606e-01
9.748999999999999888e-01
9.726000000000000201e-01
9.726000000000000201e-01
9.798999999999999932e-01
9.748999999999999888e-01
9.691999999999999504e-01
9.695000000000000284e-01
9.598999999999999755e-01
9.606000000000000094e-01
9.546000000000000041e-01
9.627999999999999892e-01
9.697999999999999954e-01
9.619999999999999662e-01
9.724000000000000421e-01
9.661999999999999478e-01
9.637000000000000011e-01
9.538999999999999702e-01
9.616999999999999993e-01
9.476999999999999869e-01
9.483000000000000318e-01
9.280000000000000471e-01
9.207999999999999519e-01
9.363000000000000211e-01
9.104999999999999760e-01
8.961999999999999966e-01
8.711999999999999744e-01
8.496000000000000218e-01
8.033000000000000140e-01
7.469999999999999973e-01
7.117999999999999883e-01
6.635999999999999677e-01
6.578000000000000513e-01
6.540000000000000258e-01
6.512999999999999901e-01
6.586999999999999522e-01
7.292999999999999483e-01
7.698000000000000398e-01
8.345000000000000195e-01
8.408999999999999808e-01
8.528000000000000025e-01
8.943999999999999728e-01
8.725000000000000533e-01
9.202000000000000179e-01
9.038000000000000478e-01
9.187999999999999501e-01
9.515000000000000124e-01
9.631999999999999451e-01
9.575000000000000178e-01
9.713000000000000522e-01
9.606999999999999984e-01
9.670999999999999597e-01
9.696000000000000174e-01
9.619999999999999662e-01
9.728999999999999870e-01
9.630999999999999561e-01
9.645000000000000240e-01
9.717000000000000082e-01
9.761999999999999567e-01
9.900999999999999801e-01
9.922999999999999599e-01
9.868999999999999995e-01
9.744000000000000439e-01
9.728999999999999870e-01
9.660999999999999588e-01
9.758999999999999897e-01
9.602000000000000535e-01
9.650999999999999579e-01
9.637000000000000011e-01
9.593000000000000416e-01
9.567999999999999838e-01
9.648999999999999799e-01
9.647000000000000020e-01
9.518999999999999684e-01
9.707999999999999963e-01
9.506999999999999895e-01
9.418999999999999595e-01
9.367999999999999661e-01
9.102999999999999980e-01
8.800999999999999934e-01
8.366999999999999993e-01
7.980000000000000426e-01
7.657000000000000473e-01
7.297000000000000153e-01
7.113000000000000433e-01
6.948999999999999622e-01
6.929999999999999494e-01
6.815999999999999837e-01
6.733000000000000096e-01
7.036000000000000032e-01
7.577000000000000401e-01
7.834999999999999742e-01
7.891000000000000236e-01
7.940000000000000391e-01
8.073000000000000176e-01
8.127999999999999670e-01
8.414000000000000368e-01
8.413000000000000478e-01
8.947000000000000508e-01
9.084999999999999742e-01
9.194999999999999840e-01
9.517999999999999794e-01
9.707000000000000073e-01
9.715000000000000302e-01
9.725000000000000311e-01
9.788000000000000034e-01
9.798000000000000043e-01
9.889999999999999902e-01
9.790999999999999703e-01
9.791999999999999593e-01
9.699999999999999734e-01
9.670999999999999597e-01
9.612000000000000544e-01
9.535000000000000142e-01
9.570999999999999508e-01
9.556000000000000050e-01
9.559999999999999609e-01
9.499999999999999556e-01
9.391000000000000458e-01
9.328999999999999515e-01
9.308999999999999497e-01
9.478999999999999648e-01
8.742999999999999661e-01
8.045999999999999819e-01
