9.078000000000000513e-01
9.187999999999999501e-01
8.719999999999999973e-01
8.094000000000000083e-01
7.718000000000000416e-01
7.358999999999999986e-01
7.030999999999999472e-01
6.892000000000000348e-01
6.546999999999999487e-01
6.131999999999999673e-01
5.766999999999999904e-01
5.452000000000000179e-01
5.493000000000000105e-01
5.445999999999999730e-01
5.583000000000000185e-01
5.352000000000000091e-01
5.259000000000000341e-01
5.293999999999999817e-01
5.567999999999999616e-01
5.677999999999999714e-01
5.927000000000000046e-01
6.448000000000000398e-01
7.019999999999999574e-01
7.613999999999999657e-01
7.839000000000000412e-01
8.313000000000000389e-01
8.152000000000000357e-01
8.229999999999999538e-01
8.300999999999999490e-01
8.246999999999999886e-01
8.286999999999999922e-01
8.324000000000000288e-01
8.604000000000000536e-01
8.497000000000000108e-01
8.509999999999999787e-01
8.457000000000000073e-01
7.984999999999999876e-01
7.886999999999999567e-01
7.778000000000000469e-01
7.572999999999999732e-01
7.728000000000000425e-01
7.510000000000000009e-01
7.223000000000000531e-01
6.988999999999999657e-01
6.947999999999999732e-01
6.744999999999999885e-01
6.683999999999999941e-01
6.350000000000000089e-01
6.115000000000000435e-01
5.937000000000000055e-01
5.695999999999999952e-01
5.308000000000000496e-01
4.848000000000000087e-01
4.423000000000000265e-01
4.149999999999999800e-01
3.814000000000000168e-01
3.459999999999999742e-01
3.239000000000000212e-01
2.993000000000000105e-01
2.797999999999999932e-01
2.720000000000000195e-01
2.356999999999999929e-01
2.104999999999999927e-01
1.970999999999999974e-01
1.907999999999999974e-01
1.845999999999999863e-01
1.935000000000000053e-01
1.665000000000000091e-01
1.661999999999999866e-01
1.590000000000000024e-01
1.418999999999999984e-01
1.246000000000000024e-01
1.086000000000000021e-01
1.004000000000000031e-01
9.990000000000000269e-02
1.060999999999999999e-01
1.014000000000000040e-01
1.330000000000000071e-01
1.754999999999999893e-01
1.852000000000000035e-01
2.114999999999999936e-01
2.290999999999999981e-01
2.348999999999999977e-01
2.697999999999999843e-01
2.854999999999999760e-01
2.705000000000000182e-01
2.576999999999999846e-01
2.338000000000000078e-01
1.822000000000000008e-01
1.406000000000000028e-01
1.006999999999999978e-01
9.529999999999999583e-02
6.130000000000000032e-02
6.410000000000000420e-02
8.110000000000000542e-02
5.519999999999999907e-02
6.219999999999999835e-02
7.280000000000000360e-02
7.320000000000000118e-02
7.299999999999999545e-02
7.580000000000000626e-02
7.779999999999999416e-02
8.110000000000000542e-02
1.003000000000000003e-01
1.180999999999999966e-01
1.570999999999999897e-01
1.842000000000000026e-01
2.139000000000000068e-01
2.872000000000000108e-01
3.175999999999999934e-01
3.204000000000000181e-01
2.703999999999999737e-01
2.356000000000000039e-01
2.144000000000000072e-01
2.079000000000000015e-01
1.985999999999999988e-01
2.025000000000000133e-01
2.073000000000000120e-01
2.290000000000000091e-01
2.555999999999999939e-01
2.544000000000000150e-01
2.691999999999999948e-01
2.671999999999999931e-01
3.190000000000000058e-01
3.630999999999999783e-01
3.891000000000000014e-01
4.647000000000000020e-01
5.139000000000000234e-01
5.406999999999999584e-01
5.889999999999999680e-01
6.989999999999999547e-01
7.548000000000000265e-01
8.050000000000000488e-01
8.789000000000000146e-01
9.153000000000000025e-01
9.300000000000000488e-01
9.323000000000000176e-01
9.399999999999999467e-01
9.505000000000000115e-01
9.474000000000000199e-01
9.355999999999999872e-01
9.317999999999999616e-01
9.427999999999999714e-01
9.415999999999999925e-01
9.384000000000000119e-01
9.540999999999999481e-01
9.627999999999999892e-01
9.613000000000000433e-01
9.671999999999999487e-01
9.631999999999999451e-01
9.671999999999999487e-01
9.713000000000000522e-01
9.784000000000000474e-01
9.876000000000000334e-01
9.852999999999999536e-01
1.000000000000000000e+00
9.913999999999999480e-01
9.977000000000000313e-01
9.946000000000000396e-01
9.925000000000000488e-01
9.899999999999999911e-01
9.881999999999999673e-01
9.855000000000000426e-01
9.817000000000000171e-01
9.627000000000000002e-01
9.616000000000000103e-01
9.567999999999999838e-01
9.487999999999999767e-01
9.332000000000000295e-01
9.191000000000000281e-01
9.043999999999999817e-01
8.955999999999999517e-01
8.991999999999999993e-01
8.935999999999999499e-01
9.078000000000000513e-01
9.070000000000000284e-01
9.173000000000000043e-01
9.163000000000000034e-01
9.165999999999999703e-01
9.306999999999999718e-01
9.337999999999999634e-01
9.303000000000000158e-01
9.271000000000000352e-01
9.253000000000000114e-01
9.253000000000000114e-01
9.412000000000000366e-01
9.392000000000000348e-01
9.265999999999999792e-01
9.363000000000000211e-01
9.405999999999999917e-01
9.252000000000000224e-01
9.220000000000000417e-01
9.382000000000000339e-01
9.397999999999999687e-01
9.314999999999999947e-01
9.362000000000000322e-01
9.513000000000000345e-01
9.419999999999999485e-01
9.474000000000000199e-01
9.530999999999999472e-01
9.504000000000000226e-01
9.623000000000000442e-01
9.424000000000000155e-01
9.343000000000000194e-01
9.213000000000000078e-01
9.254999999999999893e-01
9.370000000000000551e-01
9.426999999999999824e-01
9.290000000000000480e-01
9.163999999999999924e-01
9.110000000000000320e-01
8.897000000000000464e-01
8.846000000000000529e-01
8.735000000000000542e-01
8.847000000000000419e-01
8.689999999999999947e-01
8.919000000000000261e-01
8.588999999999999968e-01
8.750999999999999890e-01
8.859000000000000208e-01
9.081000000000000183e-01
9.109000000000000430e-01
8.959000000000000297e-01
8.971999999999999975e-01
8.949000000000000288e-01
8.872999999999999776e-01
8.840999999999999970e-01
8.640999999999999792e-01
8.423000000000000487e-01
8.272000000000000464e-01
8.229999999999999538e-01
7.911000000000000254e-01
8.036999999999999700e-01
7.923000000000000043e-01
8.133000000000000229e-01
8.166999999999999815e-01
8.033000000000000140e-01
7.959000000000000519e-01
8.217999999999999750e-01
8.336999999999999966e-01
8.451999999999999513e-01
8.407999999999999918e-01
8.253000000000000336e-01
8.112000000000000322e-01
8.146999999999999797e-01
8.265000000000000124e-01
8.328999999999999737e-01
8.267999999999999794e-01
8.092000000000000304e-01
8.021000000000000352e-01
8.173000000000000265e-01
7.993999999999999995e-01
7.929000000000000492e-01
7.902000000000000135e-01
7.681000000000000050e-01
7.482999999999999652e-01
7.240999999999999659e-01
7.168999999999999817e-01
6.598000000000000531e-01
6.814000000000000057e-01
6.545999999999999597e-01
6.669000000000000483e-01
6.798999999999999488e-01
6.991000000000000547e-01
7.399000000000000021e-01
7.228999999999999870e-01
7.467000000000000304e-01
7.526000000000000467e-01
7.503999999999999559e-01
7.437000000000000277e-01
7.325000000000000400e-01
7.154000000000000359e-01
7.043000000000000371e-01
6.844000000000000083e-01
6.488000000000000433e-01
6.297000000000000375e-01
6.163999999999999480e-01
6.159000000000000030e-01
5.968999999999999861e-01
5.865000000000000213e-01
5.920999999999999597e-01
5.887000000000000011e-01
5.980999999999999650e-01
6.028000000000000025e-01
5.703000000000000291e-01
5.332000000000000073e-01
5.318000000000000504e-01
5.174999999999999600e-01
4.793999999999999928e-01
4.321999999999999731e-01
4.183999999999999941e-01
3.829000000000000181e-01
3.620999999999999774e-01
3.785999999999999921e-01
3.496000000000000218e-01
3.643000000000000127e-01
3.780999999999999917e-01
3.771999999999999797e-01
3.598000000000000087e-01
3.674000000000000044e-01
3.096999999999999753e-01
2.913000000000000034e-01
2.701000000000000068e-01
2.482999999999999929e-01
2.247999999999999998e-01
2.049999999999999878e-01
1.842999999999999916e-01
1.565999999999999892e-01
1.303999999999999881e-01
1.323999999999999899e-01
1.307000000000000106e-01
1.350999999999999979e-01
1.373000000000000054e-01
1.418999999999999984e-01
1.821000000000000119e-01
2.182999999999999940e-01
2.386999999999999955e-01
2.535000000000000031e-01
2.726999999999999980e-01
2.686000000000000054e-01
3.135000000000000009e-01
3.341999999999999971e-01
3.370000000000000218e-01
3.633000000000000118e-01
3.824000000000000177e-01
4.198000000000000065e-01
4.593999999999999750e-01
4.804999999999999827e-01
4.889999999999999902e-01
4.828999999999999959e-01
4.618999999999999773e-01
4.319000000000000061e-01
4.092999999999999972e-01
3.946000000000000063e-01
3.553000000000000047e-01
3.265000000000000124e-01
3.060999999999999832e-01
2.889999999999999791e-01
2.700000000000000178e-01
2.585000000000000075e-01
2.565000000000000058e-01
2.353999999999999981e-01
2.283999999999999919e-01
2.089000000000000024e-01
2.243999999999999884e-01
2.526999999999999802e-01
2.439000000000000057e-01
2.550000000000000044e-01
2.833999999999999853e-01
2.652999999999999803e-01
2.446000000000000119e-01
2.586999999999999855e-01
2.331000000000000016e-01
2.068000000000000116e-01
1.844999999999999973e-01
1.370000000000000107e-01
1.111000000000000043e-01
9.439999999999999780e-02
8.550000000000000655e-02
7.979999999999999594e-02
9.130000000000000615e-02
1.050999999999999990e-01
1.209999999999999964e-01
1.660999999999999976e-01
1.812999999999999889e-01
2.020000000000000129e-01
2.401999999999999968e-01
2.511999999999999789e-01
2.767999999999999905e-01
2.985999999999999766e-01
2.659000000000000252e-01
2.316999999999999893e-01
1.955000000000000071e-01
1.557000000000000051e-01
1.340999999999999970e-01
1.116999999999999937e-01
9.329999999999999405e-02
7.879999999999999505e-02
6.660000000000000642e-02
5.739999999999999963e-02
5.530000000000000193e-02
4.150000000000000216e-02
3.849999999999999950e-02
6.270000000000000573e-02
7.230000000000000315e-02
8.899999999999999578e-02
8.989999999999999380e-02
8.519999999999999796e-02
7.660000000000000142e-02
6.130000000000000032e-02
4.800000000000000100e-02
5.269999999999999685e-02
4.760000000000000342e-02
4.730000000000000177e-02
4.939999999999999947e-02
6.779999999999999916e-02
6.900000000000000577e-02
7.720000000000000473e-02
6.550000000000000266e-02
6.859999999999999432e-02
7.599999999999999811e-02
9.089999999999999469e-02
1.111999999999999933e-01
1.343000000000000027e-01
1.600999999999999923e-01
2.079999999999999905e-01
2.358999999999999986e-01
2.836000000000000187e-01
2.998999999999999999e-01
