8.405000000000000249e-01
9.115999999999999659e-01
8.985999999999999543e-01
8.811999999999999833e-01
8.804999999999999494e-01
8.844999999999999529e-01
8.816000000000000503e-01
8.762999999999999678e-01
8.735000000000000542e-01
8.780000000000000027e-01
8.828000000000000291e-01
8.719000000000000083e-01
8.497999999999999998e-01
8.121000000000000441e-01
7.733999999999999764e-01
7.625999999999999446e-01
7.487000000000000322e-01
7.596000000000000529e-01
7.785999999999999588e-01
7.495000000000000551e-01
7.703999999999999737e-01
7.842999999999999972e-01
7.989000000000000545e-01
8.104999999999999982e-01
7.985999999999999766e-01
7.785999999999999588e-01
7.856999999999999540e-01
7.792999999999999927e-01
7.802999999999999936e-01
7.913999999999999924e-01
7.855999999999999650e-01
7.738000000000000433e-01
7.697000000000000508e-01
7.577000000000000401e-01
7.859000000000000430e-01
7.909000000000000474e-01
7.995999999999999774e-01
8.283000000000000362e-01
8.655000000000000471e-01
8.679000000000000048e-01
8.602999999999999536e-01
8.939000000000000279e-01
8.909000000000000252e-01
8.872999999999999776e-01
8.955999999999999517e-01
8.893999999999999684e-01
8.920000000000000151e-01
8.971999999999999975e-01
8.957000000000000517e-01
8.858000000000000318e-01
8.878000000000000336e-01
8.959000000000000297e-01
8.794999999999999485e-01
8.773999999999999577e-01
8.756000000000000449e-01
8.887000000000000455e-01
8.833999999999999631e-01
8.899000000000000243e-01
8.955999999999999517e-01
8.879000000000000226e-01
8.854999999999999538e-01
9.032000000000000028e-01
9.024999999999999689e-01
8.990000000000000213e-01
9.123999999999999888e-01
9.009000000000000341e-01
9.105999999999999650e-01
9.054999999999999716e-01
9.106999999999999540e-01
9.058000000000000496e-01
9.133000000000000007e-01
9.110000000000000320e-01
9.135999999999999677e-01
9.133000000000000007e-01
9.130000000000000338e-01
9.304999999999999938e-01
9.229000000000000536e-01
9.302000000000000268e-01
9.257999999999999563e-01
9.264999999999999902e-01
9.256999999999999673e-01
9.332000000000000295e-01
9.202000000000000179e-01
9.251000000000000334e-01
8.939000000000000279e-01
8.878000000000000336e-01
8.884999999999999565e-01
8.939000000000000279e-01
8.982999999999999874e-01
9.104999999999999760e-01
8.952999999999999847e-01
8.980000000000000204e-01
8.881999999999999895e-01
8.927000000000000490e-01
9.022000000000000020e-01
8.895999999999999464e-01
8.837000000000000410e-01
8.676000000000000378e-01
8.766000000000000458e-01
8.616000000000000325e-01
8.524000000000000465e-01
8.504000000000000448e-01
8.443000000000000504e-01
8.235000000000000098e-01
8.391999999999999460e-01
8.480999999999999650e-01
8.618000000000000105e-01
8.681999999999999718e-01
8.843999999999999639e-01
9.114999999999999769e-01
9.243999999999999995e-01
9.300000000000000488e-01
9.378999999999999559e-01
9.383000000000000229e-01
9.425000000000000044e-01
9.455000000000000071e-01
9.498999999999999666e-01
9.417999999999999705e-01
9.492000000000000437e-01
9.419999999999999485e-01
9.496999999999999886e-01
9.432000000000000384e-01
9.407999999999999696e-01
9.543000000000000371e-01
9.379999999999999449e-01
9.559999999999999609e-01
9.243000000000000105e-01
9.424000000000000155e-01
9.191000000000000281e-01
9.344000000000000083e-01
9.266999999999999682e-01
9.374000000000000110e-01
9.163999999999999924e-01
9.328999999999999515e-01
9.225999999999999757e-01
9.227999999999999536e-01
9.246999999999999664e-01
9.318999999999999506e-01
9.055999999999999606e-01
9.212000000000000188e-01
9.196999999999999620e-01
9.204999999999999849e-01
9.211000000000000298e-01
9.239000000000000545e-01
9.303000000000000158e-01
9.136999999999999567e-01
9.293000000000000149e-01
9.242000000000000215e-01
9.233999999999999986e-01
9.131000000000000227e-01
9.281000000000000361e-01
9.099000000000000421e-01
9.082000000000000073e-01
9.247999999999999554e-01
9.072000000000000064e-01
9.100000000000000311e-01
8.950000000000000178e-01
8.895999999999999464e-01
9.203000000000000069e-01
9.100000000000000311e-01
9.130000000000000338e-01
9.090000000000000302e-01
9.110000000000000320e-01
9.114999999999999769e-01
9.051000000000000156e-01
8.899000000000000243e-01
8.787000000000000366e-01
8.595000000000000417e-01
8.599999999999999867e-01
8.550999999999999712e-01
8.396000000000000130e-01
8.651999999999999691e-01
8.804999999999999494e-01
8.931999999999999940e-01
8.878000000000000336e-01
8.888000000000000345e-01
8.947000000000000508e-01
9.025999999999999579e-01
9.022999999999999909e-01
9.042000000000000037e-01
9.170000000000000373e-01
9.330000000000000515e-01
9.487999999999999767e-01
9.347999999999999643e-01
9.133000000000000007e-01
9.247999999999999554e-01
9.187999999999999501e-01
8.891999999999999904e-01
8.838000000000000300e-01
8.628000000000000114e-01
8.522999999999999465e-01
8.501999999999999558e-01
8.282000000000000473e-01
8.182000000000000384e-01
8.243000000000000327e-01
8.389999999999999680e-01
8.469999999999999751e-01
8.377000000000000002e-01
8.425000000000000266e-01
8.595000000000000417e-01
8.685000000000000497e-01
8.799000000000000155e-01
8.850999999999999979e-01
8.716000000000000414e-01
8.866000000000000547e-01
8.754999999999999449e-01
8.707000000000000295e-01
8.632999999999999563e-01
8.545000000000000373e-01
8.435000000000000275e-01
8.165999999999999925e-01
7.949000000000000510e-01
7.701000000000000068e-01
7.619000000000000217e-01
7.179999999999999716e-01
6.543999999999999817e-01
5.931999999999999496e-01
5.380000000000000338e-01
4.914999999999999925e-01
5.066000000000000503e-01
5.079000000000000181e-01
5.159000000000000252e-01
5.228000000000000425e-01
5.117000000000000437e-01
4.733999999999999875e-01
4.335999999999999854e-01
3.934000000000000274e-01
3.592000000000000193e-01
3.143000000000000238e-01
2.698999999999999733e-01
2.414999999999999925e-01
2.164000000000000090e-01
2.051000000000000045e-01
1.839999999999999969e-01
1.615000000000000047e-01
1.549999999999999989e-01
1.537999999999999923e-01
1.295000000000000040e-01
1.219999999999999973e-01
1.106000000000000039e-01
1.053999999999999937e-01
8.279999999999999860e-02
7.370000000000000162e-02
6.169999999999999790e-02
6.450000000000000178e-02
8.060000000000000497e-02
8.949999999999999623e-02
8.340000000000000191e-02
1.072000000000000036e-01
1.087000000000000050e-01
1.034999999999999948e-01
1.067000000000000032e-01
8.870000000000000107e-02
7.570000000000000340e-02
6.660000000000000642e-02
3.910000000000000281e-02
3.989999999999999797e-02
3.189999999999999780e-02
8.899999999999999925e-03
0.000000000000000000e+00
0.000000000000000000e+00
0.000000000000000000e+00
0.000000000000000000e+00
0.000000000000000000e+00
0.000000000000000000e+00
0.000000000000000000e+00
0.000000000000000000e+00
1.299999999999999940e-03
2.659999999999999865e-02
3.479999999999999760e-02
6.759999999999999343e-02
7.870000000000000606e-02
8.279999999999999860e-02
7.199999999999999456e-02
4.410000000000000031e-02
3.599999999999999728e-02
4.189999999999999974e-02
2.040000000000000147e-02
1.629999999999999852e-02
4.300000000000000003e-03
3.599999999999999901e-03
0.000000000000000000e+00
0.000000000000000000e+00
0.000000000000000000e+00
3.399999999999999811e-03
2.069999999999999965e-02
3.150000000000000022e-02
6.090000000000000274e-02
6.819999999999999674e-02
5.970000000000000306e-02
7.190000000000000557e-02
6.819999999999999674e-02
8.630000000000000171e-02
7.570000000000000340e-02
7.570000000000000340e-02
8.179999999999999771e-02
9.320000000000000506e-02
8.250000000000000389e-02
8.790000000000000591e-02
7.199999999999999456e-02
5.659999999999999754e-02
5.729999999999999677e-02
4.859999999999999737e-02
4.460000000000000075e-02
3.930000000000000160e-02
3.540000000000000091e-02
4.549999999999999878e-02
3.980000000000000204e-02
2.469999999999999973e-02
2.380000000000000171e-02
5.599999999999999943e-03
3.000000000000000062e-03
0.000000000000000000e+00
9.199999999999999845e-03
0.000000000000000000e+00
0.000000000000000000e+00
1.389999999999999916e-02
9.400000000000000369e-03
2.270000000000000143e-02
3.570000000000000256e-02
4.039999999999999841e-02
5.600000000000000117e-02
6.379999999999999560e-02
8.909999999999999865e-02
1.160000000000000059e-01
2.006000000000000005e-01
2.444000000000000061e-01
3.104000000000000092e-01
3.534999999999999809e-01
3.950000000000000178e-01
4.863999999999999990e-01
5.499000000000000554e-01
5.946000000000000174e-01
6.168000000000000149e-01
6.591000000000000192e-01
6.916999999999999815e-01
7.245000000000000329e-01
7.599000000000000199e-01
7.641999999999999904e-01
7.717000000000000526e-01
8.154000000000000137e-01
8.592999999999999527e-01
8.851999999999999869e-01
9.000000000000000222e-01
9.215999999999999748e-01
9.164999999999999813e-01
9.111000000000000210e-01
8.922999999999999821e-01
8.703999999999999515e-01
8.434000000000000385e-01
7.453999999999999515e-01
