8.978000000000000425e-01
8.871999999999999886e-01
8.501999999999999558e-01
8.373000000000000442e-01
8.359999999999999654e-01
8.390999999999999570e-01
8.429999999999999716e-01
8.465000000000000302e-01
8.437000000000000055e-01
8.376000000000000112e-01
8.494000000000000439e-01
8.425000000000000266e-01
8.497999999999999998e-01
8.675000000000000488e-01
8.649000000000000021e-01
8.938000000000000389e-01
9.095999999999999641e-01
9.088000000000000522e-01
9.091000000000000192e-01
9.127999999999999448e-01
9.089000000000000412e-01
9.034999999999999698e-01
9.019000000000000350e-01
8.973999999999999755e-01
8.941000000000000059e-01
9.053999999999999826e-01
8.944999999999999618e-01
8.901000000000000023e-01
8.793999999999999595e-01
8.874999999999999556e-01
8.762999999999999678e-01
8.792999999999999705e-01
8.746000000000000441e-01
8.608999999999999986e-01
8.576000000000000290e-01
8.524000000000000465e-01
8.544000000000000483e-01
8.528999999999999915e-01
8.378999999999999782e-01
8.194000000000000172e-01
8.046999999999999709e-01
7.942000000000000171e-01
7.865999999999999659e-01
7.931000000000000272e-01
7.871000000000000218e-01
8.052000000000000268e-01
8.057999999999999607e-01
7.980000000000000426e-01
8.156999999999999806e-01
7.970000000000000417e-01
7.849000000000000421e-01
7.966999999999999638e-01
7.910000000000000364e-01
7.785999999999999588e-01
7.953000000000000069e-01
7.824999999999999734e-01
7.880000000000000338e-01
7.999000000000000554e-01
7.791000000000000147e-01
8.172000000000000375e-01
8.275000000000000133e-01
8.378999999999999782e-01
8.431999999999999496e-01
8.437000000000000055e-01
8.501999999999999558e-01
8.481999999999999540e-01
8.384000000000000341e-01
8.112000000000000322e-01
8.310999999999999499e-01
8.275000000000000133e-01
8.063000000000000167e-01
8.129999999999999449e-01
7.883000000000000007e-01
8.255000000000000115e-01
8.370999999999999552e-01
8.420999999999999597e-01
8.504000000000000448e-01
8.504000000000000448e-01
8.414000000000000368e-01
8.465000000000000302e-01
8.336999999999999966e-01
8.671999999999999709e-01
8.757000000000000339e-01
8.829000000000000181e-01
8.787000000000000366e-01
8.920000000000000151e-01
8.919000000000000261e-01
8.933999999999999719e-01
9.018000000000000460e-01
9.008000000000000451e-01
9.066999999999999504e-01
8.970000000000000195e-01
8.881999999999999895e-01
8.928000000000000380e-01
8.939000000000000279e-01
9.029000000000000359e-01
9.073999999999999844e-01
9.031000000000000139e-01
9.143999999999999906e-01
9.212000000000000188e-01
9.166999999999999593e-01
9.216999999999999638e-01
9.133999999999999897e-01
9.157999999999999474e-01
9.215999999999999748e-01
9.273000000000000131e-01
9.157999999999999474e-01
9.120000000000000329e-01
8.917000000000000481e-01
8.759000000000000119e-01
9.214999999999999858e-01
9.206999999999999629e-01
9.177999999999999492e-01
9.013999999999999790e-01
8.951000000000000068e-01
8.943999999999999728e-01
8.993999999999999773e-01
9.092999999999999972e-01
8.970000000000000195e-01
8.574000000000000510e-01
8.849000000000000199e-01
8.931000000000000050e-01
8.914999999999999591e-01
8.868000000000000327e-01
8.923999999999999710e-01
8.796000000000000485e-01
8.659999999999999920e-01
8.396000000000000130e-01
8.419999999999999707e-01
8.588999999999999968e-01
8.618000000000000105e-01
8.824999999999999512e-01
8.890000000000000124e-01
8.863999999999999657e-01
8.931999999999999940e-01
9.075999999999999623e-01
8.878000000000000336e-01
8.866000000000000547e-01
8.970000000000000195e-01
9.002999999999999892e-01
8.776000000000000467e-01
8.851999999999999869e-01
8.963999999999999746e-01
9.112999999999999989e-01
9.169000000000000483e-01
9.232000000000000206e-01
9.161000000000000254e-01
9.096999999999999531e-01
9.278999999999999471e-01
9.473000000000000309e-01
9.313000000000000167e-01
9.465000000000000080e-01
9.357999999999999652e-01
9.336999999999999744e-01
9.231000000000000316e-01
9.205999999999999739e-01
9.415999999999999925e-01
9.588999999999999746e-01
9.527999999999999803e-01
9.556999999999999940e-01
9.524000000000000243e-01
9.445999999999999952e-01
9.366999999999999771e-01
9.092000000000000082e-01
9.102999999999999980e-01
9.404000000000000137e-01
9.301000000000000378e-01
9.330000000000000515e-01
9.381000000000000449e-01
9.488999999999999657e-01
9.395000000000000018e-01
9.364000000000000101e-01
9.351000000000000423e-01
9.291000000000000369e-01
9.194999999999999840e-01
9.456999999999999851e-01
9.199000000000000510e-01
9.083999999999999853e-01
8.994999999999999662e-01
9.063999999999999835e-01
9.163999999999999924e-01
9.183000000000000052e-01
9.101000000000000201e-01
9.110000000000000320e-01
9.126999999999999558e-01
9.032999999999999918e-01
9.112999999999999989e-01
9.145999999999999686e-01
9.125999999999999668e-01
9.065999999999999615e-01
9.122999999999999998e-01
9.268999999999999462e-01
9.231000000000000316e-01
9.261000000000000343e-01
9.334000000000000075e-01
9.327999999999999625e-01
9.225999999999999757e-01
9.298999999999999488e-01
9.165999999999999703e-01
9.060000000000000275e-01
8.911000000000000032e-01
8.909000000000000252e-01
8.516000000000000236e-01
8.495000000000000329e-01
8.367999999999999883e-01
8.305000000000000160e-01
8.373000000000000442e-01
8.373000000000000442e-01
8.384000000000000341e-01
8.209999999999999520e-01
8.319999999999999618e-01
8.134000000000000119e-01
8.098999999999999533e-01
7.943999999999999950e-01
7.929000000000000492e-01
7.791000000000000147e-01
7.850000000000000311e-01
7.943999999999999950e-01
8.014000000000000012e-01
8.001000000000000334e-01
7.983000000000000096e-01
8.114999999999999991e-01
8.098999999999999533e-01
8.072000000000000286e-01
8.068999999999999506e-01
8.030000000000000471e-01
7.812000000000000055e-01
7.657000000000000473e-01
7.608000000000000318e-01
7.557000000000000384e-01
7.802000000000000046e-01
7.985999999999999766e-01
7.996999999999999664e-01
7.851000000000000201e-01
7.486000000000000432e-01
6.886999999999999789e-01
6.225000000000000533e-01
5.762000000000000455e-01
5.432000000000000162e-01
5.240000000000000213e-01
4.879000000000000004e-01
4.665000000000000258e-01
4.514000000000000234e-01
4.529000000000000248e-01
4.441999999999999837e-01
4.179999999999999827e-01
3.956999999999999962e-01
3.633000000000000118e-01
3.472999999999999976e-01
3.140000000000000013e-01
2.762000000000000011e-01
2.474000000000000088e-01
2.170999999999999874e-01
2.116999999999999993e-01
1.890999999999999903e-01
1.618999999999999884e-01
1.502000000000000002e-01
1.297000000000000097e-01
1.117999999999999966e-01
9.400000000000000022e-02
8.799999999999999489e-02
6.519999999999999407e-02
6.169999999999999790e-02
6.419999999999999318e-02
5.559999999999999665e-02
7.679999999999999327e-02
7.349999999999999589e-02
6.119999999999999746e-02
7.019999999999999851e-02
6.600000000000000311e-02
5.120000000000000245e-02
5.859999999999999931e-02
6.140000000000000319e-02
4.769999999999999934e-02
5.310000000000000137e-02
5.070000000000000201e-02
5.489999999999999741e-02
4.819999999999999979e-02
5.870000000000000218e-02
6.329999999999999516e-02
5.979999999999999899e-02
4.839999999999999858e-02
5.659999999999999754e-02
4.019999999999999962e-02
2.779999999999999832e-02
4.710000000000000298e-02
6.769999999999999629e-02
7.370000000000000162e-02
9.819999999999999563e-02
1.499000000000000055e-01
1.960999999999999965e-01
2.331000000000000016e-01
2.985999999999999766e-01
3.965000000000000191e-01
4.270999999999999797e-01
