9.071000000000000174e-01
9.203999999999999959e-01
9.115999999999999659e-01
8.929000000000000270e-01
9.090000000000000302e-01
8.912999999999999812e-01
9.065999999999999615e-01
9.071000000000000174e-01
9.090000000000000302e-01
9.065999999999999615e-01
9.005999999999999561e-01
9.069000000000000394e-01
9.069000000000000394e-01
9.052000000000000046e-01
9.066999999999999504e-01
8.901000000000000023e-01
8.763999999999999568e-01
8.699999999999999956e-01
8.736000000000000432e-01
8.661999999999999700e-01
8.636000000000000343e-01
8.490999999999999659e-01
8.415000000000000258e-01
8.347999999999999865e-01
8.489999999999999769e-01
8.718000000000000194e-01
8.820999999999999952e-01
8.801999999999999824e-01
8.758000000000000229e-01
8.887000000000000455e-01
8.847000000000000419e-01
8.934999999999999609e-01
8.841999999999999860e-01
8.780999999999999917e-01
8.699000000000000066e-01
8.769000000000000128e-01
8.867000000000000437e-01
9.133999999999999897e-01
9.011000000000000121e-01
9.112000000000000099e-01
9.211000000000000298e-01
9.122999999999999998e-01
9.161000000000000254e-01
9.166999999999999593e-01
9.074999999999999734e-01
9.050000000000000266e-01
9.061000000000000165e-01
9.334000000000000075e-01
9.277999999999999581e-01
9.247999999999999554e-01
9.153000000000000025e-01
9.236999999999999655e-01
9.383000000000000229e-01
9.164999999999999813e-01
9.224999999999999867e-01
9.234999999999999876e-01
9.234999999999999876e-01
9.183000000000000052e-01
9.268999999999999462e-01
9.350000000000000533e-01
9.304000000000000048e-01
9.281000000000000361e-01
9.242000000000000215e-01
9.328999999999999515e-01
9.227999999999999536e-01
9.358999999999999542e-01
9.079000000000000403e-01
9.222000000000000197e-01
9.231000000000000316e-01
9.333000000000000185e-01
9.277999999999999581e-01
9.230000000000000426e-01
9.064999999999999725e-01
9.001000000000000112e-01
8.792999999999999705e-01
8.798000000000000265e-01
8.981000000000000094e-01
9.089000000000000412e-01
9.083999999999999853e-01
9.036999999999999478e-01
8.961000000000000076e-01
8.877000000000000446e-01
8.824999999999999512e-01
8.965999999999999526e-01
9.088000000000000522e-01
9.129000000000000448e-01
8.962999999999999856e-01
8.911000000000000032e-01
8.703999999999999515e-01
8.609999999999999876e-01
8.776000000000000467e-01
8.954999999999999627e-01
8.940000000000000169e-01
9.048000000000000487e-01
9.285999999999999810e-01
9.092000000000000082e-01
8.831999999999999851e-01
9.108000000000000540e-01
8.633999999999999453e-01
8.651999999999999691e-01
8.756000000000000449e-01
8.852999999999999758e-01
8.998000000000000442e-01
8.955999999999999517e-01
9.002999999999999892e-01
9.112000000000000099e-01
8.988000000000000433e-01
8.884999999999999565e-01
9.038000000000000478e-01
8.911000000000000032e-01
8.545000000000000373e-01
9.133999999999999897e-01
8.891999999999999904e-01
8.925999999999999490e-01
8.838000000000000300e-01
8.776000000000000467e-01
8.524000000000000465e-01
8.839000000000000190e-01
8.605000000000000426e-01
9.143999999999999906e-01
8.989000000000000323e-01
9.073999999999999844e-01
9.171000000000000263e-01
9.245999999999999774e-01
9.271000000000000352e-01
9.182000000000000162e-01
9.062000000000000055e-01
9.230000000000000426e-01
9.127999999999999448e-01
8.928000000000000380e-01
9.277999999999999581e-01
9.093999999999999861e-01
9.343000000000000194e-01
9.539999999999999591e-01
9.465000000000000080e-01
9.473000000000000309e-01
9.455000000000000071e-01
9.425000000000000044e-01
9.176999999999999602e-01
9.292000000000000259e-01
9.362000000000000322e-01
9.316999999999999726e-01
9.573000000000000398e-01
9.507999999999999785e-01
9.504000000000000226e-01
9.409999999999999476e-01
9.344999999999999973e-01
9.508999999999999675e-01
9.701999999999999513e-01
9.495999999999999996e-01
9.504000000000000226e-01
9.510999999999999455e-01
9.341000000000000414e-01
9.336999999999999744e-01
9.372000000000000330e-01
9.404000000000000137e-01
9.250000000000000444e-01
9.382000000000000339e-01
9.419999999999999485e-01
9.532000000000000473e-01
9.437999999999999723e-01
9.395000000000000018e-01
9.347999999999999643e-01
9.429999999999999494e-01
9.486999999999999877e-01
9.183000000000000052e-01
9.170000000000000373e-01
9.263000000000000123e-01
8.964999999999999636e-01
8.945999999999999508e-01
9.065999999999999615e-01
9.039000000000000368e-01
8.958000000000000407e-01
8.901999999999999913e-01
9.126999999999999558e-01
9.264000000000000012e-01
9.321000000000000396e-01
9.424000000000000155e-01
9.316999999999999726e-01
9.106999999999999540e-01
8.901000000000000023e-01
9.068000000000000504e-01
9.114999999999999769e-01
9.355999999999999872e-01
9.226999999999999647e-01
9.220000000000000417e-01
9.251000000000000334e-01
9.122999999999999998e-01
9.223000000000000087e-01
9.129000000000000448e-01
8.921999999999999931e-01
8.790999999999999925e-01
8.987000000000000544e-01
9.084999999999999742e-01
9.080000000000000293e-01
8.942999999999999838e-01
8.844999999999999529e-01
8.860000000000000098e-01
8.970000000000000195e-01
8.993999999999999773e-01
9.049000000000000377e-01
8.821999999999999842e-01
8.529999999999999805e-01
9.025999999999999579e-01
8.971999999999999975e-01
8.904999999999999583e-01
8.756000000000000449e-01
8.726000000000000423e-01
8.904999999999999583e-01
9.061000000000000165e-01
9.213999999999999968e-01
9.042000000000000037e-01
9.130000000000000338e-01
9.039000000000000368e-01
8.999000000000000332e-01
9.080000000000000293e-01
9.171000000000000263e-01
9.139000000000000457e-01
9.141000000000000236e-01
9.203000000000000069e-01
9.205999999999999739e-01
9.086999999999999522e-01
9.083999999999999853e-01
9.105999999999999650e-01
9.044999999999999707e-01
9.050000000000000266e-01
8.895999999999999464e-01
8.923999999999999710e-01
8.971999999999999975e-01
9.091000000000000192e-01
8.971000000000000085e-01
8.949000000000000288e-01
8.970000000000000195e-01
8.791999999999999815e-01
8.749000000000000110e-01
8.457000000000000073e-01
8.102000000000000313e-01
7.892000000000000126e-01
7.724999999999999645e-01
7.113000000000000433e-01
7.106999999999999984e-01
6.997999999999999776e-01
6.871000000000000441e-01
6.596999999999999531e-01
6.429000000000000270e-01
6.239000000000000101e-01
6.169999999999999929e-01
5.994000000000000439e-01
5.673000000000000265e-01
5.353999999999999870e-01
4.895999999999999797e-01
4.462999999999999745e-01
4.138000000000000012e-01
3.830000000000000071e-01
3.382999999999999896e-01
2.752999999999999892e-01
2.645000000000000129e-01
2.252000000000000113e-01
1.792999999999999872e-01
1.633000000000000007e-01
1.418000000000000094e-01
1.381999999999999895e-01
1.203000000000000042e-01
1.262999999999999956e-01
1.092000000000000054e-01
1.285000000000000031e-01
1.189000000000000057e-01
1.032000000000000001e-01
8.870000000000000107e-02
7.389999999999999347e-02
6.840000000000000246e-02
6.130000000000000032e-02
5.739999999999999963e-02
6.869999999999999718e-02
8.450000000000000566e-02
1.131000000000000061e-01
1.340999999999999970e-01
1.497999999999999887e-01
1.391000000000000014e-01
1.222000000000000031e-01
1.117999999999999966e-01
9.160000000000000087e-02
7.589999999999999525e-02
5.759999999999999842e-02
6.279999999999999472e-02
5.380000000000000060e-02
6.379999999999999560e-02
6.710000000000000686e-02
5.809999999999999887e-02
6.610000000000000597e-02
6.850000000000000533e-02
7.979999999999999594e-02
9.120000000000000329e-02
9.400000000000000022e-02
1.016999999999999987e-01
1.171999999999999986e-01
1.218000000000000055e-01
1.391000000000000014e-01
1.562999999999999945e-01
1.900000000000000022e-01
2.180999999999999883e-01
2.525000000000000022e-01
2.898999999999999910e-01
3.145999999999999908e-01
3.812999999999999723e-01
4.062999999999999945e-01
4.006000000000000116e-01
4.431999999999999829e-01
4.540000000000000147e-01
4.833000000000000074e-01
5.023999999999999577e-01
5.109000000000000208e-01
5.209000000000000297e-01
5.714000000000000190e-01
6.062999999999999501e-01
6.114000000000000545e-01
5.400000000000000355e-01
