9.744000000000000439e-01
9.512000000000000455e-01
9.245999999999999774e-01
8.870000000000000107e-01
9.119000000000000439e-01
8.913999999999999702e-01
8.930000000000000160e-01
9.024999999999999689e-01
8.918000000000000371e-01
8.713999999999999524e-01
8.789000000000000146e-01
8.728000000000000203e-01
8.891999999999999904e-01
9.068000000000000504e-01
9.153000000000000025e-01
9.251000000000000334e-01
9.196999999999999620e-01
9.229000000000000536e-01
9.190000000000000391e-01
9.131000000000000227e-01
8.949000000000000288e-01
9.125999999999999668e-01
8.911000000000000032e-01
8.931999999999999940e-01
8.881999999999999895e-01
8.984999999999999654e-01
9.065999999999999615e-01
8.981999999999999984e-01
9.083999999999999853e-01
8.981000000000000094e-01
8.897000000000000464e-01
8.953999999999999737e-01
8.943999999999999728e-01
8.961999999999999966e-01
8.948000000000000398e-01
8.990000000000000213e-01
8.870999999999999996e-01
8.960000000000000187e-01
9.026999999999999469e-01
9.086999999999999522e-01
8.913999999999999702e-01
8.895999999999999464e-01
8.819000000000000172e-01
8.943999999999999728e-01
9.150000000000000355e-01
9.170000000000000373e-01
9.282000000000000250e-01
9.373000000000000220e-01
9.344999999999999973e-01
9.344999999999999973e-01
9.281000000000000361e-01
9.213999999999999968e-01
9.229000000000000536e-01
9.085999999999999632e-01
9.119000000000000439e-01
9.028000000000000469e-01
9.101000000000000201e-01
9.275999999999999801e-01
9.153000000000000025e-01
9.273000000000000131e-01
9.177999999999999492e-01
9.209000000000000519e-01
9.204999999999999849e-01
8.957000000000000517e-01
9.099000000000000421e-01
9.545000000000000151e-01
9.122999999999999998e-01
9.225999999999999757e-01
9.473000000000000309e-01
9.433000000000000274e-01
9.436999999999999833e-01
9.373000000000000220e-01
9.600999999999999535e-01
9.647999999999999909e-01
9.817000000000000171e-01
9.810999999999999721e-01
9.750999999999999668e-01
9.706000000000000183e-01
9.612000000000000544e-01
9.534000000000000252e-01
9.421000000000000485e-01
9.298999999999999488e-01
9.307999999999999607e-01
9.258999999999999453e-01
9.250000000000000444e-01
8.995999999999999552e-01
8.931999999999999940e-01
8.984999999999999654e-01
9.327999999999999625e-01
9.112000000000000099e-01
9.184999999999999831e-01
9.187999999999999501e-01
9.322000000000000286e-01
9.408999999999999586e-01
9.092000000000000082e-01
9.022000000000000020e-01
9.056999999999999496e-01
9.147999999999999465e-01
9.250000000000000444e-01
9.304000000000000048e-01
9.221000000000000307e-01
9.211000000000000298e-01
9.010000000000000231e-01
8.953999999999999737e-01
9.090000000000000302e-01
9.258999999999999453e-01
9.504000000000000226e-01
9.526999999999999913e-01
9.322000000000000286e-01
9.283000000000000140e-01
9.232000000000000206e-01
9.177999999999999492e-01
9.085999999999999632e-01
9.273000000000000131e-01
9.283000000000000140e-01
9.314999999999999947e-01
9.331000000000000405e-01
9.292000000000000259e-01
9.404000000000000137e-01
9.487999999999999767e-01
9.374000000000000110e-01
9.285999999999999810e-01
9.222000000000000197e-01
9.273000000000000131e-01
9.333000000000000185e-01
9.330000000000000515e-01
9.477999999999999758e-01
9.385999999999999899e-01
9.441000000000000503e-01
9.407999999999999696e-01
9.213999999999999968e-01
9.236999999999999655e-01
9.270000000000000462e-01
9.255999999999999783e-01
9.251000000000000334e-01
9.233000000000000096e-01
9.351000000000000423e-01
9.351000000000000423e-01
9.286999999999999700e-01
8.931000000000000050e-01
8.807000000000000384e-01
8.799000000000000155e-01
8.836000000000000520e-01
8.971999999999999975e-01
8.903999999999999693e-01
8.880000000000000115e-01
8.750000000000000000e-01
8.869000000000000217e-01
8.961000000000000076e-01
9.173999999999999932e-01
8.993999999999999773e-01
9.084999999999999742e-01
9.126999999999999558e-01
8.880000000000000115e-01
8.772999999999999687e-01
9.004999999999999671e-01
9.137999999999999456e-01
9.181000000000000272e-01
9.234999999999999876e-01
9.398999999999999577e-01
9.421000000000000485e-01
9.393000000000000238e-01
9.312000000000000277e-01
9.415000000000000036e-01
9.283000000000000140e-01
9.224999999999999867e-01
9.200000000000000400e-01
9.164999999999999813e-01
9.156999999999999584e-01
9.145999999999999686e-01
9.009000000000000341e-01
8.808000000000000274e-01
9.167999999999999483e-01
8.948000000000000398e-01
8.781999999999999806e-01
8.870999999999999996e-01
8.903999999999999693e-01
9.021000000000000130e-01
8.703999999999999515e-01
8.381999999999999451e-01
8.798000000000000265e-01
8.828000000000000291e-01
8.927000000000000490e-01
8.931999999999999940e-01
8.911000000000000032e-01
8.803999999999999604e-01
8.639999999999999902e-01
8.608999999999999986e-01
8.729999999999999982e-01
8.774999999999999467e-01
8.635000000000000453e-01
8.746000000000000441e-01
8.935999999999999499e-01
8.900000000000000133e-01
8.737000000000000322e-01
8.645000000000000462e-01
8.888000000000000345e-01
8.820000000000000062e-01
8.756000000000000449e-01
8.773999999999999577e-01
8.767000000000000348e-01
8.680999999999999828e-01
8.496000000000000218e-01
8.444000000000000394e-01
8.225000000000000089e-01
8.310999999999999499e-01
8.651999999999999691e-01
8.737000000000000322e-01
8.810999999999999943e-01
9.093999999999999861e-01
8.939000000000000279e-01
8.988000000000000433e-01
9.176999999999999602e-01
9.365999999999999881e-01
9.499999999999999556e-01
9.570999999999999508e-01
9.609999999999999654e-01
9.622000000000000552e-01
9.637999999999999901e-01
9.647000000000000020e-01
9.654000000000000359e-01
9.631999999999999451e-01
9.676000000000000156e-01
9.604000000000000314e-01
9.609999999999999654e-01
9.671999999999999487e-01
9.567999999999999838e-01
9.314999999999999947e-01
9.412000000000000366e-01
9.499999999999999556e-01
9.374000000000000110e-01
9.287999999999999590e-01
9.254999999999999893e-01
9.249000000000000554e-01
9.223000000000000087e-01
9.183000000000000052e-01
9.019000000000000350e-01
9.002999999999999892e-01
8.780999999999999917e-01
9.050000000000000266e-01
8.978000000000000425e-01
9.044999999999999707e-01
8.942999999999999838e-01
8.949000000000000288e-01
9.123999999999999888e-01
9.379999999999999449e-01
9.465000000000000080e-01
9.283000000000000140e-01
9.258999999999999453e-01
9.334999999999999964e-01
9.314000000000000057e-01
9.247999999999999554e-01
9.271000000000000352e-01
9.253000000000000114e-01
9.193000000000000060e-01
9.050000000000000266e-01
8.975999999999999535e-01
9.063999999999999835e-01
9.127999999999999448e-01
9.142000000000000126e-01
9.072999999999999954e-01
9.129000000000000448e-01
9.185999999999999721e-01
9.245999999999999774e-01
9.230000000000000426e-01
9.399999999999999467e-01
9.315999999999999837e-01
9.242000000000000215e-01
9.212000000000000188e-01
9.264000000000000012e-01
9.284999999999999920e-01
9.347999999999999643e-01
9.322000000000000286e-01
9.402000000000000357e-01
9.386999999999999789e-01
9.297999999999999599e-01
9.300000000000000488e-01
9.326999999999999735e-01
9.243999999999999995e-01
9.204999999999999849e-01
9.249000000000000554e-01
9.170000000000000373e-01
8.979000000000000314e-01
9.156999999999999584e-01
9.045999999999999597e-01
8.988000000000000433e-01
8.969000000000000306e-01
8.807000000000000384e-01
8.974999999999999645e-01
9.022999999999999909e-01
9.122999999999999998e-01
9.206999999999999629e-01
9.271000000000000352e-01
9.223000000000000087e-01
9.199000000000000510e-01
9.234999999999999876e-01
9.237999999999999545e-01
9.272000000000000242e-01
9.417999999999999705e-01
9.391000000000000458e-01
9.311000000000000387e-01
9.301000000000000378e-01
9.330000000000000515e-01
9.413000000000000256e-01
9.348999999999999533e-01
9.233000000000000096e-01
9.123999999999999888e-01
9.131000000000000227e-01
8.951000000000000068e-01
8.988000000000000433e-01
9.239000000000000545e-01
9.180000000000000382e-01
9.121000000000000218e-01
9.095999999999999641e-01
9.011000000000000121e-01
8.947000000000000508e-01
9.013999999999999790e-01
8.894999999999999574e-01
8.851999999999999869e-01
8.719000000000000083e-01
8.517000000000000126e-01
8.830000000000000071e-01
8.821999999999999842e-01
8.912999999999999812e-01
8.905999999999999472e-01
8.929000000000000270e-01
8.883999999999999675e-01
8.647000000000000242e-01
8.560999999999999721e-01
8.505000000000000338e-01
8.453000000000000513e-01
8.288999999999999702e-01
8.225000000000000089e-01
8.364000000000000323e-01
8.389999999999999680e-01
8.334000000000000297e-01
8.844999999999999529e-01
8.841999999999999860e-01
9.065999999999999615e-01
8.940000000000000169e-01
9.360000000000000542e-01
9.550999999999999490e-01
9.584000000000000297e-01
9.517999999999999794e-01
9.590999999999999526e-01
9.481000000000000538e-01
9.550999999999999490e-01
9.447999999999999732e-01
9.516999999999999904e-01
9.442000000000000393e-01
9.384000000000000119e-01
9.455999999999999961e-01
9.461000000000000520e-01
9.563000000000000389e-01
9.478999999999999648e-01
9.472000000000000419e-01
9.454000000000000181e-01
9.401000000000000467e-01
9.356999999999999762e-01
9.172000000000000153e-01
9.307999999999999607e-01
9.095999999999999641e-01
9.181000000000000272e-01
9.114999999999999769e-01
9.195999999999999730e-01
9.233000000000000096e-01
9.283000000000000140e-01
9.419999999999999485e-01
9.422000000000000375e-01
9.335999999999999854e-01
9.297999999999999599e-01
9.284999999999999920e-01
9.063999999999999835e-01
9.163999999999999924e-01
9.079000000000000403e-01
9.019000000000000350e-01
8.820999999999999952e-01
8.590999999999999748e-01
8.312000000000000499e-01
7.974999999999999867e-01
7.665999999999999481e-01
7.338000000000000078e-01
7.108999999999999764e-01
6.863000000000000211e-01
6.582999999999999963e-01
5.925000000000000266e-01
5.268000000000000460e-01
4.621000000000000107e-01
4.087999999999999967e-01
3.468999999999999861e-01
2.813999999999999835e-01
2.596999999999999864e-01
2.366000000000000048e-01
1.806000000000000105e-01
1.779000000000000026e-01
1.600000000000000033e-01
1.562000000000000055e-01
1.431000000000000050e-01
1.238999999999999962e-01
1.194000000000000061e-01
1.174000000000000044e-01
1.123999999999999999e-01
1.035999999999999976e-01
9.859999999999999321e-02
8.329999999999999905e-02
7.910000000000000364e-02
7.299999999999999545e-02
7.080000000000000182e-02
6.790000000000000202e-02
7.280000000000000360e-02
8.019999999999999352e-02
8.039999999999999925e-02
8.530000000000000082e-02
7.939999999999999836e-02
8.540000000000000369e-02
8.400000000000000522e-02
8.780000000000000304e-02
7.649999999999999856e-02
7.729999999999999372e-02
6.740000000000000158e-02
9.189999999999999558e-02
1.170000000000000068e-01
1.208999999999999936e-01
1.582999999999999963e-01
1.957000000000000128e-01
2.451000000000000123e-01
2.575000000000000067e-01
3.284000000000000252e-01
3.595999999999999752e-01
3.922999999999999821e-01
4.053999999999999826e-01
3.909000000000000252e-01
3.935000000000000164e-01
4.209999999999999853e-01
4.451999999999999846e-01
4.506999999999999895e-01
4.449000000000000177e-01
4.828999999999999959e-01
4.999000000000000110e-01
5.184999999999999609e-01
5.080000000000000071e-01
5.020999999999999908e-01
4.203000000000000069e-01
