8.903999999999999693e-01
9.507999999999999785e-01
9.402000000000000357e-01
9.310000000000000497e-01
9.352000000000000313e-01
9.383000000000000229e-01
9.433000000000000274e-01
9.416999999999999815e-01
9.382000000000000339e-01
9.291000000000000369e-01
9.297999999999999599e-01
9.193000000000000060e-01
9.184999999999999831e-01
9.129000000000000448e-01
9.216999999999999638e-01
9.360000000000000542e-01
9.270000000000000462e-01
9.232000000000000206e-01
9.254000000000000004e-01
9.320000000000000506e-01
9.327999999999999625e-01
9.295999999999999819e-01
9.274999999999999911e-01
9.163000000000000034e-01
9.186999999999999611e-01
9.156999999999999584e-01
9.140000000000000346e-01
9.060000000000000275e-01
9.116999999999999549e-01
9.028000000000000469e-01
9.108000000000000540e-01
9.314999999999999947e-01
9.243000000000000105e-01
9.210000000000000409e-01
9.257999999999999563e-01
9.298999999999999488e-01
9.301000000000000378e-01
9.402000000000000357e-01
9.361000000000000432e-01
9.461000000000000520e-01
9.455999999999999961e-01
9.445000000000000062e-01
9.504000000000000226e-01
9.538999999999999702e-01
9.631999999999999451e-01
9.613000000000000433e-01
9.717000000000000082e-01
9.599999999999999645e-01
9.606999999999999984e-01
9.529999999999999583e-01
9.523000000000000353e-01
9.492000000000000437e-01
9.439999999999999503e-01
9.391000000000000458e-01
9.219000000000000528e-01
9.307999999999999607e-01
9.286999999999999700e-01
9.278999999999999471e-01
9.314000000000000057e-01
9.314999999999999947e-01
9.235999999999999766e-01
9.302000000000000268e-01
9.294000000000000039e-01
9.226999999999999647e-01
9.285999999999999810e-01
9.330000000000000515e-01
9.385999999999999899e-01
9.419999999999999485e-01
9.435000000000000053e-01
9.453000000000000291e-01
9.444000000000000172e-01
9.520999999999999464e-01
9.556999999999999940e-01
9.576999999999999957e-01
9.435999999999999943e-01
9.475000000000000089e-01
9.519999999999999574e-01
9.532000000000000473e-01
9.417999999999999705e-01
9.435000000000000053e-01
9.363000000000000211e-01
9.243999999999999995e-01
9.336999999999999744e-01
9.305999999999999828e-01
9.334000000000000075e-01
9.367999999999999661e-01
9.451000000000000512e-01
9.527999999999999803e-01
9.453000000000000291e-01
9.427999999999999714e-01
9.392000000000000348e-01
9.395000000000000018e-01
9.425000000000000044e-01
9.363000000000000211e-01
9.342000000000000304e-01
9.463000000000000300e-01
9.529999999999999583e-01
9.635000000000000231e-01
9.610999999999999543e-01
9.586999999999999966e-01
9.457999999999999741e-01
9.273000000000000131e-01
9.262000000000000233e-01
9.226999999999999647e-01
9.296999999999999709e-01
8.947000000000000508e-01
8.948000000000000398e-01
9.055999999999999606e-01
8.887000000000000455e-01
9.550999999999999490e-01
9.120000000000000329e-01
8.586000000000000298e-01
7.943999999999999950e-01
7.423999999999999488e-01
7.068999999999999728e-01
6.781000000000000361e-01
6.561000000000000165e-01
6.425999999999999490e-01
6.149999999999999911e-01
6.119999999999999885e-01
6.052999999999999492e-01
6.432999999999999829e-01
6.815999999999999837e-01
6.565999999999999615e-01
6.774999999999999911e-01
6.832000000000000295e-01
7.093000000000000416e-01
7.183000000000000496e-01
7.130999999999999561e-01
7.238999999999999879e-01
7.325000000000000400e-01
7.287000000000000144e-01
7.358999999999999986e-01
7.616000000000000547e-01
7.805999999999999606e-01
7.967999999999999527e-01
8.354000000000000314e-01
8.708000000000000185e-01
9.252000000000000224e-01
9.274000000000000021e-01
9.529999999999999583e-01
9.629999999999999671e-01
9.585000000000000187e-01
9.588999999999999746e-01
9.780999999999999694e-01
9.797000000000000153e-01
9.786000000000000254e-01
9.661999999999999478e-01
9.718999999999999861e-01
9.765000000000000346e-01
9.755000000000000338e-01
9.811999999999999611e-01
9.743000000000000549e-01
9.836000000000000298e-01
9.667000000000000037e-01
9.569999999999999618e-01
9.616000000000000103e-01
9.612000000000000544e-01
9.681999999999999496e-01
9.429999999999999494e-01
9.708999999999999853e-01
9.572000000000000508e-01
9.699999999999999734e-01
9.743000000000000549e-01
9.610999999999999543e-01
9.754000000000000448e-01
9.760999999999999677e-01
9.615000000000000213e-01
9.761999999999999567e-01
9.969000000000000083e-01
9.800999999999999712e-01
9.749999999999999778e-01
9.589999999999999636e-01
9.836000000000000298e-01
9.764000000000000457e-01
9.765000000000000346e-01
9.788000000000000034e-01
9.635000000000000231e-01
9.770999999999999686e-01
9.748999999999999888e-01
9.816000000000000281e-01
9.752999999999999448e-01
9.799999999999999822e-01
9.857000000000000206e-01
9.959000000000000075e-01
9.747999999999999998e-01
9.764000000000000457e-01
9.784000000000000474e-01
9.704000000000000403e-01
9.631999999999999451e-01
9.638999999999999790e-01
9.637000000000000011e-01
9.658999999999999808e-01
9.654000000000000359e-01
9.599999999999999645e-01
9.608999999999999764e-01
9.724000000000000421e-01
9.615000000000000213e-01
9.717000000000000082e-01
9.719999999999999751e-01
9.711999999999999522e-01
9.782999999999999474e-01
9.606999999999999984e-01
9.715000000000000302e-01
9.716000000000000192e-01
9.766000000000000236e-01
9.640999999999999570e-01
9.677999999999999936e-01
9.717000000000000082e-01
9.752999999999999448e-01
9.928000000000000158e-01
9.874000000000000554e-01
9.830999999999999739e-01
9.743000000000000549e-01
9.837000000000000188e-01
9.731999999999999540e-01
9.987000000000000322e-01
9.930999999999999828e-01
9.841999999999999638e-01
1.000000000000000000e+00
9.881999999999999673e-01
9.744000000000000439e-01
9.628999999999999782e-01
9.577999999999999847e-01
9.542000000000000481e-01
9.560999999999999499e-01
9.506000000000000005e-01
9.517999999999999794e-01
9.649999999999999689e-01
9.641999999999999460e-01
9.758999999999999897e-01
9.758999999999999897e-01
9.593000000000000416e-01
9.615000000000000213e-01
9.576999999999999957e-01
9.593000000000000416e-01
9.769999999999999796e-01
9.782999999999999474e-01
9.858000000000000096e-01
9.901999999999999691e-01
9.920999999999999819e-01
9.850999999999999757e-01
9.921999999999999709e-01
1.000000000000000000e+00
1.000000000000000000e+00
9.999000000000000110e-01
9.858999999999999986e-01
9.959999999999999964e-01
9.981999999999999762e-01
9.875000000000000444e-01
9.844000000000000528e-01
9.837000000000000188e-01
9.825000000000000400e-01
9.617999999999999883e-01
9.415000000000000036e-01
9.434000000000000163e-01
9.176999999999999602e-01
9.149000000000000465e-01
9.271000000000000352e-01
9.241000000000000325e-01
9.340000000000000524e-01
9.481000000000000538e-01
9.443000000000000282e-01
9.419999999999999485e-01
9.395999999999999908e-01
9.569999999999999618e-01
9.534000000000000252e-01
9.671999999999999487e-01
9.796000000000000263e-01
9.795000000000000373e-01
9.899000000000000021e-01
9.979999999999999982e-01
1.000000000000000000e+00
9.883999999999999453e-01
1.000000000000000000e+00
9.971999999999999753e-01
9.855000000000000426e-01
9.844000000000000528e-01
9.911999999999999700e-01
1.000000000000000000e+00
9.908000000000000140e-01
9.938000000000000167e-01
9.953999999999999515e-01
9.937000000000000277e-01
9.991999999999999771e-01
1.000000000000000000e+00
1.000000000000000000e+00
1.000000000000000000e+00
1.000000000000000000e+00
1.000000000000000000e+00
1.000000000000000000e+00
9.961999999999999744e-01
9.969999999999999973e-01
9.968000000000000194e-01
1.000000000000000000e+00
1.000000000000000000e+00
1.000000000000000000e+00
1.000000000000000000e+00
1.000000000000000000e+00
1.000000000000000000e+00
1.000000000000000000e+00
9.989999999999999991e-01
9.979999999999999982e-01
1.000000000000000000e+00
9.986000000000000432e-01
9.993999999999999551e-01
9.941999999999999726e-01
9.838999999999999968e-01
9.877000000000000224e-01
9.761999999999999567e-01
9.892999999999999572e-01
1.000000000000000000e+00
1.000000000000000000e+00
9.965000000000000524e-01
9.735000000000000320e-01
9.738999999999999879e-01
9.690999999999999615e-01
9.675000000000000266e-01
9.689999999999999725e-01
9.616999999999999993e-01
9.639999999999999680e-01
9.610999999999999543e-01
9.747999999999999998e-01
9.909999999999999920e-01
9.925000000000000488e-01
9.969000000000000083e-01
9.857000000000000206e-01
9.811999999999999611e-01
9.837000000000000188e-01
9.879999999999999893e-01
9.620999999999999552e-01
9.663000000000000478e-01
9.684000000000000385e-01
9.693000000000000504e-01
9.659999999999999698e-01
9.617999999999999883e-01
9.707999999999999963e-01
9.583000000000000407e-01
9.595000000000000195e-01
9.858999999999999986e-01
9.677000000000000046e-01
9.583000000000000407e-01
9.638999999999999790e-01
9.543000000000000371e-01
9.714000000000000412e-01
9.710999999999999632e-01
9.819999999999999840e-01
9.599999999999999645e-01
9.562000000000000499e-01
9.499999999999999556e-01
9.527999999999999803e-01
9.631999999999999451e-01
9.651999999999999469e-01
9.627000000000000002e-01
9.769999999999999796e-01
9.666000000000000147e-01
9.958000000000000185e-01
9.862999999999999545e-01
9.948000000000000176e-01
9.847000000000000197e-01
9.790999999999999703e-01
9.785000000000000364e-01
9.935000000000000497e-01
9.951999999999999735e-01
9.952999999999999625e-01
9.877000000000000224e-01
9.801999999999999602e-01
9.744000000000000439e-01
9.690999999999999615e-01
9.618999999999999773e-01
9.529999999999999583e-01
9.636000000000000121e-01
9.596000000000000085e-01
9.293000000000000149e-01
9.431000000000000494e-01
9.324999999999999956e-01
9.293000000000000149e-01
9.185999999999999721e-01
9.118000000000000549e-01
9.058000000000000496e-01
8.826000000000000512e-01
8.665000000000000480e-01
8.481999999999999540e-01
8.188999999999999613e-01
7.999000000000000554e-01
7.528000000000000247e-01
7.244000000000000439e-01
6.939999999999999503e-01
6.913000000000000256e-01
6.816999999999999726e-01
6.654999999999999805e-01
6.402999999999999803e-01
6.241999999999999771e-01
6.513999999999999790e-01
6.641000000000000236e-01
6.637999999999999456e-01
6.764999999999999902e-01
6.971000000000000529e-01
7.368000000000000105e-01
7.564999999999999503e-01
7.703999999999999737e-01
8.102000000000000313e-01
8.427000000000000046e-01
9.001000000000000112e-01
9.206999999999999629e-01
9.422000000000000375e-01
9.579999999999999627e-01
9.584000000000000297e-01
9.714000000000000412e-01
9.758000000000000007e-01
9.735000000000000320e-01
9.790999999999999703e-01
9.810999999999999721e-01
9.807000000000000162e-01
9.801999999999999602e-01
9.808000000000000052e-01
9.694000000000000394e-01
9.824000000000000510e-01
9.765000000000000346e-01
9.658999999999999808e-01
9.737000000000000099e-01
9.837000000000000188e-01
9.795000000000000373e-01
9.724000000000000421e-01
9.842999999999999527e-01
9.754000000000000448e-01
9.913999999999999480e-01
9.860999999999999766e-01
9.792999999999999483e-01
9.689999999999999725e-01
9.593000000000000416e-01
9.438999999999999613e-01
9.405000000000000027e-01
9.401000000000000467e-01
9.307999999999999607e-01
9.233000000000000096e-01
9.090000000000000302e-01
8.980000000000000204e-01
8.683999999999999497e-01
8.470999999999999641e-01
8.254000000000000226e-01
8.036999999999999700e-01
7.907999999999999474e-01
7.861000000000000210e-01
7.986999999999999655e-01
8.141000000000000458e-01
8.137999999999999678e-01
8.554000000000000492e-01
8.834999999999999520e-01
8.928000000000000380e-01
9.012000000000000011e-01
9.192000000000000171e-01
9.538999999999999702e-01
9.568999999999999728e-01
9.697999999999999954e-01
9.729999999999999760e-01
9.641999999999999460e-01
9.671999999999999487e-01
9.626000000000000112e-01
9.674000000000000377e-01
9.653000000000000469e-01
9.778000000000000025e-01
9.866000000000000325e-01
9.708999999999999853e-01
9.707000000000000073e-01
9.630999999999999561e-01
9.774000000000000465e-01
9.782999999999999474e-01
9.774000000000000465e-01
9.771999999999999575e-01
9.887000000000000233e-01
9.850999999999999757e-01
9.811999999999999611e-01
9.887000000000000233e-01
9.898000000000000131e-01
9.801999999999999602e-01
9.820999999999999730e-01
9.847000000000000197e-01
9.910999999999999810e-01
9.898000000000000131e-01
9.720999999999999641e-01
9.774000000000000465e-01
9.808000000000000052e-01
9.786000000000000254e-01
9.810999999999999721e-01
9.838000000000000078e-01
9.828000000000000069e-01
9.871999999999999664e-01
9.895000000000000462e-01
9.896000000000000352e-01
9.785000000000000364e-01
9.536999999999999922e-01
9.532000000000000473e-01
9.373000000000000220e-01
9.408999999999999586e-01
9.342000000000000304e-01
9.424000000000000155e-01
9.320000000000000506e-01
9.234999999999999876e-01
9.265999999999999792e-01
9.130000000000000338e-01
9.191000000000000281e-01
9.199000000000000510e-01
9.377999999999999670e-01
9.100000000000000311e-01
9.075999999999999623e-01
9.113999999999999879e-01
8.963999999999999746e-01
8.740999999999999881e-01
8.556000000000000272e-01
8.343000000000000416e-01
7.982000000000000206e-01
8.038999999999999480e-01
7.828000000000000513e-01
7.588000000000000300e-01
7.383999999999999453e-01
7.698000000000000398e-01
7.447000000000000286e-01
7.776999999999999469e-01
7.632999999999999785e-01
7.871000000000000218e-01
8.327999999999999847e-01
8.393000000000000460e-01
8.304000000000000270e-01
8.438999999999999835e-01
8.334000000000000297e-01
8.748000000000000220e-01
8.514000000000000457e-01
8.816000000000000503e-01
9.012000000000000011e-01
9.146999999999999575e-01
9.036999999999999478e-01
9.399999999999999467e-01
9.249000000000000554e-01
9.315999999999999837e-01
9.407999999999999696e-01
9.371000000000000441e-01
9.326999999999999735e-01
9.374000000000000110e-01
9.351000000000000423e-01
9.338999999999999524e-01
9.386999999999999789e-01
9.354999999999999982e-01
9.458999999999999631e-01
9.461000000000000520e-01
9.418999999999999595e-01
9.337999999999999634e-01
9.321000000000000396e-01
9.414000000000000146e-01
9.413000000000000256e-01
9.317999999999999616e-01
9.193000000000000060e-01
9.080000000000000293e-01
9.019000000000000350e-01
8.901000000000000023e-01
8.959000000000000297e-01
9.002000000000000002e-01
8.951000000000000068e-01
8.919000000000000261e-01
8.959000000000000297e-01
8.779000000000000137e-01
8.506000000000000227e-01
8.227999999999999758e-01
7.860000000000000320e-01
7.204000000000000403e-01
6.452999999999999847e-01
6.064000000000000501e-01
5.205999999999999517e-01
4.228000000000000091e-01
3.763000000000000234e-01
3.083000000000000185e-01
2.842000000000000082e-01
2.521999999999999797e-01
2.066000000000000059e-01
1.978999999999999926e-01
1.746000000000000052e-01
1.696000000000000008e-01
1.555999999999999883e-01
1.598999999999999866e-01
1.406000000000000028e-01
1.393999999999999961e-01
1.181999999999999995e-01
1.277000000000000079e-01
1.218999999999999945e-01
1.257999999999999952e-01
1.350000000000000089e-01
1.252000000000000057e-01
1.218000000000000055e-01
1.285000000000000031e-01
1.464000000000000024e-01
1.433000000000000107e-01
1.408999999999999975e-01
1.310000000000000053e-01
1.078999999999999959e-01
8.340000000000000191e-02
7.829999999999999460e-02
5.020000000000000157e-02
3.529999999999999805e-02
1.930000000000000118e-02
3.090000000000000038e-02
3.169999999999999901e-02
2.639999999999999986e-02
3.200000000000000067e-02
3.320000000000000034e-02
6.400000000000000133e-02
7.059999999999999609e-02
8.160000000000000586e-02
9.080000000000000571e-02
1.127999999999999975e-01
1.203999999999999931e-01
1.238999999999999962e-01
1.067000000000000032e-01
1.044000000000000067e-01
1.021999999999999992e-01
1.068999999999999950e-01
1.181999999999999995e-01
1.195999999999999980e-01
1.136000000000000065e-01
1.213000000000000050e-01
1.223999999999999949e-01
1.197000000000000008e-01
1.063999999999999946e-01
9.840000000000000135e-02
8.719999999999999973e-02
8.069999999999999396e-02
7.939999999999999836e-02
8.029999999999999638e-02
1.074999999999999983e-01
1.095000000000000001e-01
1.073999999999999955e-01
1.150000000000000050e-01
1.355999999999999983e-01
1.534000000000000086e-01
1.559000000000000108e-01
1.365000000000000102e-01
1.380000000000000115e-01
1.170999999999999958e-01
1.184000000000000052e-01
9.489999999999999825e-02
1.004000000000000031e-01
9.059999999999999998e-02
9.879999999999999893e-02
1.197000000000000008e-01
1.310000000000000053e-01
1.408999999999999975e-01
1.622000000000000108e-01
1.710000000000000131e-01
1.766999999999999960e-01
1.950000000000000067e-01
2.083000000000000129e-01
2.078000000000000125e-01
2.225000000000000033e-01
2.391999999999999960e-01
2.666999999999999926e-01
3.098000000000000198e-01
3.326999999999999957e-01
3.590999999999999748e-01
3.629000000000000004e-01
3.563999999999999946e-01
3.593999999999999972e-01
3.593000000000000083e-01
3.775999999999999912e-01
4.101000000000000201e-01
4.657999999999999918e-01
4.908000000000000140e-01
5.195999999999999508e-01
5.716999999999999860e-01
6.049999999999999822e-01
6.522999999999999909e-01
6.915000000000000036e-01
7.628000000000000336e-01
7.629000000000000226e-01
8.283000000000000362e-01
8.800000000000000044e-01
8.954999999999999627e-01
8.813999999999999613e-01
8.556000000000000272e-01
7.887999999999999456e-01
