8.987000000000000544e-01
9.405999999999999917e-01
9.229000000000000536e-01
8.918000000000000371e-01
8.897000000000000464e-01
8.930000000000000160e-01
8.967000000000000526e-01
8.921999999999999931e-01
9.014999999999999680e-01
9.074999999999999734e-01
9.102999999999999980e-01
9.095999999999999641e-01
9.119000000000000439e-01
9.189000000000000501e-01
9.219000000000000528e-01
9.209000000000000519e-01
9.282000000000000250e-01
9.284999999999999920e-01
9.236999999999999655e-01
9.287999999999999590e-01
9.209000000000000519e-01
9.190000000000000391e-01
9.196999999999999620e-01
9.146999999999999575e-01
9.044999999999999707e-01
8.957000000000000517e-01
8.893999999999999684e-01
9.031000000000000139e-01
9.016999999999999460e-01
9.033999999999999808e-01
8.968000000000000416e-01
8.943999999999999728e-01
8.923999999999999710e-01
8.881999999999999895e-01
8.947000000000000508e-01
8.974999999999999645e-01
8.975999999999999535e-01
9.006999999999999451e-01
9.102999999999999980e-01
9.110000000000000320e-01
9.247999999999999554e-01
9.183999999999999941e-01
9.310000000000000497e-01
9.354000000000000092e-01
9.343000000000000194e-01
9.434000000000000163e-01
9.425999999999999934e-01
9.425000000000000044e-01
9.370000000000000551e-01
9.354999999999999982e-01
9.331000000000000405e-01
9.335999999999999854e-01
9.203999999999999959e-01
9.395999999999999908e-01
9.266999999999999682e-01
9.393000000000000238e-01
9.394000000000000128e-01
9.263000000000000123e-01
9.340000000000000524e-01
9.367999999999999661e-01
9.183000000000000052e-01
9.084999999999999742e-01
9.069000000000000394e-01
8.873999999999999666e-01
8.995999999999999552e-01
8.959000000000000297e-01
9.113999999999999879e-01
9.203000000000000069e-01
9.227999999999999536e-01
9.277999999999999581e-01
9.373000000000000220e-01
9.354999999999999982e-01
9.315999999999999837e-01
9.468999999999999639e-01
9.331000000000000405e-01
9.324000000000000066e-01
9.340000000000000524e-01
9.180000000000000382e-01
9.082999999999999963e-01
9.180000000000000382e-01
9.035999999999999588e-01
9.172000000000000153e-01
9.001000000000000112e-01
9.192000000000000171e-01
9.374000000000000110e-01
9.278999999999999471e-01
9.386999999999999789e-01
9.495999999999999996e-01
9.466999999999999860e-01
9.423000000000000265e-01
9.391000000000000458e-01
9.484000000000000208e-01
9.231000000000000316e-01
9.186999999999999611e-01
9.377999999999999670e-01
9.453000000000000291e-01
9.469999999999999529e-01
9.590999999999999526e-01
9.488999999999999657e-01
9.403000000000000247e-01
9.407999999999999696e-01
9.403000000000000247e-01
9.481000000000000538e-01
9.396999999999999797e-01
9.236999999999999655e-01
9.220000000000000417e-01
9.163999999999999924e-01
9.261000000000000343e-01
9.157999999999999474e-01
9.174999999999999822e-01
8.897000000000000464e-01
8.963999999999999746e-01
9.016999999999999460e-01
8.977000000000000535e-01
8.898000000000000353e-01
8.757000000000000339e-01
8.545000000000000373e-01
8.235000000000000098e-01
8.226999999999999869e-01
8.062000000000000277e-01
7.967999999999999527e-01
8.048999999999999488e-01
7.964999999999999858e-01
8.145000000000000018e-01
8.234000000000000208e-01
8.100000000000000533e-01
8.497000000000000108e-01
8.687000000000000277e-01
8.732999999999999652e-01
9.046999999999999487e-01
9.093999999999999861e-01
9.285999999999999810e-01
9.324000000000000066e-01
9.317999999999999616e-01
9.454000000000000181e-01
9.436999999999999833e-01
9.308999999999999497e-01
9.224999999999999867e-01
9.465000000000000080e-01
9.163999999999999924e-01
9.207999999999999519e-01
9.153000000000000025e-01
9.136999999999999567e-01
9.170000000000000373e-01
9.136999999999999567e-01
9.165999999999999703e-01
9.083999999999999853e-01
9.012000000000000011e-01
8.982999999999999874e-01
9.133999999999999897e-01
9.026999999999999469e-01
9.159000000000000474e-01
9.185999999999999721e-01
9.141000000000000236e-01
9.244999999999999885e-01
9.255999999999999783e-01
9.300000000000000488e-01
9.214999999999999858e-01
9.163999999999999924e-01
9.059000000000000385e-01
9.162000000000000144e-01
9.224999999999999867e-01
9.099000000000000421e-01
9.144999999999999796e-01
9.288999999999999480e-01
9.328999999999999515e-01
9.150000000000000355e-01
9.366999999999999771e-01
9.434000000000000163e-01
9.334999999999999964e-01
9.432000000000000384e-01
9.443000000000000282e-01
9.372000000000000330e-01
9.509999999999999565e-01
9.542000000000000481e-01
9.487999999999999767e-01
9.543000000000000371e-01
9.604000000000000314e-01
9.537999999999999812e-01
9.523000000000000353e-01
9.515000000000000124e-01
9.473000000000000309e-01
9.418999999999999595e-01
9.582000000000000517e-01
9.539999999999999591e-01
9.533000000000000362e-01
9.442000000000000393e-01
9.425999999999999934e-01
9.465999999999999970e-01
9.447999999999999732e-01
9.562000000000000499e-01
9.548999999999999710e-01
9.475000000000000089e-01
9.494000000000000217e-01
9.605000000000000204e-01
9.375999999999999890e-01
9.496999999999999886e-01
9.466999999999999860e-01
9.324000000000000066e-01
9.352000000000000313e-01
9.283000000000000140e-01
9.431000000000000494e-01
9.264999999999999902e-01
9.139000000000000457e-01
8.970000000000000195e-01
9.160000000000000364e-01
9.346999999999999753e-01
9.322000000000000286e-01
9.414000000000000146e-01
9.491000000000000547e-01
9.425000000000000044e-01
9.546000000000000041e-01
9.520999999999999464e-01
9.413000000000000256e-01
9.397999999999999687e-01
9.377999999999999670e-01
9.473000000000000309e-01
9.350000000000000533e-01
9.288999999999999480e-01
9.102000000000000091e-01
8.921999999999999931e-01
9.232000000000000206e-01
9.254000000000000004e-01
9.221000000000000307e-01
9.220000000000000417e-01
9.172000000000000153e-01
8.981999999999999984e-01
9.002999999999999892e-01
8.932999999999999829e-01
9.033999999999999808e-01
9.167999999999999483e-01
9.298999999999999488e-01
9.150000000000000355e-01
9.398999999999999577e-01
9.566999999999999948e-01
9.582000000000000517e-01
9.605000000000000204e-01
9.619999999999999662e-01
9.689999999999999725e-01
9.455000000000000071e-01
9.275999999999999801e-01
9.149000000000000465e-01
9.072999999999999954e-01
9.233000000000000096e-01
9.092000000000000082e-01
8.882999999999999785e-01
8.905999999999999472e-01
9.042999999999999927e-01
9.130000000000000338e-01
9.346999999999999753e-01
9.278999999999999471e-01
9.234999999999999876e-01
9.112999999999999989e-01
9.074999999999999734e-01
9.020000000000000240e-01
9.220000000000000417e-01
9.091000000000000192e-01
8.993999999999999773e-01
8.811999999999999833e-01
9.050000000000000266e-01
9.356999999999999762e-01
9.556999999999999940e-01
9.512000000000000455e-01
9.495999999999999996e-01
9.455999999999999961e-01
9.354999999999999982e-01
9.464000000000000190e-01
9.396999999999999797e-01
9.457999999999999741e-01
9.378999999999999559e-01
9.361000000000000432e-01
9.360000000000000542e-01
9.314999999999999947e-01
9.177999999999999492e-01
8.981999999999999984e-01
8.669999999999999929e-01
8.457999999999999963e-01
8.176999999999999824e-01
8.031000000000000361e-01
7.694999999999999618e-01
7.581999999999999851e-01
7.483999999999999542e-01
7.620000000000000107e-01
8.026999999999999691e-01
7.822999999999999954e-01
8.586000000000000298e-01
8.871999999999999886e-01
8.657000000000000250e-01
8.735000000000000542e-01
8.528999999999999915e-01
8.441999999999999504e-01
8.469999999999999751e-01
8.528999999999999915e-01
8.901999999999999913e-01
9.096999999999999531e-01
9.112000000000000099e-01
9.305999999999999828e-01
9.439999999999999503e-01
9.372000000000000330e-01
9.495999999999999996e-01
9.491000000000000547e-01
9.386999999999999789e-01
9.579999999999999627e-01
9.493000000000000327e-01
9.526000000000000023e-01
9.600999999999999535e-01
9.562000000000000499e-01
9.517999999999999794e-01
9.564000000000000279e-01
9.463000000000000300e-01
9.466999999999999860e-01
9.418999999999999595e-01
9.473000000000000309e-01
9.607999999999999874e-01
9.731999999999999540e-01
9.599999999999999645e-01
9.560999999999999499e-01
9.463000000000000300e-01
9.386999999999999789e-01
9.485000000000000098e-01
9.574000000000000288e-01
9.422000000000000375e-01
9.345999999999999863e-01
9.371000000000000441e-01
9.237999999999999545e-01
9.398999999999999577e-01
9.439999999999999503e-01
9.367999999999999661e-01
9.351000000000000423e-01
9.341000000000000414e-01
9.375999999999999890e-01
9.416999999999999815e-01
9.409999999999999476e-01
9.154999999999999805e-01
9.229000000000000536e-01
9.252000000000000224e-01
9.313000000000000167e-01
9.385000000000000009e-01
9.445999999999999952e-01
9.352000000000000313e-01
9.401000000000000467e-01
9.237999999999999545e-01
9.190000000000000391e-01
9.266999999999999682e-01
9.283000000000000140e-01
9.230000000000000426e-01
9.332000000000000295e-01
9.345999999999999863e-01
9.387999999999999678e-01
9.392000000000000348e-01
9.397999999999999687e-01
9.455000000000000071e-01
9.495000000000000107e-01
9.499999999999999556e-01
9.473000000000000309e-01
9.562000000000000499e-01
9.546000000000000041e-01
9.402000000000000357e-01
9.172000000000000153e-01
9.287999999999999590e-01
9.311000000000000387e-01
9.432000000000000384e-01
9.340000000000000524e-01
9.251000000000000334e-01
9.260000000000000453e-01
9.388999999999999568e-01
9.377999999999999670e-01
9.368999999999999551e-01
9.475000000000000089e-01
9.382000000000000339e-01
9.300000000000000488e-01
9.368999999999999551e-01
9.391000000000000458e-01
9.251000000000000334e-01
9.436999999999999833e-01
9.397999999999999687e-01
9.402000000000000357e-01
9.488999999999999657e-01
9.278999999999999471e-01
9.362000000000000322e-01
9.406999999999999806e-01
9.485999999999999988e-01
9.385999999999999899e-01
9.317999999999999616e-01
9.335999999999999854e-01
9.370000000000000551e-01
9.392000000000000348e-01
9.418999999999999595e-01
9.436999999999999833e-01
9.396999999999999797e-01
9.379999999999999449e-01
9.524000000000000243e-01
9.433000000000000274e-01
9.419999999999999485e-01
9.371000000000000441e-01
9.395999999999999908e-01
9.235999999999999766e-01
9.191000000000000281e-01
9.274000000000000021e-01
9.323000000000000176e-01
9.464000000000000190e-01
9.180000000000000382e-01
9.295999999999999819e-01
9.495000000000000107e-01
9.346999999999999753e-01
9.498999999999999666e-01
9.559999999999999609e-01
9.406999999999999806e-01
9.534000000000000252e-01
9.720999999999999641e-01
9.533000000000000362e-01
9.757000000000000117e-01
9.697000000000000064e-01
9.807000000000000162e-01
9.754000000000000448e-01
9.683000000000000496e-01
9.425000000000000044e-01
9.098000000000000531e-01
8.661999999999999700e-01
8.163000000000000256e-01
7.648000000000000353e-01
6.841000000000000414e-01
5.862000000000000544e-01
4.635000000000000231e-01
3.719999999999999973e-01
2.506999999999999784e-01
2.194000000000000117e-01
1.784999999999999920e-01
1.603999999999999870e-01
1.338999999999999913e-01
1.250999999999999890e-01
1.160999999999999949e-01
1.218000000000000055e-01
1.108999999999999986e-01
1.154000000000000026e-01
1.045999999999999985e-01
1.059999999999999970e-01
1.159000000000000030e-01
1.123999999999999999e-01
1.117999999999999966e-01
9.890000000000000180e-02
8.400000000000000522e-02
7.879999999999999505e-02
6.189999999999999669e-02
4.739999999999999769e-02
4.680000000000000132e-02
4.340000000000000108e-02
5.469999999999999862e-02
4.789999999999999813e-02
2.610000000000000167e-02
2.549999999999999836e-02
2.120000000000000009e-02
2.670000000000000151e-02
2.910000000000000087e-02
3.169999999999999901e-02
2.850000000000000103e-02
2.860000000000000042e-02
4.429999999999999910e-02
3.860000000000000236e-02
3.150000000000000022e-02
4.279999999999999777e-02
4.130000000000000338e-02
2.330000000000000127e-02
1.940000000000000058e-02
9.499999999999999764e-03
0.000000000000000000e+00
0.000000000000000000e+00
2.500000000000000052e-03
1.880000000000000074e-02
2.050000000000000086e-02
8.699999999999999400e-03
2.659999999999999865e-02
1.660000000000000017e-02
1.490000000000000005e-02
3.239999999999999825e-02
4.189999999999999974e-02
3.269999999999999990e-02
4.189999999999999974e-02
5.770000000000000129e-02
7.760000000000000231e-02
7.459999999999999964e-02
8.229999999999999816e-02
8.000000000000000167e-02
8.440000000000000280e-02
9.869999999999999607e-02
1.259000000000000119e-01
1.459000000000000019e-01
1.660000000000000087e-01
2.104000000000000037e-01
2.651999999999999913e-01
3.005999999999999783e-01
3.624999999999999889e-01
4.205999999999999739e-01
4.804999999999999827e-01
5.425999999999999712e-01
6.273999999999999577e-01
7.025000000000000133e-01
7.743999999999999773e-01
8.545000000000000373e-01
8.910000000000000142e-01
9.072000000000000064e-01
9.243999999999999995e-01
9.337999999999999634e-01
9.454000000000000181e-01
9.405999999999999917e-01
9.405000000000000027e-01
9.406999999999999806e-01
9.375999999999999890e-01
9.300000000000000488e-01
9.172000000000000153e-01
9.044999999999999707e-01
8.985999999999999543e-01
8.659999999999999920e-01
8.338999999999999746e-01
7.721000000000000085e-01
7.214000000000000412e-01
6.579000000000000403e-01
5.885000000000000231e-01
5.368000000000000549e-01
5.014999999999999458e-01
4.425999999999999934e-01
3.817999999999999727e-01
3.367999999999999883e-01
3.310000000000000164e-01
3.588000000000000078e-01
4.213999999999999968e-01
4.686000000000000165e-01
4.862000000000000210e-01
5.755000000000000115e-01
5.866000000000000103e-01
6.303999999999999604e-01
6.514999999999999680e-01
6.803000000000000158e-01
6.968999999999999639e-01
7.042000000000000481e-01
7.174000000000000377e-01
6.938999999999999613e-01
7.077999999999999847e-01
6.989999999999999547e-01
6.958999999999999631e-01
6.824999999999999956e-01
6.642000000000000126e-01
6.401000000000000023e-01
6.139999999999999902e-01
5.989999999999999769e-01
6.333999999999999631e-01
6.509000000000000341e-01
6.927999999999999714e-01
7.086999999999999966e-01
7.354000000000000536e-01
7.763999999999999790e-01
8.067999999999999616e-01
8.343000000000000416e-01
8.525000000000000355e-01
8.818000000000000282e-01
8.772999999999999687e-01
8.781999999999999806e-01
8.833999999999999631e-01
8.923999999999999710e-01
8.911999999999999922e-01
8.958000000000000407e-01
9.004999999999999671e-01
9.075999999999999623e-01
9.094999999999999751e-01
9.072000000000000064e-01
9.024999999999999689e-01
8.962999999999999856e-01
8.878000000000000336e-01
9.229000000000000536e-01
9.242000000000000215e-01
9.283000000000000140e-01
9.132000000000000117e-01
9.112000000000000099e-01
9.196999999999999620e-01
9.146999999999999575e-01
9.173999999999999932e-01
9.256999999999999673e-01
9.161000000000000254e-01
9.165999999999999703e-01
9.026999999999999469e-01
8.974999999999999645e-01
8.917000000000000481e-01
8.853999999999999648e-01
8.569999999999999840e-01
8.306000000000000050e-01
8.094000000000000083e-01
7.466000000000000414e-01
