5.405999999999999694e-01
4.787000000000000144e-01
3.755999999999999894e-01
2.741000000000000103e-01
2.126000000000000112e-01
1.650000000000000078e-01
1.300000000000000044e-01
9.479999999999999538e-02
8.459999999999999465e-02
6.610000000000000597e-02
5.929999999999999855e-02
6.199999999999999956e-02
6.469999999999999363e-02
6.650000000000000355e-02
9.510000000000000397e-02
1.280000000000000027e-01
1.524000000000000077e-01
1.593999999999999861e-01
1.696000000000000008e-01
1.753000000000000114e-01
1.842000000000000026e-01
1.942000000000000115e-01
2.001999999999999891e-01
2.192999999999999949e-01
2.456000000000000127e-01
2.555000000000000049e-01
2.696000000000000063e-01
2.576999999999999846e-01
2.326999999999999902e-01
2.144000000000000072e-01
2.054999999999999882e-01
2.139000000000000068e-01
2.296999999999999875e-01
2.641000000000000014e-01
3.039000000000000035e-01
3.363999999999999768e-01
3.654000000000000026e-01
3.595999999999999752e-01
3.882999999999999785e-01
3.684999999999999942e-01
3.421000000000000152e-01
3.100999999999999868e-01
2.722999999999999865e-01
2.666000000000000036e-01
2.331999999999999906e-01
1.859999999999999987e-01
1.809999999999999942e-01
1.899000000000000132e-01
1.990999999999999992e-01
2.010000000000000120e-01
2.247999999999999998e-01
2.692999999999999838e-01
2.903000000000000025e-01
3.353999999999999759e-01
3.755000000000000004e-01
4.279999999999999916e-01
5.056000000000000494e-01
5.324999999999999734e-01
5.472000000000000197e-01
5.145999999999999464e-01
5.167000000000000481e-01
5.365999999999999659e-01
5.397999999999999465e-01
5.613000000000000211e-01
5.933000000000000496e-01
6.501000000000000112e-01
6.703000000000000069e-01
6.931000000000000494e-01
7.368999999999999995e-01
7.663999999999999702e-01
8.015999999999999792e-01
8.133000000000000229e-01
8.171000000000000485e-01
8.134000000000000119e-01
8.237999999999999767e-01
8.073000000000000176e-01
7.784999999999999698e-01
7.608000000000000318e-01
7.350999999999999757e-01
7.532999999999999696e-01
7.298000000000000043e-01
7.304000000000000492e-01
7.062000000000000499e-01
7.159999999999999698e-01
7.390999999999999792e-01
7.096999999999999975e-01
7.231999999999999540e-01
7.167000000000000037e-01
7.214000000000000412e-01
7.145000000000000240e-01
7.325000000000000400e-01
7.620999999999999996e-01
7.728000000000000425e-01
8.118999999999999551e-01
8.437999999999999945e-01
8.810000000000000053e-01
8.878000000000000336e-01
8.913999999999999702e-01
9.089000000000000412e-01
9.222000000000000197e-01
9.048000000000000487e-01
9.209000000000000519e-01
9.052999999999999936e-01
9.108000000000000540e-01
8.945999999999999508e-01
8.773999999999999577e-01
8.631999999999999673e-01
8.727000000000000313e-01
8.783999999999999586e-01
8.633999999999999453e-01
8.572999999999999510e-01
8.471999999999999531e-01
8.575000000000000400e-01
8.598999999999999977e-01
8.397999999999999909e-01
8.396000000000000130e-01
8.332000000000000517e-01
8.441999999999999504e-01
8.390999999999999570e-01
8.435000000000000275e-01
8.383000000000000451e-01
8.205000000000000071e-01
8.057999999999999607e-01
8.020000000000000462e-01
7.915999999999999703e-01
8.114000000000000101e-01
8.110000000000000542e-01
8.081000000000000405e-01
8.139999999999999458e-01
8.401999999999999469e-01
8.469999999999999751e-01
8.624000000000000554e-01
8.850999999999999979e-01
8.927000000000000490e-01
8.953999999999999737e-01
8.991999999999999993e-01
8.982999999999999874e-01
8.997000000000000552e-01
8.897000000000000464e-01
8.994999999999999662e-01
8.877000000000000446e-01
8.779000000000000137e-01
8.569999999999999840e-01
8.467000000000000082e-01
8.522999999999999465e-01
8.499999999999999778e-01
8.605000000000000426e-01
8.294000000000000261e-01
8.347999999999999865e-01
8.548999999999999932e-01
8.819000000000000172e-01
8.880000000000000115e-01
8.826000000000000512e-01
8.859000000000000208e-01
8.901000000000000023e-01
8.962999999999999856e-01
8.911000000000000032e-01
8.771999999999999797e-01
8.789000000000000146e-01
8.842999999999999750e-01
8.817000000000000393e-01
8.882999999999999785e-01
8.840000000000000080e-01
8.772999999999999687e-01
8.910000000000000142e-01
8.960000000000000187e-01
8.793999999999999595e-01
8.757000000000000339e-01
8.676000000000000378e-01
8.507000000000000117e-01
8.836000000000000520e-01
8.973999999999999755e-01
8.957000000000000517e-01
8.970000000000000195e-01
8.915999999999999481e-01
9.103999999999999870e-01
9.173999999999999932e-01
9.298999999999999488e-01
9.053999999999999826e-01
9.143000000000000016e-01
8.910000000000000142e-01
9.134999999999999787e-01
9.264999999999999902e-01
9.203000000000000069e-01
9.397999999999999687e-01
9.244999999999999885e-01
9.223000000000000087e-01
9.333000000000000185e-01
9.355999999999999872e-01
9.389999999999999458e-01
9.261000000000000343e-01
9.312000000000000277e-01
9.106999999999999540e-01
9.014999999999999680e-01
8.974999999999999645e-01
8.837000000000000410e-01
8.677000000000000268e-01
8.296999999999999931e-01
8.094000000000000083e-01
7.557000000000000384e-01
7.128999999999999782e-01
6.358000000000000318e-01
5.553000000000000158e-01
4.920999999999999819e-01
4.465999999999999970e-01
4.168000000000000038e-01
3.642000000000000237e-01
3.642000000000000237e-01
3.360000000000000209e-01
3.055999999999999828e-01
3.427999999999999936e-01
3.336999999999999966e-01
3.073000000000000176e-01
3.447999999999999954e-01
4.072999999999999954e-01
4.623999999999999777e-01
5.524999999999999911e-01
6.471999999999999975e-01
7.247999999999999998e-01
7.412999999999999590e-01
8.377000000000000002e-01
8.666000000000000369e-01
8.649000000000000021e-01
8.650999999999999801e-01
7.751000000000000112e-01
