9.084999999999999742e-01
9.096999999999999531e-01
8.895999999999999464e-01
8.769000000000000128e-01
8.938000000000000389e-01
8.861999999999999877e-01
9.064999999999999725e-01
8.933999999999999719e-01
8.958000000000000407e-01
8.915999999999999481e-01
8.909000000000000252e-01
8.973999999999999755e-01
8.943999999999999728e-01
9.024999999999999689e-01
8.950000000000000178e-01
8.791999999999999815e-01
8.781999999999999806e-01
8.732999999999999652e-01
8.647000000000000242e-01
8.466000000000000192e-01
8.339999999999999636e-01
8.012000000000000233e-01
7.740000000000000213e-01
7.924999999999999822e-01
7.780000000000000249e-01
7.917999999999999483e-01
7.812000000000000055e-01
7.942000000000000171e-01
8.053000000000000158e-01
8.253000000000000336e-01
8.316999999999999948e-01
8.250999999999999446e-01
8.498999999999999888e-01
8.489999999999999769e-01
8.394000000000000350e-01
8.477000000000000091e-01
8.578999999999999959e-01
8.672999999999999599e-01
8.743999999999999551e-01
8.770000000000000018e-01
8.776000000000000467e-01
8.836000000000000520e-01
8.895999999999999464e-01
9.073999999999999844e-01
8.921999999999999931e-01
9.004999999999999671e-01
9.043999999999999817e-01
9.105999999999999650e-01
9.102000000000000091e-01
9.153999999999999915e-01
9.203000000000000069e-01
9.356999999999999762e-01
9.272000000000000242e-01
9.237999999999999545e-01
9.223999999999999977e-01
9.256999999999999673e-01
9.244999999999999885e-01
9.173000000000000043e-01
9.150000000000000355e-01
9.042000000000000037e-01
8.822999999999999732e-01
8.881000000000000005e-01
8.829000000000000181e-01
9.059000000000000385e-01
8.960000000000000187e-01
8.985999999999999543e-01
8.848000000000000309e-01
8.991999999999999993e-01
9.134999999999999787e-01
9.283000000000000140e-01
9.345999999999999863e-01
9.346999999999999753e-01
9.328999999999999515e-01
9.151000000000000245e-01
8.974999999999999645e-01
9.197999999999999510e-01
9.262000000000000233e-01
9.474000000000000199e-01
9.360000000000000542e-01
9.425999999999999934e-01
9.354000000000000092e-01
9.364000000000000101e-01
9.435999999999999943e-01
9.424000000000000155e-01
9.508999999999999675e-01
9.488999999999999657e-01
9.543000000000000371e-01
9.415000000000000036e-01
9.423000000000000265e-01
9.423000000000000265e-01
9.583000000000000407e-01
9.502000000000000446e-01
9.562000000000000499e-01
9.697000000000000064e-01
9.525000000000000133e-01
9.537999999999999812e-01
9.522000000000000464e-01
9.463000000000000300e-01
9.506999999999999895e-01
9.504000000000000226e-01
9.547999999999999821e-01
9.538999999999999702e-01
9.535000000000000142e-01
9.710999999999999632e-01
9.510999999999999455e-01
9.498999999999999666e-01
9.596999999999999975e-01
9.463000000000000300e-01
9.643000000000000460e-01
9.576000000000000068e-01
9.504000000000000226e-01
9.485999999999999988e-01
9.433000000000000274e-01
9.375999999999999890e-01
9.475999999999999979e-01
9.414000000000000146e-01
9.468999999999999639e-01
9.345999999999999863e-01
9.364000000000000101e-01
9.052999999999999936e-01
8.935999999999999499e-01
8.757000000000000339e-01
8.460999999999999632e-01
8.094999999999999973e-01
7.674999999999999600e-01
7.319999999999999840e-01
7.055000000000000160e-01
6.780000000000000471e-01
6.441999999999999948e-01
5.844000000000000306e-01
5.877999999999999892e-01
5.547999999999999599e-01
5.486999999999999655e-01
5.625999999999999890e-01
5.697999999999999732e-01
5.827999999999999847e-01
6.251999999999999780e-01
6.276000000000000467e-01
6.389000000000000234e-01
6.574999999999999734e-01
6.716999999999999638e-01
6.840000000000000524e-01
7.086000000000000076e-01
7.018999999999999684e-01
6.997999999999999776e-01
6.965999999999999970e-01
7.026999999999999913e-01
6.772000000000000242e-01
7.090999999999999526e-01
7.167999999999999927e-01
7.277000000000000135e-01
7.355000000000000426e-01
7.524999999999999467e-01
7.738000000000000433e-01
7.851000000000000201e-01
7.849000000000000421e-01
8.100000000000000533e-01
8.181000000000000494e-01
8.315000000000000169e-01
8.417000000000000037e-01
8.508999999999999897e-01
8.550999999999999712e-01
8.467999999999999972e-01
8.288999999999999702e-01
8.082000000000000295e-01
7.789000000000000368e-01
7.354000000000000536e-01
6.594999999999999751e-01
5.513000000000000123e-01
4.712000000000000077e-01
4.067999999999999949e-01
3.289000000000000257e-01
2.523000000000000242e-01
1.872999999999999943e-01
1.353999999999999926e-01
9.900000000000000466e-02
8.440000000000000280e-02
7.180000000000000271e-02
6.779999999999999916e-02
6.360000000000000375e-02
7.510000000000000009e-02
9.669999999999999429e-02
1.315000000000000058e-01
1.572000000000000064e-01
1.973999999999999921e-01
2.315000000000000113e-01
2.485999999999999877e-01
2.617999999999999772e-01
2.802000000000000046e-01
2.816000000000000170e-01
2.767000000000000015e-01
2.550999999999999934e-01
2.268999999999999906e-01
1.991999999999999882e-01
1.753000000000000114e-01
1.539000000000000090e-01
1.292000000000000093e-01
1.086000000000000021e-01
8.820000000000000062e-02
7.499999999999999722e-02
8.480000000000000038e-02
9.139999999999999514e-02
9.370000000000000551e-02
8.609999999999999598e-02
8.010000000000000453e-02
8.219999999999999529e-02
8.409999999999999420e-02
8.619999999999999885e-02
9.299999999999999933e-02
9.420000000000000595e-02
8.659999999999999643e-02
8.899999999999999578e-02
8.920000000000000151e-02
9.710000000000000575e-02
1.102000000000000063e-01
1.095000000000000001e-01
1.207000000000000017e-01
1.279000000000000137e-01
1.147999999999999993e-01
1.217000000000000026e-01
1.391999999999999904e-01
1.567999999999999949e-01
1.595000000000000029e-01
1.491000000000000103e-01
1.476000000000000090e-01
1.703000000000000069e-01
2.026000000000000023e-01
2.459999999999999964e-01
3.150999999999999912e-01
3.832999999999999741e-01
4.426999999999999824e-01
5.009000000000000119e-01
5.875000000000000222e-01
6.653000000000000025e-01
7.052000000000000490e-01
7.460999999999999854e-01
7.814999999999999725e-01
7.959000000000000519e-01
8.056999999999999718e-01
8.045999999999999819e-01
7.956999999999999629e-01
7.895999999999999686e-01
7.603999999999999648e-01
7.514999999999999458e-01
7.490999999999999881e-01
7.393999999999999462e-01
7.506000000000000449e-01
7.601999999999999869e-01
7.681000000000000050e-01
7.717000000000000526e-01
7.852000000000000091e-01
7.862000000000000099e-01
7.892000000000000126e-01
8.044000000000000039e-01
8.114000000000000101e-01
8.122000000000000330e-01
8.163000000000000256e-01
8.241000000000000547e-01
8.223000000000000309e-01
8.137999999999999678e-01
8.112000000000000322e-01
7.877999999999999448e-01
7.728000000000000425e-01
7.711000000000000076e-01
7.600999999999999979e-01
7.524999999999999467e-01
7.224000000000000421e-01
7.018999999999999684e-01
6.898999999999999577e-01
6.469000000000000306e-01
5.991999999999999549e-01
5.675000000000000044e-01
5.303999999999999826e-01
5.050999999999999934e-01
4.885999999999999788e-01
4.794999999999999818e-01
4.714999999999999747e-01
4.737000000000000099e-01
4.864999999999999880e-01
4.721000000000000196e-01
4.620000000000000218e-01
4.283000000000000140e-01
4.114999999999999769e-01
3.861999999999999877e-01
3.615999999999999770e-01
3.410000000000000253e-01
3.210000000000000075e-01
3.044999999999999929e-01
2.913000000000000034e-01
2.723999999999999755e-01
2.575999999999999956e-01
2.561999999999999833e-01
2.417999999999999872e-01
2.384999999999999898e-01
2.426999999999999991e-01
2.570999999999999952e-01
2.627999999999999781e-01
3.219000000000000195e-01
4.124999999999999778e-01
4.893000000000000127e-01
5.795000000000000151e-01
6.226000000000000423e-01
6.933000000000000274e-01
7.115000000000000213e-01
7.013000000000000345e-01
6.526999999999999469e-01
