8.497000000000000108e-01
9.475999999999999979e-01
9.537999999999999812e-01
9.274999999999999911e-01
9.111000000000000210e-01
9.092000000000000082e-01
9.032000000000000028e-01
9.022999999999999909e-01
8.900000000000000133e-01
8.590999999999999748e-01
8.497999999999999998e-01
8.306000000000000050e-01
8.305000000000000160e-01
8.218999999999999639e-01
8.269999999999999574e-01
8.273000000000000353e-01
8.191000000000000503e-01
8.143000000000000238e-01
8.067999999999999616e-01
7.973999999999999977e-01
7.897999999999999465e-01
7.829000000000000403e-01
7.753999999999999782e-01
7.720000000000000195e-01
7.751000000000000112e-01
7.821000000000000174e-01
7.932000000000000162e-01
8.102000000000000313e-01
8.308999999999999719e-01
8.530999999999999694e-01
8.841999999999999860e-01
9.083999999999999853e-01
9.257999999999999563e-01
9.213000000000000078e-01
8.867000000000000437e-01
8.489999999999999769e-01
7.993000000000000105e-01
7.409999999999999920e-01
7.027999999999999803e-01
6.428000000000000380e-01
5.989999999999999769e-01
5.370000000000000329e-01
4.506999999999999895e-01
3.925000000000000155e-01
3.173000000000000265e-01
2.341999999999999915e-01
1.564000000000000112e-01
1.126999999999999946e-01
5.790000000000000008e-02
2.340000000000000066e-02
2.529999999999999957e-02
8.699999999999999400e-03
2.730000000000000135e-02
3.150000000000000022e-02
2.149999999999999828e-02
4.889999999999999902e-02
6.090000000000000274e-02
7.660000000000000142e-02
8.659999999999999643e-02
1.233999999999999958e-01
1.413999999999999979e-01
1.539999999999999980e-01
1.484999999999999931e-01
1.131999999999999951e-01
9.600000000000000200e-02
7.960000000000000409e-02
6.279999999999999472e-02
4.970000000000000112e-02
3.339999999999999913e-02
3.309999999999999748e-02
2.249999999999999917e-02
2.489999999999999852e-02
1.839999999999999969e-02
3.679999999999999938e-02
3.090000000000000038e-02
5.659999999999999754e-02
3.250000000000000111e-02
3.649999999999999772e-02
3.339999999999999913e-02
2.779999999999999832e-02
1.379999999999999977e-02
1.060000000000000005e-02
0.000000000000000000e+00
0.000000000000000000e+00
0.000000000000000000e+00
0.000000000000000000e+00
0.000000000000000000e+00
0.000000000000000000e+00
0.000000000000000000e+00
0.000000000000000000e+00
2.200000000000000133e-03
2.500000000000000052e-03
7.100000000000000408e-03
1.230000000000000017e-02
7.599999999999999985e-03
0.000000000000000000e+00
0.000000000000000000e+00
0.000000000000000000e+00
0.000000000000000000e+00
8.999999999999999754e-04
3.399999999999999811e-03
2.200000000000000133e-03
0.000000000000000000e+00
0.000000000000000000e+00
0.000000000000000000e+00
2.399999999999999790e-03
8.999999999999999320e-03
1.220000000000000077e-02
2.040000000000000147e-02
3.039999999999999994e-02
6.899999999999999883e-03
5.499999999999999681e-03
2.799999999999999972e-03
1.179999999999999973e-02
8.300000000000000086e-03
0.000000000000000000e+00
0.000000000000000000e+00
0.000000000000000000e+00
0.000000000000000000e+00
0.000000000000000000e+00
0.000000000000000000e+00
0.000000000000000000e+00
0.000000000000000000e+00
0.000000000000000000e+00
0.000000000000000000e+00
0.000000000000000000e+00
0.000000000000000000e+00
0.000000000000000000e+00
0.000000000000000000e+00
0.000000000000000000e+00
0.000000000000000000e+00
0.000000000000000000e+00
0.000000000000000000e+00
0.000000000000000000e+00
4.199999999999999740e-03
0.000000000000000000e+00
0.000000000000000000e+00
0.000000000000000000e+00
1.000000000000000021e-03
0.000000000000000000e+00
0.000000000000000000e+00
1.149999999999999981e-02
2.409999999999999989e-02
3.219999999999999946e-02
6.010000000000000064e-02
5.090000000000000080e-02
3.529999999999999805e-02
4.479999999999999954e-02
3.090000000000000038e-02
1.290000000000000001e-02
1.679999999999999896e-02
4.499999999999999660e-03
4.199999999999999740e-03
1.699999999999999905e-03
0.000000000000000000e+00
0.000000000000000000e+00
5.300000000000000024e-03
0.000000000000000000e+00
0.000000000000000000e+00
4.100000000000000346e-03
0.000000000000000000e+00
0.000000000000000000e+00
6.899999999999999883e-03
6.499999999999999702e-03
0.000000000000000000e+00
1.000000000000000048e-04
0.000000000000000000e+00
0.000000000000000000e+00
0.000000000000000000e+00
0.000000000000000000e+00
0.000000000000000000e+00
0.000000000000000000e+00
0.000000000000000000e+00
0.000000000000000000e+00
0.000000000000000000e+00
0.000000000000000000e+00
0.000000000000000000e+00
7.000000000000000146e-03
4.199999999999999740e-03
9.499999999999999764e-03
0.000000000000000000e+00
7.499999999999999722e-03
0.000000000000000000e+00
0.000000000000000000e+00
0.000000000000000000e+00
0.000000000000000000e+00
5.300000000000000024e-03
1.299999999999999940e-03
0.000000000000000000e+00
0.000000000000000000e+00
0.000000000000000000e+00
0.000000000000000000e+00
0.000000000000000000e+00
0.000000000000000000e+00
0.000000000000000000e+00
0.000000000000000000e+00
2.599999999999999881e-03
2.089999999999999844e-02
2.580000000000000002e-02
2.610000000000000167e-02
1.810000000000000150e-02
2.799999999999999972e-03
0.000000000000000000e+00
0.000000000000000000e+00
0.000000000000000000e+00
0.000000000000000000e+00
0.000000000000000000e+00
0.000000000000000000e+00
0.000000000000000000e+00
0.000000000000000000e+00
0.000000000000000000e+00
6.300000000000000044e-03
1.099999999999999936e-02
3.549999999999999684e-02
7.380000000000000449e-02
9.110000000000000042e-02
7.169999999999999984e-02
5.770000000000000129e-02
6.160000000000000198e-02
4.540000000000000285e-02
3.819999999999999785e-02
2.400000000000000050e-02
1.640000000000000138e-02
7.499999999999999722e-03
2.799999999999999972e-03
0.000000000000000000e+00
0.000000000000000000e+00
0.000000000000000000e+00
0.000000000000000000e+00
0.000000000000000000e+00
0.000000000000000000e+00
0.000000000000000000e+00
0.000000000000000000e+00
4.899999999999999842e-03
1.559999999999999928e-02
2.270000000000000143e-02
2.779999999999999832e-02
3.610000000000000014e-02
3.090000000000000038e-02
2.610000000000000167e-02
2.980000000000000010e-02
2.290000000000000022e-02
1.370000000000000037e-02
6.499999999999999702e-03
2.200000000000000133e-03
0.000000000000000000e+00
0.000000000000000000e+00
0.000000000000000000e+00
0.000000000000000000e+00
0.000000000000000000e+00
0.000000000000000000e+00
3.399999999999999811e-03
1.179999999999999973e-02
1.060000000000000005e-02
0.000000000000000000e+00
4.599999999999999922e-03
0.000000000000000000e+00
0.000000000000000000e+00
0.000000000000000000e+00
0.000000000000000000e+00
0.000000000000000000e+00
0.000000000000000000e+00
0.000000000000000000e+00
0.000000000000000000e+00
2.399999999999999790e-03
1.799999999999999951e-03
1.899999999999999996e-03
9.799999999999999684e-03
1.880000000000000074e-02
1.700000000000000122e-02
2.740000000000000074e-02
2.149999999999999828e-02
9.299999999999999239e-03
1.469999999999999953e-02
1.810000000000000150e-02
2.359999999999999945e-02
2.779999999999999832e-02
7.400000000000000328e-03
7.100000000000000408e-03
0.000000000000000000e+00
2.299999999999999961e-03
0.000000000000000000e+00
1.199999999999999895e-03
0.000000000000000000e+00
0.000000000000000000e+00
0.000000000000000000e+00
1.799999999999999864e-02
3.819999999999999785e-02
3.509999999999999926e-02
8.119999999999999440e-02
9.059999999999999998e-02
1.018000000000000016e-01
8.849999999999999534e-02
1.058999999999999941e-01
8.480000000000000038e-02
7.080000000000000182e-02
5.040000000000000036e-02
3.339999999999999913e-02
1.689999999999999836e-02
1.430000000000000021e-02
1.170000000000000033e-02
0.000000000000000000e+00
2.599999999999999881e-03
0.000000000000000000e+00
0.000000000000000000e+00
2.000000000000000042e-03
2.899999999999999800e-03
2.200000000000000133e-03
8.500000000000000611e-03
7.199999999999999803e-03
9.400000000000000369e-03
0.000000000000000000e+00
0.000000000000000000e+00
0.000000000000000000e+00
0.000000000000000000e+00
0.000000000000000000e+00
3.500000000000000073e-03
0.000000000000000000e+00
0.000000000000000000e+00
1.409999999999999969e-02
2.529999999999999957e-02
2.560000000000000123e-02
2.829999999999999877e-02
7.030000000000000138e-02
7.099999999999999367e-02
8.000000000000000167e-02
7.739999999999999658e-02
6.410000000000000420e-02
5.759999999999999842e-02
2.879999999999999921e-02
2.380000000000000171e-02
5.700000000000000205e-03
0.000000000000000000e+00
0.000000000000000000e+00
0.000000000000000000e+00
0.000000000000000000e+00
0.000000000000000000e+00
0.000000000000000000e+00
0.000000000000000000e+00
0.000000000000000000e+00
4.000000000000000192e-04
5.999999999999999474e-04
0.000000000000000000e+00
5.100000000000000366e-03
4.000000000000000083e-03
4.499999999999999660e-03
1.799999999999999951e-03
9.499999999999999764e-03
0.000000000000000000e+00
0.000000000000000000e+00
5.400000000000000286e-03
0.000000000000000000e+00
0.000000000000000000e+00
0.000000000000000000e+00
0.000000000000000000e+00
0.000000000000000000e+00
0.000000000000000000e+00
1.179999999999999973e-02
2.009999999999999981e-02
3.330000000000000321e-02
1.100000000000000066e-03
1.170000000000000033e-02
0.000000000000000000e+00
0.000000000000000000e+00
0.000000000000000000e+00
0.000000000000000000e+00
0.000000000000000000e+00
2.000000000000000042e-03
1.310000000000000053e-02
0.000000000000000000e+00
0.000000000000000000e+00
0.000000000000000000e+00
0.000000000000000000e+00
2.000000000000000096e-04
1.030000000000000013e-02
2.299999999999999961e-03
1.460000000000000013e-02
3.099999999999999978e-02
1.949999999999999997e-02
9.700000000000000289e-03
1.859999999999999848e-02
2.419999999999999929e-02
2.149999999999999828e-02
2.799999999999999972e-03
5.799999999999999600e-03
1.089999999999999997e-02
0.000000000000000000e+00
0.000000000000000000e+00
0.000000000000000000e+00
1.799999999999999951e-03
0.000000000000000000e+00
4.400000000000000265e-03
1.319999999999999993e-02
2.029999999999999860e-02
3.699999999999999817e-02
2.949999999999999845e-02
4.240000000000000019e-02
4.009999999999999676e-02
4.449999999999999789e-02
4.619999999999999801e-02
4.120000000000000051e-02
3.670000000000000345e-02
5.290000000000000258e-02
5.240000000000000213e-02
7.960000000000000409e-02
8.809999999999999776e-02
1.100000000000000006e-01
1.506000000000000116e-01
1.663000000000000034e-01
2.300000000000000100e-01
2.843999999999999861e-01
3.643000000000000127e-01
4.652000000000000024e-01
5.454999999999999849e-01
6.712000000000000188e-01
7.319999999999999840e-01
7.597000000000000419e-01
7.865999999999999659e-01
8.260999999999999455e-01
8.538000000000000034e-01
8.911999999999999922e-01
9.112999999999999989e-01
9.207999999999999519e-01
9.162000000000000144e-01
9.308999999999999497e-01
9.298999999999999488e-01
9.462000000000000410e-01
9.379999999999999449e-01
9.357999999999999652e-01
9.083999999999999853e-01
8.990000000000000213e-01
8.959000000000000297e-01
8.762999999999999678e-01
8.998000000000000442e-01
9.232000000000000206e-01
9.304000000000000048e-01
9.234999999999999876e-01
9.071000000000000174e-01
8.943999999999999728e-01
9.115999999999999659e-01
9.264999999999999902e-01
9.322000000000000286e-01
9.125999999999999668e-01
9.467999999999999750e-01
9.593000000000000416e-01
9.582000000000000517e-01
9.585000000000000187e-01
9.573000000000000398e-01
9.587999999999999856e-01
9.673000000000000487e-01
9.800999999999999712e-01
9.769999999999999796e-01
9.788999999999999924e-01
9.955000000000000515e-01
9.859999999999999876e-01
9.835000000000000409e-01
9.808999999999999941e-01
9.739999999999999769e-01
9.764000000000000457e-01
9.920999999999999819e-01
9.827000000000000179e-01
9.866000000000000325e-01
9.865000000000000435e-01
9.811999999999999611e-01
9.758000000000000007e-01
9.789999999999999813e-01
9.650999999999999579e-01
9.422000000000000375e-01
9.673000000000000487e-01
9.817000000000000171e-01
9.431000000000000494e-01
9.704000000000000403e-01
9.789999999999999813e-01
9.786000000000000254e-01
9.758999999999999897e-01
9.415000000000000036e-01
9.707000000000000073e-01
9.819999999999999840e-01
9.818000000000000060e-01
9.798999999999999932e-01
9.809999999999999831e-01
9.764000000000000457e-01
9.684000000000000385e-01
9.859999999999999876e-01
1.000000000000000000e+00
1.000000000000000000e+00
9.197999999999999510e-01
9.064999999999999725e-01
9.411000000000000476e-01
8.857000000000000428e-01
8.487000000000000099e-01
8.178999999999999604e-01
7.688000000000000389e-01
7.715999999999999526e-01
7.420999999999999819e-01
7.405000000000000471e-01
6.868999999999999551e-01
6.957999999999999741e-01
6.766999999999999682e-01
6.916999999999999815e-01
6.490000000000000213e-01
6.752000000000000224e-01
6.522000000000000020e-01
6.745999999999999774e-01
6.441999999999999948e-01
6.715999999999999748e-01
6.453999999999999737e-01
6.683999999999999941e-01
6.438000000000000389e-01
6.691000000000000281e-01
6.432999999999999829e-01
6.653999999999999915e-01
6.439000000000000279e-01
6.669000000000000483e-01
6.425999999999999490e-01
6.637999999999999456e-01
6.433999999999999719e-01
6.643999999999999906e-01
6.420000000000000151e-01
6.624999999999999778e-01
6.424999999999999600e-01
6.620000000000000329e-01
6.414999999999999591e-01
6.612000000000000099e-01
6.415999999999999481e-01
6.600000000000000311e-01
6.413999999999999702e-01
6.600000000000000311e-01
6.411999999999999922e-01
6.582999999999999963e-01
6.421000000000000041e-01
6.603999999999999870e-01
6.461999999999999966e-01
6.635999999999999677e-01
6.516999999999999460e-01
6.568000000000000504e-01
6.209000000000000075e-01
6.592000000000000082e-01
6.411000000000000032e-01
6.580000000000000293e-01
6.415999999999999481e-01
6.592999999999999972e-01
6.385999999999999455e-01
6.585999999999999632e-01
6.399000000000000243e-01
6.573999999999999844e-01
6.392999999999999794e-01
6.592000000000000082e-01
6.405999999999999472e-01
6.588000000000000522e-01
6.442999999999999838e-01
6.665999999999999703e-01
6.524999999999999689e-01
6.786999999999999700e-01
6.656999999999999584e-01
6.971000000000000529e-01
6.917999999999999705e-01
6.922000000000000375e-01
6.975000000000000089e-01
6.937999999999999723e-01
6.949999999999999512e-01
6.981000000000000538e-01
6.983000000000000318e-01
6.978999999999999648e-01
7.008999999999999675e-01
7.029999999999999583e-01
7.026999999999999913e-01
7.046000000000000041e-01
7.077999999999999847e-01
7.086999999999999966e-01
7.096999999999999975e-01
7.129999999999999671e-01
7.154000000000000359e-01
7.163000000000000478e-01
7.187999999999999945e-01
7.218999999999999861e-01
7.233000000000000540e-01
7.246000000000000218e-01
7.267000000000000126e-01
7.276000000000000245e-01
7.270999999999999686e-01
7.268999999999999906e-01
7.271999999999999575e-01
7.300999999999999712e-01
7.419000000000000039e-01
7.604999999999999538e-01
7.822999999999999954e-01
8.406000000000000139e-01
8.728000000000000203e-01
8.712999999999999634e-01
8.846000000000000529e-01
9.129000000000000448e-01
9.022999999999999909e-01
9.314999999999999947e-01
9.350000000000000533e-01
9.398999999999999577e-01
9.342000000000000304e-01
9.313000000000000167e-01
9.618999999999999773e-01
9.915000000000000480e-01
9.959000000000000075e-01
9.955000000000000515e-01
9.971999999999999753e-01
9.909000000000000030e-01
9.829999999999999849e-01
9.816000000000000281e-01
9.789999999999999813e-01
9.584000000000000297e-01
9.905000000000000471e-01
9.913999999999999480e-01
9.939000000000000057e-01
9.807000000000000162e-01
9.822999999999999510e-01
9.950999999999999845e-01
1.000000000000000000e+00
1.000000000000000000e+00
9.970999999999999863e-01
9.719999999999999751e-01
9.820999999999999730e-01
9.989999999999999991e-01
1.000000000000000000e+00
1.000000000000000000e+00
1.000000000000000000e+00
1.000000000000000000e+00
1.000000000000000000e+00
9.970999999999999863e-01
9.927000000000000268e-01
9.563000000000000389e-01
9.839999999999999858e-01
9.988000000000000211e-01
9.977000000000000313e-01
9.991999999999999771e-01
9.939000000000000057e-01
9.856000000000000316e-01
9.915000000000000480e-01
9.848000000000000087e-01
9.612000000000000544e-01
9.707999999999999963e-01
9.857000000000000206e-01
9.910999999999999810e-01
9.932999999999999607e-01
9.778999999999999915e-01
9.589999999999999636e-01
9.438999999999999613e-01
9.701999999999999513e-01
9.856000000000000316e-01
9.871999999999999664e-01
9.906000000000000361e-01
9.871999999999999664e-01
9.911999999999999700e-01
9.962999999999999634e-01
1.000000000000000000e+00
9.909999999999999920e-01
9.940999999999999837e-01
9.713000000000000522e-01
9.878000000000000114e-01
1.000000000000000000e+00
9.977000000000000313e-01
1.000000000000000000e+00
9.977000000000000313e-01
9.788999999999999924e-01
9.862999999999999545e-01
9.861999999999999655e-01
1.000000000000000000e+00
9.945000000000000506e-01
9.832999999999999519e-01
9.744000000000000439e-01
9.736000000000000210e-01
9.898000000000000131e-01
9.831999999999999629e-01
1.000000000000000000e+00
1.000000000000000000e+00
1.000000000000000000e+00
1.000000000000000000e+00
9.942999999999999616e-01
9.941999999999999726e-01
9.885000000000000453e-01
9.851999999999999647e-01
9.771999999999999575e-01
9.643000000000000460e-01
9.555000000000000160e-01
9.536999999999999922e-01
9.625000000000000222e-01
9.588999999999999746e-01
9.577999999999999847e-01
9.453000000000000291e-01
9.489999999999999547e-01
9.476999999999999869e-01
9.274000000000000021e-01
9.278999999999999471e-01
9.277999999999999581e-01
9.192000000000000171e-01
9.174999999999999822e-01
9.062000000000000055e-01
9.203999999999999959e-01
9.173999999999999932e-01
9.615000000000000213e-01
9.814000000000000501e-01
9.856000000000000316e-01
9.827000000000000179e-01
9.864000000000000545e-01
9.885000000000000453e-01
9.971999999999999753e-01
9.877000000000000224e-01
9.917000000000000259e-01
9.952999999999999625e-01
9.879000000000000004e-01
9.811999999999999611e-01
9.827000000000000179e-01
9.889999999999999902e-01
9.741999999999999549e-01
9.797000000000000153e-01
9.890999999999999792e-01
9.785000000000000364e-01
9.832999999999999519e-01
9.958000000000000185e-01
9.939000000000000057e-01
9.987000000000000322e-01
9.805000000000000382e-01
9.774000000000000465e-01
9.852999999999999536e-01
9.801999999999999602e-01
9.760999999999999677e-01
9.747000000000000108e-01
9.919999999999999929e-01
9.892999999999999572e-01
9.818000000000000060e-01
9.957000000000000295e-01
9.875000000000000444e-01
9.779999999999999805e-01
9.725000000000000311e-01
9.630999999999999561e-01
9.701999999999999513e-01
9.774000000000000465e-01
9.800999999999999712e-01
9.875000000000000444e-01
9.909999999999999920e-01
9.857000000000000206e-01
9.892999999999999572e-01
9.886000000000000343e-01
9.699999999999999734e-01
9.614000000000000323e-01
9.737999999999999989e-01
9.727999999999999980e-01
9.751999999999999558e-01
9.705000000000000293e-01
9.834000000000000519e-01
9.710999999999999632e-01
9.760999999999999677e-01
9.798999999999999932e-01
9.882999999999999563e-01
9.751999999999999558e-01
9.726000000000000201e-01
9.695000000000000284e-01
9.624000000000000332e-01
9.637999999999999901e-01
9.587999999999999856e-01
9.616999999999999993e-01
9.683000000000000496e-01
9.640999999999999570e-01
9.686000000000000165e-01
9.726000000000000201e-01
9.694000000000000394e-01
9.877000000000000224e-01
9.890999999999999792e-01
9.883999999999999453e-01
9.768000000000000016e-01
9.921999999999999709e-01
9.776000000000000245e-01
9.851999999999999647e-01
9.978000000000000203e-01
1.000000000000000000e+00
9.937000000000000277e-01
9.946000000000000396e-01
9.933999999999999497e-01
9.830999999999999739e-01
9.951999999999999735e-01
9.919999999999999929e-01
9.856000000000000316e-01
9.919000000000000039e-01
9.809999999999999831e-01
9.808999999999999941e-01
9.806000000000000272e-01
9.807000000000000162e-01
9.881999999999999673e-01
9.876000000000000334e-01
1.000000000000000000e+00
9.968000000000000194e-01
1.000000000000000000e+00
9.897000000000000242e-01
9.918000000000000149e-01
9.832999999999999519e-01
9.874000000000000554e-01
9.949999999999999956e-01
1.000000000000000000e+00
1.000000000000000000e+00
9.992999999999999661e-01
1.000000000000000000e+00
9.917000000000000259e-01
9.747999999999999998e-01
9.715000000000000302e-01
9.796000000000000263e-01
9.846000000000000307e-01
9.850999999999999757e-01
9.921999999999999709e-01
9.767000000000000126e-01
9.755000000000000338e-01
9.829999999999999849e-01
9.790999999999999703e-01
9.805000000000000382e-01
9.876000000000000334e-01
9.911999999999999700e-01
9.887000000000000233e-01
9.929000000000000048e-01
9.946000000000000396e-01
9.961999999999999744e-01
9.963999999999999524e-01
9.737000000000000099e-01
9.790999999999999703e-01
9.724000000000000421e-01
9.726000000000000201e-01
9.747000000000000108e-01
9.771999999999999575e-01
1.000000000000000000e+00
9.805000000000000382e-01
9.821999999999999620e-01
9.744000000000000439e-01
9.759999999999999787e-01
9.816000000000000281e-01
9.781999999999999584e-01
9.806000000000000272e-01
9.772999999999999465e-01
9.883999999999999453e-01
9.747999999999999998e-01
9.801999999999999602e-01
9.870999999999999774e-01
9.943999999999999506e-01
9.842999999999999527e-01
9.788000000000000034e-01
9.844000000000000528e-01
9.780999999999999694e-01
9.729999999999999760e-01
9.790999999999999703e-01
9.795000000000000373e-01
9.818999999999999950e-01
9.961999999999999744e-01
9.861999999999999655e-01
9.837000000000000188e-01
9.908000000000000140e-01
9.815000000000000391e-01
9.836000000000000298e-01
9.889000000000000012e-01
9.919000000000000039e-01
1.000000000000000000e+00
1.000000000000000000e+00
1.000000000000000000e+00
1.000000000000000000e+00
9.929000000000000048e-01
9.919999999999999929e-01
9.942999999999999616e-01
9.998000000000000220e-01
9.886000000000000343e-01
9.930999999999999828e-01
9.972999999999999643e-01
9.909000000000000030e-01
9.915000000000000480e-01
9.650999999999999579e-01
9.805000000000000382e-01
9.871999999999999664e-01
9.832999999999999519e-01
9.671999999999999487e-01
9.676000000000000156e-01
9.719999999999999751e-01
9.740999999999999659e-01
9.595000000000000195e-01
9.801999999999999602e-01
9.680999999999999606e-01
9.755000000000000338e-01
9.840999999999999748e-01
1.000000000000000000e+00
9.921999999999999709e-01
9.798999999999999932e-01
9.864000000000000545e-01
9.872999999999999554e-01
9.887000000000000233e-01
1.000000000000000000e+00
9.918000000000000149e-01
1.000000000000000000e+00
9.864000000000000545e-01
9.792999999999999483e-01
9.767000000000000126e-01
9.771999999999999575e-01
9.808000000000000052e-01
9.915000000000000480e-01
9.923999999999999488e-01
9.778999999999999915e-01
9.838999999999999968e-01
9.798999999999999932e-01
9.582000000000000517e-01
9.718999999999999861e-01
9.635000000000000231e-01
9.636000000000000121e-01
9.512000000000000455e-01
9.559999999999999609e-01
9.577999999999999847e-01
9.671999999999999487e-01
9.647999999999999909e-01
9.762999999999999456e-01
9.739999999999999769e-01
9.687999999999999945e-01
9.700999999999999623e-01
9.617999999999999883e-01
9.545000000000000151e-01
9.574000000000000288e-01
9.342000000000000304e-01
9.337999999999999634e-01
9.209000000000000519e-01
8.867000000000000437e-01
8.779000000000000137e-01
8.612999999999999545e-01
8.435000000000000275e-01
8.292000000000000481e-01
8.276000000000000023e-01
8.095999999999999863e-01
7.997999999999999554e-01
7.963999999999999968e-01
7.770000000000000240e-01
7.850000000000000311e-01
7.793999999999999817e-01
8.255000000000000115e-01
8.296000000000000041e-01
8.666000000000000369e-01
8.668000000000000149e-01
8.863999999999999657e-01
8.828000000000000291e-01
8.947000000000000508e-01
9.393000000000000238e-01
9.673000000000000487e-01
9.774000000000000465e-01
9.755000000000000338e-01
9.841999999999999638e-01
9.889999999999999902e-01
1.000000000000000000e+00
9.926000000000000378e-01
9.816000000000000281e-01
9.842999999999999527e-01
9.916000000000000369e-01
9.848000000000000087e-01
9.792999999999999483e-01
9.747999999999999998e-01
9.818999999999999950e-01
9.899999999999999911e-01
9.965000000000000524e-01
9.879000000000000004e-01
9.891999999999999682e-01
9.893999999999999462e-01
9.807000000000000162e-01
9.829999999999999849e-01
9.536000000000000032e-01
9.615000000000000213e-01
9.566999999999999948e-01
9.475000000000000089e-01
9.419999999999999485e-01
9.379999999999999449e-01
9.154999999999999805e-01
8.164000000000000146e-01
