8.512999999999999456e-01
8.362000000000000544e-01
8.096999999999999753e-01
8.047999999999999599e-01
8.095999999999999863e-01
7.877999999999999448e-01
7.671999999999999931e-01
7.486000000000000432e-01
7.699000000000000288e-01
7.743999999999999773e-01
7.720000000000000195e-01
7.879000000000000448e-01
7.775999999999999579e-01
8.036999999999999700e-01
8.075999999999999845e-01
8.152000000000000357e-01
8.214000000000000190e-01
8.102000000000000313e-01
7.782999999999999918e-01
7.471999999999999753e-01
7.155000000000000249e-01
6.746999999999999664e-01
6.898999999999999577e-01
6.681000000000000272e-01
6.559000000000000385e-01
6.091999999999999638e-01
5.356999999999999540e-01
4.575000000000000178e-01
4.017999999999999905e-01
3.553000000000000047e-01
3.014999999999999902e-01
2.801000000000000156e-01
2.497999999999999943e-01
1.963999999999999913e-01
1.885999999999999899e-01
1.781000000000000083e-01
1.764000000000000012e-01
1.827000000000000013e-01
1.943999999999999895e-01
2.091999999999999971e-01
1.950999999999999956e-01
1.804000000000000048e-01
1.744999999999999885e-01
1.776000000000000079e-01
1.753000000000000114e-01
1.691000000000000003e-01
1.545999999999999874e-01
1.729999999999999871e-01
1.794999999999999929e-01
1.670999999999999985e-01
1.529999999999999971e-01
1.355000000000000093e-01
1.388000000000000067e-01
1.257000000000000062e-01
9.210000000000000131e-02
1.073000000000000065e-01
1.214999999999999969e-01
1.572000000000000064e-01
2.018000000000000071e-01
2.503000000000000225e-01
3.311000000000000054e-01
4.073999999999999844e-01
4.803000000000000047e-01
5.406999999999999584e-01
6.088999999999999968e-01
6.323999999999999622e-01
6.519000000000000350e-01
6.750000000000000444e-01
6.776999999999999691e-01
7.082000000000000517e-01
7.213000000000000522e-01
7.613999999999999657e-01
7.698000000000000398e-01
7.674999999999999600e-01
7.840000000000000302e-01
8.082000000000000295e-01
8.386000000000000121e-01
8.391999999999999460e-01
8.507000000000000117e-01
8.673999999999999488e-01
8.741999999999999771e-01
8.887000000000000455e-01
9.012000000000000011e-01
9.078000000000000513e-01
9.155999999999999694e-01
9.171000000000000263e-01
9.233999999999999986e-01
9.290000000000000480e-01
9.268999999999999462e-01
9.284999999999999920e-01
9.281000000000000361e-01
9.221000000000000307e-01
9.200000000000000400e-01
9.157999999999999474e-01
9.049000000000000377e-01
9.022999999999999909e-01
8.860000000000000098e-01
8.729999999999999982e-01
8.500999999999999668e-01
8.416000000000000147e-01
8.397999999999999909e-01
8.204000000000000181e-01
8.182000000000000384e-01
8.155999999999999917e-01
8.216999999999999860e-01
8.088999999999999524e-01
8.064000000000000057e-01
8.189999999999999503e-01
8.277999999999999803e-01
8.527000000000000135e-01
8.792999999999999705e-01
9.005999999999999561e-01
9.263000000000000123e-01
9.163000000000000034e-01
8.992999999999999883e-01
8.879000000000000226e-01
8.608999999999999986e-01
8.453000000000000513e-01
8.257999999999999785e-01
8.050000000000000488e-01
7.733999999999999764e-01
7.307000000000000162e-01
6.935000000000000053e-01
6.497000000000000552e-01
5.862000000000000544e-01
5.491000000000000325e-01
5.127000000000000446e-01
4.948000000000000176e-01
4.945999999999999841e-01
5.071999999999999842e-01
5.104999999999999538e-01
5.554000000000000048e-01
6.005000000000000338e-01
6.502000000000000002e-01
6.531000000000000139e-01
6.615999999999999659e-01
6.524999999999999689e-01
6.684999999999999831e-01
6.951000000000000512e-01
7.108999999999999764e-01
7.179999999999999716e-01
7.497000000000000330e-01
7.885999999999999677e-01
8.161000000000000476e-01
8.226999999999999869e-01
8.279999999999999583e-01
8.231000000000000538e-01
8.181000000000000494e-01
8.000000000000000444e-01
7.692999999999999838e-01
7.471999999999999753e-01
7.560999999999999943e-01
7.247999999999999998e-01
6.964000000000000190e-01
6.787999999999999590e-01
6.672000000000000153e-01
6.522000000000000020e-01
6.132999999999999563e-01
6.029999999999999805e-01
5.797999999999999821e-01
5.686999999999999833e-01
5.386999999999999567e-01
5.334999999999999742e-01
5.114999999999999547e-01
4.873000000000000109e-01
4.895999999999999797e-01
4.857000000000000206e-01
4.497999999999999776e-01
4.167000000000000148e-01
3.881000000000000005e-01
3.302999999999999825e-01
3.158000000000000251e-01
2.975999999999999757e-01
3.074999999999999956e-01
3.230000000000000093e-01
3.452000000000000068e-01
3.561000000000000276e-01
3.400000000000000244e-01
3.181999999999999829e-01
3.034999999999999920e-01
2.748999999999999777e-01
2.837999999999999967e-01
2.863999999999999879e-01
2.786000000000000143e-01
2.829999999999999738e-01
2.787999999999999923e-01
2.983000000000000096e-01
3.063000000000000167e-01
3.396000000000000130e-01
3.637000000000000233e-01
3.822999999999999732e-01
4.015000000000000235e-01
4.259000000000000008e-01
4.341999999999999749e-01
4.549000000000000266e-01
4.768000000000000016e-01
5.052999999999999714e-01
5.322999999999999954e-01
5.432000000000000162e-01
5.679999999999999494e-01
5.708999999999999631e-01
5.899999999999999689e-01
5.800999999999999490e-01
5.691000000000000503e-01
5.292999999999999927e-01
4.536999999999999922e-01
3.464999999999999747e-01
2.409000000000000030e-01
1.942000000000000115e-01
1.484999999999999931e-01
1.018000000000000016e-01
7.679999999999999327e-02
6.270000000000000573e-02
5.210000000000000048e-02
5.899999999999999689e-02
6.199999999999999956e-02
7.950000000000000122e-02
7.380000000000000449e-02
5.589999999999999830e-02
4.359999999999999987e-02
3.350000000000000200e-02
2.220000000000000098e-02
9.900000000000000813e-03
1.739999999999999880e-02
1.069999999999999944e-02
2.319999999999999840e-02
2.259999999999999856e-02
2.199999999999999872e-02
1.940000000000000058e-02
1.149999999999999981e-02
1.319999999999999993e-02
5.599999999999999943e-03
1.500000000000000031e-03
0.000000000000000000e+00
0.000000000000000000e+00
0.000000000000000000e+00
0.000000000000000000e+00
0.000000000000000000e+00
0.000000000000000000e+00
3.500000000000000073e-03
2.799999999999999972e-03
0.000000000000000000e+00
0.000000000000000000e+00
0.000000000000000000e+00
6.799999999999999621e-03
1.969999999999999876e-02
2.210000000000000159e-02
3.269999999999999990e-02
2.549999999999999836e-02
2.189999999999999933e-02
4.279999999999999777e-02
5.109999999999999959e-02
6.339999999999999802e-02
6.880000000000000004e-02
1.024999999999999939e-01
1.199000000000000066e-01
1.532999999999999918e-01
2.343999999999999972e-01
3.064999999999999947e-01
3.648000000000000131e-01
4.426999999999999824e-01
5.473000000000000087e-01
6.210999999999999854e-01
6.751000000000000334e-01
7.299999999999999822e-01
7.403999999999999471e-01
7.710000000000000187e-01
7.569000000000000172e-01
7.004000000000000226e-01
