8.746000000000000441e-01
9.226999999999999647e-01
9.050000000000000266e-01
8.836000000000000520e-01
8.863999999999999657e-01
8.808000000000000274e-01
8.806000000000000494e-01
8.812999999999999723e-01
8.840000000000000080e-01
8.842999999999999750e-01
8.909000000000000252e-01
8.910000000000000142e-01
8.826000000000000512e-01
8.798000000000000265e-01
8.793999999999999595e-01
8.773999999999999577e-01
8.760999999999999899e-01
8.870999999999999996e-01
8.770000000000000018e-01
8.670999999999999819e-01
8.622999999999999554e-01
8.606000000000000316e-01
8.690999999999999837e-01
8.810999999999999943e-01
8.830999999999999961e-01
8.731999999999999762e-01
8.895999999999999464e-01
8.931000000000000050e-01
8.928000000000000380e-01
8.963999999999999746e-01
8.980000000000000204e-01
9.118000000000000549e-01
9.127999999999999448e-01
9.167999999999999483e-01
9.135999999999999677e-01
9.189000000000000501e-01
9.290000000000000480e-01
9.412000000000000366e-01
9.147999999999999465e-01
9.261000000000000343e-01
9.243000000000000105e-01
9.277999999999999581e-01
9.482000000000000428e-01
9.552000000000000490e-01
9.596000000000000085e-01
9.667999999999999927e-01
9.529999999999999583e-01
9.384000000000000119e-01
9.320000000000000506e-01
9.540999999999999481e-01
9.308999999999999497e-01
9.391000000000000458e-01
9.373000000000000220e-01
9.344999999999999973e-01
9.330000000000000515e-01
9.316999999999999726e-01
9.260000000000000453e-01
9.345999999999999863e-01
9.263000000000000123e-01
9.478999999999999648e-01
9.314999999999999947e-01
9.564000000000000279e-01
9.414000000000000146e-01
9.678999999999999826e-01
9.543000000000000371e-01
9.475999999999999979e-01
9.548999999999999710e-01
9.606000000000000094e-01
9.472000000000000419e-01
9.273000000000000131e-01
9.174999999999999822e-01
8.957000000000000517e-01
8.431999999999999496e-01
7.708000000000000407e-01
6.841000000000000414e-01
5.987000000000000099e-01
5.066000000000000503e-01
4.325999999999999845e-01
3.353999999999999759e-01
2.641999999999999904e-01
2.144999999999999962e-01
1.491999999999999993e-01
1.000000000000000056e-01
8.010000000000000453e-02
6.040000000000000230e-02
5.500000000000000028e-02
5.609999999999999709e-02
5.940000000000000141e-02
5.779999999999999721e-02
7.789999999999999702e-02
1.052000000000000018e-01
1.260999999999999899e-01
1.598999999999999866e-01
1.579000000000000126e-01
1.663000000000000034e-01
1.711000000000000021e-01
1.983999999999999930e-01
2.235999999999999932e-01
2.421000000000000096e-01
2.843999999999999861e-01
3.428999999999999826e-01
3.726999999999999758e-01
3.952999999999999847e-01
3.982999999999999874e-01
3.824000000000000177e-01
3.674999999999999933e-01
3.452000000000000068e-01
3.145000000000000018e-01
2.844999999999999751e-01
2.506999999999999784e-01
2.061999999999999944e-01
2.020000000000000129e-01
2.218999999999999861e-01
2.330000000000000127e-01
2.671000000000000041e-01
3.106999999999999762e-01
3.499999999999999778e-01
3.977999999999999869e-01
4.279999999999999916e-01
4.269000000000000017e-01
4.546000000000000041e-01
4.691000000000000170e-01
4.813999999999999946e-01
4.747000000000000108e-01
4.728999999999999870e-01
4.764999999999999791e-01
4.717000000000000082e-01
4.573999999999999733e-01
4.445999999999999952e-01
4.173000000000000043e-01
4.419000000000000150e-01
4.371999999999999775e-01
4.647000000000000020e-01
4.998000000000000220e-01
5.354999999999999760e-01
5.695999999999999952e-01
5.924000000000000377e-01
6.350000000000000089e-01
6.442999999999999838e-01
6.955000000000000071e-01
7.205000000000000293e-01
7.550999999999999934e-01
7.903000000000000025e-01
8.052000000000000268e-01
8.207999999999999741e-01
8.517000000000000126e-01
8.729999999999999982e-01
8.847000000000000419e-01
8.861999999999999877e-01
8.858000000000000318e-01
8.892999999999999794e-01
8.803999999999999604e-01
8.963999999999999746e-01
8.869000000000000217e-01
8.999000000000000332e-01
9.116999999999999549e-01
9.187999999999999501e-01
9.061000000000000165e-01
9.106999999999999540e-01
9.124999999999999778e-01
9.133000000000000007e-01
9.105999999999999650e-01
9.104999999999999760e-01
9.040000000000000258e-01
9.105999999999999650e-01
9.134999999999999787e-01
9.197999999999999510e-01
9.136999999999999567e-01
9.206999999999999629e-01
9.219000000000000528e-01
9.277999999999999581e-01
9.230000000000000426e-01
9.130000000000000338e-01
9.076999999999999513e-01
9.069000000000000394e-01
8.919000000000000261e-01
8.969000000000000306e-01
8.960000000000000187e-01
8.999000000000000332e-01
9.144999999999999796e-01
9.214999999999999858e-01
9.167999999999999483e-01
9.149000000000000465e-01
9.032999999999999918e-01
9.012000000000000011e-01
9.012999999999999901e-01
9.056999999999999496e-01
9.181000000000000272e-01
9.223000000000000087e-01
9.040000000000000258e-01
9.012999999999999901e-01
9.029000000000000359e-01
8.993999999999999773e-01
9.118000000000000549e-01
9.065999999999999615e-01
9.081000000000000183e-01
8.951999999999999957e-01
9.194999999999999840e-01
9.408999999999999586e-01
9.365999999999999881e-01
9.427999999999999714e-01
9.165999999999999703e-01
9.332000000000000295e-01
9.345999999999999863e-01
9.355999999999999872e-01
9.533000000000000362e-01
9.453000000000000291e-01
9.446999999999999842e-01
9.383000000000000229e-01
9.355999999999999872e-01
9.356999999999999762e-01
9.324999999999999956e-01
9.072999999999999954e-01
9.022000000000000020e-01
8.937000000000000499e-01
9.111000000000000210e-01
8.649999999999999911e-01
8.592999999999999527e-01
8.964999999999999636e-01
8.840999999999999970e-01
8.937000000000000499e-01
9.068000000000000504e-01
9.183999999999999941e-01
8.988000000000000433e-01
9.033999999999999808e-01
8.941000000000000059e-01
9.043999999999999817e-01
9.043999999999999817e-01
9.048000000000000487e-01
9.295999999999999819e-01
9.216999999999999638e-01
9.183000000000000052e-01
9.315999999999999837e-01
9.224999999999999867e-01
9.054999999999999716e-01
9.006999999999999451e-01
9.062999999999999945e-01
9.133999999999999897e-01
9.257999999999999563e-01
9.201000000000000290e-01
9.096999999999999531e-01
9.264999999999999902e-01
9.114999999999999769e-01
9.186999999999999611e-01
9.217999999999999527e-01
9.331000000000000405e-01
9.356999999999999762e-01
9.268999999999999462e-01
9.371000000000000441e-01
9.283000000000000140e-01
9.360000000000000542e-01
9.242000000000000215e-01
9.250000000000000444e-01
9.170000000000000373e-01
9.191000000000000281e-01
9.062000000000000055e-01
8.869000000000000217e-01
8.559999999999999831e-01
8.693999999999999506e-01
8.741999999999999771e-01
8.682999999999999607e-01
8.650999999999999801e-01
8.547000000000000153e-01
8.375000000000000222e-01
8.217999999999999750e-01
8.135999999999999899e-01
7.982000000000000206e-01
7.774999999999999689e-01
7.547000000000000375e-01
7.630000000000000115e-01
7.523999999999999577e-01
7.529000000000000137e-01
7.651999999999999913e-01
7.637000000000000455e-01
7.580000000000000071e-01
8.010000000000000453e-01
8.083000000000000185e-01
8.235000000000000098e-01
8.397000000000000020e-01
8.498999999999999888e-01
8.588000000000000078e-01
8.698000000000000176e-01
8.794999999999999485e-01
8.752999999999999670e-01
8.707000000000000295e-01
8.651999999999999691e-01
8.819000000000000172e-01
8.859000000000000208e-01
8.980000000000000204e-01
9.005999999999999561e-01
9.142000000000000126e-01
9.062999999999999945e-01
8.973999999999999755e-01
8.957000000000000517e-01
8.981000000000000094e-01
9.028000000000000469e-01
9.199000000000000510e-01
9.103999999999999870e-01
9.196999999999999620e-01
9.181000000000000272e-01
9.167999999999999483e-01
9.033999999999999808e-01
9.026999999999999469e-01
8.911999999999999922e-01
8.892999999999999794e-01
8.945999999999999508e-01
8.890000000000000124e-01
8.942999999999999838e-01
9.111000000000000210e-01
9.170000000000000373e-01
9.260000000000000453e-01
9.375999999999999890e-01
9.336999999999999744e-01
9.209000000000000519e-01
9.307999999999999607e-01
9.161000000000000254e-01
9.076999999999999513e-01
9.135999999999999677e-01
9.234999999999999876e-01
9.244999999999999885e-01
9.211000000000000298e-01
9.256999999999999673e-01
9.254000000000000004e-01
9.344999999999999973e-01
9.345999999999999863e-01
9.294999999999999929e-01
9.230000000000000426e-01
9.286999999999999700e-01
9.300000000000000488e-01
9.263000000000000123e-01
9.243999999999999995e-01
9.233000000000000096e-01
9.301000000000000378e-01
9.294999999999999929e-01
9.321000000000000396e-01
9.235999999999999766e-01
9.185999999999999721e-01
9.113999999999999879e-01
9.015999999999999570e-01
8.929000000000000270e-01
9.002000000000000002e-01
9.059000000000000385e-01
9.141000000000000236e-01
9.173000000000000043e-01
9.136999999999999567e-01
9.161000000000000254e-01
9.181000000000000272e-01
9.156999999999999584e-01
9.287999999999999590e-01
9.286999999999999700e-01
9.334999999999999964e-01
9.367999999999999661e-01
9.375000000000000000e-01
9.333000000000000185e-01
9.367999999999999661e-01
9.372000000000000330e-01
9.370000000000000551e-01
9.412000000000000366e-01
9.291000000000000369e-01
9.275999999999999801e-01
9.119000000000000439e-01
8.984999999999999654e-01
8.783999999999999586e-01
8.494000000000000439e-01
8.155999999999999917e-01
7.768000000000000460e-01
7.420999999999999819e-01
6.924000000000000155e-01
6.369000000000000217e-01
5.974000000000000421e-01
5.798999999999999710e-01
5.421000000000000263e-01
4.914999999999999925e-01
4.833000000000000074e-01
4.824999999999999845e-01
4.889999999999999902e-01
5.101999999999999869e-01
5.734000000000000208e-01
6.350000000000000089e-01
7.144000000000000350e-01
7.570000000000000062e-01
8.429999999999999716e-01
8.781999999999999806e-01
8.919000000000000261e-01
9.432000000000000384e-01
9.383000000000000229e-01
9.383000000000000229e-01
9.355999999999999872e-01
9.323000000000000176e-01
9.243000000000000105e-01
9.184999999999999831e-01
9.110000000000000320e-01
9.010000000000000231e-01
8.932999999999999829e-01
8.869000000000000217e-01
8.832999999999999741e-01
8.829000000000000181e-01
8.880000000000000115e-01
9.036999999999999478e-01
8.991999999999999993e-01
9.039000000000000368e-01
9.042999999999999927e-01
9.098000000000000531e-01
9.012999999999999901e-01
8.809000000000000163e-01
9.204999999999999849e-01
9.257999999999999563e-01
9.296999999999999709e-01
9.364000000000000101e-01
9.423000000000000265e-01
9.543000000000000371e-01
9.404000000000000137e-01
9.442000000000000393e-01
9.448999999999999622e-01
9.433000000000000274e-01
9.355999999999999872e-01
9.476999999999999869e-01
9.348999999999999533e-01
9.381000000000000449e-01
9.344999999999999973e-01
9.394000000000000128e-01
9.506999999999999895e-01
9.520999999999999464e-01
9.474000000000000199e-01
9.523000000000000353e-01
9.404000000000000137e-01
9.348999999999999533e-01
9.427999999999999714e-01
9.254000000000000004e-01
9.278999999999999471e-01
9.239000000000000545e-01
9.268999999999999462e-01
8.863999999999999657e-01
8.564000000000000501e-01
8.549999999999999822e-01
8.466000000000000192e-01
8.155999999999999917e-01
8.011000000000000343e-01
7.764999999999999680e-01
7.467000000000000304e-01
7.348999999999999977e-01
7.053000000000000380e-01
6.827999999999999625e-01
6.570000000000000284e-01
6.583999999999999853e-01
6.572000000000000064e-01
6.515999999999999570e-01
6.389000000000000234e-01
6.431000000000000050e-01
6.360000000000000098e-01
6.384999999999999565e-01
6.439000000000000279e-01
6.332999999999999741e-01
6.132999999999999563e-01
6.188000000000000167e-01
5.886000000000000121e-01
5.897999999999999909e-01
5.739999999999999547e-01
5.682000000000000384e-01
5.768999999999999684e-01
5.470000000000000417e-01
5.696999999999999842e-01
5.652000000000000357e-01
5.598999999999999533e-01
5.561000000000000387e-01
5.764000000000000234e-01
5.597999999999999643e-01
5.352999999999999980e-01
5.207000000000000517e-01
5.147000000000000464e-01
4.857000000000000206e-01
4.862000000000000210e-01
4.541999999999999926e-01
4.507999999999999785e-01
4.591999999999999971e-01
5.010000000000000009e-01
5.241000000000000103e-01
5.726999999999999869e-01
6.248000000000000220e-01
6.462999999999999856e-01
6.942000000000000393e-01
7.265000000000000346e-01
7.421999999999999709e-01
7.521999999999999797e-01
7.633999999999999675e-01
7.719000000000000306e-01
7.782999999999999918e-01
8.054000000000000048e-01
8.344000000000000306e-01
8.501999999999999558e-01
8.576000000000000290e-01
8.615000000000000435e-01
8.750000000000000000e-01
8.820999999999999952e-01
8.872999999999999776e-01
8.827000000000000401e-01
8.891999999999999904e-01
8.852999999999999758e-01
8.917000000000000481e-01
8.943999999999999728e-01
8.898000000000000353e-01
8.824999999999999512e-01
8.895999999999999464e-01
8.947000000000000508e-01
8.947000000000000508e-01
9.018000000000000460e-01
9.187999999999999501e-01
9.177999999999999492e-01
9.083999999999999853e-01
9.103999999999999870e-01
9.144999999999999796e-01
9.241000000000000325e-01
9.227999999999999536e-01
9.278999999999999471e-01
9.361000000000000432e-01
9.446999999999999842e-01
9.458999999999999631e-01
9.357999999999999652e-01
9.363000000000000211e-01
9.341000000000000414e-01
9.429999999999999494e-01
9.367999999999999661e-01
9.438999999999999613e-01
9.569999999999999618e-01
9.435999999999999943e-01
9.192000000000000171e-01
9.586999999999999966e-01
9.457999999999999741e-01
9.426999999999999824e-01
9.377999999999999670e-01
9.264000000000000012e-01
9.229000000000000536e-01
9.222000000000000197e-01
9.173999999999999932e-01
9.104999999999999760e-01
9.078000000000000513e-01
9.072999999999999954e-01
9.028000000000000469e-01
9.111000000000000210e-01
9.187999999999999501e-01
9.132000000000000117e-01
9.140000000000000346e-01
9.174999999999999822e-01
9.224999999999999867e-01
9.257999999999999563e-01
9.318999999999999506e-01
9.342000000000000304e-01
9.358999999999999542e-01
9.375000000000000000e-01
9.308999999999999497e-01
9.495999999999999996e-01
9.393000000000000238e-01
9.402000000000000357e-01
9.425999999999999934e-01
9.468999999999999639e-01
9.526000000000000023e-01
9.486999999999999877e-01
9.627999999999999892e-01
9.484000000000000208e-01
9.435000000000000053e-01
9.451000000000000512e-01
9.435999999999999943e-01
9.474000000000000199e-01
9.193999999999999950e-01
9.194999999999999840e-01
9.020000000000000240e-01
9.028000000000000469e-01
9.103999999999999870e-01
9.118000000000000549e-01
8.703999999999999515e-01
9.019000000000000350e-01
8.960000000000000187e-01
9.103999999999999870e-01
9.214999999999999858e-01
9.177999999999999492e-01
9.294999999999999929e-01
9.316999999999999726e-01
9.366999999999999771e-01
9.325999999999999845e-01
9.383000000000000229e-01
9.331000000000000405e-01
9.389999999999999458e-01
9.463000000000000300e-01
9.405000000000000027e-01
9.451000000000000512e-01
9.667999999999999927e-01
9.704000000000000403e-01
9.602000000000000535e-01
9.641999999999999460e-01
9.477999999999999758e-01
9.584000000000000297e-01
9.540999999999999481e-01
9.577999999999999847e-01
9.554000000000000270e-01
9.605000000000000204e-01
9.576000000000000068e-01
9.630999999999999561e-01
9.602000000000000535e-01
9.459999999999999520e-01
9.661999999999999478e-01
9.504000000000000226e-01
9.497999999999999776e-01
9.258999999999999453e-01
9.340000000000000524e-01
9.332000000000000295e-01
9.180000000000000382e-01
9.079000000000000403e-01
8.787000000000000366e-01
8.536000000000000254e-01
8.379999999999999671e-01
8.107999999999999652e-01
8.001000000000000334e-01
7.839000000000000412e-01
7.658000000000000362e-01
7.459000000000000075e-01
7.619000000000000217e-01
7.608000000000000318e-01
7.715999999999999526e-01
8.146999999999999797e-01
7.956999999999999629e-01
8.343000000000000416e-01
8.560999999999999721e-01
8.612999999999999545e-01
8.417999999999999927e-01
8.827000000000000401e-01
8.901999999999999913e-01
9.161000000000000254e-01
9.297999999999999599e-01
9.393000000000000238e-01
9.509999999999999565e-01
9.530999999999999472e-01
9.620999999999999552e-01
9.630999999999999561e-01
9.687999999999999945e-01
9.620999999999999552e-01
9.757000000000000117e-01
9.485999999999999988e-01
9.598999999999999755e-01
9.537999999999999812e-01
9.559999999999999609e-01
9.640999999999999570e-01
9.698999999999999844e-01
9.519999999999999574e-01
9.653000000000000469e-01
9.651999999999999469e-01
9.488999999999999657e-01
9.524000000000000243e-01
9.478999999999999648e-01
9.487999999999999767e-01
9.505000000000000115e-01
9.514000000000000234e-01
9.456999999999999851e-01
9.393000000000000238e-01
9.295999999999999819e-01
9.243000000000000105e-01
9.167999999999999483e-01
9.070000000000000284e-01
8.713999999999999524e-01
8.532999999999999474e-01
8.406000000000000139e-01
8.126999999999999780e-01
7.981000000000000316e-01
7.664999999999999591e-01
7.389000000000000012e-01
7.156000000000000139e-01
6.754999999999999893e-01
6.558000000000000496e-01
6.612999999999999989e-01
6.175000000000000488e-01
5.371000000000000218e-01
