9.080000000000000293e-01
9.143000000000000016e-01
8.895999999999999464e-01
8.727000000000000313e-01
8.812999999999999723e-01
8.992999999999999883e-01
9.125999999999999668e-01
9.310000000000000497e-01
9.287999999999999590e-01
9.264999999999999902e-01
9.233000000000000096e-01
9.223999999999999977e-01
9.004999999999999671e-01
8.680999999999999828e-01
8.322000000000000508e-01
7.967999999999999527e-01
7.874999999999999778e-01
7.376000000000000334e-01
6.959999999999999520e-01
6.539000000000000368e-01
5.919999999999999707e-01
5.564000000000000057e-01
5.202999999999999847e-01
4.733999999999999875e-01
4.289000000000000035e-01
3.801999999999999824e-01
3.890000000000000124e-01
3.699999999999999956e-01
3.390000000000000235e-01
3.412000000000000033e-01
3.318999999999999728e-01
3.447999999999999954e-01
3.578999999999999959e-01
3.902999999999999803e-01
4.097000000000000086e-01
4.220999999999999752e-01
5.013999999999999568e-01
5.037000000000000366e-01
5.397999999999999465e-01
5.507999999999999563e-01
5.789999999999999591e-01
5.973000000000000531e-01
6.410000000000000142e-01
6.612999999999999989e-01
6.794999999999999929e-01
7.201999999999999513e-01
7.320999999999999730e-01
7.140999999999999570e-01
6.946999999999999842e-01
6.484999999999999654e-01
5.927999999999999936e-01
5.076000000000000512e-01
4.279000000000000026e-01
3.755000000000000004e-01
3.304000000000000270e-01
3.048000000000000154e-01
2.715000000000000191e-01
2.499000000000000110e-01
2.406999999999999973e-01
2.187999999999999945e-01
2.190999999999999892e-01
2.192999999999999949e-01
2.136000000000000121e-01
2.235999999999999932e-01
2.391000000000000070e-01
2.484000000000000097e-01
2.745000000000000218e-01
3.103000000000000203e-01
3.219000000000000195e-01
3.577000000000000179e-01
3.899000000000000243e-01
4.626000000000000112e-01
4.837000000000000188e-01
5.052999999999999714e-01
5.204999999999999627e-01
5.525999999999999801e-01
5.950999999999999623e-01
6.505999999999999561e-01
6.864999999999999991e-01
7.563999999999999613e-01
7.962000000000000188e-01
8.088999999999999524e-01
8.346999999999999975e-01
8.443000000000000504e-01
8.508000000000000007e-01
8.467999999999999972e-01
8.500999999999999668e-01
8.415000000000000258e-01
8.396000000000000130e-01
8.477999999999999980e-01
8.431999999999999496e-01
8.376000000000000112e-01
8.272000000000000464e-01
8.305000000000000160e-01
8.300999999999999490e-01
8.423000000000000487e-01
8.527000000000000135e-01
8.743999999999999551e-01
8.659000000000000030e-01
8.559999999999999831e-01
8.519999999999999796e-01
8.552999999999999492e-01
8.757000000000000339e-01
8.629000000000000004e-01
8.763999999999999568e-01
8.713999999999999524e-01
8.732999999999999652e-01
8.665000000000000480e-01
8.686000000000000387e-01
8.549999999999999822e-01
8.672999999999999599e-01
8.340999999999999526e-01
8.318999999999999728e-01
8.306000000000000050e-01
8.152000000000000357e-01
8.243000000000000327e-01
8.259999999999999565e-01
8.145999999999999908e-01
8.036999999999999700e-01
7.954999999999999849e-01
7.775999999999999579e-01
7.573999999999999622e-01
7.439000000000000057e-01
7.542999999999999705e-01
7.579000000000000181e-01
7.638000000000000345e-01
7.389999999999999902e-01
6.573999999999999844e-01
5.567999999999999616e-01
4.943000000000000171e-01
4.091000000000000192e-01
3.734000000000000097e-01
3.791999999999999815e-01
3.561000000000000276e-01
3.125000000000000000e-01
3.220000000000000084e-01
3.035999999999999810e-01
2.965999999999999748e-01
2.682999999999999829e-01
2.862000000000000099e-01
2.897000000000000131e-01
2.741999999999999993e-01
2.590999999999999970e-01
2.733999999999999764e-01
3.037000000000000255e-01
2.998000000000000109e-01
2.993000000000000105e-01
2.814999999999999725e-01
2.456000000000000127e-01
2.074000000000000010e-01
1.680000000000000104e-01
1.335999999999999965e-01
1.086000000000000021e-01
9.080000000000000571e-02
8.770000000000000018e-02
6.959999999999999520e-02
5.460000000000000270e-02
5.779999999999999721e-02
6.329999999999999516e-02
8.490000000000000324e-02
9.850000000000000422e-02
1.071000000000000008e-01
1.198000000000000037e-01
1.368000000000000049e-01
1.512999999999999901e-01
1.887000000000000066e-01
2.154000000000000081e-01
2.411000000000000087e-01
2.728999999999999759e-01
3.397999999999999909e-01
4.172000000000000153e-01
4.517999999999999794e-01
4.990999999999999881e-01
5.455999999999999739e-01
5.653000000000000247e-01
5.675999999999999934e-01
5.642000000000000348e-01
5.446999999999999620e-01
5.242999999999999883e-01
5.031999999999999806e-01
4.899999999999999911e-01
4.668999999999999817e-01
4.547999999999999821e-01
4.692000000000000060e-01
4.739999999999999769e-01
4.949999999999999956e-01
4.439000000000000168e-01
