9.566000000000000059e-01
9.796000000000000263e-01
9.765000000000000346e-01
9.676000000000000156e-01
9.638999999999999790e-01
9.698999999999999844e-01
9.651999999999999469e-01
9.687000000000000055e-01
9.711999999999999522e-01
9.607999999999999874e-01
9.646000000000000130e-01
9.794000000000000483e-01
9.915000000000000480e-01
9.777000000000000135e-01
9.887000000000000233e-01
9.608999999999999764e-01
9.697000000000000064e-01
9.687000000000000055e-01
9.616000000000000103e-01
9.939000000000000057e-01
1.000000000000000000e+00
1.000000000000000000e+00
9.918000000000000149e-01
9.758000000000000007e-01
9.915000000000000480e-01
9.842999999999999527e-01
9.872999999999999554e-01
9.840999999999999748e-01
9.868000000000000105e-01
9.860999999999999766e-01
9.886000000000000343e-01
9.868999999999999995e-01
9.939000000000000057e-01
9.893999999999999462e-01
9.633000000000000451e-01
9.704000000000000403e-01
9.723000000000000531e-01
9.882999999999999563e-01
9.664000000000000368e-01
9.781999999999999584e-01
9.798000000000000043e-01
9.858999999999999986e-01
9.679999999999999716e-01
9.590999999999999526e-01
9.392000000000000348e-01
9.118000000000000549e-01
8.820000000000000062e-01
8.407999999999999918e-01
8.178999999999999604e-01
8.124000000000000110e-01
7.875999999999999668e-01
7.849000000000000421e-01
7.724999999999999645e-01
7.429999999999999938e-01
7.040999999999999481e-01
6.624999999999999778e-01
6.318000000000000282e-01
6.173999999999999488e-01
5.954000000000000403e-01
5.955000000000000293e-01
5.795000000000000151e-01
5.734000000000000208e-01
5.499000000000000554e-01
5.280000000000000249e-01
5.328000000000000513e-01
5.080999999999999961e-01
4.993000000000000216e-01
4.827000000000000179e-01
4.556000000000000050e-01
4.143999999999999906e-01
3.907999999999999807e-01
3.557000000000000162e-01
3.272999999999999798e-01
2.545000000000000040e-01
2.154000000000000081e-01
1.782999999999999863e-01
1.474000000000000032e-01
1.088999999999999968e-01
1.000000000000000056e-01
9.180000000000000659e-02
8.649999999999999356e-02
7.620000000000000384e-02
7.879999999999999505e-02
7.820000000000000562e-02
7.140000000000000513e-02
7.119999999999999940e-02
5.260000000000000092e-02
5.340000000000000302e-02
6.180000000000000077e-02
6.279999999999999472e-02
5.170000000000000290e-02
5.070000000000000201e-02
6.990000000000000380e-02
6.049999999999999822e-02
7.430000000000000493e-02
7.789999999999999702e-02
9.299999999999999933e-02
1.053000000000000047e-01
1.038000000000000034e-01
1.277999999999999969e-01
1.526000000000000134e-01
1.787999999999999867e-01
1.927999999999999992e-01
2.230000000000000038e-01
2.149999999999999967e-01
2.286999999999999866e-01
2.305000000000000104e-01
2.596999999999999864e-01
2.693999999999999728e-01
2.847999999999999976e-01
3.165000000000000036e-01
3.608999999999999986e-01
4.043999999999999817e-01
4.479000000000000203e-01
4.829999999999999849e-01
5.022999999999999687e-01
5.030000000000000027e-01
5.193999999999999728e-01
5.143999999999999684e-01
5.040000000000000036e-01
4.937000000000000277e-01
5.012999999999999678e-01
5.046000000000000485e-01
5.051999999999999824e-01
5.310000000000000275e-01
5.381000000000000227e-01
5.405999999999999694e-01
5.570000000000000506e-01
5.978999999999999870e-01
6.087000000000000188e-01
6.596999999999999531e-01
6.590000000000000302e-01
6.739000000000000545e-01
6.860000000000000542e-01
7.002000000000000446e-01
6.958999999999999631e-01
6.830000000000000515e-01
6.731000000000000316e-01
6.532999999999999918e-01
6.495999999999999552e-01
6.479000000000000314e-01
6.580000000000000293e-01
6.479000000000000314e-01
6.873000000000000220e-01
6.991000000000000547e-01
7.637000000000000455e-01
7.959000000000000519e-01
8.071000000000000396e-01
8.308999999999999719e-01
8.450999999999999623e-01
8.666000000000000369e-01
8.619999999999999885e-01
8.901999999999999913e-01
8.893999999999999684e-01
8.987000000000000544e-01
8.950000000000000178e-01
8.790999999999999925e-01
8.564000000000000501e-01
8.178999999999999604e-01
7.848000000000000531e-01
7.600999999999999979e-01
7.382999999999999563e-01
7.311999999999999611e-01
7.398000000000000131e-01
6.975999999999999979e-01
6.670000000000000373e-01
6.393999999999999684e-01
6.166000000000000369e-01
5.866000000000000103e-01
5.739999999999999547e-01
5.987000000000000099e-01
5.976000000000000201e-01
5.927000000000000046e-01
5.646999999999999797e-01
5.289000000000000368e-01
4.733999999999999875e-01
4.087000000000000077e-01
3.620999999999999774e-01
3.171999999999999820e-01
2.781000000000000139e-01
2.632999999999999785e-01
2.698999999999999733e-01
2.647999999999999798e-01
2.424999999999999933e-01
2.268999999999999906e-01
2.124999999999999944e-01
1.948000000000000009e-01
1.721999999999999920e-01
1.468000000000000138e-01
9.299999999999999933e-02
5.870000000000000218e-02
3.980000000000000204e-02
1.870000000000000134e-02
1.310000000000000053e-02
1.020000000000000073e-02
0.000000000000000000e+00
0.000000000000000000e+00
0.000000000000000000e+00
0.000000000000000000e+00
2.700000000000000143e-03
1.510000000000000057e-02
2.840000000000000163e-02
4.250000000000000305e-02
4.819999999999999979e-02
4.859999999999999737e-02
5.109999999999999959e-02
4.039999999999999841e-02
4.529999999999999999e-02
4.660000000000000253e-02
4.499999999999999833e-02
4.019999999999999962e-02
4.490000000000000241e-02
4.630000000000000088e-02
4.939999999999999947e-02
4.730000000000000177e-02
3.799999999999999906e-02
3.649999999999999772e-02
3.420000000000000123e-02
5.020000000000000157e-02
5.109999999999999959e-02
5.770000000000000129e-02
7.169999999999999984e-02
8.509999999999999509e-02
9.370000000000000551e-02
9.829999999999999849e-02
9.740000000000000047e-02
1.242999999999999938e-01
1.024999999999999939e-01
9.089999999999999469e-02
9.569999999999999341e-02
9.180000000000000659e-02
8.630000000000000171e-02
6.219999999999999835e-02
4.340000000000000108e-02
3.599999999999999728e-02
2.869999999999999982e-02
2.740000000000000074e-02
3.520000000000000212e-02
3.099999999999999978e-02
2.910000000000000087e-02
3.009999999999999828e-02
2.759999999999999953e-02
3.030000000000000054e-02
3.009999999999999828e-02
3.699999999999999817e-02
2.889999999999999861e-02
2.759999999999999953e-02
3.109999999999999917e-02
3.200000000000000067e-02
4.529999999999999999e-02
6.260000000000000286e-02
8.590000000000000413e-02
1.150000000000000050e-01
1.539999999999999980e-01
1.849000000000000088e-01
2.038999999999999979e-01
1.988999999999999935e-01
1.910999999999999921e-01
1.814000000000000057e-01
1.526000000000000134e-01
1.353000000000000036e-01
1.219999999999999973e-01
1.246000000000000024e-01
1.575999999999999901e-01
2.190999999999999892e-01
2.645000000000000129e-01
3.491000000000000214e-01
4.062999999999999945e-01
4.394000000000000128e-01
4.487999999999999767e-01
4.560000000000000164e-01
4.516999999999999904e-01
3.965000000000000191e-01
2.960999999999999743e-01
2.152000000000000024e-01
1.499999999999999944e-01
8.519999999999999796e-02
5.519999999999999907e-02
4.209999999999999853e-02
2.369999999999999885e-02
1.849999999999999908e-02
1.580000000000000154e-02
1.580000000000000154e-02
1.110000000000000049e-02
8.099999999999999561e-03
1.430000000000000021e-02
1.179999999999999973e-02
1.820000000000000090e-02
2.580000000000000002e-02
2.649999999999999925e-02
1.890000000000000013e-02
3.039999999999999994e-02
1.290000000000000001e-02
7.199999999999999803e-03
1.119999999999999989e-02
9.400000000000000369e-03
6.300000000000000044e-03
4.300000000000000003e-03
1.379999999999999977e-02
2.460000000000000034e-02
2.120000000000000009e-02
2.840000000000000163e-02
4.320000000000000229e-02
6.160000000000000198e-02
7.850000000000000033e-02
8.029999999999999638e-02
7.420000000000000207e-02
6.320000000000000617e-02
5.650000000000000161e-02
4.850000000000000144e-02
3.500000000000000333e-02
3.250000000000000111e-02
3.880000000000000115e-02
5.319999999999999729e-02
7.409999999999999920e-02
1.072000000000000036e-01
1.464999999999999913e-01
1.741999999999999937e-01
1.877999999999999947e-01
1.920999999999999930e-01
1.862999999999999934e-01
1.791000000000000092e-01
1.769000000000000017e-01
1.625999999999999945e-01
1.574000000000000121e-01
1.092000000000000054e-01
7.630000000000000671e-02
5.630000000000000282e-02
3.910000000000000281e-02
4.150000000000000216e-02
3.640000000000000180e-02
3.980000000000000204e-02
5.550000000000000072e-02
6.769999999999999629e-02
7.660000000000000142e-02
7.950000000000000122e-02
7.720000000000000473e-02
6.110000000000000153e-02
4.519999999999999712e-02
3.280000000000000276e-02
2.029999999999999860e-02
2.309999999999999901e-02
2.319999999999999840e-02
2.160000000000000114e-02
2.610000000000000167e-02
2.900000000000000147e-02
4.730000000000000177e-02
5.650000000000000161e-02
6.429999999999999605e-02
6.410000000000000420e-02
5.770000000000000129e-02
7.190000000000000557e-02
8.319999999999999618e-02
8.300000000000000433e-02
9.320000000000000506e-02
7.960000000000000409e-02
6.959999999999999520e-02
5.879999999999999810e-02
5.670000000000000040e-02
5.000000000000000278e-02
6.149999999999999911e-02
5.190000000000000169e-02
4.739999999999999769e-02
4.760000000000000342e-02
5.879999999999999810e-02
6.740000000000000158e-02
7.889999999999999791e-02
8.400000000000000522e-02
9.039999999999999425e-02
8.519999999999999796e-02
6.489999999999999936e-02
6.060000000000000109e-02
6.690000000000000113e-02
7.960000000000000409e-02
1.086000000000000021e-01
1.531000000000000139e-01
1.877999999999999947e-01
2.172000000000000042e-01
2.426000000000000101e-01
2.533000000000000251e-01
2.489000000000000101e-01
2.202999999999999958e-01
1.741999999999999937e-01
1.580000000000000016e-01
1.511000000000000121e-01
1.715000000000000135e-01
1.814000000000000057e-01
1.892999999999999960e-01
1.666999999999999871e-01
1.358000000000000040e-01
1.025999999999999968e-01
7.939999999999999836e-02
5.489999999999999741e-02
4.390000000000000152e-02
2.889999999999999861e-02
2.719999999999999848e-02
2.189999999999999933e-02
2.419999999999999929e-02
1.220000000000000077e-02
1.799999999999999951e-03
5.999999999999999474e-04
1.600000000000000077e-03
5.400000000000000286e-03
1.140000000000000041e-02
1.359999999999999924e-02
1.220000000000000077e-02
1.899999999999999953e-02
2.429999999999999868e-02
3.099999999999999978e-02
3.980000000000000204e-02
5.120000000000000245e-02
6.719999999999999585e-02
8.870000000000000107e-02
1.048000000000000043e-01
1.424999999999999878e-01
1.486999999999999988e-01
1.706999999999999906e-01
1.857999999999999929e-01
1.950000000000000067e-01
1.935000000000000053e-01
2.156000000000000139e-01
2.378000000000000114e-01
2.394000000000000017e-01
2.740000000000000213e-01
3.075999999999999845e-01
3.786999999999999811e-01
4.275999999999999801e-01
5.090000000000000080e-01
5.646999999999999797e-01
5.967000000000000082e-01
5.957999999999999963e-01
5.897999999999999909e-01
5.165999999999999481e-01
4.036000000000000143e-01
2.566999999999999837e-01
1.731000000000000039e-01
1.360999999999999988e-01
9.629999999999999671e-02
5.580000000000000238e-02
4.399999999999999745e-02
4.599999999999999922e-02
3.099999999999999978e-02
3.579999999999999849e-02
3.599999999999999728e-02
3.099999999999999978e-02
3.670000000000000345e-02
2.350000000000000006e-02
2.929999999999999966e-02
2.539999999999999897e-02
2.319999999999999840e-02
1.870000000000000134e-02
1.069999999999999944e-02
7.300000000000000065e-03
1.000000000000000021e-03
0.000000000000000000e+00
7.100000000000000408e-03
9.900000000000000813e-03
2.399999999999999790e-03
7.199999999999999803e-03
1.940000000000000058e-02
2.819999999999999937e-02
3.790000000000000313e-02
7.320000000000000118e-02
6.950000000000000622e-02
9.389999999999999736e-02
1.019999999999999934e-01
9.829999999999999849e-02
7.760000000000000231e-02
6.529999999999999694e-02
6.230000000000000121e-02
5.739999999999999963e-02
3.749999999999999861e-02
2.929999999999999966e-02
2.380000000000000171e-02
2.199999999999999872e-02
4.050000000000000128e-02
7.389999999999999347e-02
1.029000000000000054e-01
9.629999999999999671e-02
1.199000000000000066e-01
1.179999999999999938e-01
1.187000000000000000e-01
1.125000000000000028e-01
7.829999999999999460e-02
7.180000000000000271e-02
5.559999999999999665e-02
4.120000000000000051e-02
3.059999999999999873e-02
3.409999999999999837e-02
2.699999999999999969e-02
1.909999999999999892e-02
2.610000000000000167e-02
2.359999999999999945e-02
2.570000000000000062e-02
2.009999999999999981e-02
1.919999999999999832e-02
2.700000000000000143e-03
2.599999999999999881e-03
7.100000000000000408e-03
5.000000000000000104e-03
1.000000000000000048e-04
0.000000000000000000e+00
2.500000000000000052e-03
0.000000000000000000e+00
0.000000000000000000e+00
0.000000000000000000e+00
0.000000000000000000e+00
0.000000000000000000e+00
0.000000000000000000e+00
1.389999999999999916e-02
1.089999999999999997e-02
1.140000000000000041e-02
1.689999999999999836e-02
2.510000000000000078e-02
2.390000000000000110e-02
5.000000000000000278e-02
7.829999999999999460e-02
1.239999999999999991e-01
1.463000000000000134e-01
1.885999999999999899e-01
2.102999999999999869e-01
2.182999999999999940e-01
2.589000000000000190e-01
2.839999999999999747e-01
2.912000000000000144e-01
3.175999999999999934e-01
2.721000000000000085e-01
2.834999999999999742e-01
2.477999999999999925e-01
2.303000000000000047e-01
1.877000000000000057e-01
1.406999999999999917e-01
9.909999999999999365e-02
6.279999999999999472e-02
4.660000000000000253e-02
5.600000000000000117e-02
4.440000000000000197e-02
4.009999999999999676e-02
3.950000000000000039e-02
3.579999999999999849e-02
2.960000000000000131e-02
2.699999999999999969e-02
2.479999999999999913e-02
2.589999999999999941e-02
2.400000000000000050e-02
3.160000000000000309e-02
3.109999999999999917e-02
2.920000000000000026e-02
3.080000000000000099e-02
4.370000000000000273e-02
3.080000000000000099e-02
3.799999999999999906e-02
6.669999999999999540e-02
9.710000000000000575e-02
1.066000000000000003e-01
1.026999999999999996e-01
8.859999999999999820e-02
7.309999999999999831e-02
5.040000000000000036e-02
3.540000000000000091e-02
1.880000000000000074e-02
2.139999999999999888e-02
1.899999999999999996e-03
4.599999999999999922e-03
0.000000000000000000e+00
0.000000000000000000e+00
0.000000000000000000e+00
0.000000000000000000e+00
0.000000000000000000e+00
0.000000000000000000e+00
0.000000000000000000e+00
0.000000000000000000e+00
0.000000000000000000e+00
0.000000000000000000e+00
0.000000000000000000e+00
0.000000000000000000e+00
0.000000000000000000e+00
4.300000000000000003e-03
2.800000000000000058e-02
4.859999999999999737e-02
7.480000000000000537e-02
1.073999999999999955e-01
1.398999999999999966e-01
1.814000000000000057e-01
2.106999999999999984e-01
2.222000000000000086e-01
2.122999999999999887e-01
1.882000000000000062e-01
1.610999999999999932e-01
1.179999999999999938e-01
8.369999999999999662e-02
6.180000000000000077e-02
3.930000000000000160e-02
1.940000000000000058e-02
1.280000000000000061e-02
6.300000000000000044e-03
1.119999999999999989e-02
7.499999999999999722e-03
2.069999999999999965e-02
1.420000000000000082e-02
2.479999999999999913e-02
2.220000000000000098e-02
1.099999999999999936e-02
1.619999999999999912e-02
1.609999999999999973e-02
1.739999999999999880e-02
2.929999999999999966e-02
1.700000000000000122e-02
8.500000000000000611e-03
1.949999999999999997e-02
1.500000000000000031e-03
0.000000000000000000e+00
1.069999999999999944e-02
5.400000000000000286e-03
1.239999999999999956e-02
1.569999999999999868e-02
1.650000000000000078e-02
2.149999999999999828e-02
1.820000000000000090e-02
3.189999999999999780e-02
3.640000000000000180e-02
5.050000000000000322e-02
5.290000000000000258e-02
5.290000000000000258e-02
5.020000000000000157e-02
4.630000000000000088e-02
3.610000000000000014e-02
4.320000000000000229e-02
3.780000000000000027e-02
4.080000000000000293e-02
5.879999999999999810e-02
8.709999999999999687e-02
8.630000000000000171e-02
9.379999999999999449e-02
9.819999999999999563e-02
8.290000000000000147e-02
7.670000000000000429e-02
5.859999999999999931e-02
4.050000000000000128e-02
2.259999999999999856e-02
1.870000000000000134e-02
1.430000000000000021e-02
9.700000000000000289e-03
0.000000000000000000e+00
2.500000000000000052e-03
0.000000000000000000e+00
0.000000000000000000e+00
0.000000000000000000e+00
0.000000000000000000e+00
0.000000000000000000e+00
0.000000000000000000e+00
1.000000000000000021e-03
1.110000000000000049e-02
3.009999999999999828e-02
4.420000000000000318e-02
9.700000000000000289e-02
1.593999999999999861e-01
2.389000000000000012e-01
3.362999999999999878e-01
4.077999999999999958e-01
5.636999999999999789e-01
6.959999999999999520e-01
8.141000000000000458e-01
9.152000000000000135e-01
9.701999999999999513e-01
1.000000000000000000e+00
9.927000000000000268e-01
9.842999999999999527e-01
1.000000000000000000e+00
9.800999999999999712e-01
9.711999999999999522e-01
9.778000000000000025e-01
9.710999999999999632e-01
9.170000000000000373e-01
8.660999999999999810e-01
7.930000000000000382e-01
6.635999999999999677e-01
5.280000000000000249e-01
4.186000000000000276e-01
3.186999999999999833e-01
2.330000000000000127e-01
1.859999999999999987e-01
1.615000000000000047e-01
1.275999999999999912e-01
1.158000000000000002e-01
1.139000000000000012e-01
1.313999999999999890e-01
1.444999999999999896e-01
1.461999999999999966e-01
1.353999999999999926e-01
1.277999999999999969e-01
1.175999999999999962e-01
1.126000000000000056e-01
1.093999999999999972e-01
1.140000000000000041e-01
1.502999999999999892e-01
1.700000000000000122e-01
1.817000000000000004e-01
2.137000000000000011e-01
2.245999999999999941e-01
2.492999999999999938e-01
2.280000000000000082e-01
2.030000000000000138e-01
1.836000000000000132e-01
1.390000000000000124e-01
1.091000000000000025e-01
8.469999999999999751e-02
5.530000000000000193e-02
3.919999999999999873e-02
1.559999999999999928e-02
0.000000000000000000e+00
0.000000000000000000e+00
0.000000000000000000e+00
0.000000000000000000e+00
0.000000000000000000e+00
0.000000000000000000e+00
0.000000000000000000e+00
0.000000000000000000e+00
0.000000000000000000e+00
0.000000000000000000e+00
0.000000000000000000e+00
2.700000000000000143e-03
2.299999999999999961e-02
2.149999999999999828e-02
3.740000000000000269e-02
6.819999999999999674e-02
1.150000000000000050e-01
1.628999999999999893e-01
2.318999999999999950e-01
3.237999999999999767e-01
3.171999999999999820e-01
3.866999999999999882e-01
4.623999999999999777e-01
5.068000000000000282e-01
5.403999999999999915e-01
5.956000000000000183e-01
6.545999999999999597e-01
6.854000000000000092e-01
7.478000000000000203e-01
8.134000000000000119e-01
8.467000000000000082e-01
8.837000000000000410e-01
9.009000000000000341e-01
9.340000000000000524e-01
9.385000000000000009e-01
9.610999999999999543e-01
9.597999999999999865e-01
9.608999999999999764e-01
9.696000000000000174e-01
9.623000000000000442e-01
9.614000000000000323e-01
9.907000000000000250e-01
9.748999999999999888e-01
9.948000000000000176e-01
9.835000000000000409e-01
9.762999999999999456e-01
9.787000000000000144e-01
9.909000000000000030e-01
9.761999999999999567e-01
9.736000000000000210e-01
9.523000000000000353e-01
9.291000000000000369e-01
8.729999999999999982e-01
8.072000000000000286e-01
7.783999999999999808e-01
7.559000000000000163e-01
7.267000000000000126e-01
6.715999999999999748e-01
6.191999999999999726e-01
5.973000000000000531e-01
5.736999999999999877e-01
5.695000000000000062e-01
5.572000000000000286e-01
5.154999999999999583e-01
4.605000000000000204e-01
4.375000000000000000e-01
4.093999999999999861e-01
3.919000000000000261e-01
3.588000000000000078e-01
3.518000000000000016e-01
3.615999999999999770e-01
3.683000000000000163e-01
3.594999999999999862e-01
3.311999999999999944e-01
3.128000000000000225e-01
3.187999999999999723e-01
3.220000000000000084e-01
2.948999999999999955e-01
2.839999999999999747e-01
2.886000000000000232e-01
2.838999999999999857e-01
2.745000000000000218e-01
2.595000000000000084e-01
2.215999999999999914e-01
1.661999999999999866e-01
1.200999999999999984e-01
9.139999999999999514e-02
6.519999999999999407e-02
6.180000000000000077e-02
5.390000000000000346e-02
5.530000000000000193e-02
6.040000000000000230e-02
7.720000000000000473e-02
1.003000000000000003e-01
1.413999999999999979e-01
1.985999999999999988e-01
2.311999999999999889e-01
2.899999999999999800e-01
3.552000000000000157e-01
3.698000000000000176e-01
3.926000000000000045e-01
3.921000000000000041e-01
3.756999999999999784e-01
3.683000000000000163e-01
3.947999999999999843e-01
4.127000000000000113e-01
4.348000000000000198e-01
4.547999999999999821e-01
4.820999999999999730e-01
5.028000000000000247e-01
5.177000000000000490e-01
5.066000000000000503e-01
5.443999999999999950e-01
5.505999999999999783e-01
5.333999999999999853e-01
5.091999999999999860e-01
5.099000000000000199e-01
4.874999999999999889e-01
4.712000000000000077e-01
4.339999999999999969e-01
3.704999999999999960e-01
3.420000000000000262e-01
3.322999999999999843e-01
3.079999999999999960e-01
2.546999999999999820e-01
2.298999999999999932e-01
1.955000000000000071e-01
1.890999999999999903e-01
1.967000000000000137e-01
2.091000000000000081e-01
2.371000000000000052e-01
2.540000000000000036e-01
2.620000000000000107e-01
2.962000000000000188e-01
2.993000000000000105e-01
3.049000000000000044e-01
3.342999999999999861e-01
3.640999999999999792e-01
4.076000000000000179e-01
4.606999999999999984e-01
5.130000000000000115e-01
5.704000000000000181e-01
6.284999999999999476e-01
6.828999999999999515e-01
6.775999999999999801e-01
6.680000000000000382e-01
6.590000000000000302e-01
6.489000000000000323e-01
6.482999999999999874e-01
6.132999999999999563e-01
