9.314999999999999947e-01
9.578999999999999737e-01
9.337999999999999634e-01
9.301000000000000378e-01
9.324000000000000066e-01
9.307999999999999607e-01
9.296999999999999709e-01
9.350000000000000533e-01
9.223999999999999977e-01
9.270000000000000462e-01
9.385999999999999899e-01
9.517999999999999794e-01
9.439999999999999503e-01
9.535000000000000142e-01
9.494000000000000217e-01
9.467999999999999750e-01
9.489999999999999547e-01
9.458999999999999631e-01
9.452000000000000401e-01
9.392000000000000348e-01
9.429999999999999494e-01
9.478999999999999648e-01
9.458999999999999631e-01
9.422000000000000375e-01
9.491000000000000547e-01
9.514000000000000234e-01
9.510999999999999455e-01
9.516999999999999904e-01
9.395000000000000018e-01
9.408999999999999586e-01
9.306999999999999718e-01
9.448999999999999622e-01
9.459999999999999520e-01
9.546000000000000041e-01
9.364000000000000101e-01
9.496999999999999886e-01
9.537999999999999812e-01
9.548999999999999710e-01
9.547999999999999821e-01
9.613000000000000433e-01
9.727999999999999980e-01
9.728999999999999870e-01
9.700999999999999623e-01
9.598999999999999755e-01
9.569999999999999618e-01
9.489999999999999547e-01
9.554000000000000270e-01
9.544000000000000261e-01
9.539999999999999591e-01
9.539999999999999591e-01
9.582000000000000517e-01
9.657000000000000028e-01
9.524000000000000243e-01
9.463000000000000300e-01
9.485999999999999988e-01
9.442000000000000393e-01
9.458999999999999631e-01
9.478999999999999648e-01
9.522000000000000464e-01
9.539999999999999591e-01
9.572000000000000508e-01
9.760999999999999677e-01
9.707999999999999963e-01
9.577999999999999847e-01
9.526000000000000023e-01
9.562000000000000499e-01
9.498999999999999666e-01
9.475999999999999979e-01
9.446999999999999842e-01
9.539999999999999591e-01
9.489999999999999547e-01
9.506999999999999895e-01
9.491000000000000547e-01
9.545000000000000151e-01
9.502000000000000446e-01
9.641999999999999460e-01
9.513000000000000345e-01
9.448999999999999622e-01
9.523000000000000353e-01
9.616000000000000103e-01
9.459999999999999520e-01
9.377999999999999670e-01
9.464000000000000190e-01
9.507999999999999785e-01
9.406999999999999806e-01
9.244999999999999885e-01
9.236999999999999655e-01
9.227999999999999536e-01
9.348999999999999533e-01
9.251000000000000334e-01
9.293000000000000149e-01
9.227999999999999536e-01
9.043999999999999817e-01
8.970000000000000195e-01
8.847000000000000419e-01
8.954999999999999627e-01
8.859000000000000208e-01
8.901000000000000023e-01
9.064999999999999725e-01
9.005999999999999561e-01
8.830000000000000071e-01
8.648000000000000131e-01
8.807000000000000384e-01
8.659999999999999920e-01
8.693999999999999506e-01
8.635000000000000453e-01
8.548999999999999932e-01
8.555000000000000382e-01
8.649000000000000021e-01
8.428999999999999826e-01
8.671999999999999709e-01
8.751999999999999780e-01
8.800999999999999934e-01
8.850999999999999979e-01
8.887000000000000455e-01
8.931999999999999940e-01
8.930000000000000160e-01
9.052000000000000046e-01
9.130000000000000338e-01
9.114999999999999769e-01
9.163000000000000034e-01
9.140000000000000346e-01
9.120000000000000329e-01
9.187999999999999501e-01
9.288999999999999480e-01
9.213999999999999968e-01
9.150000000000000355e-01
8.991999999999999993e-01
9.123999999999999888e-01
8.871999999999999886e-01
9.215999999999999748e-01
9.274999999999999911e-01
9.293000000000000149e-01
9.300000000000000488e-01
9.265999999999999792e-01
9.308999999999999497e-01
9.391000000000000458e-01
9.348999999999999533e-01
9.316999999999999726e-01
9.260000000000000453e-01
9.384000000000000119e-01
9.350000000000000533e-01
9.298999999999999488e-01
9.392000000000000348e-01
9.456999999999999851e-01
9.422000000000000375e-01
9.317999999999999616e-01
9.317999999999999616e-01
9.388999999999999568e-01
9.429999999999999494e-01
9.476999999999999869e-01
9.431000000000000494e-01
9.298999999999999488e-01
9.133000000000000007e-01
9.332000000000000295e-01
9.415000000000000036e-01
9.304000000000000048e-01
9.331000000000000405e-01
9.193000000000000060e-01
9.236999999999999655e-01
9.143999999999999906e-01
9.176999999999999602e-01
9.213000000000000078e-01
9.237999999999999545e-01
9.364000000000000101e-01
9.344999999999999973e-01
9.439999999999999503e-01
9.570999999999999508e-01
9.569999999999999618e-01
9.550999999999999490e-01
9.589999999999999636e-01
9.615000000000000213e-01
9.624000000000000332e-01
9.588999999999999746e-01
9.554000000000000270e-01
9.505000000000000115e-01
9.627000000000000002e-01
9.660999999999999588e-01
9.627000000000000002e-01
9.613000000000000433e-01
9.556000000000000050e-01
9.545000000000000151e-01
9.597999999999999865e-01
9.645000000000000240e-01
9.627999999999999892e-01
9.710999999999999632e-01
9.596000000000000085e-01
9.588999999999999746e-01
9.414000000000000146e-01
9.436999999999999833e-01
9.378999999999999559e-01
9.294000000000000039e-01
9.253000000000000114e-01
9.193000000000000060e-01
9.222000000000000197e-01
9.164999999999999813e-01
9.127999999999999448e-01
9.022000000000000020e-01
9.044999999999999707e-01
9.184999999999999831e-01
9.203000000000000069e-01
9.180000000000000382e-01
9.098000000000000531e-01
9.423000000000000265e-01
9.472000000000000419e-01
9.375999999999999890e-01
9.453000000000000291e-01
9.463000000000000300e-01
9.454000000000000181e-01
9.414000000000000146e-01
9.316999999999999726e-01
9.301000000000000378e-01
9.250000000000000444e-01
9.193999999999999950e-01
9.227999999999999536e-01
9.262000000000000233e-01
9.059000000000000385e-01
8.997000000000000552e-01
9.142000000000000126e-01
9.233999999999999986e-01
9.221000000000000307e-01
9.281000000000000361e-01
9.275999999999999801e-01
9.145999999999999686e-01
9.277999999999999581e-01
9.321000000000000396e-01
9.312000000000000277e-01
9.338999999999999524e-01
9.286999999999999700e-01
9.186999999999999611e-01
8.958000000000000407e-01
9.113999999999999879e-01
9.035999999999999588e-01
9.072999999999999954e-01
9.155999999999999694e-01
9.187999999999999501e-01
9.294000000000000039e-01
9.182000000000000162e-01
9.199000000000000510e-01
9.274999999999999911e-01
9.321000000000000396e-01
9.130000000000000338e-01
8.985999999999999543e-01
9.179000000000000492e-01
9.330000000000000515e-01
9.516000000000000014e-01
9.466999999999999860e-01
9.530999999999999472e-01
9.715000000000000302e-01
9.567999999999999838e-01
9.670999999999999597e-01
9.648999999999999799e-01
9.565000000000000169e-01
9.534000000000000252e-01
9.578999999999999737e-01
9.508999999999999675e-01
9.487999999999999767e-01
9.300000000000000488e-01
9.212000000000000188e-01
8.963999999999999746e-01
8.883999999999999675e-01
8.698000000000000176e-01
8.458999999999999853e-01
8.346999999999999975e-01
7.680000000000000160e-01
7.592999999999999750e-01
7.339999999999999858e-01
7.002000000000000446e-01
6.662000000000000144e-01
6.197000000000000286e-01
5.514000000000000012e-01
5.082999999999999741e-01
4.693999999999999839e-01
4.393000000000000238e-01
4.129999999999999782e-01
3.642000000000000237e-01
2.891000000000000236e-01
2.336000000000000021e-01
1.809000000000000052e-01
1.248999999999999971e-01
8.309999999999999332e-02
6.149999999999999911e-02
4.689999999999999725e-02
4.220000000000000140e-02
4.299999999999999656e-02
3.509999999999999926e-02
3.280000000000000276e-02
2.599999999999999881e-02
2.900000000000000147e-02
2.239999999999999977e-02
1.600000000000000033e-02
1.060000000000000005e-02
2.899999999999999800e-03
0.000000000000000000e+00
0.000000000000000000e+00
1.899999999999999996e-03
0.000000000000000000e+00
5.599999999999999943e-03
1.469999999999999953e-02
2.000000000000000042e-02
3.579999999999999849e-02
8.219999999999999529e-02
1.265000000000000013e-01
1.670999999999999985e-01
2.106999999999999984e-01
2.200000000000000011e-01
2.232999999999999985e-01
2.177999999999999936e-01
1.988000000000000045e-01
1.938000000000000000e-01
1.912999999999999978e-01
1.819999999999999951e-01
1.602000000000000091e-01
1.471999999999999975e-01
1.496000000000000107e-01
1.572000000000000064e-01
1.829000000000000070e-01
2.129999999999999949e-01
2.267000000000000126e-01
2.157000000000000028e-01
2.156000000000000139e-01
1.975999999999999979e-01
1.778000000000000136e-01
1.535999999999999865e-01
1.353000000000000036e-01
1.179999999999999938e-01
9.840000000000000135e-02
7.960000000000000409e-02
6.660000000000000642e-02
4.979999999999999705e-02
2.800000000000000058e-02
2.350000000000000006e-02
2.440000000000000155e-02
2.939999999999999905e-02
3.150000000000000022e-02
4.549999999999999878e-02
3.450000000000000289e-02
3.400000000000000244e-02
1.200000000000000025e-02
6.300000000000000044e-03
2.299999999999999961e-03
0.000000000000000000e+00
2.999999999999999737e-04
8.999999999999999754e-04
1.480000000000000066e-02
2.889999999999999861e-02
3.189999999999999780e-02
3.679999999999999938e-02
3.350000000000000200e-02
2.249999999999999917e-02
1.940000000000000058e-02
2.009999999999999981e-02
2.179999999999999993e-02
1.609999999999999973e-02
1.480000000000000066e-02
3.160000000000000309e-02
5.439999999999999697e-02
8.190000000000000058e-02
1.066000000000000003e-01
1.285999999999999921e-01
1.194999999999999951e-01
1.112999999999999962e-01
1.033000000000000029e-01
1.117999999999999966e-01
1.145000000000000046e-01
1.164000000000000035e-01
1.252999999999999947e-01
1.194999999999999951e-01
1.091000000000000025e-01
9.690000000000000002e-02
9.130000000000000615e-02
8.219999999999999529e-02
8.619999999999999885e-02
9.779999999999999805e-02
8.970000000000000195e-02
8.989999999999999380e-02
9.420000000000000595e-02
9.059999999999999998e-02
1.020999999999999963e-01
1.408999999999999975e-01
2.010000000000000120e-01
3.084000000000000075e-01
4.309000000000000052e-01
5.385999999999999677e-01
6.310000000000000053e-01
7.159999999999999698e-01
7.755999999999999561e-01
8.624000000000000554e-01
8.871999999999999886e-01
9.054999999999999716e-01
9.132000000000000117e-01
9.203999999999999959e-01
9.425000000000000044e-01
9.474000000000000199e-01
9.387999999999999678e-01
9.497999999999999776e-01
9.432000000000000384e-01
9.478999999999999648e-01
9.506000000000000005e-01
9.281000000000000361e-01
9.262000000000000233e-01
9.243000000000000105e-01
9.223000000000000087e-01
9.286999999999999700e-01
9.254000000000000004e-01
9.266999999999999682e-01
9.260000000000000453e-01
9.351000000000000423e-01
9.395000000000000018e-01
9.383000000000000229e-01
9.492000000000000437e-01
9.678999999999999826e-01
9.493000000000000327e-01
9.543000000000000371e-01
9.495999999999999996e-01
9.705000000000000293e-01
9.554000000000000270e-01
9.647999999999999909e-01
9.731999999999999540e-01
9.846000000000000307e-01
9.755000000000000338e-01
9.707999999999999963e-01
9.725000000000000311e-01
9.653000000000000469e-01
9.577999999999999847e-01
9.597999999999999865e-01
9.576999999999999957e-01
9.696000000000000174e-01
9.715000000000000302e-01
9.676000000000000156e-01
9.616000000000000103e-01
9.506999999999999895e-01
9.498999999999999666e-01
9.512000000000000455e-01
9.620999999999999552e-01
9.562000000000000499e-01
9.536000000000000032e-01
9.620999999999999552e-01
9.320000000000000506e-01
8.941000000000000059e-01
8.406000000000000139e-01
7.947999999999999510e-01
7.621999999999999886e-01
6.907999999999999696e-01
5.995000000000000329e-01
5.346999999999999531e-01
4.355999999999999872e-01
3.301000000000000045e-01
2.343000000000000083e-01
2.030000000000000138e-01
1.834000000000000075e-01
1.724999999999999867e-01
1.733999999999999986e-01
1.779999999999999916e-01
1.598999999999999866e-01
1.706000000000000016e-01
1.741000000000000048e-01
1.897999999999999965e-01
1.943000000000000005e-01
1.859000000000000097e-01
1.776000000000000079e-01
1.676999999999999880e-01
1.570000000000000007e-01
1.310000000000000053e-01
9.560000000000000442e-02
6.489999999999999936e-02
4.809999999999999692e-02
3.409999999999999837e-02
2.939999999999999905e-02
1.099999999999999936e-02
4.100000000000000346e-03
0.000000000000000000e+00
5.499999999999999681e-03
5.999999999999999474e-04
9.199999999999999845e-03
1.720000000000000001e-02
2.350000000000000006e-02
3.640000000000000180e-02
2.900000000000000147e-02
3.169999999999999901e-02
3.479999999999999760e-02
3.690000000000000224e-02
2.790000000000000119e-02
1.379999999999999977e-02
1.000000000000000048e-04
0.000000000000000000e+00
0.000000000000000000e+00
0.000000000000000000e+00
0.000000000000000000e+00
0.000000000000000000e+00
0.000000000000000000e+00
0.000000000000000000e+00
0.000000000000000000e+00
0.000000000000000000e+00
0.000000000000000000e+00
6.599999999999999964e-03
0.000000000000000000e+00
7.700000000000000247e-03
9.499999999999999764e-03
2.680000000000000090e-02
3.860000000000000236e-02
7.520000000000000295e-02
8.740000000000000546e-02
8.519999999999999796e-02
7.820000000000000562e-02
7.180000000000000271e-02
1.000000000000000056e-01
9.710000000000000575e-02
9.410000000000000309e-02
8.930000000000000437e-02
9.049999999999999711e-02
9.979999999999999982e-02
9.349999999999999978e-02
9.260000000000000175e-02
8.840000000000000635e-02
9.210000000000000131e-02
9.560000000000000442e-02
1.043000000000000038e-01
1.028000000000000025e-01
1.019000000000000045e-01
1.087999999999999939e-01
1.308999999999999886e-01
1.355000000000000093e-01
1.507000000000000006e-01
1.590999999999999914e-01
1.562000000000000055e-01
1.610999999999999932e-01
1.325000000000000067e-01
1.315000000000000058e-01
8.899999999999999578e-02
7.180000000000000271e-02
7.270000000000000073e-02
8.799999999999999489e-02
8.830000000000000349e-02
6.790000000000000202e-02
6.189999999999999669e-02
5.970000000000000306e-02
6.729999999999999871e-02
7.820000000000000562e-02
1.023000000000000020e-01
1.343999999999999917e-01
1.413999999999999979e-01
1.365999999999999992e-01
1.416000000000000036e-01
1.471000000000000085e-01
1.403999999999999970e-01
1.464000000000000024e-01
1.501000000000000112e-01
1.519000000000000072e-01
1.532999999999999918e-01
1.511000000000000121e-01
1.499000000000000055e-01
1.487999999999999878e-01
1.383000000000000063e-01
1.313999999999999890e-01
1.287000000000000088e-01
1.277999999999999969e-01
1.265999999999999903e-01
1.320999999999999952e-01
1.353000000000000036e-01
1.433999999999999997e-01
1.539999999999999980e-01
1.723000000000000087e-01
1.865999999999999881e-01
2.207999999999999963e-01
2.631999999999999895e-01
3.040999999999999814e-01
3.453999999999999848e-01
3.942999999999999838e-01
4.376999999999999780e-01
4.839999999999999858e-01
5.330000000000000293e-01
5.827999999999999847e-01
6.185000000000000497e-01
6.634999999999999787e-01
6.977999999999999758e-01
7.147999999999999909e-01
7.288999999999999924e-01
7.318999999999999950e-01
7.346000000000000307e-01
7.247000000000000108e-01
7.140999999999999570e-01
7.134000000000000341e-01
7.135000000000000231e-01
7.110999999999999543e-01
7.030999999999999472e-01
7.043000000000000371e-01
7.055000000000000160e-01
6.899999999999999467e-01
6.838999999999999524e-01
6.602999999999999980e-01
6.452999999999999847e-01
6.307000000000000384e-01
6.157000000000000250e-01
6.098000000000000087e-01
5.960999999999999632e-01
6.072999999999999510e-01
5.989999999999999769e-01
6.089999999999999858e-01
6.347000000000000419e-01
6.350999999999999979e-01
6.532000000000000028e-01
7.037999999999999812e-01
7.046000000000000041e-01
7.198999999999999844e-01
7.399000000000000021e-01
7.609000000000000208e-01
7.499000000000000110e-01
7.393999999999999462e-01
7.389000000000000012e-01
7.316000000000000281e-01
7.214000000000000412e-01
6.716999999999999638e-01
6.323999999999999622e-01
5.526999999999999691e-01
5.067000000000000393e-01
4.052000000000000046e-01
3.246999999999999886e-01
2.627999999999999781e-01
2.174000000000000099e-01
1.746000000000000052e-01
1.433000000000000107e-01
1.060999999999999999e-01
8.409999999999999420e-02
7.989999999999999880e-02
7.209999999999999742e-02
6.800000000000000488e-02
5.500000000000000028e-02
4.750000000000000056e-02
5.790000000000000008e-02
8.010000000000000453e-02
1.019999999999999934e-01
1.159000000000000030e-01
1.042000000000000010e-01
9.569999999999999341e-02
9.550000000000000155e-02
7.799999999999999989e-02
6.629999999999999782e-02
5.190000000000000169e-02
4.610000000000000209e-02
3.450000000000000289e-02
1.230000000000000017e-02
8.099999999999999561e-03
1.490000000000000005e-02
1.170000000000000033e-02
3.899999999999999821e-03
5.300000000000000024e-03
4.000000000000000083e-03
2.989999999999999949e-02
3.590000000000000135e-02
5.530000000000000193e-02
6.959999999999999520e-02
8.640000000000000457e-02
9.170000000000000373e-02
1.159000000000000030e-01
1.449000000000000010e-01
1.706999999999999906e-01
2.091000000000000081e-01
2.315000000000000113e-01
2.614000000000000212e-01
2.872999999999999998e-01
3.178000000000000269e-01
3.493999999999999884e-01
3.583000000000000074e-01
3.926000000000000045e-01
3.981000000000000094e-01
4.316999999999999726e-01
4.361999999999999766e-01
4.137000000000000122e-01
3.921999999999999931e-01
3.513000000000000012e-01
3.350000000000000200e-01
3.119000000000000106e-01
2.993999999999999995e-01
2.852000000000000091e-01
2.746000000000000107e-01
2.667999999999999816e-01
2.489000000000000101e-01
2.230000000000000038e-01
1.778000000000000136e-01
1.550999999999999879e-01
1.391999999999999904e-01
1.285999999999999921e-01
1.343999999999999917e-01
1.511000000000000121e-01
1.675000000000000100e-01
2.033999999999999975e-01
2.303000000000000047e-01
2.449999999999999956e-01
2.671999999999999931e-01
3.057000000000000273e-01
3.353999999999999759e-01
3.479999999999999760e-01
3.739000000000000101e-01
3.972999999999999865e-01
4.415000000000000036e-01
4.637000000000000011e-01
4.868000000000000105e-01
5.036000000000000476e-01
5.443999999999999950e-01
5.455999999999999739e-01
5.565999999999999837e-01
5.664000000000000146e-01
5.822000000000000508e-01
6.149999999999999911e-01
6.097000000000000197e-01
5.965000000000000302e-01
6.790000000000000480e-01
7.030999999999999472e-01
7.254000000000000448e-01
7.296000000000000263e-01
7.308000000000000052e-01
7.379000000000000004e-01
7.369999999999999885e-01
7.310999999999999721e-01
7.382999999999999563e-01
7.147000000000000020e-01
7.194000000000000394e-01
7.631999999999999895e-01
7.977999999999999536e-01
8.258999999999999675e-01
8.384000000000000341e-01
8.730999999999999872e-01
8.813999999999999613e-01
8.931000000000000050e-01
9.153000000000000025e-01
9.305999999999999828e-01
9.215999999999999748e-01
9.221000000000000307e-01
9.366999999999999771e-01
9.657999999999999918e-01
9.415999999999999925e-01
9.286999999999999700e-01
9.041000000000000147e-01
9.242000000000000215e-01
9.436999999999999833e-01
9.119000000000000439e-01
9.455999999999999961e-01
9.435000000000000053e-01
9.306999999999999718e-01
9.215999999999999748e-01
9.515000000000000124e-01
9.717000000000000082e-01
9.635000000000000231e-01
9.797000000000000153e-01
9.677999999999999936e-01
9.747000000000000108e-01
9.651999999999999469e-01
9.709999999999999742e-01
9.616999999999999993e-01
9.573000000000000398e-01
9.457999999999999741e-01
9.588999999999999746e-01
9.700999999999999623e-01
9.634000000000000341e-01
9.560999999999999499e-01
9.704000000000000403e-01
9.528999999999999693e-01
9.550999999999999490e-01
9.468999999999999639e-01
9.274000000000000021e-01
9.367999999999999661e-01
9.350000000000000533e-01
9.254999999999999893e-01
9.231000000000000316e-01
9.167999999999999483e-01
9.334000000000000075e-01
9.394000000000000128e-01
9.348999999999999533e-01
9.516999999999999904e-01
9.519999999999999574e-01
9.507999999999999785e-01
9.516999999999999904e-01
9.517999999999999794e-01
9.338999999999999524e-01
9.583000000000000407e-01
9.690999999999999615e-01
9.768999999999999906e-01
9.670999999999999597e-01
9.780999999999999694e-01
9.740999999999999659e-01
9.738999999999999879e-01
9.781999999999999584e-01
9.767000000000000126e-01
9.777000000000000135e-01
9.858000000000000096e-01
9.778999999999999915e-01
9.797000000000000153e-01
9.799999999999999822e-01
9.816000000000000281e-01
9.768000000000000016e-01
9.714000000000000412e-01
9.777000000000000135e-01
9.788999999999999924e-01
9.832999999999999519e-01
9.740999999999999659e-01
9.885000000000000453e-01
9.828999999999999959e-01
9.980999999999999872e-01
9.916000000000000369e-01
9.923999999999999488e-01
9.659999999999999698e-01
9.586000000000000076e-01
9.650999999999999579e-01
9.603000000000000425e-01
9.686000000000000165e-01
9.619999999999999662e-01
9.735000000000000320e-01
9.739999999999999769e-01
9.727000000000000091e-01
9.647999999999999909e-01
9.648999999999999799e-01
9.755000000000000338e-01
9.786000000000000254e-01
9.767000000000000126e-01
9.819999999999999840e-01
9.869999999999999885e-01
9.834000000000000519e-01
9.878000000000000114e-01
9.957000000000000295e-01
9.979000000000000092e-01
1.000000000000000000e+00
1.000000000000000000e+00
1.000000000000000000e+00
1.000000000000000000e+00
1.000000000000000000e+00
1.000000000000000000e+00
1.000000000000000000e+00
1.000000000000000000e+00
1.000000000000000000e+00
1.000000000000000000e+00
1.000000000000000000e+00
1.000000000000000000e+00
1.000000000000000000e+00
1.000000000000000000e+00
1.000000000000000000e+00
1.000000000000000000e+00
9.977000000000000313e-01
9.991999999999999771e-01
9.971999999999999753e-01
9.818999999999999950e-01
1.000000000000000000e+00
9.992999999999999661e-01
1.000000000000000000e+00
9.993999999999999551e-01
1.000000000000000000e+00
9.966000000000000414e-01
1.000000000000000000e+00
9.982999999999999652e-01
9.888000000000000123e-01
9.983999999999999542e-01
1.000000000000000000e+00
9.982999999999999652e-01
1.000000000000000000e+00
9.979000000000000092e-01
1.000000000000000000e+00
9.939999999999999947e-01
1.000000000000000000e+00
9.906000000000000361e-01
9.927000000000000268e-01
9.872999999999999554e-01
9.890999999999999792e-01
9.755000000000000338e-01
9.693000000000000504e-01
9.689999999999999725e-01
9.572000000000000508e-01
9.616999999999999993e-01
9.677000000000000046e-01
9.688999999999999835e-01
9.674000000000000377e-01
9.729999999999999760e-01
9.653000000000000469e-01
9.693000000000000504e-01
9.738999999999999879e-01
9.748999999999999888e-01
9.724000000000000421e-01
9.685000000000000275e-01
9.755000000000000338e-01
9.755000000000000338e-01
9.775000000000000355e-01
9.933999999999999497e-01
9.961999999999999744e-01
9.888000000000000123e-01
9.963999999999999524e-01
9.789999999999999813e-01
9.896000000000000352e-01
9.858999999999999986e-01
9.949999999999999956e-01
1.000000000000000000e+00
9.957000000000000295e-01
9.824000000000000510e-01
9.907000000000000250e-01
9.798999999999999932e-01
9.922999999999999599e-01
9.862999999999999545e-01
9.840999999999999748e-01
9.761999999999999567e-01
9.688999999999999835e-01
9.739999999999999769e-01
9.625000000000000222e-01
9.645000000000000240e-01
9.788000000000000034e-01
9.836000000000000298e-01
9.657999999999999918e-01
9.841999999999999638e-01
9.866000000000000325e-01
9.725000000000000311e-01
9.756000000000000227e-01
9.789999999999999813e-01
9.635000000000000231e-01
9.566999999999999948e-01
9.535000000000000142e-01
9.322000000000000286e-01
9.411000000000000476e-01
9.565000000000000169e-01
9.666000000000000147e-01
9.717000000000000082e-01
9.657000000000000028e-01
9.474000000000000199e-01
9.608999999999999764e-01
9.580999999999999517e-01
9.525000000000000133e-01
9.330000000000000515e-01
9.500999999999999446e-01
9.335999999999999854e-01
9.239000000000000545e-01
9.072000000000000064e-01
9.044999999999999707e-01
8.771999999999999797e-01
8.657000000000000250e-01
8.607000000000000206e-01
8.357999999999999874e-01
8.177999999999999714e-01
8.184000000000000163e-01
8.004000000000000004e-01
7.226000000000000201e-01
