8.645000000000000462e-01
8.480999999999999650e-01
8.212000000000000410e-01
8.028999999999999471e-01
7.714999999999999636e-01
7.289999999999999813e-01
6.925000000000000044e-01
6.535999999999999588e-01
6.011999999999999567e-01
5.688999999999999613e-01
5.437999999999999501e-01
5.492000000000000215e-01
4.999000000000000110e-01
4.662000000000000033e-01
4.536000000000000032e-01
4.316999999999999726e-01
4.084999999999999742e-01
4.123999999999999888e-01
4.102999999999999980e-01
3.985000000000000209e-01
3.814000000000000168e-01
3.840999999999999970e-01
3.444999999999999729e-01
3.186999999999999833e-01
2.607999999999999763e-01
2.119000000000000050e-01
1.958999999999999908e-01
1.648000000000000020e-01
1.355000000000000093e-01
1.358999999999999930e-01
1.300999999999999934e-01
1.587000000000000077e-01
1.952000000000000124e-01
2.439999999999999947e-01
2.884999999999999787e-01
3.030999999999999805e-01
2.958000000000000074e-01
2.742999999999999883e-01
2.565999999999999948e-01
2.456000000000000127e-01
2.285000000000000087e-01
2.172000000000000042e-01
2.200000000000000011e-01
2.071999999999999953e-01
1.932000000000000106e-01
1.738999999999999990e-01
1.638000000000000012e-01
1.408000000000000085e-01
1.135000000000000037e-01
7.979999999999999594e-02
5.680000000000000326e-02
3.549999999999999684e-02
3.289999999999999869e-02
3.200000000000000067e-02
2.390000000000000110e-02
1.880000000000000074e-02
2.610000000000000167e-02
1.940000000000000058e-02
1.310000000000000053e-02
7.599999999999999985e-03
1.129999999999999928e-02
9.400000000000000369e-03
1.700000000000000122e-02
2.280000000000000082e-02
1.799999999999999864e-02
5.599999999999999943e-03
5.700000000000000205e-03
0.000000000000000000e+00
0.000000000000000000e+00
0.000000000000000000e+00
0.000000000000000000e+00
0.000000000000000000e+00
0.000000000000000000e+00
5.599999999999999943e-03
1.400000000000000029e-02
8.800000000000000530e-03
2.380000000000000171e-02
5.199999999999999761e-02
7.040000000000000424e-02
9.500000000000000111e-02
9.840000000000000135e-02
1.015000000000000069e-01
9.589999999999999913e-02
8.780000000000000304e-02
8.309999999999999332e-02
7.739999999999999658e-02
7.159999999999999698e-02
7.059999999999999609e-02
6.700000000000000400e-02
6.090000000000000274e-02
5.770000000000000129e-02
5.630000000000000282e-02
4.270000000000000184e-02
3.529999999999999805e-02
3.070000000000000159e-02
3.209999999999999659e-02
3.819999999999999785e-02
4.259999999999999898e-02
4.410000000000000031e-02
4.479999999999999954e-02
4.150000000000000216e-02
4.499999999999999833e-02
5.040000000000000036e-02
4.610000000000000209e-02
3.320000000000000034e-02
3.420000000000000123e-02
2.879999999999999921e-02
2.910000000000000087e-02
2.649999999999999925e-02
2.610000000000000167e-02
2.649999999999999925e-02
2.450000000000000094e-02
2.920000000000000026e-02
2.510000000000000078e-02
2.319999999999999840e-02
1.710000000000000062e-02
1.510000000000000057e-02
1.319999999999999993e-02
1.619999999999999912e-02
2.089999999999999844e-02
3.059999999999999873e-02
3.400000000000000244e-02
3.160000000000000309e-02
2.400000000000000050e-02
1.569999999999999868e-02
3.599999999999999901e-03
1.299999999999999940e-03
4.700000000000000185e-03
1.250000000000000069e-02
2.639999999999999986e-02
4.710000000000000298e-02
6.400000000000000133e-02
7.729999999999999372e-02
7.739999999999999658e-02
6.880000000000000004e-02
6.230000000000000121e-02
5.840000000000000052e-02
6.590000000000000024e-02
7.320000000000000118e-02
1.016999999999999987e-01
1.484999999999999931e-01
1.822999999999999898e-01
2.495999999999999885e-01
2.898999999999999910e-01
3.126999999999999780e-01
3.024000000000000021e-01
3.081999999999999740e-01
2.903999999999999915e-01
2.572999999999999732e-01
2.023999999999999966e-01
1.504999999999999949e-01
1.033000000000000029e-01
7.439999999999999392e-02
6.270000000000000573e-02
4.680000000000000132e-02
3.719999999999999696e-02
2.860000000000000042e-02
1.580000000000000154e-02
8.899999999999999925e-03
4.599999999999999922e-03
8.999999999999999754e-04
1.030000000000000013e-02
8.899999999999999925e-03
1.399999999999999986e-03
0.000000000000000000e+00
0.000000000000000000e+00
0.000000000000000000e+00
0.000000000000000000e+00
1.200000000000000025e-02
2.350000000000000006e-02
3.239999999999999825e-02
3.409999999999999837e-02
1.569999999999999868e-02
1.480000000000000066e-02
3.599999999999999901e-03
1.149999999999999981e-02
9.900000000000000813e-03
6.000000000000000125e-03
3.000000000000000062e-03
0.000000000000000000e+00
1.199999999999999895e-03
6.999999999999999929e-04
1.009999999999999960e-02
1.469999999999999953e-02
3.629999999999999893e-02
4.830000000000000265e-02
6.719999999999999585e-02
5.920000000000000262e-02
8.469999999999999751e-02
1.035999999999999976e-01
1.559999999999999998e-01
2.046000000000000041e-01
2.439000000000000057e-01
2.959999999999999853e-01
3.356000000000000094e-01
3.624999999999999889e-01
3.764000000000000123e-01
3.504999999999999782e-01
3.189000000000000168e-01
2.787999999999999923e-01
2.106999999999999984e-01
1.612000000000000099e-01
1.254000000000000115e-01
8.980000000000000482e-02
8.569999999999999840e-02
7.720000000000000473e-02
6.679999999999999827e-02
8.390000000000000235e-02
8.880000000000000393e-02
7.779999999999999416e-02
6.769999999999999629e-02
6.790000000000000202e-02
7.119999999999999940e-02
7.499999999999999722e-02
7.630000000000000671e-02
7.409999999999999920e-02
8.429999999999999993e-02
8.909999999999999865e-02
9.360000000000000264e-02
1.079999999999999988e-01
1.202000000000000013e-01
1.411999999999999922e-01
1.721999999999999920e-01
1.920999999999999930e-01
2.164999999999999980e-01
2.651999999999999913e-01
3.141999999999999793e-01
3.869000000000000217e-01
4.420000000000000040e-01
4.825999999999999734e-01
5.798999999999999710e-01
6.599000000000000421e-01
7.388000000000000123e-01
8.126999999999999780e-01
8.560999999999999721e-01
8.995999999999999552e-01
9.236999999999999655e-01
9.334999999999999964e-01
9.477999999999999758e-01
9.530999999999999472e-01
9.464000000000000190e-01
9.404000000000000137e-01
9.567999999999999838e-01
9.384000000000000119e-01
9.294999999999999929e-01
9.436999999999999833e-01
9.513000000000000345e-01
9.487999999999999767e-01
9.546999999999999931e-01
9.606999999999999984e-01
9.636000000000000121e-01
9.411000000000000476e-01
9.519999999999999574e-01
9.387999999999999678e-01
9.439999999999999503e-01
9.468999999999999639e-01
9.487999999999999767e-01
9.534000000000000252e-01
9.550999999999999490e-01
9.584000000000000297e-01
9.647000000000000020e-01
9.638999999999999790e-01
9.653000000000000469e-01
9.618999999999999773e-01
9.636000000000000121e-01
9.562000000000000499e-01
9.553000000000000380e-01
9.649999999999999689e-01
9.610999999999999543e-01
9.818000000000000060e-01
9.778000000000000025e-01
9.908000000000000140e-01
9.752999999999999448e-01
9.659999999999999698e-01
9.656000000000000139e-01
9.667999999999999927e-01
9.764000000000000457e-01
9.837000000000000188e-01
9.771999999999999575e-01
9.761999999999999567e-01
9.788000000000000034e-01
9.658999999999999808e-01
9.609999999999999654e-01
9.584000000000000297e-01
9.385000000000000009e-01
9.246999999999999664e-01
9.101000000000000201e-01
9.183000000000000052e-01
9.062999999999999945e-01
8.692999999999999616e-01
8.519999999999999796e-01
8.417999999999999927e-01
8.075999999999999845e-01
7.913999999999999924e-01
7.382999999999999563e-01
6.964000000000000190e-01
6.499000000000000332e-01
6.120999999999999774e-01
5.731000000000000538e-01
4.969999999999999973e-01
4.455000000000000071e-01
4.222000000000000197e-01
3.746999999999999775e-01
3.469999999999999751e-01
3.163000000000000256e-01
2.807999999999999940e-01
2.464000000000000079e-01
1.996999999999999886e-01
1.799000000000000044e-01
1.469000000000000028e-01
1.325999999999999956e-01
1.053999999999999937e-01
9.650000000000000244e-02
1.058999999999999941e-01
1.260999999999999899e-01
1.340000000000000080e-01
1.428000000000000103e-01
1.690000000000000113e-01
1.748000000000000109e-01
1.728000000000000091e-01
1.678999999999999937e-01
1.592000000000000082e-01
1.355000000000000093e-01
1.055999999999999994e-01
6.130000000000000032e-02
3.740000000000000269e-02
2.350000000000000006e-02
1.190000000000000085e-02
0.000000000000000000e+00
0.000000000000000000e+00
1.050000000000000065e-02
6.199999999999999782e-03
1.729999999999999941e-02
2.960000000000000131e-02
2.900000000000000147e-02
1.559999999999999928e-02
1.099999999999999936e-02
1.510000000000000057e-02
1.050000000000000065e-02
4.300000000000000003e-03
2.170000000000000054e-02
1.820000000000000090e-02
2.179999999999999993e-02
2.659999999999999865e-02
4.150000000000000216e-02
5.140000000000000124e-02
6.610000000000000597e-02
9.690000000000000002e-02
9.819999999999999563e-02
9.400000000000000022e-02
9.279999999999999361e-02
1.025999999999999968e-01
1.103999999999999981e-01
1.044000000000000067e-01
1.043000000000000038e-01
1.058999999999999941e-01
1.127999999999999975e-01
1.227000000000000035e-01
1.426000000000000045e-01
1.557999999999999940e-01
1.854999999999999982e-01
2.330000000000000127e-01
2.928000000000000047e-01
3.108000000000000207e-01
3.593000000000000083e-01
4.213999999999999968e-01
4.650000000000000244e-01
4.897000000000000242e-01
5.439000000000000501e-01
5.515999999999999792e-01
5.574000000000000066e-01
5.604999999999999982e-01
5.233999999999999764e-01
5.031999999999999806e-01
4.230999999999999761e-01
3.478999999999999870e-01
2.562999999999999723e-01
2.151000000000000134e-01
1.804000000000000048e-01
1.613999999999999879e-01
1.489999999999999936e-01
1.330000000000000071e-01
1.199000000000000066e-01
1.068000000000000060e-01
1.030999999999999972e-01
9.550000000000000155e-02
9.650000000000000244e-02
1.048999999999999932e-01
1.166999999999999982e-01
1.302999999999999992e-01
1.469000000000000028e-01
1.610999999999999932e-01
1.824000000000000066e-01
1.962000000000000133e-01
1.950000000000000067e-01
1.943000000000000005e-01
1.928999999999999881e-01
2.064999999999999891e-01
2.099999999999999922e-01
2.310999999999999999e-01
2.625000000000000111e-01
2.742999999999999883e-01
2.711999999999999966e-01
2.641999999999999904e-01
2.437000000000000000e-01
2.230999999999999928e-01
2.185999999999999888e-01
2.137000000000000011e-01
2.149999999999999967e-01
2.127999999999999892e-01
2.315000000000000113e-01
2.656999999999999917e-01
3.002000000000000224e-01
3.402000000000000024e-01
3.980000000000000204e-01
4.405999999999999917e-01
5.000000000000000000e-01
5.464999999999999858e-01
5.988999999999999879e-01
6.584999999999999742e-01
7.190999999999999615e-01
7.609000000000000208e-01
8.157999999999999696e-01
8.444000000000000394e-01
8.577000000000000179e-01
8.652999999999999581e-01
8.517000000000000126e-01
8.235999999999999988e-01
8.276000000000000023e-01
8.366000000000000103e-01
8.474000000000000421e-01
8.437999999999999945e-01
8.421999999999999487e-01
8.609999999999999876e-01
8.560999999999999721e-01
8.542999999999999483e-01
8.790000000000000036e-01
8.760999999999999899e-01
8.994999999999999662e-01
9.085999999999999632e-01
9.102000000000000091e-01
9.206999999999999629e-01
9.241000000000000325e-01
9.342000000000000304e-01
9.340000000000000524e-01
9.423000000000000265e-01
9.512000000000000455e-01
9.529999999999999583e-01
9.465000000000000080e-01
9.414000000000000146e-01
9.556999999999999940e-01
9.445999999999999952e-01
9.414000000000000146e-01
9.479999999999999538e-01
9.567999999999999838e-01
9.644000000000000350e-01
9.706000000000000183e-01
9.700999999999999623e-01
9.714000000000000412e-01
9.693000000000000504e-01
9.787000000000000144e-01
9.811999999999999611e-01
9.766000000000000236e-01
9.852999999999999536e-01
9.880999999999999783e-01
9.829999999999999849e-01
9.772999999999999465e-01
9.738999999999999879e-01
9.770999999999999686e-01
9.733000000000000540e-01
9.917000000000000259e-01
9.876000000000000334e-01
9.901999999999999691e-01
9.713000000000000522e-01
9.832999999999999519e-01
9.724000000000000421e-01
9.798000000000000043e-01
9.680999999999999606e-01
9.735000000000000320e-01
9.610999999999999543e-01
9.643000000000000460e-01
9.427999999999999714e-01
9.155999999999999694e-01
8.598999999999999977e-01
