9.155999999999999694e-01
9.242000000000000215e-01
9.182000000000000162e-01
9.071000000000000174e-01
8.866000000000000547e-01
8.578999999999999959e-01
8.349999999999999645e-01
8.103000000000000203e-01
7.915999999999999703e-01
7.570999999999999952e-01
7.338999999999999968e-01
7.159999999999999698e-01
6.836999999999999744e-01
6.754999999999999893e-01
6.629000000000000448e-01
6.343999999999999639e-01
6.150999999999999801e-01
5.904000000000000359e-01
5.557999999999999607e-01
5.405999999999999694e-01
4.763999999999999901e-01
4.254000000000000004e-01
3.549999999999999822e-01
2.983999999999999986e-01
2.888999999999999901e-01
2.805000000000000271e-01
2.626000000000000001e-01
2.401000000000000079e-01
2.084000000000000019e-01
1.832000000000000017e-01
1.680000000000000104e-01
1.405000000000000138e-01
1.035999999999999976e-01
9.710000000000000575e-02
8.830000000000000349e-02
8.599999999999999312e-02
9.669999999999999429e-02
1.254000000000000115e-01
1.413000000000000089e-01
1.453000000000000125e-01
1.761999999999999955e-01
1.831000000000000127e-01
2.061999999999999944e-01
2.033000000000000085e-01
1.890000000000000013e-01
1.807999999999999885e-01
1.575000000000000011e-01
1.353000000000000036e-01
1.088999999999999968e-01
1.010999999999999954e-01
7.889999999999999791e-02
8.970000000000000195e-02
8.619999999999999885e-02
1.019000000000000045e-01
1.049999999999999961e-01
9.589999999999999913e-02
8.480000000000000038e-02
7.470000000000000251e-02
5.709999999999999798e-02
4.309999999999999942e-02
2.949999999999999845e-02
2.659999999999999865e-02
1.299999999999999940e-02
1.980000000000000163e-02
1.469999999999999953e-02
1.319999999999999993e-02
1.830000000000000029e-02
3.030000000000000054e-02
3.719999999999999696e-02
6.370000000000000662e-02
5.820000000000000173e-02
4.549999999999999878e-02
3.939999999999999752e-02
2.139999999999999888e-02
7.199999999999999803e-03
4.300000000000000003e-03
1.799999999999999951e-03
0.000000000000000000e+00
8.300000000000000086e-03
2.599999999999999881e-03
1.619999999999999912e-02
2.759999999999999953e-02
2.970000000000000070e-02
5.380000000000000060e-02
7.950000000000000122e-02
1.039000000000000062e-01
1.318000000000000005e-01
1.524000000000000077e-01
1.701999999999999902e-01
1.726999999999999924e-01
1.834000000000000075e-01
1.766999999999999960e-01
1.917000000000000093e-01
2.091000000000000081e-01
2.106999999999999984e-01
2.142999999999999905e-01
2.389999999999999902e-01
2.610000000000000098e-01
2.893999999999999906e-01
2.949999999999999845e-01
2.894999999999999796e-01
2.802999999999999936e-01
2.462000000000000022e-01
2.064999999999999891e-01
1.812999999999999889e-01
1.453000000000000125e-01
9.909999999999999365e-02
7.069999999999999896e-02
4.359999999999999987e-02
4.750000000000000056e-02
4.379999999999999866e-02
4.839999999999999858e-02
4.920000000000000068e-02
4.870000000000000023e-02
3.830000000000000071e-02
4.240000000000000019e-02
3.549999999999999684e-02
2.949999999999999845e-02
2.939999999999999905e-02
2.920000000000000026e-02
2.709999999999999909e-02
2.369999999999999885e-02
2.479999999999999913e-02
1.750000000000000167e-02
1.020000000000000073e-02
5.899999999999999863e-03
5.000000000000000104e-03
5.300000000000000024e-03
1.009999999999999960e-02
1.290000000000000001e-02
1.580000000000000154e-02
1.700000000000000122e-02
2.699999999999999969e-02
2.520000000000000018e-02
1.600000000000000033e-02
1.899999999999999996e-03
0.000000000000000000e+00
5.199999999999999761e-03
1.179999999999999973e-02
2.620000000000000107e-02
4.320000000000000229e-02
6.429999999999999605e-02
7.879999999999999505e-02
8.759999999999999731e-02
8.000000000000000167e-02
7.710000000000000187e-02
7.829999999999999460e-02
1.005000000000000060e-01
1.195999999999999980e-01
1.706000000000000016e-01
2.258999999999999897e-01
2.852000000000000091e-01
3.432999999999999940e-01
3.760999999999999899e-01
3.971999999999999975e-01
3.739000000000000101e-01
3.759000000000000119e-01
3.436000000000000165e-01
2.767000000000000015e-01
2.079000000000000015e-01
1.514000000000000068e-01
1.146999999999999964e-01
8.450000000000000566e-02
8.500000000000000611e-02
7.589999999999999525e-02
6.529999999999999694e-02
4.689999999999999725e-02
3.420000000000000123e-02
2.580000000000000002e-02
2.500000000000000139e-02
1.870000000000000134e-02
3.359999999999999792e-02
3.269999999999999990e-02
1.529999999999999936e-02
1.030000000000000013e-02
9.299999999999999239e-03
1.209999999999999964e-02
1.499999999999999944e-02
3.130000000000000143e-02
5.349999999999999895e-02
8.999999999999999667e-02
9.929999999999999938e-02
9.690000000000000002e-02
8.519999999999999796e-02
6.029999999999999943e-02
3.830000000000000071e-02
2.489999999999999852e-02
1.490000000000000005e-02
3.799999999999999992e-03
0.000000000000000000e+00
0.000000000000000000e+00
0.000000000000000000e+00
0.000000000000000000e+00
0.000000000000000000e+00
1.020000000000000073e-02
3.009999999999999828e-02
3.300000000000000155e-02
2.079999999999999905e-02
2.690000000000000030e-02
3.119999999999999857e-02
5.249999999999999806e-02
6.729999999999999871e-02
1.039999999999999952e-01
1.234999999999999987e-01
1.650999999999999968e-01
1.985000000000000098e-01
2.396000000000000074e-01
2.456000000000000127e-01
2.373999999999999999e-01
2.152000000000000024e-01
1.633999999999999897e-01
1.227000000000000035e-01
1.035999999999999976e-01
7.570000000000000340e-02
8.279999999999999860e-02
8.959999999999999909e-02
8.909999999999999865e-02
1.033000000000000029e-01
1.208999999999999936e-01
1.645000000000000073e-01
1.802999999999999881e-01
2.081000000000000072e-01
2.232999999999999985e-01
2.564000000000000168e-01
2.741999999999999993e-01
3.020999999999999797e-01
3.392999999999999905e-01
3.605999999999999761e-01
3.932999999999999829e-01
4.264999999999999902e-01
4.398000000000000242e-01
4.456999999999999851e-01
4.602999999999999869e-01
4.633999999999999786e-01
4.761000000000000232e-01
4.945999999999999841e-01
4.878000000000000114e-01
4.808000000000000052e-01
5.294999999999999707e-01
6.046000000000000263e-01
6.939999999999999503e-01
7.669000000000000261e-01
8.438999999999999835e-01
8.568999999999999950e-01
8.719000000000000083e-01
8.895999999999999464e-01
9.059000000000000385e-01
9.123999999999999888e-01
9.111000000000000210e-01
9.236999999999999655e-01
9.262000000000000233e-01
9.336999999999999744e-01
9.270000000000000462e-01
9.413000000000000256e-01
9.033999999999999808e-01
9.384000000000000119e-01
9.212000000000000188e-01
9.429999999999999494e-01
9.360000000000000542e-01
9.332000000000000295e-01
9.351000000000000423e-01
9.385999999999999899e-01
9.207999999999999519e-01
9.272000000000000242e-01
9.336999999999999744e-01
9.350000000000000533e-01
9.423000000000000265e-01
9.510999999999999455e-01
9.485000000000000098e-01
9.532000000000000473e-01
9.613000000000000433e-01
9.552000000000000490e-01
9.533000000000000362e-01
9.651999999999999469e-01
9.706000000000000183e-01
9.556999999999999940e-01
9.439999999999999503e-01
9.719999999999999751e-01
9.538999999999999702e-01
9.647000000000000020e-01
9.809999999999999831e-01
1.000000000000000000e+00
9.808000000000000052e-01
9.821999999999999620e-01
9.854000000000000536e-01
9.687999999999999945e-01
9.686000000000000165e-01
9.630999999999999561e-01
9.663000000000000478e-01
9.798000000000000043e-01
9.857000000000000206e-01
9.857000000000000206e-01
9.925000000000000488e-01
9.623000000000000442e-01
9.718999999999999861e-01
9.688999999999999835e-01
9.747999999999999998e-01
9.675000000000000266e-01
9.422000000000000375e-01
9.342000000000000304e-01
9.145999999999999686e-01
9.008000000000000451e-01
8.659999999999999920e-01
8.580999999999999739e-01
8.275000000000000133e-01
7.620000000000000107e-01
6.905000000000000027e-01
6.434999999999999609e-01
6.191999999999999726e-01
5.773000000000000353e-01
5.625999999999999890e-01
5.433000000000000052e-01
5.268000000000000460e-01
5.311000000000000165e-01
5.506999999999999673e-01
5.624000000000000110e-01
5.908999999999999808e-01
6.082999999999999519e-01
6.116000000000000325e-01
5.901999999999999469e-01
5.739999999999999547e-01
5.554999999999999938e-01
5.496999999999999664e-01
5.433000000000000052e-01
5.454999999999999849e-01
4.946999999999999731e-01
5.289000000000000368e-01
5.332000000000000073e-01
5.533000000000000140e-01
5.755000000000000115e-01
6.121999999999999664e-01
6.042999999999999483e-01
6.351999999999999869e-01
6.381999999999999895e-01
6.364999999999999547e-01
6.145000000000000462e-01
5.900999999999999579e-01
5.482000000000000206e-01
4.994000000000000106e-01
4.244999999999999885e-01
3.427000000000000046e-01
3.032000000000000250e-01
2.567999999999999727e-01
2.020000000000000129e-01
1.355999999999999983e-01
1.163000000000000006e-01
8.540000000000000369e-02
7.169999999999999984e-02
5.419999999999999818e-02
5.059999999999999915e-02
5.569999999999999951e-02
6.370000000000000662e-02
7.420000000000000207e-02
8.450000000000000566e-02
1.011999999999999983e-01
9.429999999999999494e-02
8.260000000000000675e-02
6.940000000000000335e-02
5.739999999999999963e-02
4.179999999999999688e-02
2.769999999999999893e-02
1.349999999999999985e-02
3.099999999999999891e-03
2.399999999999999790e-03
0.000000000000000000e+00
0.000000000000000000e+00
0.000000000000000000e+00
2.899999999999999800e-03
0.000000000000000000e+00
3.000000000000000062e-03
1.540000000000000049e-02
1.789999999999999925e-02
2.060000000000000026e-02
8.999999999999999320e-03
1.750000000000000167e-02
8.200000000000000691e-03
5.799999999999999600e-03
2.400000000000000050e-02
3.309999999999999748e-02
5.519999999999999907e-02
8.429999999999999993e-02
9.529999999999999583e-02
1.005000000000000060e-01
9.270000000000000462e-02
1.092000000000000054e-01
1.087000000000000050e-01
1.024999999999999939e-01
1.019999999999999934e-01
1.058000000000000052e-01
1.111999999999999933e-01
1.071000000000000008e-01
1.103999999999999981e-01
1.149000000000000021e-01
1.244999999999999996e-01
1.358999999999999930e-01
1.562999999999999945e-01
1.731000000000000039e-01
2.119000000000000050e-01
2.718999999999999750e-01
3.313999999999999724e-01
3.734000000000000097e-01
4.177000000000000157e-01
4.743999999999999884e-01
5.099000000000000199e-01
5.247000000000000552e-01
5.578999999999999515e-01
5.466999999999999638e-01
5.393000000000000016e-01
5.309000000000000385e-01
4.814999999999999836e-01
4.435000000000000053e-01
3.558999999999999941e-01
2.580999999999999961e-01
1.887999999999999956e-01
1.443000000000000116e-01
1.233999999999999958e-01
1.112999999999999962e-01
1.009000000000000036e-01
9.539999999999999869e-02
8.250000000000000389e-02
7.610000000000000098e-02
6.750000000000000444e-02
6.029999999999999943e-02
6.439999999999999891e-02
7.699999999999999900e-02
9.470000000000000639e-02
1.084999999999999992e-01
1.288999999999999868e-01
1.506000000000000116e-01
1.708999999999999964e-01
1.950999999999999956e-01
1.923999999999999877e-01
1.985999999999999988e-01
2.056999999999999940e-01
1.938000000000000000e-01
1.910999999999999921e-01
1.990999999999999992e-01
2.142000000000000015e-01
2.223999999999999866e-01
1.985999999999999988e-01
1.759000000000000008e-01
1.494000000000000050e-01
1.260000000000000009e-01
1.004000000000000031e-01
8.569999999999999840e-02
8.279999999999999860e-02
7.580000000000000626e-02
7.870000000000000606e-02
8.509999999999999509e-02
1.005999999999999950e-01
1.076000000000000012e-01
1.441000000000000059e-01
1.763000000000000123e-01
2.026999999999999913e-01
2.328000000000000069e-01
2.716000000000000081e-01
3.069000000000000061e-01
2.999999999999999889e-01
3.109999999999999987e-01
3.237999999999999767e-01
3.079000000000000070e-01
3.209000000000000186e-01
3.428999999999999826e-01
3.786999999999999811e-01
4.153999999999999915e-01
4.714999999999999747e-01
5.201000000000000068e-01
5.746999999999999886e-01
6.326000000000000512e-01
6.650000000000000355e-01
7.048999999999999710e-01
7.721999999999999975e-01
8.238999999999999657e-01
8.404000000000000359e-01
8.628000000000000114e-01
8.770999999999999908e-01
8.842999999999999750e-01
9.078000000000000513e-01
9.139000000000000457e-01
9.294999999999999929e-01
9.486999999999999877e-01
9.385000000000000009e-01
9.155999999999999694e-01
9.264000000000000012e-01
9.300000000000000488e-01
9.500999999999999446e-01
9.565000000000000169e-01
9.629999999999999671e-01
9.596999999999999975e-01
9.623000000000000442e-01
9.457999999999999741e-01
9.395000000000000018e-01
9.425999999999999934e-01
9.510999999999999455e-01
9.546000000000000041e-01
9.594000000000000306e-01
9.635000000000000231e-01
9.368999999999999551e-01
9.616000000000000103e-01
9.760999999999999677e-01
9.750999999999999668e-01
9.570999999999999508e-01
9.765000000000000346e-01
9.720999999999999641e-01
9.800999999999999712e-01
9.845000000000000417e-01
9.781999999999999584e-01
9.810999999999999721e-01
9.821999999999999620e-01
9.756000000000000227e-01
9.685000000000000275e-01
9.608999999999999764e-01
9.828000000000000069e-01
9.982999999999999652e-01
9.925000000000000488e-01
9.893999999999999462e-01
9.996000000000000441e-01
9.909000000000000030e-01
1.000000000000000000e+00
9.955000000000000515e-01
9.862999999999999545e-01
9.744000000000000439e-01
9.415999999999999925e-01
9.288999999999999480e-01
9.251000000000000334e-01
9.446999999999999842e-01
9.253000000000000114e-01
9.154999999999999805e-01
9.038000000000000478e-01
9.141000000000000236e-01
9.195999999999999730e-01
8.710999999999999854e-01
9.016999999999999460e-01
9.064999999999999725e-01
9.150000000000000355e-01
9.123999999999999888e-01
9.192000000000000171e-01
9.226999999999999647e-01
9.205999999999999739e-01
9.364999999999999991e-01
9.374000000000000110e-01
9.433000000000000274e-01
9.506999999999999895e-01
9.491000000000000547e-01
9.546000000000000041e-01
9.483000000000000318e-01
9.296999999999999709e-01
9.189000000000000501e-01
9.555000000000000160e-01
9.628999999999999782e-01
9.628999999999999782e-01
9.506000000000000005e-01
9.622000000000000552e-01
9.696000000000000174e-01
9.861999999999999655e-01
9.709999999999999742e-01
9.626000000000000112e-01
9.736000000000000210e-01
9.747999999999999998e-01
9.839999999999999858e-01
9.826000000000000290e-01
9.885000000000000453e-01
9.719999999999999751e-01
9.866000000000000325e-01
9.741999999999999549e-01
9.787000000000000144e-01
9.782999999999999474e-01
9.706000000000000183e-01
9.795000000000000373e-01
9.757000000000000117e-01
9.799999999999999822e-01
9.655000000000000249e-01
9.800999999999999712e-01
9.728999999999999870e-01
9.669999999999999707e-01
9.564000000000000279e-01
9.340000000000000524e-01
9.465000000000000080e-01
9.656000000000000139e-01
9.725000000000000311e-01
9.726000000000000201e-01
9.746000000000000218e-01
9.796000000000000263e-01
9.694000000000000394e-01
9.586999999999999966e-01
9.711999999999999522e-01
9.714000000000000412e-01
9.713000000000000522e-01
9.612000000000000544e-01
9.546999999999999931e-01
9.666000000000000147e-01
9.768000000000000016e-01
9.806000000000000272e-01
9.770999999999999686e-01
9.879999999999999893e-01
9.782999999999999474e-01
9.832999999999999519e-01
9.945000000000000506e-01
9.998000000000000220e-01
9.909000000000000030e-01
1.000000000000000000e+00
1.000000000000000000e+00
1.000000000000000000e+00
9.940999999999999837e-01
9.743000000000000549e-01
9.912999999999999590e-01
9.895000000000000462e-01
9.848999999999999977e-01
9.842999999999999527e-01
9.840999999999999748e-01
9.638999999999999790e-01
9.817000000000000171e-01
9.738999999999999879e-01
9.799999999999999822e-01
9.848999999999999977e-01
9.786000000000000254e-01
9.794000000000000483e-01
9.741999999999999549e-01
9.850999999999999757e-01
9.815000000000000391e-01
9.854000000000000536e-01
9.818999999999999950e-01
9.769999999999999796e-01
9.752999999999999448e-01
9.832999999999999519e-01
9.780999999999999694e-01
9.874000000000000554e-01
9.772999999999999465e-01
9.719999999999999751e-01
9.750999999999999668e-01
9.899000000000000021e-01
9.769999999999999796e-01
9.699999999999999734e-01
9.667999999999999927e-01
9.635000000000000231e-01
9.631999999999999451e-01
9.798000000000000043e-01
9.731999999999999540e-01
9.865000000000000435e-01
9.769999999999999796e-01
9.760999999999999677e-01
9.707000000000000073e-01
9.756000000000000227e-01
9.714000000000000412e-01
9.721999999999999531e-01
9.697999999999999954e-01
9.724000000000000421e-01
9.729999999999999760e-01
9.741999999999999549e-01
9.746000000000000218e-01
9.816000000000000281e-01
9.795000000000000373e-01
9.790999999999999703e-01
9.801999999999999602e-01
9.824000000000000510e-01
9.778999999999999915e-01
9.782999999999999474e-01
9.684000000000000385e-01
9.827000000000000179e-01
9.795000000000000373e-01
9.815000000000000391e-01
9.856000000000000316e-01
9.811999999999999611e-01
9.817000000000000171e-01
9.842999999999999527e-01
9.808999999999999941e-01
1.000000000000000000e+00
9.792999999999999483e-01
9.811999999999999611e-01
9.762999999999999456e-01
9.704000000000000403e-01
9.792999999999999483e-01
9.747000000000000108e-01
9.822999999999999510e-01
9.486999999999999877e-01
9.223000000000000087e-01
9.396999999999999797e-01
9.327999999999999625e-01
9.275999999999999801e-01
9.220000000000000417e-01
9.285999999999999810e-01
9.350000000000000533e-01
9.257999999999999563e-01
9.119000000000000439e-01
9.304999999999999938e-01
9.347999999999999643e-01
9.476999999999999869e-01
9.534000000000000252e-01
9.538999999999999702e-01
9.667000000000000037e-01
9.679999999999999716e-01
9.574000000000000288e-01
9.523000000000000353e-01
9.483000000000000318e-01
9.468999999999999639e-01
9.497999999999999776e-01
9.364999999999999991e-01
9.134999999999999787e-01
9.667000000000000037e-01
9.686000000000000165e-01
9.830999999999999739e-01
9.671999999999999487e-01
9.749999999999999778e-01
9.792999999999999483e-01
9.757000000000000117e-01
9.826000000000000290e-01
9.787000000000000144e-01
9.758999999999999897e-01
9.645000000000000240e-01
9.685000000000000275e-01
9.890999999999999792e-01
9.744000000000000439e-01
9.811999999999999611e-01
9.747000000000000108e-01
9.816000000000000281e-01
9.821999999999999620e-01
9.752999999999999448e-01
9.825000000000000400e-01
9.818000000000000060e-01
9.857000000000000206e-01
9.848999999999999977e-01
9.761999999999999567e-01
9.875000000000000444e-01
9.782999999999999474e-01
9.825000000000000400e-01
9.835000000000000409e-01
9.781999999999999584e-01
9.847000000000000197e-01
9.761999999999999567e-01
9.808999999999999941e-01
9.769999999999999796e-01
9.776000000000000245e-01
9.888000000000000123e-01
9.704000000000000403e-01
9.767000000000000126e-01
9.766000000000000236e-01
9.788999999999999924e-01
9.798000000000000043e-01
9.725000000000000311e-01
9.867000000000000215e-01
9.699999999999999734e-01
9.720999999999999641e-01
9.697999999999999954e-01
9.694000000000000394e-01
9.678999999999999826e-01
9.736000000000000210e-01
9.827000000000000179e-01
9.862999999999999545e-01
9.772999999999999465e-01
9.838000000000000078e-01
9.900999999999999801e-01
9.817000000000000171e-01
9.770999999999999686e-01
9.683000000000000496e-01
9.684000000000000385e-01
9.671999999999999487e-01
9.861999999999999655e-01
9.890999999999999792e-01
9.885000000000000453e-01
9.798000000000000043e-01
9.782999999999999474e-01
9.731999999999999540e-01
9.771999999999999575e-01
9.666000000000000147e-01
9.830999999999999739e-01
9.704000000000000403e-01
9.785000000000000364e-01
9.694000000000000394e-01
9.717999999999999972e-01
9.689999999999999725e-01
9.671999999999999487e-01
9.506000000000000005e-01
9.644000000000000350e-01
9.668999999999999817e-01
9.667000000000000037e-01
9.705000000000000293e-01
9.645000000000000240e-01
9.701999999999999513e-01
9.716000000000000192e-01
9.804000000000000492e-01
9.758000000000000007e-01
9.719999999999999751e-01
9.664000000000000368e-01
9.841999999999999638e-01
9.788000000000000034e-01
9.733000000000000540e-01
9.727000000000000091e-01
9.686000000000000165e-01
9.796000000000000263e-01
9.820999999999999730e-01
9.802999999999999492e-01
9.772999999999999465e-01
9.681999999999999496e-01
9.667999999999999927e-01
9.634000000000000341e-01
9.748999999999999888e-01
9.717000000000000082e-01
9.690999999999999615e-01
9.758000000000000007e-01
9.723000000000000531e-01
9.618999999999999773e-01
9.382000000000000339e-01
9.723000000000000531e-01
9.791999999999999593e-01
9.754000000000000448e-01
9.959000000000000075e-01
9.666000000000000147e-01
9.747999999999999998e-01
9.868999999999999995e-01
9.701999999999999513e-01
9.935000000000000497e-01
9.809999999999999831e-01
9.864000000000000545e-01
9.847000000000000197e-01
9.707999999999999963e-01
9.700999999999999623e-01
9.805000000000000382e-01
9.782999999999999474e-01
9.713000000000000522e-01
9.807000000000000162e-01
9.789999999999999813e-01
9.788000000000000034e-01
9.816000000000000281e-01
9.840999999999999748e-01
9.850999999999999757e-01
9.817000000000000171e-01
9.798000000000000043e-01
9.806000000000000272e-01
9.929000000000000048e-01
9.960999999999999854e-01
9.961999999999999744e-01
9.805000000000000382e-01
9.883999999999999453e-01
9.780999999999999694e-01
9.810999999999999721e-01
9.896000000000000352e-01
9.918000000000000149e-01
9.828000000000000069e-01
9.856000000000000316e-01
9.723000000000000531e-01
9.754000000000000448e-01
9.760999999999999677e-01
9.740999999999999659e-01
9.657999999999999918e-01
9.584000000000000297e-01
9.425999999999999934e-01
9.256999999999999673e-01
9.149000000000000465e-01
8.764999999999999458e-01
8.574000000000000510e-01
8.415000000000000258e-01
8.385000000000000231e-01
8.224000000000000199e-01
8.215000000000000080e-01
8.080000000000000515e-01
7.915999999999999703e-01
7.826999999999999513e-01
7.529000000000000137e-01
7.620000000000000107e-01
7.629000000000000226e-01
7.550999999999999934e-01
7.252999999999999448e-01
