9.649999999999999689e-01
9.505000000000000115e-01
9.295999999999999819e-01
9.135999999999999677e-01
8.861999999999999877e-01
8.867000000000000437e-01
8.793999999999999595e-01
8.627000000000000224e-01
8.476000000000000201e-01
8.227999999999999758e-01
7.861000000000000210e-01
7.170999999999999597e-01
6.623999999999999888e-01
6.209999999999999964e-01
5.818999999999999728e-01
5.683000000000000274e-01
5.387999999999999456e-01
4.887000000000000233e-01
4.334999999999999964e-01
4.061000000000000165e-01
3.665999999999999814e-01
3.413999999999999813e-01
3.578000000000000069e-01
3.791999999999999815e-01
3.866999999999999882e-01
4.063999999999999835e-01
4.111000000000000210e-01
4.334999999999999964e-01
4.913000000000000145e-01
5.517999999999999572e-01
5.862000000000000544e-01
6.212999999999999634e-01
6.502000000000000002e-01
6.804999999999999938e-01
7.097999999999999865e-01
7.130999999999999561e-01
7.143000000000000460e-01
6.984000000000000208e-01
6.784000000000000030e-01
6.391999999999999904e-01
6.102999999999999536e-01
5.941999999999999504e-01
5.686999999999999833e-01
5.173999999999999710e-01
4.738999999999999879e-01
4.282000000000000250e-01
4.066000000000000170e-01
3.693000000000000171e-01
3.069000000000000061e-01
2.675000000000000155e-01
2.253000000000000003e-01
1.801999999999999991e-01
1.441999999999999948e-01
1.189000000000000057e-01
1.016999999999999987e-01
9.329999999999999405e-02
6.320000000000000617e-02
6.019999999999999657e-02
5.569999999999999951e-02
5.199999999999999761e-02
5.909999999999999976e-02
6.569999999999999452e-02
6.439999999999999891e-02
7.430000000000000493e-02
8.999999999999999667e-02
9.470000000000000639e-02
9.410000000000000309e-02
8.369999999999999662e-02
7.900000000000000078e-02
6.610000000000000597e-02
6.940000000000000335e-02
5.279999999999999971e-02
4.789999999999999813e-02
2.270000000000000143e-02
3.529999999999999805e-02
3.359999999999999792e-02
2.580000000000000002e-02
2.120000000000000009e-02
8.899999999999999925e-03
5.799999999999999600e-03
2.120000000000000009e-02
3.070000000000000159e-02
3.950000000000000039e-02
5.040000000000000036e-02
5.790000000000000008e-02
8.669999999999999929e-02
1.078000000000000069e-01
1.048000000000000043e-01
1.169000000000000039e-01
1.448000000000000120e-01
1.889000000000000123e-01
2.253000000000000003e-01
2.594000000000000195e-01
2.871000000000000218e-01
2.872999999999999998e-01
3.148000000000000242e-01
3.306999999999999940e-01
3.494999999999999774e-01
3.667000000000000259e-01
3.912999999999999812e-01
4.292000000000000259e-01
4.698999999999999844e-01
4.910999999999999810e-01
5.141000000000000014e-01
5.544999999999999929e-01
5.679999999999999494e-01
5.895000000000000240e-01
6.288000000000000256e-01
6.542000000000000037e-01
6.831000000000000405e-01
7.328000000000000069e-01
7.802000000000000046e-01
7.926999999999999602e-01
8.025999999999999801e-01
8.215999999999999970e-01
8.362000000000000544e-01
8.379999999999999671e-01
8.258999999999999675e-01
8.377999999999999892e-01
8.548999999999999932e-01
8.506000000000000227e-01
8.256000000000000005e-01
8.388999999999999790e-01
8.352000000000000535e-01
8.193000000000000282e-01
8.144000000000000128e-01
8.061000000000000387e-01
8.007999999999999563e-01
8.054000000000000048e-01
8.108999999999999542e-01
8.136999999999999789e-01
8.263000000000000345e-01
8.305000000000000160e-01
8.241000000000000547e-01
8.218999999999999639e-01
8.276000000000000023e-01
8.360999999999999543e-01
8.068999999999999506e-01
8.010000000000000453e-01
7.813999999999999835e-01
7.892000000000000126e-01
7.830000000000000293e-01
8.031000000000000361e-01
8.122000000000000330e-01
7.897999999999999465e-01
7.753999999999999782e-01
7.481999999999999762e-01
7.401999999999999691e-01
7.062000000000000499e-01
6.775999999999999801e-01
6.395999999999999464e-01
6.190999999999999837e-01
5.578999999999999515e-01
5.450000000000000400e-01
5.046000000000000485e-01
4.612999999999999878e-01
4.349999999999999978e-01
4.092000000000000082e-01
3.951999999999999957e-01
3.814000000000000168e-01
3.910000000000000142e-01
3.583000000000000074e-01
3.377000000000000002e-01
3.316000000000000059e-01
3.204000000000000181e-01
3.226999999999999869e-01
3.205999999999999961e-01
3.060999999999999832e-01
2.931000000000000272e-01
2.570999999999999952e-01
2.336999999999999911e-01
2.114000000000000046e-01
2.006000000000000005e-01
2.096000000000000085e-01
2.121999999999999997e-01
2.275000000000000078e-01
2.615000000000000102e-01
3.084999999999999964e-01
3.502000000000000113e-01
4.020000000000000240e-01
4.630000000000000226e-01
5.189000000000000279e-01
5.604999999999999982e-01
6.080999999999999739e-01
6.588000000000000522e-01
6.899999999999999467e-01
7.337000000000000188e-01
7.450999999999999845e-01
8.087999999999999634e-01
8.544000000000000483e-01
8.512999999999999456e-01
8.688000000000000167e-01
8.833999999999999631e-01
8.910000000000000142e-01
9.033999999999999808e-01
9.226999999999999647e-01
9.209000000000000519e-01
9.100000000000000311e-01
9.090000000000000302e-01
9.186999999999999611e-01
9.204999999999999849e-01
9.213000000000000078e-01
9.300000000000000488e-01
9.407999999999999696e-01
9.402000000000000357e-01
9.433000000000000274e-01
9.415999999999999925e-01
9.483000000000000318e-01
9.543000000000000371e-01
9.566999999999999948e-01
9.562000000000000499e-01
9.498999999999999666e-01
9.506000000000000005e-01
9.417999999999999705e-01
9.477999999999999758e-01
9.435000000000000053e-01
9.332000000000000295e-01
9.526000000000000023e-01
9.402000000000000357e-01
9.415999999999999925e-01
9.525000000000000133e-01
9.459999999999999520e-01
9.513000000000000345e-01
9.459999999999999520e-01
9.478999999999999648e-01
9.425999999999999934e-01
9.522000000000000464e-01
9.486999999999999877e-01
9.608999999999999764e-01
9.573000000000000398e-01
9.589999999999999636e-01
9.596999999999999975e-01
9.492000000000000437e-01
9.441000000000000503e-01
9.250000000000000444e-01
8.948000000000000398e-01
8.832999999999999741e-01
8.564000000000000501e-01
8.269999999999999574e-01
8.084999999999999964e-01
7.778000000000000469e-01
7.213000000000000522e-01
6.923000000000000265e-01
6.690000000000000391e-01
6.441999999999999948e-01
6.179999999999999938e-01
5.834000000000000297e-01
5.604999999999999982e-01
5.191000000000000059e-01
5.123999999999999666e-01
4.746000000000000218e-01
4.350999999999999868e-01
3.855999999999999983e-01
3.347999999999999865e-01
3.143000000000000238e-01
3.099999999999999978e-01
2.540000000000000036e-01
2.288000000000000034e-01
2.214000000000000135e-01
1.915000000000000036e-01
1.688999999999999946e-01
1.796000000000000096e-01
1.690000000000000113e-01
1.431999999999999940e-01
1.653000000000000025e-01
1.744999999999999885e-01
1.680000000000000104e-01
1.736999999999999933e-01
1.837999999999999912e-01
1.655000000000000082e-01
1.623999999999999888e-01
1.590000000000000024e-01
1.580000000000000016e-01
1.489999999999999936e-01
1.582000000000000073e-01
1.411999999999999922e-01
1.150999999999999940e-01
1.193000000000000033e-01
1.121000000000000052e-01
1.171999999999999986e-01
9.479999999999999538e-02
8.669999999999999929e-02
8.780000000000000304e-02
7.380000000000000449e-02
7.549999999999999767e-02
7.389999999999999347e-02
8.790000000000000591e-02
9.289999999999999647e-02
1.058000000000000052e-01
1.310000000000000053e-01
1.406999999999999917e-01
1.386000000000000010e-01
1.501000000000000112e-01
1.668999999999999928e-01
1.852000000000000035e-01
2.091999999999999971e-01
2.756000000000000116e-01
3.044999999999999929e-01
3.316999999999999948e-01
