8.997000000000000552e-01
8.304000000000000270e-01
8.212000000000000410e-01
7.734999999999999654e-01
7.566000000000000503e-01
7.540999999999999925e-01
7.359999999999999876e-01
7.163000000000000478e-01
6.927999999999999714e-01
6.565999999999999615e-01
6.482999999999999874e-01
6.089999999999999858e-01
6.187000000000000277e-01
5.646999999999999797e-01
5.338000000000000522e-01
5.325999999999999623e-01
5.305999999999999606e-01
5.299000000000000377e-01
4.954000000000000070e-01
4.799999999999999822e-01
4.571000000000000063e-01
4.526999999999999913e-01
4.511999999999999900e-01
4.596000000000000085e-01
4.591000000000000081e-01
4.741000000000000214e-01
4.934000000000000052e-01
5.159000000000000252e-01
5.200000000000000178e-01
5.141999999999999904e-01
5.252000000000000002e-01
5.131999999999999895e-01
5.221999999999999975e-01
5.524999999999999911e-01
5.915000000000000258e-01
6.139000000000000012e-01
6.008999999999999897e-01
6.334999999999999520e-01
6.434999999999999609e-01
6.810000000000000497e-01
6.801000000000000378e-01
6.852000000000000313e-01
6.619000000000000439e-01
6.413999999999999702e-01
6.256000000000000449e-01
5.927999999999999936e-01
5.666999999999999815e-01
5.016000000000000458e-01
4.139999999999999791e-01
3.735999999999999877e-01
3.432999999999999940e-01
3.267999999999999794e-01
2.940999999999999726e-01
2.565999999999999948e-01
2.419999999999999929e-01
2.214000000000000135e-01
2.205999999999999905e-01
2.076000000000000068e-01
2.079999999999999905e-01
1.915000000000000036e-01
1.885000000000000009e-01
2.061000000000000054e-01
2.119000000000000050e-01
2.154999999999999971e-01
2.165999999999999870e-01
2.053000000000000103e-01
2.107999999999999874e-01
2.394000000000000017e-01
2.874999999999999778e-01
2.979999999999999871e-01
3.027000000000000246e-01
2.998000000000000109e-01
2.782000000000000028e-01
2.697999999999999843e-01
2.596999999999999864e-01
2.707999999999999852e-01
2.708999999999999742e-01
2.652999999999999803e-01
2.872000000000000108e-01
2.919999999999999818e-01
3.008000000000000118e-01
3.302999999999999825e-01
3.428999999999999826e-01
3.513000000000000012e-01
3.653000000000000136e-01
3.765999999999999903e-01
3.890000000000000124e-01
4.032999999999999918e-01
3.814000000000000168e-01
3.778000000000000247e-01
4.033999999999999808e-01
3.876999999999999891e-01
4.114999999999999769e-01
4.747000000000000108e-01
5.012999999999999678e-01
5.395999999999999686e-01
5.649999999999999467e-01
6.284999999999999476e-01
6.699000000000000510e-01
7.029999999999999583e-01
7.551999999999999824e-01
7.801000000000000156e-01
8.028999999999999471e-01
8.202000000000000401e-01
8.604000000000000536e-01
8.849000000000000199e-01
8.790000000000000036e-01
9.018000000000000460e-01
9.175999999999999712e-01
9.217999999999999527e-01
9.224999999999999867e-01
9.294000000000000039e-01
9.418999999999999595e-01
9.431000000000000494e-01
9.425999999999999934e-01
9.391000000000000458e-01
9.221000000000000307e-01
9.287999999999999590e-01
9.074999999999999734e-01
9.165999999999999703e-01
9.137999999999999456e-01
9.169000000000000483e-01
9.102999999999999980e-01
9.183000000000000052e-01
9.044999999999999707e-01
9.084999999999999742e-01
9.137999999999999456e-01
9.094999999999999751e-01
9.131000000000000227e-01
9.189000000000000501e-01
9.291000000000000369e-01
9.250000000000000444e-01
9.053999999999999826e-01
9.130000000000000338e-01
9.358999999999999542e-01
9.206999999999999629e-01
9.197999999999999510e-01
9.199000000000000510e-01
9.273000000000000131e-01
9.361000000000000432e-01
9.376999999999999780e-01
9.316999999999999726e-01
9.363000000000000211e-01
9.350000000000000533e-01
9.245999999999999774e-01
9.242000000000000215e-01
9.223000000000000087e-01
9.085999999999999632e-01
8.950000000000000178e-01
8.961000000000000076e-01
9.099000000000000421e-01
8.957000000000000517e-01
8.895999999999999464e-01
9.006999999999999451e-01
9.062999999999999945e-01
9.102999999999999980e-01
9.182000000000000162e-01
9.274999999999999911e-01
9.334999999999999964e-01
9.446999999999999842e-01
9.421000000000000485e-01
9.347999999999999643e-01
9.433000000000000274e-01
9.379999999999999449e-01
9.343000000000000194e-01
9.313000000000000167e-01
9.196999999999999620e-01
9.108000000000000540e-01
9.013999999999999790e-01
9.010000000000000231e-01
9.122999999999999998e-01
8.858000000000000318e-01
8.799000000000000155e-01
9.069000000000000394e-01
9.099000000000000421e-01
9.192000000000000171e-01
9.312000000000000277e-01
9.341000000000000414e-01
9.378999999999999559e-01
9.415999999999999925e-01
9.336999999999999744e-01
9.306999999999999718e-01
9.354000000000000092e-01
9.367999999999999661e-01
9.253000000000000114e-01
9.196999999999999620e-01
9.041000000000000147e-01
9.140000000000000346e-01
9.042000000000000037e-01
9.012999999999999901e-01
9.052999999999999936e-01
9.162000000000000144e-01
9.119000000000000439e-01
9.137999999999999456e-01
9.383000000000000229e-01
9.446999999999999842e-01
9.433000000000000274e-01
9.244999999999999885e-01
9.159000000000000474e-01
9.203000000000000069e-01
9.243000000000000105e-01
9.237999999999999545e-01
9.166999999999999593e-01
9.253000000000000114e-01
9.201000000000000290e-01
9.335999999999999854e-01
9.243999999999999995e-01
9.268999999999999462e-01
9.272000000000000242e-01
8.960000000000000187e-01
9.081000000000000183e-01
9.282000000000000250e-01
9.271000000000000352e-01
9.361000000000000432e-01
9.367999999999999661e-01
9.293000000000000149e-01
9.402000000000000357e-01
9.479999999999999538e-01
9.499999999999999556e-01
9.469999999999999529e-01
9.418999999999999595e-01
9.459999999999999520e-01
9.438999999999999613e-01
9.513000000000000345e-01
9.472000000000000419e-01
9.506999999999999895e-01
9.481000000000000538e-01
9.510999999999999455e-01
9.479999999999999538e-01
9.506999999999999895e-01
9.509999999999999565e-01
9.445000000000000062e-01
9.438999999999999613e-01
9.360000000000000542e-01
9.499999999999999556e-01
9.435000000000000053e-01
9.468999999999999639e-01
9.444000000000000172e-01
9.391000000000000458e-01
9.431000000000000494e-01
9.538999999999999702e-01
9.435000000000000053e-01
9.436999999999999833e-01
9.461000000000000520e-01
9.454000000000000181e-01
9.484000000000000208e-01
9.456999999999999851e-01
9.423000000000000265e-01
9.546000000000000041e-01
9.425000000000000044e-01
9.405999999999999917e-01
9.413000000000000256e-01
9.355999999999999872e-01
9.361000000000000432e-01
9.227999999999999536e-01
9.063999999999999835e-01
9.334999999999999964e-01
9.435000000000000053e-01
9.372000000000000330e-01
9.343000000000000194e-01
9.223000000000000087e-01
9.251000000000000334e-01
9.219000000000000528e-01
9.193999999999999950e-01
9.215999999999999748e-01
9.345999999999999863e-01
9.328999999999999515e-01
9.209000000000000519e-01
9.314999999999999947e-01
9.308999999999999497e-01
9.312000000000000277e-01
9.404000000000000137e-01
9.422000000000000375e-01
9.371000000000000441e-01
9.354999999999999982e-01
9.232000000000000206e-01
9.368999999999999551e-01
9.302000000000000268e-01
9.333000000000000185e-01
9.332000000000000295e-01
9.333000000000000185e-01
9.303000000000000158e-01
9.291000000000000369e-01
9.315999999999999837e-01
9.321000000000000396e-01
9.395000000000000018e-01
9.368999999999999551e-01
9.418999999999999595e-01
9.415000000000000036e-01
9.376999999999999780e-01
9.446999999999999842e-01
9.455999999999999961e-01
9.599999999999999645e-01
9.572000000000000508e-01
9.588999999999999746e-01
9.544000000000000261e-01
9.598999999999999755e-01
9.452000000000000401e-01
9.318999999999999506e-01
9.326999999999999735e-01
9.334000000000000075e-01
9.310000000000000497e-01
9.284000000000000030e-01
9.120000000000000329e-01
8.959000000000000297e-01
8.748000000000000220e-01
8.499999999999999778e-01
8.385000000000000231e-01
8.034999999999999920e-01
7.829000000000000403e-01
7.923999999999999932e-01
7.762000000000000011e-01
7.683999999999999719e-01
7.735999999999999543e-01
7.852000000000000091e-01
7.916999999999999593e-01
7.794999999999999707e-01
7.620999999999999996e-01
7.193000000000000504e-01
7.025000000000000133e-01
6.791000000000000369e-01
6.620000000000000329e-01
6.622999999999999998e-01
6.350999999999999979e-01
5.944000000000000394e-01
5.844000000000000306e-01
5.526999999999999691e-01
4.853000000000000091e-01
4.077999999999999958e-01
3.523000000000000020e-01
2.876000000000000223e-01
2.824999999999999734e-01
2.530000000000000027e-01
1.904000000000000137e-01
1.990000000000000102e-01
1.907000000000000084e-01
2.071999999999999953e-01
2.358000000000000096e-01
2.612999999999999767e-01
3.200999999999999956e-01
3.733000000000000207e-01
3.889000000000000234e-01
4.179999999999999827e-01
4.491999999999999882e-01
4.681000000000000161e-01
5.009000000000000119e-01
5.170000000000000151e-01
5.100000000000000089e-01
5.262999999999999901e-01
5.158000000000000362e-01
5.440000000000000391e-01
5.363999999999999879e-01
5.524000000000000021e-01
5.683000000000000274e-01
5.970999999999999641e-01
6.463999999999999746e-01
6.975000000000000089e-01
7.346000000000000307e-01
7.889000000000000457e-01
8.111000000000000432e-01
8.437999999999999945e-01
8.710999999999999854e-01
8.796000000000000485e-01
8.924999999999999600e-01
8.879000000000000226e-01
8.941999999999999948e-01
8.853999999999999648e-01
8.823999999999999622e-01
8.840999999999999970e-01
8.662999999999999590e-01
8.700999999999999845e-01
8.762999999999999678e-01
8.984999999999999654e-01
9.176999999999999602e-01
9.236999999999999655e-01
9.144999999999999796e-01
9.275999999999999801e-01
9.068000000000000504e-01
9.191000000000000281e-01
9.235999999999999766e-01
9.235999999999999766e-01
9.143000000000000016e-01
9.133999999999999897e-01
9.139000000000000457e-01
9.163999999999999924e-01
9.205999999999999739e-01
9.227999999999999536e-01
9.240000000000000435e-01
9.191000000000000281e-01
9.197999999999999510e-01
9.206999999999999629e-01
9.256999999999999673e-01
9.183000000000000052e-01
9.032000000000000028e-01
9.023999999999999799e-01
9.101000000000000201e-01
9.121000000000000218e-01
9.150000000000000355e-01
9.213999999999999968e-01
9.163000000000000034e-01
9.197999999999999510e-01
9.264999999999999902e-01
9.233999999999999986e-01
9.127999999999999448e-01
8.840000000000000080e-01
8.954999999999999627e-01
9.122999999999999998e-01
9.125999999999999668e-01
9.059000000000000385e-01
9.009000000000000341e-01
8.924999999999999600e-01
8.768000000000000238e-01
8.778000000000000247e-01
8.803999999999999604e-01
8.979000000000000314e-01
8.984999999999999654e-01
9.028000000000000469e-01
8.846000000000000529e-01
8.639999999999999902e-01
8.756000000000000449e-01
8.799000000000000155e-01
8.860000000000000098e-01
8.801999999999999824e-01
8.899000000000000243e-01
8.958000000000000407e-01
9.203999999999999959e-01
9.184999999999999831e-01
9.262000000000000233e-01
9.348999999999999533e-01
9.455000000000000071e-01
9.422000000000000375e-01
9.415999999999999925e-01
9.395999999999999908e-01
9.448999999999999622e-01
9.414000000000000146e-01
9.405999999999999917e-01
9.368999999999999551e-01
9.182000000000000162e-01
9.207999999999999519e-01
9.314999999999999947e-01
9.232000000000000206e-01
9.175999999999999712e-01
9.105999999999999650e-01
9.018000000000000460e-01
9.213999999999999968e-01
9.189000000000000501e-01
9.134999999999999787e-01
9.264000000000000012e-01
9.122000000000000108e-01
9.197999999999999510e-01
9.326999999999999735e-01
9.401000000000000467e-01
9.495000000000000107e-01
9.518999999999999684e-01
9.492000000000000437e-01
9.528999999999999693e-01
9.512000000000000455e-01
9.573000000000000398e-01
9.559999999999999609e-01
9.549999999999999600e-01
9.654000000000000359e-01
9.629999999999999671e-01
9.569999999999999618e-01
9.537999999999999812e-01
9.528999999999999693e-01
9.516000000000000014e-01
9.514000000000000234e-01
9.590999999999999526e-01
9.509999999999999565e-01
9.468999999999999639e-01
9.468999999999999639e-01
9.373000000000000220e-01
9.399999999999999467e-01
9.399999999999999467e-01
9.058000000000000496e-01
9.285999999999999810e-01
9.347999999999999643e-01
9.433000000000000274e-01
9.502000000000000446e-01
9.474000000000000199e-01
9.498999999999999666e-01
9.481000000000000538e-01
9.478999999999999648e-01
9.495999999999999996e-01
9.394000000000000128e-01
9.202000000000000179e-01
9.254000000000000004e-01
9.264000000000000012e-01
9.151000000000000245e-01
9.257999999999999563e-01
9.246999999999999664e-01
9.249000000000000554e-01
9.189000000000000501e-01
9.331000000000000405e-01
9.161000000000000254e-01
9.130000000000000338e-01
8.901000000000000023e-01
8.885999999999999455e-01
8.952999999999999847e-01
8.911000000000000032e-01
8.798000000000000265e-01
8.509999999999999787e-01
8.400999999999999579e-01
7.897999999999999465e-01
7.829000000000000403e-01
7.663999999999999702e-01
7.607000000000000428e-01
7.660000000000000142e-01
7.403999999999999471e-01
6.458000000000000407e-01
