8.751999999999999780e-01
8.346000000000000085e-01
7.648000000000000353e-01
7.099999999999999645e-01
6.726999999999999647e-01
6.133999999999999453e-01
5.842000000000000526e-01
5.564999999999999947e-01
5.544000000000000039e-01
5.437999999999999501e-01
5.402000000000000135e-01
5.342000000000000082e-01
5.375999999999999668e-01
5.197000000000000508e-01
5.124999999999999556e-01
5.282999999999999918e-01
5.352999999999999980e-01
5.340000000000000302e-01
5.437999999999999501e-01
5.631000000000000449e-01
5.639999999999999458e-01
5.920999999999999597e-01
6.208000000000000185e-01
6.321999999999999842e-01
6.497000000000000552e-01
6.512000000000000011e-01
6.729000000000000536e-01
6.694999999999999840e-01
6.974000000000000199e-01
6.773000000000000131e-01
6.943000000000000282e-01
6.934000000000000163e-01
7.243000000000000549e-01
7.072000000000000508e-01
7.087999999999999856e-01
7.049999999999999600e-01
7.030999999999999472e-01
7.115000000000000213e-01
7.029999999999999583e-01
7.042000000000000481e-01
6.922000000000000375e-01
6.583999999999999853e-01
6.280999999999999917e-01
6.283999999999999586e-01
6.122999999999999554e-01
6.038000000000000034e-01
5.850999999999999535e-01
5.594000000000000083e-01
5.259000000000000341e-01
5.572000000000000286e-01
5.733000000000000318e-01
5.933000000000000496e-01
6.084000000000000519e-01
6.061999999999999611e-01
6.028999999999999915e-01
5.836000000000000076e-01
5.668999999999999595e-01
5.639999999999999458e-01
5.624000000000000110e-01
5.622000000000000330e-01
5.480000000000000426e-01
5.411000000000000254e-01
5.253999999999999782e-01
5.041999999999999815e-01
5.010000000000000009e-01
4.817000000000000171e-01
4.607999999999999874e-01
4.055000000000000271e-01
3.598000000000000087e-01
3.285000000000000142e-01
3.014000000000000012e-01
2.373999999999999999e-01
2.482999999999999929e-01
2.131000000000000116e-01
1.822000000000000008e-01
1.880999999999999894e-01
1.882000000000000062e-01
2.063000000000000111e-01
2.378000000000000114e-01
2.688999999999999724e-01
2.677999999999999825e-01
2.715000000000000191e-01
2.582999999999999741e-01
2.426999999999999991e-01
2.479000000000000092e-01
2.543000000000000260e-01
2.494000000000000106e-01
2.311999999999999889e-01
2.109000000000000041e-01
1.731999999999999929e-01
1.431000000000000050e-01
1.194000000000000061e-01
9.679999999999999716e-02
7.430000000000000493e-02
6.160000000000000198e-02
5.390000000000000346e-02
4.789999999999999813e-02
3.090000000000000038e-02
3.799999999999999906e-02
3.139999999999999736e-02
3.080000000000000099e-02
2.779999999999999832e-02
1.619999999999999912e-02
1.359999999999999924e-02
2.249999999999999917e-02
2.060000000000000026e-02
2.089999999999999844e-02
2.630000000000000046e-02
3.059999999999999873e-02
3.969999999999999918e-02
4.649999999999999967e-02
3.880000000000000115e-02
5.140000000000000124e-02
3.189999999999999780e-02
4.780000000000000221e-02
4.479999999999999954e-02
5.460000000000000270e-02
7.470000000000000251e-02
1.024000000000000049e-01
1.269000000000000128e-01
1.477999999999999869e-01
2.013000000000000067e-01
2.401999999999999968e-01
2.615000000000000102e-01
2.903999999999999915e-01
3.138000000000000234e-01
3.421000000000000152e-01
3.800999999999999934e-01
3.990000000000000213e-01
4.178000000000000047e-01
4.514000000000000234e-01
4.737999999999999989e-01
4.806000000000000272e-01
4.915999999999999814e-01
5.174999999999999600e-01
5.462000000000000188e-01
5.708999999999999631e-01
5.850999999999999535e-01
5.907999999999999918e-01
5.848999999999999755e-01
5.106000000000000538e-01
