9.336999999999999744e-01
9.110000000000000320e-01
8.669000000000000039e-01
8.139999999999999458e-01
7.459000000000000075e-01
6.947999999999999732e-01
6.533999999999999808e-01
6.201999999999999735e-01
6.219000000000000083e-01
6.181999999999999718e-01
6.304999999999999494e-01
6.180999999999999828e-01
6.086000000000000298e-01
5.919999999999999707e-01
5.983000000000000540e-01
5.770999999999999464e-01
5.813000000000000389e-01
5.675999999999999934e-01
5.530000000000000471e-01
5.750999999999999446e-01
5.482000000000000206e-01
5.849999999999999645e-01
6.064000000000000501e-01
6.689000000000000501e-01
7.191999999999999504e-01
7.655999999999999472e-01
8.176999999999999824e-01
8.288999999999999702e-01
8.376000000000000112e-01
8.356000000000000094e-01
8.276999999999999913e-01
8.242000000000000437e-01
8.231000000000000538e-01
8.161000000000000476e-01
8.123000000000000220e-01
8.062000000000000277e-01
8.280999999999999472e-01
8.294000000000000261e-01
8.344000000000000306e-01
8.283000000000000362e-01
8.045999999999999819e-01
7.848000000000000531e-01
7.423999999999999488e-01
7.026000000000000023e-01
6.488000000000000433e-01
5.950999999999999623e-01
5.587999999999999634e-01
4.974000000000000088e-01
4.086000000000000187e-01
3.391000000000000125e-01
2.913000000000000034e-01
2.519000000000000128e-01
2.094000000000000028e-01
1.892999999999999960e-01
1.635000000000000064e-01
1.267000000000000071e-01
1.126999999999999946e-01
9.779999999999999805e-02
8.999999999999999667e-02
9.220000000000000417e-02
9.840000000000000135e-02
1.032000000000000001e-01
1.064999999999999974e-01
1.116000000000000048e-01
1.175999999999999962e-01
1.298999999999999877e-01
1.405000000000000138e-01
1.496000000000000107e-01
1.527999999999999914e-01
1.350999999999999979e-01
1.307999999999999996e-01
1.209999999999999964e-01
9.650000000000000244e-02
6.529999999999999694e-02
6.069999999999999701e-02
4.900000000000000189e-02
5.909999999999999976e-02
3.559999999999999970e-02
1.830000000000000029e-02
3.769999999999999740e-02
1.760000000000000106e-02
1.430000000000000021e-02
1.340000000000000045e-02
5.799999999999999600e-03
0.000000000000000000e+00
7.499999999999999722e-03
8.399999999999999481e-03
9.700000000000000289e-03
1.389999999999999916e-02
2.840000000000000163e-02
2.779999999999999832e-02
1.490000000000000005e-02
2.000000000000000042e-02
2.129999999999999949e-02
1.540000000000000049e-02
1.409999999999999969e-02
1.540000000000000049e-02
2.580000000000000002e-02
4.250000000000000305e-02
7.240000000000000602e-02
1.083999999999999964e-01
1.333000000000000018e-01
2.094999999999999918e-01
2.953999999999999959e-01
3.140999999999999903e-01
3.503000000000000003e-01
3.564999999999999836e-01
3.622000000000000219e-01
3.740999999999999881e-01
3.799000000000000155e-01
3.759000000000000119e-01
3.937999999999999834e-01
4.098999999999999866e-01
4.102999999999999980e-01
4.176000000000000267e-01
4.307000000000000273e-01
4.536999999999999922e-01
4.455999999999999961e-01
4.430999999999999939e-01
4.245999999999999774e-01
4.102000000000000091e-01
