8.934999999999999609e-01
9.046999999999999487e-01
8.911000000000000032e-01
8.602999999999999536e-01
8.407999999999999918e-01
8.470999999999999641e-01
8.407999999999999918e-01
8.571999999999999620e-01
8.728000000000000203e-01
8.756000000000000449e-01
8.748000000000000220e-01
8.625000000000000444e-01
8.776000000000000467e-01
8.740999999999999881e-01
8.798000000000000265e-01
8.870000000000000107e-01
8.820000000000000062e-01
8.863999999999999657e-01
8.911000000000000032e-01
8.941000000000000059e-01
8.847000000000000419e-01
8.890000000000000124e-01
8.882999999999999785e-01
8.990000000000000213e-01
9.018000000000000460e-01
9.105999999999999650e-01
9.085999999999999632e-01
9.172000000000000153e-01
9.162000000000000144e-01
9.193000000000000060e-01
9.059000000000000385e-01
9.133000000000000007e-01
9.001000000000000112e-01
8.891000000000000014e-01
8.766000000000000458e-01
8.522999999999999465e-01
8.127999999999999670e-01
7.629000000000000226e-01
7.448000000000000176e-01
7.159999999999999698e-01
6.884000000000000119e-01
6.675999999999999712e-01
6.630000000000000338e-01
6.262999999999999678e-01
6.045000000000000373e-01
5.729999999999999538e-01
5.705999999999999961e-01
5.979999999999999760e-01
6.108999999999999986e-01
6.510000000000000231e-01
6.933000000000000274e-01
7.203000000000000513e-01
7.261999999999999567e-01
7.200999999999999623e-01
7.150999999999999579e-01
7.584999999999999520e-01
7.651999999999999913e-01
7.792000000000000037e-01
8.064999999999999947e-01
8.028999999999999471e-01
7.983000000000000096e-01
8.163000000000000256e-01
8.195999999999999952e-01
8.191000000000000503e-01
8.255000000000000115e-01
8.116999999999999771e-01
8.295000000000000151e-01
7.987999999999999545e-01
8.234000000000000208e-01
8.156999999999999806e-01
8.273000000000000353e-01
8.054000000000000048e-01
8.636000000000000343e-01
8.743999999999999551e-01
8.943999999999999728e-01
9.052000000000000046e-01
8.922999999999999821e-01
8.834999999999999520e-01
8.857000000000000428e-01
8.759000000000000119e-01
8.680999999999999828e-01
8.657000000000000250e-01
8.519999999999999796e-01
8.275000000000000133e-01
7.903999999999999915e-01
8.003000000000000114e-01
7.714999999999999636e-01
7.983000000000000096e-01
8.082000000000000295e-01
7.993999999999999995e-01
8.125000000000000000e-01
8.050000000000000488e-01
8.171000000000000485e-01
8.322000000000000508e-01
8.123000000000000220e-01
7.981000000000000316e-01
8.066999999999999726e-01
8.337999999999999856e-01
8.635000000000000453e-01
8.790000000000000036e-01
8.849000000000000199e-01
8.940000000000000169e-01
9.032000000000000028e-01
8.997000000000000552e-01
8.922999999999999821e-01
8.645000000000000462e-01
8.433000000000000496e-01
8.557000000000000162e-01
8.414000000000000368e-01
8.539999999999999813e-01
8.468999999999999861e-01
8.560999999999999721e-01
8.581999999999999629e-01
8.502999999999999448e-01
8.605000000000000426e-01
8.448999999999999844e-01
8.466000000000000192e-01
8.517000000000000126e-01
8.428999999999999826e-01
8.404000000000000359e-01
8.419999999999999707e-01
8.408999999999999808e-01
8.354000000000000314e-01
8.209999999999999520e-01
8.375000000000000222e-01
8.438999999999999835e-01
8.421999999999999487e-01
8.477000000000000091e-01
8.502999999999999448e-01
8.818000000000000282e-01
8.861999999999999877e-01
8.898000000000000353e-01
8.951000000000000068e-01
8.930000000000000160e-01
8.984999999999999654e-01
9.062999999999999945e-01
9.106999999999999540e-01
9.024999999999999689e-01
8.907000000000000473e-01
8.863999999999999657e-01
8.849000000000000199e-01
8.864999999999999547e-01
8.911999999999999922e-01
8.901999999999999913e-01
8.922999999999999821e-01
8.921999999999999931e-01
8.997000000000000552e-01
8.945999999999999508e-01
9.004999999999999671e-01
9.018000000000000460e-01
8.913999999999999702e-01
8.767000000000000348e-01
8.951999999999999957e-01
9.046999999999999487e-01
9.009000000000000341e-01
9.112000000000000099e-01
9.144999999999999796e-01
9.135999999999999677e-01
9.070000000000000284e-01
8.961000000000000076e-01
8.840999999999999970e-01
8.678000000000000158e-01
8.584000000000000519e-01
8.447999999999999954e-01
8.387000000000000011e-01
8.203000000000000291e-01
8.342000000000000526e-01
8.326999999999999957e-01
8.475000000000000311e-01
8.377999999999999892e-01
8.316000000000000059e-01
8.349999999999999645e-01
8.486000000000000210e-01
8.521999999999999575e-01
8.627000000000000224e-01
8.569999999999999840e-01
8.564000000000000501e-01
8.699000000000000066e-01
8.692999999999999616e-01
8.719999999999999973e-01
8.833999999999999631e-01
8.735000000000000542e-01
8.914999999999999591e-01
8.961000000000000076e-01
8.987000000000000544e-01
9.033999999999999808e-01
9.043999999999999817e-01
9.052000000000000046e-01
9.050000000000000266e-01
8.958000000000000407e-01
8.868000000000000327e-01
8.828000000000000291e-01
8.663999999999999480e-01
8.600999999999999757e-01
8.317999999999999838e-01
8.093000000000000194e-01
8.006999999999999673e-01
7.892000000000000126e-01
7.729000000000000314e-01
7.556000000000000494e-01
7.285000000000000364e-01
7.122000000000000552e-01
7.055000000000000160e-01
7.000999999999999446e-01
7.252999999999999448e-01
7.104000000000000314e-01
6.947999999999999732e-01
7.007999999999999785e-01
7.095000000000000195e-01
7.338000000000000078e-01
7.472999999999999643e-01
7.564999999999999503e-01
7.699000000000000288e-01
7.720000000000000195e-01
7.700000000000000178e-01
7.580999999999999961e-01
7.775999999999999579e-01
7.883999999999999897e-01
7.741000000000000103e-01
7.831000000000000183e-01
8.097999999999999643e-01
7.821000000000000174e-01
7.614999999999999547e-01
7.178999999999999826e-01
6.532999999999999918e-01
5.664000000000000146e-01
4.908000000000000140e-01
4.612999999999999878e-01
4.238999999999999990e-01
3.733000000000000207e-01
3.401000000000000134e-01
3.148000000000000242e-01
3.126999999999999780e-01
3.251000000000000001e-01
3.332999999999999852e-01
3.306999999999999940e-01
3.281000000000000028e-01
3.165000000000000036e-01
3.078000000000000180e-01
3.035999999999999810e-01
2.762000000000000011e-01
2.571999999999999842e-01
2.275999999999999968e-01
1.988000000000000045e-01
1.809999999999999942e-01
1.517000000000000015e-01
1.353999999999999926e-01
1.160000000000000059e-01
9.349999999999999978e-02
8.010000000000000453e-02
7.720000000000000473e-02
5.659999999999999754e-02
4.929999999999999660e-02
6.210000000000000242e-02
5.279999999999999971e-02
2.610000000000000167e-02
2.539999999999999897e-02
2.460000000000000034e-02
7.400000000000000328e-03
3.799999999999999992e-03
1.039999999999999952e-02
8.999999999999999320e-03
0.000000000000000000e+00
0.000000000000000000e+00
0.000000000000000000e+00
0.000000000000000000e+00
0.000000000000000000e+00
1.779999999999999985e-02
1.799999999999999864e-02
1.750000000000000167e-02
2.869999999999999982e-02
3.309999999999999748e-02
3.320000000000000034e-02
3.470000000000000168e-02
6.690000000000000113e-02
1.095000000000000001e-01
1.477999999999999869e-01
2.671999999999999931e-01
3.558000000000000052e-01
4.055000000000000271e-01
3.690999999999999837e-01
