6.502999999999999892e-01
5.990999999999999659e-01
5.233999999999999764e-01
4.195999999999999730e-01
3.668000000000000149e-01
3.019999999999999907e-01
2.526999999999999802e-01
2.253999999999999893e-01
1.981999999999999873e-01
1.872999999999999943e-01
1.822999999999999898e-01
1.516000000000000125e-01
1.252000000000000057e-01
1.097000000000000058e-01
1.054999999999999966e-01
9.189999999999999558e-02
7.879999999999999505e-02
6.700000000000000400e-02
7.030000000000000138e-02
5.179999999999999882e-02
3.230000000000000232e-02
2.440000000000000155e-02
2.610000000000000167e-02
2.249999999999999917e-02
1.389999999999999916e-02
1.099999999999999936e-02
7.000000000000000146e-03
5.999999999999999474e-04
0.000000000000000000e+00
0.000000000000000000e+00
0.000000000000000000e+00
0.000000000000000000e+00
0.000000000000000000e+00
6.999999999999999929e-04
6.400000000000000307e-03
1.859999999999999848e-02
1.930000000000000118e-02
2.670000000000000151e-02
2.630000000000000046e-02
2.560000000000000123e-02
2.549999999999999836e-02
1.799999999999999864e-02
2.620000000000000107e-02
3.200000000000000067e-02
4.170000000000000095e-02
4.939999999999999947e-02
5.460000000000000270e-02
4.590000000000000330e-02
4.710000000000000298e-02
4.850000000000000144e-02
4.159999999999999809e-02
5.729999999999999677e-02
8.580000000000000127e-02
1.223999999999999949e-01
1.731999999999999929e-01
2.122999999999999887e-01
2.313000000000000056e-01
2.446000000000000119e-01
2.590000000000000080e-01
2.480999999999999872e-01
2.489999999999999991e-01
2.409000000000000030e-01
2.207999999999999963e-01
2.031000000000000028e-01
1.970999999999999974e-01
2.021000000000000019e-01
2.149999999999999967e-01
2.129999999999999949e-01
2.343000000000000083e-01
2.409000000000000030e-01
2.619000000000000217e-01
2.612999999999999767e-01
2.712999999999999856e-01
2.812000000000000055e-01
2.824999999999999734e-01
2.743999999999999773e-01
2.461000000000000132e-01
2.398000000000000131e-01
2.237000000000000099e-01
2.217000000000000082e-01
2.300999999999999990e-01
2.424999999999999933e-01
2.636000000000000010e-01
2.736000000000000099e-01
2.776000000000000134e-01
2.560000000000000053e-01
2.242999999999999994e-01
2.162000000000000033e-01
2.033000000000000085e-01
2.157999999999999918e-01
2.363999999999999990e-01
2.290000000000000091e-01
2.310999999999999999e-01
2.205000000000000016e-01
2.031999999999999917e-01
1.819000000000000061e-01
1.653000000000000025e-01
1.270999999999999908e-01
1.073999999999999955e-01
7.119999999999999940e-02
5.790000000000000008e-02
4.989999999999999991e-02
3.409999999999999837e-02
3.760000000000000148e-02
5.099999999999999672e-02
5.550000000000000072e-02
6.560000000000000553e-02
8.000000000000000167e-02
9.220000000000000417e-02
1.001999999999999974e-01
1.159000000000000030e-01
1.193000000000000033e-01
1.348000000000000032e-01
1.696999999999999897e-01
2.190000000000000002e-01
2.549000000000000155e-01
3.114000000000000101e-01
3.104999999999999982e-01
3.186999999999999833e-01
3.240000000000000102e-01
3.099999999999999978e-01
3.000999999999999779e-01
2.931000000000000272e-01
2.706000000000000072e-01
2.596999999999999864e-01
2.555000000000000049e-01
2.470999999999999863e-01
2.525000000000000022e-01
2.442999999999999894e-01
2.335000000000000131e-01
2.401999999999999968e-01
2.376999999999999946e-01
2.154999999999999971e-01
1.837000000000000022e-01
1.373999999999999944e-01
1.029999999999999943e-01
7.199999999999999456e-02
5.369999999999999774e-02
3.540000000000000091e-02
3.339999999999999913e-02
2.769999999999999893e-02
1.569999999999999868e-02
2.259999999999999856e-02
1.700000000000000122e-02
1.190000000000000085e-02
2.239999999999999977e-02
2.510000000000000078e-02
2.330000000000000127e-02
1.799999999999999864e-02
4.700000000000000185e-03
8.899999999999999925e-03
6.599999999999999964e-03
2.369999999999999885e-02
3.529999999999999805e-02
2.989999999999999949e-02
4.100000000000000172e-02
3.869999999999999829e-02
2.620000000000000107e-02
3.509999999999999926e-02
4.059999999999999720e-02
6.429999999999999605e-02
9.059999999999999998e-02
1.229999999999999982e-01
1.385000000000000120e-01
1.499000000000000055e-01
1.376000000000000001e-01
1.155000000000000054e-01
8.959999999999999909e-02
5.809999999999999887e-02
2.740000000000000074e-02
1.799999999999999864e-02
9.499999999999999764e-03
7.799999999999999642e-03
1.020000000000000073e-02
1.569999999999999868e-02
2.220000000000000098e-02
4.279999999999999777e-02
5.720000000000000084e-02
8.730000000000000260e-02
1.039999999999999952e-01
1.195999999999999980e-01
1.496000000000000107e-01
1.711000000000000021e-01
1.814000000000000057e-01
2.030000000000000138e-01
2.063000000000000111e-01
2.061000000000000054e-01
1.990000000000000102e-01
1.769000000000000017e-01
1.426000000000000045e-01
1.178000000000000019e-01
9.700000000000000289e-02
9.690000000000000002e-02
1.140999999999999931e-01
1.199000000000000066e-01
1.147999999999999993e-01
9.879999999999999893e-02
6.679999999999999827e-02
5.210000000000000048e-02
4.220000000000000140e-02
3.250000000000000111e-02
2.340000000000000066e-02
3.109999999999999917e-02
3.880000000000000115e-02
4.290000000000000063e-02
5.469999999999999862e-02
5.369999999999999774e-02
5.229999999999999927e-02
5.349999999999999895e-02
2.900000000000000147e-02
1.760000000000000106e-02
6.000000000000000125e-03
0.000000000000000000e+00
4.000000000000000083e-03
3.700000000000000164e-03
1.480000000000000066e-02
3.549999999999999684e-02
4.229999999999999732e-02
6.850000000000000533e-02
5.990000000000000185e-02
5.519999999999999907e-02
6.060000000000000109e-02
5.990000000000000185e-02
6.040000000000000230e-02
6.539999999999999980e-02
9.260000000000000175e-02
1.013000000000000012e-01
1.365999999999999992e-01
1.575999999999999901e-01
1.643999999999999906e-01
1.620999999999999941e-01
1.428000000000000103e-01
1.218000000000000055e-01
9.520000000000000684e-02
7.109999999999999654e-02
5.720000000000000084e-02
6.419999999999999318e-02
8.419999999999999707e-02
1.087999999999999939e-01
1.602999999999999980e-01
2.212999999999999967e-01
2.687999999999999834e-01
3.487999999999999989e-01
3.971999999999999975e-01
4.287000000000000255e-01
4.195999999999999730e-01
3.856999999999999873e-01
3.629000000000000004e-01
3.210999999999999965e-01
2.462000000000000022e-01
1.970999999999999974e-01
1.577000000000000068e-01
1.243999999999999967e-01
1.116000000000000048e-01
1.077000000000000041e-01
1.136000000000000065e-01
1.052000000000000018e-01
1.194999999999999951e-01
1.199000000000000066e-01
1.255000000000000004e-01
1.343000000000000027e-01
1.343000000000000027e-01
1.280000000000000027e-01
1.183000000000000024e-01
1.103999999999999981e-01
1.077000000000000041e-01
1.125000000000000028e-01
1.236000000000000015e-01
1.373999999999999944e-01
1.351999999999999869e-01
1.136999999999999955e-01
8.989999999999999380e-02
7.760000000000000231e-02
7.720000000000000473e-02
5.680000000000000326e-02
4.410000000000000031e-02
3.620000000000000301e-02
3.309999999999999748e-02
3.130000000000000143e-02
3.139999999999999736e-02
3.540000000000000091e-02
2.299999999999999961e-02
1.700000000000000122e-02
1.930000000000000118e-02
1.820000000000000090e-02
1.619999999999999912e-02
2.680000000000000090e-02
1.159999999999999920e-02
7.700000000000000247e-03
1.779999999999999985e-02
4.100000000000000172e-02
3.880000000000000115e-02
6.950000000000000622e-02
8.619999999999999885e-02
9.160000000000000087e-02
9.199999999999999845e-02
8.300000000000000433e-02
9.529999999999999583e-02
7.309999999999999831e-02
7.349999999999999589e-02
7.040000000000000424e-02
8.350000000000000477e-02
7.059999999999999609e-02
5.500000000000000028e-02
5.199999999999999761e-02
5.249999999999999806e-02
5.410000000000000225e-02
7.920000000000000651e-02
1.163000000000000006e-01
1.509999999999999953e-01
1.875999999999999890e-01
2.223999999999999866e-01
2.429000000000000048e-01
2.993000000000000105e-01
3.477999999999999980e-01
3.968999999999999750e-01
4.789999999999999813e-01
5.476999999999999647e-01
6.421000000000000041e-01
6.952000000000000401e-01
7.391999999999999682e-01
7.647000000000000464e-01
8.110000000000000542e-01
8.064000000000000057e-01
8.404000000000000359e-01
8.665000000000000480e-01
8.911999999999999922e-01
9.399999999999999467e-01
9.788999999999999924e-01
9.774000000000000465e-01
9.800999999999999712e-01
1.000000000000000000e+00
1.000000000000000000e+00
9.997000000000000330e-01
1.000000000000000000e+00
1.000000000000000000e+00
1.000000000000000000e+00
1.000000000000000000e+00
1.000000000000000000e+00
1.000000000000000000e+00
1.000000000000000000e+00
1.000000000000000000e+00
1.000000000000000000e+00
1.000000000000000000e+00
1.000000000000000000e+00
1.000000000000000000e+00
1.000000000000000000e+00
1.000000000000000000e+00
1.000000000000000000e+00
1.000000000000000000e+00
1.000000000000000000e+00
1.000000000000000000e+00
1.000000000000000000e+00
9.927000000000000268e-01
9.807000000000000162e-01
9.630999999999999561e-01
9.414000000000000146e-01
9.173000000000000043e-01
8.923999999999999710e-01
8.798000000000000265e-01
8.579999999999999849e-01
8.238999999999999657e-01
7.828000000000000513e-01
7.679000000000000270e-01
7.609000000000000208e-01
7.076999999999999957e-01
6.916999999999999815e-01
6.732000000000000206e-01
6.857999999999999652e-01
7.244000000000000439e-01
7.650000000000000133e-01
7.602999999999999758e-01
7.953999999999999959e-01
8.077999999999999625e-01
8.051000000000000378e-01
7.982000000000000206e-01
8.408999999999999808e-01
8.778000000000000247e-01
9.099000000000000421e-01
9.164999999999999813e-01
9.537999999999999812e-01
9.857000000000000206e-01
9.573000000000000398e-01
9.828999999999999959e-01
1.000000000000000000e+00
1.000000000000000000e+00
1.000000000000000000e+00
1.000000000000000000e+00
1.000000000000000000e+00
1.000000000000000000e+00
1.000000000000000000e+00
1.000000000000000000e+00
1.000000000000000000e+00
1.000000000000000000e+00
9.997000000000000330e-01
1.000000000000000000e+00
1.000000000000000000e+00
1.000000000000000000e+00
1.000000000000000000e+00
1.000000000000000000e+00
1.000000000000000000e+00
1.000000000000000000e+00
1.000000000000000000e+00
1.000000000000000000e+00
1.000000000000000000e+00
1.000000000000000000e+00
1.000000000000000000e+00
1.000000000000000000e+00
1.000000000000000000e+00
1.000000000000000000e+00
1.000000000000000000e+00
1.000000000000000000e+00
1.000000000000000000e+00
1.000000000000000000e+00
1.000000000000000000e+00
1.000000000000000000e+00
1.000000000000000000e+00
1.000000000000000000e+00
1.000000000000000000e+00
1.000000000000000000e+00
1.000000000000000000e+00
1.000000000000000000e+00
1.000000000000000000e+00
9.900999999999999801e-01
9.889000000000000012e-01
9.851999999999999647e-01
9.861999999999999655e-01
9.989999999999999991e-01
1.000000000000000000e+00
1.000000000000000000e+00
9.882999999999999563e-01
9.808999999999999941e-01
9.963999999999999524e-01
9.927000000000000268e-01
9.981999999999999762e-01
1.000000000000000000e+00
1.000000000000000000e+00
1.000000000000000000e+00
9.874000000000000554e-01
9.848000000000000087e-01
1.000000000000000000e+00
9.951999999999999735e-01
9.790999999999999703e-01
9.678999999999999826e-01
9.826000000000000290e-01
9.929000000000000048e-01
9.906000000000000361e-01
9.913999999999999480e-01
1.000000000000000000e+00
1.000000000000000000e+00
1.000000000000000000e+00
1.000000000000000000e+00
1.000000000000000000e+00
1.000000000000000000e+00
1.000000000000000000e+00
9.952999999999999625e-01
1.000000000000000000e+00
1.000000000000000000e+00
9.969999999999999973e-01
1.000000000000000000e+00
1.000000000000000000e+00
1.000000000000000000e+00
1.000000000000000000e+00
9.929999999999999938e-01
9.920999999999999819e-01
1.000000000000000000e+00
9.969000000000000083e-01
1.000000000000000000e+00
1.000000000000000000e+00
1.000000000000000000e+00
1.000000000000000000e+00
9.938000000000000167e-01
9.967000000000000304e-01
9.966000000000000414e-01
1.000000000000000000e+00
1.000000000000000000e+00
1.000000000000000000e+00
1.000000000000000000e+00
1.000000000000000000e+00
1.000000000000000000e+00
1.000000000000000000e+00
1.000000000000000000e+00
1.000000000000000000e+00
1.000000000000000000e+00
1.000000000000000000e+00
1.000000000000000000e+00
1.000000000000000000e+00
1.000000000000000000e+00
1.000000000000000000e+00
9.965000000000000524e-01
1.000000000000000000e+00
9.915000000000000480e-01
9.928000000000000158e-01
9.957000000000000295e-01
1.000000000000000000e+00
1.000000000000000000e+00
1.000000000000000000e+00
1.000000000000000000e+00
1.000000000000000000e+00
1.000000000000000000e+00
1.000000000000000000e+00
1.000000000000000000e+00
1.000000000000000000e+00
1.000000000000000000e+00
1.000000000000000000e+00
1.000000000000000000e+00
1.000000000000000000e+00
1.000000000000000000e+00
1.000000000000000000e+00
1.000000000000000000e+00
1.000000000000000000e+00
1.000000000000000000e+00
1.000000000000000000e+00
1.000000000000000000e+00
1.000000000000000000e+00
1.000000000000000000e+00
1.000000000000000000e+00
1.000000000000000000e+00
1.000000000000000000e+00
1.000000000000000000e+00
1.000000000000000000e+00
1.000000000000000000e+00
1.000000000000000000e+00
1.000000000000000000e+00
1.000000000000000000e+00
1.000000000000000000e+00
1.000000000000000000e+00
1.000000000000000000e+00
1.000000000000000000e+00
1.000000000000000000e+00
1.000000000000000000e+00
1.000000000000000000e+00
1.000000000000000000e+00
1.000000000000000000e+00
1.000000000000000000e+00
1.000000000000000000e+00
1.000000000000000000e+00
1.000000000000000000e+00
1.000000000000000000e+00
1.000000000000000000e+00
1.000000000000000000e+00
1.000000000000000000e+00
1.000000000000000000e+00
1.000000000000000000e+00
1.000000000000000000e+00
1.000000000000000000e+00
1.000000000000000000e+00
1.000000000000000000e+00
1.000000000000000000e+00
1.000000000000000000e+00
1.000000000000000000e+00
1.000000000000000000e+00
1.000000000000000000e+00
1.000000000000000000e+00
1.000000000000000000e+00
1.000000000000000000e+00
1.000000000000000000e+00
1.000000000000000000e+00
9.939000000000000057e-01
9.972999999999999643e-01
9.988000000000000211e-01
9.953999999999999515e-01
9.941999999999999726e-01
9.945000000000000506e-01
9.972999999999999643e-01
1.000000000000000000e+00
1.000000000000000000e+00
1.000000000000000000e+00
1.000000000000000000e+00
1.000000000000000000e+00
9.998000000000000220e-01
1.000000000000000000e+00
9.913999999999999480e-01
9.917000000000000259e-01
1.000000000000000000e+00
9.860999999999999766e-01
1.000000000000000000e+00
1.000000000000000000e+00
1.000000000000000000e+00
1.000000000000000000e+00
9.971999999999999753e-01
1.000000000000000000e+00
1.000000000000000000e+00
1.000000000000000000e+00
1.000000000000000000e+00
9.867000000000000215e-01
9.819999999999999840e-01
9.941999999999999726e-01
9.948000000000000176e-01
9.877000000000000224e-01
9.780999999999999694e-01
9.703000000000000513e-01
9.938000000000000167e-01
9.678999999999999826e-01
9.990999999999999881e-01
1.000000000000000000e+00
9.982999999999999652e-01
1.000000000000000000e+00
1.000000000000000000e+00
1.000000000000000000e+00
1.000000000000000000e+00
1.000000000000000000e+00
1.000000000000000000e+00
1.000000000000000000e+00
9.989000000000000101e-01
1.000000000000000000e+00
9.990999999999999881e-01
9.970999999999999863e-01
1.000000000000000000e+00
9.989999999999999991e-01
1.000000000000000000e+00
1.000000000000000000e+00
9.988000000000000211e-01
1.000000000000000000e+00
1.000000000000000000e+00
1.000000000000000000e+00
1.000000000000000000e+00
1.000000000000000000e+00
1.000000000000000000e+00
1.000000000000000000e+00
1.000000000000000000e+00
1.000000000000000000e+00
1.000000000000000000e+00
1.000000000000000000e+00
1.000000000000000000e+00
1.000000000000000000e+00
1.000000000000000000e+00
1.000000000000000000e+00
1.000000000000000000e+00
1.000000000000000000e+00
1.000000000000000000e+00
1.000000000000000000e+00
1.000000000000000000e+00
1.000000000000000000e+00
1.000000000000000000e+00
1.000000000000000000e+00
1.000000000000000000e+00
1.000000000000000000e+00
1.000000000000000000e+00
1.000000000000000000e+00
1.000000000000000000e+00
9.807000000000000162e-01
9.800999999999999712e-01
9.660999999999999588e-01
9.761999999999999567e-01
9.759999999999999787e-01
9.757000000000000117e-01
9.616999999999999993e-01
9.700999999999999623e-01
9.841999999999999638e-01
9.828000000000000069e-01
9.993999999999999551e-01
9.970999999999999863e-01
1.000000000000000000e+00
1.000000000000000000e+00
1.000000000000000000e+00
1.000000000000000000e+00
1.000000000000000000e+00
1.000000000000000000e+00
1.000000000000000000e+00
9.989999999999999991e-01
1.000000000000000000e+00
1.000000000000000000e+00
1.000000000000000000e+00
1.000000000000000000e+00
1.000000000000000000e+00
1.000000000000000000e+00
1.000000000000000000e+00
1.000000000000000000e+00
9.983999999999999542e-01
9.933999999999999497e-01
9.890999999999999792e-01
9.930999999999999828e-01
9.961999999999999744e-01
9.926000000000000378e-01
9.977000000000000313e-01
1.000000000000000000e+00
9.962999999999999634e-01
1.000000000000000000e+00
1.000000000000000000e+00
1.000000000000000000e+00
1.000000000000000000e+00
1.000000000000000000e+00
1.000000000000000000e+00
1.000000000000000000e+00
1.000000000000000000e+00
1.000000000000000000e+00
1.000000000000000000e+00
1.000000000000000000e+00
1.000000000000000000e+00
1.000000000000000000e+00
1.000000000000000000e+00
1.000000000000000000e+00
1.000000000000000000e+00
1.000000000000000000e+00
1.000000000000000000e+00
1.000000000000000000e+00
1.000000000000000000e+00
1.000000000000000000e+00
1.000000000000000000e+00
1.000000000000000000e+00
1.000000000000000000e+00
1.000000000000000000e+00
1.000000000000000000e+00
1.000000000000000000e+00
1.000000000000000000e+00
1.000000000000000000e+00
1.000000000000000000e+00
1.000000000000000000e+00
1.000000000000000000e+00
1.000000000000000000e+00
1.000000000000000000e+00
1.000000000000000000e+00
1.000000000000000000e+00
1.000000000000000000e+00
1.000000000000000000e+00
1.000000000000000000e+00
1.000000000000000000e+00
1.000000000000000000e+00
1.000000000000000000e+00
1.000000000000000000e+00
1.000000000000000000e+00
1.000000000000000000e+00
1.000000000000000000e+00
1.000000000000000000e+00
1.000000000000000000e+00
1.000000000000000000e+00
1.000000000000000000e+00
1.000000000000000000e+00
1.000000000000000000e+00
1.000000000000000000e+00
1.000000000000000000e+00
1.000000000000000000e+00
1.000000000000000000e+00
1.000000000000000000e+00
1.000000000000000000e+00
1.000000000000000000e+00
1.000000000000000000e+00
1.000000000000000000e+00
1.000000000000000000e+00
1.000000000000000000e+00
1.000000000000000000e+00
9.913999999999999480e-01
9.870999999999999774e-01
9.927000000000000268e-01
9.969999999999999973e-01
9.956000000000000405e-01
9.935000000000000497e-01
1.000000000000000000e+00
1.000000000000000000e+00
1.000000000000000000e+00
1.000000000000000000e+00
1.000000000000000000e+00
1.000000000000000000e+00
1.000000000000000000e+00
1.000000000000000000e+00
1.000000000000000000e+00
1.000000000000000000e+00
1.000000000000000000e+00
9.941999999999999726e-01
1.000000000000000000e+00
1.000000000000000000e+00
1.000000000000000000e+00
9.981999999999999762e-01
9.977000000000000313e-01
1.000000000000000000e+00
1.000000000000000000e+00
1.000000000000000000e+00
1.000000000000000000e+00
9.988000000000000211e-01
1.000000000000000000e+00
1.000000000000000000e+00
1.000000000000000000e+00
1.000000000000000000e+00
1.000000000000000000e+00
1.000000000000000000e+00
1.000000000000000000e+00
1.000000000000000000e+00
1.000000000000000000e+00
1.000000000000000000e+00
1.000000000000000000e+00
1.000000000000000000e+00
1.000000000000000000e+00
1.000000000000000000e+00
1.000000000000000000e+00
1.000000000000000000e+00
1.000000000000000000e+00
1.000000000000000000e+00
1.000000000000000000e+00
1.000000000000000000e+00
1.000000000000000000e+00
1.000000000000000000e+00
1.000000000000000000e+00
1.000000000000000000e+00
1.000000000000000000e+00
1.000000000000000000e+00
1.000000000000000000e+00
1.000000000000000000e+00
1.000000000000000000e+00
1.000000000000000000e+00
1.000000000000000000e+00
1.000000000000000000e+00
1.000000000000000000e+00
1.000000000000000000e+00
1.000000000000000000e+00
1.000000000000000000e+00
1.000000000000000000e+00
1.000000000000000000e+00
1.000000000000000000e+00
1.000000000000000000e+00
1.000000000000000000e+00
9.963999999999999524e-01
9.799999999999999822e-01
9.896000000000000352e-01
9.396999999999999797e-01
9.102000000000000091e-01
8.824999999999999512e-01
8.384000000000000341e-01
8.005999999999999783e-01
7.498000000000000220e-01
7.039999999999999591e-01
6.423999999999999710e-01
5.688999999999999613e-01
5.177000000000000490e-01
4.803000000000000047e-01
4.290999999999999814e-01
3.660999999999999810e-01
3.023000000000000131e-01
2.857999999999999985e-01
2.960999999999999743e-01
2.906000000000000250e-01
3.070999999999999841e-01
2.978999999999999981e-01
3.002000000000000224e-01
2.776000000000000134e-01
3.114999999999999991e-01
3.538999999999999924e-01
3.835999999999999965e-01
4.036000000000000143e-01
4.416999999999999815e-01
4.262000000000000233e-01
4.305999999999999828e-01
4.465000000000000080e-01
4.691000000000000170e-01
4.662999999999999923e-01
4.918000000000000149e-01
4.808000000000000052e-01
5.113999999999999657e-01
5.715000000000000080e-01
5.856999999999999984e-01
6.394999999999999574e-01
6.702000000000000179e-01
6.387000000000000455e-01
5.789999999999999591e-01
5.413999999999999924e-01
5.372999999999999998e-01
4.971999999999999753e-01
4.632999999999999896e-01
3.815000000000000058e-01
4.045000000000000262e-01
3.895000000000000129e-01
3.426000000000000156e-01
3.453999999999999848e-01
3.099999999999999978e-01
3.140999999999999903e-01
2.965999999999999748e-01
2.614000000000000212e-01
2.505000000000000004e-01
2.341999999999999915e-01
2.348999999999999977e-01
2.199000000000000121e-01
2.335000000000000131e-01
2.554000000000000159e-01
2.871000000000000218e-01
3.135000000000000009e-01
3.542000000000000148e-01
3.935000000000000164e-01
4.188000000000000056e-01
4.547999999999999821e-01
4.853999999999999981e-01
6.000999999999999668e-01
5.873000000000000442e-01
6.584999999999999742e-01
6.898999999999999577e-01
6.917999999999999705e-01
6.981000000000000538e-01
7.086000000000000076e-01
7.287000000000000144e-01
7.578000000000000291e-01
7.661000000000000032e-01
8.043000000000000149e-01
8.197999999999999732e-01
8.056999999999999718e-01
7.620000000000000107e-01
