9.292000000000000259e-01
9.538999999999999702e-01
9.370000000000000551e-01
9.192000000000000171e-01
9.122000000000000108e-01
8.973999999999999755e-01
8.919000000000000261e-01
8.809000000000000163e-01
8.790999999999999925e-01
8.799000000000000155e-01
8.938000000000000389e-01
8.816000000000000503e-01
9.025999999999999579e-01
8.943999999999999728e-01
9.053999999999999826e-01
9.099000000000000421e-01
9.180000000000000382e-01
9.169000000000000483e-01
9.258999999999999453e-01
9.205999999999999739e-01
8.952999999999999847e-01
9.152000000000000135e-01
9.100000000000000311e-01
9.145999999999999686e-01
9.146999999999999575e-01
9.202000000000000179e-01
9.354999999999999982e-01
9.254000000000000004e-01
9.341000000000000414e-01
9.327999999999999625e-01
9.325999999999999845e-01
9.317999999999999616e-01
9.281000000000000361e-01
9.384000000000000119e-01
9.300000000000000488e-01
9.262000000000000233e-01
9.226999999999999647e-01
9.162000000000000144e-01
9.116999999999999549e-01
9.149000000000000465e-01
8.995999999999999552e-01
9.034999999999999698e-01
9.082000000000000073e-01
8.858000000000000318e-01
8.802999999999999714e-01
9.019000000000000350e-01
8.984999999999999654e-01
9.048000000000000487e-01
9.006999999999999451e-01
9.040000000000000258e-01
9.240000000000000435e-01
9.334999999999999964e-01
9.272000000000000242e-01
9.136999999999999567e-01
9.069000000000000394e-01
9.082999999999999963e-01
9.150000000000000355e-01
9.154999999999999805e-01
9.260000000000000453e-01
9.242000000000000215e-01
9.207999999999999519e-01
9.237999999999999545e-01
9.333000000000000185e-01
9.253000000000000114e-01
9.304999999999999938e-01
9.414000000000000146e-01
9.375999999999999890e-01
9.468999999999999639e-01
9.479999999999999538e-01
9.459999999999999520e-01
9.486999999999999877e-01
9.375000000000000000e-01
9.461000000000000520e-01
9.494000000000000217e-01
9.532000000000000473e-01
9.555000000000000160e-01
9.528999999999999693e-01
9.465000000000000080e-01
9.422000000000000375e-01
9.393000000000000238e-01
9.439999999999999503e-01
9.435000000000000053e-01
9.417999999999999705e-01
9.491000000000000547e-01
9.424000000000000155e-01
9.459999999999999520e-01
9.435000000000000053e-01
9.451000000000000512e-01
9.391000000000000458e-01
9.451000000000000512e-01
9.409999999999999476e-01
9.373000000000000220e-01
9.199000000000000510e-01
9.125999999999999668e-01
9.223999999999999977e-01
9.227999999999999536e-01
9.258999999999999453e-01
9.305999999999999828e-01
9.210000000000000409e-01
9.141000000000000236e-01
9.100000000000000311e-01
9.113999999999999879e-01
9.046999999999999487e-01
8.987000000000000544e-01
9.092000000000000082e-01
9.133000000000000007e-01
9.222000000000000197e-01
9.295999999999999819e-01
9.262000000000000233e-01
9.311000000000000387e-01
9.277999999999999581e-01
9.284000000000000030e-01
9.288999999999999480e-01
9.288999999999999480e-01
9.241000000000000325e-01
9.276999999999999691e-01
9.311000000000000387e-01
9.217999999999999527e-01
9.233000000000000096e-01
9.182000000000000162e-01
9.116999999999999549e-01
9.045999999999999597e-01
8.949000000000000288e-01
8.629000000000000004e-01
8.356999999999999984e-01
8.078999999999999515e-01
7.286000000000000254e-01
6.312999999999999723e-01
5.381000000000000227e-01
4.771000000000000241e-01
4.188000000000000056e-01
3.907999999999999807e-01
3.793000000000000260e-01
3.368999999999999773e-01
3.518000000000000016e-01
3.741999999999999771e-01
3.881000000000000005e-01
3.916000000000000036e-01
3.753000000000000225e-01
3.613000000000000100e-01
3.340000000000000191e-01
2.924999999999999822e-01
2.731000000000000094e-01
2.681000000000000050e-01
2.569000000000000172e-01
2.538000000000000256e-01
2.464000000000000079e-01
2.685000000000000164e-01
2.669000000000000261e-01
2.437000000000000000e-01
2.018000000000000071e-01
1.623999999999999888e-01
1.622000000000000108e-01
1.408000000000000085e-01
1.175999999999999962e-01
1.396000000000000019e-01
1.756999999999999951e-01
2.182000000000000051e-01
2.711999999999999966e-01
3.084999999999999964e-01
3.887999999999999790e-01
4.530000000000000138e-01
5.058000000000000274e-01
5.524999999999999911e-01
6.159999999999999920e-01
6.373999999999999666e-01
6.461000000000000076e-01
6.695999999999999730e-01
6.601000000000000201e-01
6.749000000000000554e-01
6.795999999999999819e-01
6.961000000000000520e-01
6.768999999999999462e-01
6.745999999999999774e-01
7.052000000000000490e-01
7.271999999999999575e-01
7.548000000000000265e-01
7.569000000000000172e-01
7.763999999999999790e-01
7.862999999999999989e-01
7.931000000000000272e-01
8.127999999999999670e-01
8.326000000000000068e-01
8.465000000000000302e-01
8.496000000000000218e-01
8.343000000000000416e-01
8.318999999999999728e-01
8.158999999999999586e-01
8.149999999999999467e-01
8.031000000000000361e-01
7.889000000000000457e-01
7.833999999999999853e-01
7.809000000000000385e-01
7.669000000000000261e-01
7.796999999999999487e-01
7.601999999999999869e-01
7.549000000000000155e-01
7.625999999999999446e-01
7.734999999999999654e-01
7.610999999999999988e-01
7.620999999999999996e-01
7.670000000000000151e-01
7.711000000000000076e-01
7.995999999999999774e-01
8.005999999999999783e-01
8.207999999999999741e-01
8.206999999999999851e-01
8.456000000000000183e-01
8.297999999999999821e-01
8.502999999999999448e-01
8.618999999999999995e-01
8.690999999999999837e-01
8.738000000000000211e-01
8.857000000000000428e-01
8.894999999999999574e-01
8.860000000000000098e-01
8.888000000000000345e-01
9.002999999999999892e-01
8.950000000000000178e-01
8.965999999999999526e-01
8.882999999999999785e-01
8.911000000000000032e-01
8.840999999999999970e-01
8.928000000000000380e-01
9.004999999999999671e-01
9.111000000000000210e-01
9.224999999999999867e-01
9.211000000000000298e-01
9.108000000000000540e-01
9.115999999999999659e-01
9.221000000000000307e-01
9.266999999999999682e-01
9.205999999999999739e-01
9.155999999999999694e-01
9.211000000000000298e-01
9.204999999999999849e-01
9.219000000000000528e-01
9.245999999999999774e-01
9.263000000000000123e-01
9.306999999999999718e-01
9.373000000000000220e-01
9.213999999999999968e-01
9.254999999999999893e-01
9.354000000000000092e-01
9.240000000000000435e-01
9.367999999999999661e-01
9.331000000000000405e-01
9.316999999999999726e-01
9.153000000000000025e-01
9.190000000000000391e-01
9.183999999999999941e-01
9.280000000000000471e-01
9.133999999999999897e-01
9.042999999999999927e-01
8.712999999999999634e-01
8.610999999999999766e-01
8.545000000000000373e-01
8.508000000000000007e-01
8.381999999999999451e-01
8.245999999999999996e-01
8.250999999999999446e-01
8.153000000000000247e-01
8.391999999999999460e-01
8.433000000000000496e-01
8.491999999999999549e-01
8.667000000000000259e-01
8.809000000000000163e-01
8.794999999999999485e-01
8.778000000000000247e-01
8.612999999999999545e-01
8.495000000000000329e-01
8.470999999999999641e-01
8.488999999999999879e-01
8.477000000000000091e-01
8.409999999999999698e-01
8.458999999999999853e-01
8.367999999999999883e-01
8.318999999999999728e-01
8.164000000000000146e-01
8.202000000000000401e-01
7.983000000000000096e-01
7.770000000000000240e-01
7.503999999999999559e-01
7.435000000000000497e-01
7.579000000000000181e-01
7.443999999999999506e-01
7.216000000000000192e-01
7.085000000000000187e-01
6.807999999999999607e-01
6.982000000000000428e-01
7.143000000000000460e-01
7.275000000000000355e-01
7.291999999999999593e-01
7.339999999999999858e-01
7.682999999999999829e-01
7.743999999999999773e-01
7.812999999999999945e-01
7.858000000000000540e-01
7.892000000000000126e-01
7.860000000000000320e-01
8.008999999999999453e-01
7.985999999999999766e-01
8.120000000000000551e-01
8.498999999999999888e-01
8.457000000000000073e-01
8.488999999999999879e-01
8.450999999999999623e-01
8.415000000000000258e-01
8.346999999999999975e-01
8.269999999999999574e-01
8.278999999999999693e-01
8.380999999999999561e-01
8.353000000000000425e-01
8.318999999999999728e-01
8.307999999999999829e-01
8.387000000000000011e-01
8.508999999999999897e-01
8.530999999999999694e-01
8.660999999999999810e-01
8.821999999999999842e-01
8.639999999999999902e-01
8.686000000000000387e-01
8.732999999999999652e-01
8.720999999999999863e-01
8.938000000000000389e-01
9.146999999999999575e-01
9.130000000000000338e-01
9.167999999999999483e-01
9.173000000000000043e-01
9.246999999999999664e-01
9.239000000000000545e-01
9.353000000000000203e-01
9.245999999999999774e-01
9.243999999999999995e-01
9.255999999999999783e-01
9.223999999999999977e-01
9.121000000000000218e-01
9.102999999999999980e-01
9.062999999999999945e-01
9.026999999999999469e-01
8.951999999999999957e-01
8.967000000000000526e-01
8.972999999999999865e-01
8.880000000000000115e-01
8.923999999999999710e-01
8.970000000000000195e-01
8.912999999999999812e-01
8.920000000000000151e-01
8.915999999999999481e-01
8.954999999999999627e-01
9.035999999999999588e-01
9.076999999999999513e-01
9.195999999999999730e-01
9.242000000000000215e-01
9.278999999999999471e-01
9.315999999999999837e-01
9.362000000000000322e-01
9.546000000000000041e-01
9.463000000000000300e-01
9.524000000000000243e-01
9.495999999999999996e-01
9.512000000000000455e-01
9.552000000000000490e-01
9.517999999999999794e-01
9.634000000000000341e-01
9.563000000000000389e-01
9.602000000000000535e-01
9.858000000000000096e-01
9.870999999999999774e-01
9.990999999999999881e-01
9.819999999999999840e-01
9.879000000000000004e-01
9.913999999999999480e-01
9.828000000000000069e-01
9.788000000000000034e-01
9.777000000000000135e-01
9.798999999999999932e-01
9.735000000000000320e-01
9.646000000000000130e-01
9.792999999999999483e-01
9.539999999999999591e-01
9.526000000000000023e-01
9.463000000000000300e-01
9.474000000000000199e-01
9.484000000000000208e-01
9.506999999999999895e-01
9.506999999999999895e-01
9.530999999999999472e-01
9.487999999999999767e-01
9.439999999999999503e-01
9.321000000000000396e-01
9.343000000000000194e-01
9.362000000000000322e-01
9.301000000000000378e-01
9.262000000000000233e-01
9.187999999999999501e-01
9.216999999999999638e-01
9.277999999999999581e-01
9.332000000000000295e-01
9.325999999999999845e-01
9.261000000000000343e-01
9.113999999999999879e-01
9.281000000000000361e-01
9.110000000000000320e-01
8.968000000000000416e-01
9.127999999999999448e-01
9.189000000000000501e-01
9.263000000000000123e-01
9.315999999999999837e-01
9.183999999999999941e-01
9.111000000000000210e-01
9.121000000000000218e-01
9.092999999999999972e-01
8.840000000000000080e-01
8.703999999999999515e-01
8.849000000000000199e-01
8.726000000000000423e-01
8.589999999999999858e-01
8.509999999999999787e-01
8.242000000000000437e-01
7.909000000000000474e-01
7.579000000000000181e-01
7.183000000000000496e-01
6.758999999999999453e-01
6.239999999999999991e-01
5.960999999999999632e-01
5.689999999999999503e-01
5.627999999999999670e-01
5.681000000000000494e-01
5.542000000000000259e-01
5.427999999999999492e-01
5.661000000000000476e-01
5.810999999999999499e-01
6.110999999999999766e-01
6.347000000000000419e-01
7.012000000000000455e-01
7.318999999999999950e-01
7.612999999999999767e-01
8.168999999999999595e-01
8.599999999999999867e-01
8.871999999999999886e-01
8.840999999999999970e-01
8.971999999999999975e-01
8.898000000000000353e-01
8.621999999999999664e-01
8.639000000000000012e-01
8.756000000000000449e-01
8.877000000000000446e-01
8.928000000000000380e-01
8.824999999999999512e-01
8.954999999999999627e-01
9.171000000000000263e-01
9.266999999999999682e-01
9.267999999999999572e-01
9.241000000000000325e-01
9.302000000000000268e-01
9.311000000000000387e-01
9.270000000000000462e-01
9.563000000000000389e-01
9.690999999999999615e-01
9.645000000000000240e-01
9.520999999999999464e-01
9.537999999999999812e-01
9.650999999999999579e-01
9.577999999999999847e-01
9.540999999999999481e-01
9.588999999999999746e-01
9.554000000000000270e-01
9.706000000000000183e-01
9.634000000000000341e-01
9.627000000000000002e-01
9.610999999999999543e-01
9.717000000000000082e-01
9.545000000000000151e-01
9.516000000000000014e-01
9.417999999999999705e-01
9.428999999999999604e-01
9.539999999999999591e-01
9.152000000000000135e-01
9.153000000000000025e-01
9.069000000000000394e-01
9.121000000000000218e-01
9.070000000000000284e-01
8.784999999999999476e-01
8.399999999999999689e-01
7.893000000000000016e-01
7.541999999999999815e-01
7.055000000000000160e-01
6.559000000000000385e-01
5.832000000000000517e-01
5.358000000000000540e-01
4.696000000000000174e-01
4.143999999999999906e-01
3.567000000000000171e-01
2.968000000000000083e-01
2.640000000000000124e-01
2.447999999999999898e-01
2.116000000000000103e-01
1.792999999999999872e-01
1.547000000000000042e-01
1.295999999999999930e-01
9.859999999999999321e-02
7.259999999999999787e-02
5.360000000000000181e-02
3.749999999999999861e-02
3.039999999999999994e-02
2.170000000000000054e-02
2.680000000000000090e-02
2.949999999999999845e-02
1.930000000000000118e-02
1.009999999999999960e-02
1.190000000000000085e-02
2.899999999999999800e-03
0.000000000000000000e+00
0.000000000000000000e+00
0.000000000000000000e+00
0.000000000000000000e+00
0.000000000000000000e+00
0.000000000000000000e+00
0.000000000000000000e+00
0.000000000000000000e+00
0.000000000000000000e+00
0.000000000000000000e+00
4.199999999999999740e-03
1.159999999999999920e-02
3.309999999999999748e-02
3.309999999999999748e-02
2.409999999999999989e-02
3.339999999999999913e-02
1.980000000000000163e-02
1.050000000000000065e-02
0.000000000000000000e+00
3.899999999999999821e-03
8.899999999999999925e-03
2.019999999999999921e-02
3.490000000000000047e-02
5.009999999999999870e-02
4.390000000000000152e-02
6.270000000000000573e-02
1.044999999999999957e-01
1.630000000000000060e-01
1.877999999999999947e-01
2.926000000000000267e-01
4.061000000000000165e-01
5.000000000000000000e-01
5.574999999999999956e-01
6.505999999999999561e-01
7.149999999999999689e-01
7.328999999999999959e-01
7.675999999999999490e-01
7.077999999999999847e-01
