5.356999999999999540e-01
4.709999999999999742e-01
3.882999999999999785e-01
3.235999999999999988e-01
2.758999999999999786e-01
2.311999999999999889e-01
1.809000000000000052e-01
1.484999999999999931e-01
1.441999999999999948e-01
1.156999999999999973e-01
9.750000000000000333e-02
8.890000000000000679e-02
7.290000000000000646e-02
5.639999999999999875e-02
8.459999999999999465e-02
9.260000000000000175e-02
1.082999999999999935e-01
1.029000000000000054e-01
1.000999999999999945e-01
1.076000000000000012e-01
1.318000000000000005e-01
1.509000000000000064e-01
1.494999999999999940e-01
1.701999999999999902e-01
1.829999999999999960e-01
1.943999999999999895e-01
1.968999999999999917e-01
1.768000000000000127e-01
1.698000000000000065e-01
1.623999999999999888e-01
1.769999999999999907e-01
2.061999999999999944e-01
2.560000000000000053e-01
3.159000000000000141e-01
3.648000000000000131e-01
3.899000000000000243e-01
4.062999999999999945e-01
3.649000000000000021e-01
3.484999999999999765e-01
3.108000000000000207e-01
2.725000000000000200e-01
2.376999999999999946e-01
1.910000000000000031e-01
1.940000000000000058e-01
1.809000000000000052e-01
1.527000000000000024e-01
1.570000000000000007e-01
1.671999999999999875e-01
1.746000000000000052e-01
1.769999999999999907e-01
2.122999999999999887e-01
2.576999999999999846e-01
2.610999999999999988e-01
2.868999999999999884e-01
2.748999999999999777e-01
2.649000000000000243e-01
2.562999999999999723e-01
2.131000000000000116e-01
1.990000000000000102e-01
1.648999999999999910e-01
1.446000000000000063e-01
1.670000000000000095e-01
1.482999999999999874e-01
1.638000000000000012e-01
1.486999999999999988e-01
1.537999999999999923e-01
1.527000000000000024e-01
1.381999999999999895e-01
1.340000000000000080e-01
1.308999999999999886e-01
1.499000000000000055e-01
1.678999999999999937e-01
1.819000000000000061e-01
1.927999999999999992e-01
1.950999999999999956e-01
2.011000000000000010e-01
2.064999999999999891e-01
2.088000000000000134e-01
2.111999999999999988e-01
2.111999999999999988e-01
2.174999999999999989e-01
2.001000000000000001e-01
2.232999999999999985e-01
2.384000000000000008e-01
2.559000000000000163e-01
2.802000000000000046e-01
3.350000000000000200e-01
3.785000000000000031e-01
4.027000000000000024e-01
3.982999999999999874e-01
4.032000000000000028e-01
4.092000000000000082e-01
4.254000000000000004e-01
4.127000000000000113e-01
3.927999999999999825e-01
3.640999999999999792e-01
3.372999999999999887e-01
3.348999999999999755e-01
3.456000000000000183e-01
3.537000000000000144e-01
3.731999999999999762e-01
3.993999999999999773e-01
4.240999999999999770e-01
4.767000000000000126e-01
4.808000000000000052e-01
5.262999999999999901e-01
5.927000000000000046e-01
6.639000000000000457e-01
7.243000000000000549e-01
7.937999999999999501e-01
7.983000000000000096e-01
8.699999999999999956e-01
9.161000000000000254e-01
9.358999999999999542e-01
9.324999999999999956e-01
9.370000000000000551e-01
9.209000000000000519e-01
9.327999999999999625e-01
9.449999999999999512e-01
9.316999999999999726e-01
9.378999999999999559e-01
9.229000000000000536e-01
9.285999999999999810e-01
9.207999999999999519e-01
9.205999999999999739e-01
9.016999999999999460e-01
8.921999999999999931e-01
8.693999999999999506e-01
8.719999999999999973e-01
8.672999999999999599e-01
8.726000000000000423e-01
8.762999999999999678e-01
8.701999999999999735e-01
8.834999999999999520e-01
8.900000000000000133e-01
8.904999999999999583e-01
8.984999999999999654e-01
8.951000000000000068e-01
9.127999999999999448e-01
9.134999999999999787e-01
9.233999999999999986e-01
9.192000000000000171e-01
9.231000000000000316e-01
9.314999999999999947e-01
9.315999999999999837e-01
9.261000000000000343e-01
9.396999999999999797e-01
9.354999999999999982e-01
9.264999999999999902e-01
9.284000000000000030e-01
9.194999999999999840e-01
9.232000000000000206e-01
9.234999999999999876e-01
9.203000000000000069e-01
9.189000000000000501e-01
9.151000000000000245e-01
9.257999999999999563e-01
9.074999999999999734e-01
9.022999999999999909e-01
8.950000000000000178e-01
9.069000000000000394e-01
9.204999999999999849e-01
9.044999999999999707e-01
8.989000000000000323e-01
9.051000000000000156e-01
9.146999999999999575e-01
9.175999999999999712e-01
9.233000000000000096e-01
9.185999999999999721e-01
9.163000000000000034e-01
9.163999999999999924e-01
9.193999999999999950e-01
9.046999999999999487e-01
9.122999999999999998e-01
9.232000000000000206e-01
9.264999999999999902e-01
9.141000000000000236e-01
9.015999999999999570e-01
9.129000000000000448e-01
9.134999999999999787e-01
9.200000000000000400e-01
9.146999999999999575e-01
9.162000000000000144e-01
9.064999999999999725e-01
9.102000000000000091e-01
9.030000000000000249e-01
9.085999999999999632e-01
9.182000000000000162e-01
9.193999999999999950e-01
9.273000000000000131e-01
9.295999999999999819e-01
9.212000000000000188e-01
9.287999999999999590e-01
9.288999999999999480e-01
9.272000000000000242e-01
9.193999999999999950e-01
9.313000000000000167e-01
9.360000000000000542e-01
9.183999999999999941e-01
9.191000000000000281e-01
9.132000000000000117e-01
9.078000000000000513e-01
9.068000000000000504e-01
9.116999999999999549e-01
9.315999999999999837e-01
9.267999999999999572e-01
9.135999999999999677e-01
9.307999999999999607e-01
9.213000000000000078e-01
9.287999999999999590e-01
9.304999999999999938e-01
9.276999999999999691e-01
9.388999999999999568e-01
9.304000000000000048e-01
9.394000000000000128e-01
9.465000000000000080e-01
9.536000000000000032e-01
9.446999999999999842e-01
9.478999999999999648e-01
9.547999999999999821e-01
9.556999999999999940e-01
9.619999999999999662e-01
9.522000000000000464e-01
9.617999999999999883e-01
9.620999999999999552e-01
9.542000000000000481e-01
9.595000000000000195e-01
9.505000000000000115e-01
9.595000000000000195e-01
9.506999999999999895e-01
9.558999999999999719e-01
9.526000000000000023e-01
9.575000000000000178e-01
9.549999999999999600e-01
9.546999999999999931e-01
9.516000000000000014e-01
9.495999999999999996e-01
9.566000000000000059e-01
9.623000000000000442e-01
9.616999999999999993e-01
9.666000000000000147e-01
9.525000000000000133e-01
9.540999999999999481e-01
9.489999999999999547e-01
9.533000000000000362e-01
9.441000000000000503e-01
9.413000000000000256e-01
9.405999999999999917e-01
9.399999999999999467e-01
9.388999999999999568e-01
9.442000000000000393e-01
9.408999999999999586e-01
9.343000000000000194e-01
9.368999999999999551e-01
9.338999999999999524e-01
9.333000000000000185e-01
9.396999999999999797e-01
9.494000000000000217e-01
9.552000000000000490e-01
9.540999999999999481e-01
9.406999999999999806e-01
9.481000000000000538e-01
9.401000000000000467e-01
9.418999999999999595e-01
9.476999999999999869e-01
9.371000000000000441e-01
9.364999999999999991e-01
9.357999999999999652e-01
9.414000000000000146e-01
9.506000000000000005e-01
9.467999999999999750e-01
9.350000000000000533e-01
9.443000000000000282e-01
9.544000000000000261e-01
9.476999999999999869e-01
9.463000000000000300e-01
9.453000000000000291e-01
9.550999999999999490e-01
9.354000000000000092e-01
9.314999999999999947e-01
9.423000000000000265e-01
9.364999999999999991e-01
9.375999999999999890e-01
9.106999999999999540e-01
9.151000000000000245e-01
9.061000000000000165e-01
9.058000000000000496e-01
8.933999999999999719e-01
8.973999999999999755e-01
9.074999999999999734e-01
9.092000000000000082e-01
9.081000000000000183e-01
9.153999999999999915e-01
9.246999999999999664e-01
9.220000000000000417e-01
9.243000000000000105e-01
9.308999999999999497e-01
9.276999999999999691e-01
9.381000000000000449e-01
9.358999999999999542e-01
9.336999999999999744e-01
9.193000000000000060e-01
9.225999999999999757e-01
9.254999999999999893e-01
9.283000000000000140e-01
9.306999999999999718e-01
9.305999999999999828e-01
9.143000000000000016e-01
9.042000000000000037e-01
8.822999999999999732e-01
9.203000000000000069e-01
9.064999999999999725e-01
9.090000000000000302e-01
9.089000000000000412e-01
9.222000000000000197e-01
9.191000000000000281e-01
9.335999999999999854e-01
9.245999999999999774e-01
9.331000000000000405e-01
9.399999999999999467e-01
9.532000000000000473e-01
9.506999999999999895e-01
9.519999999999999574e-01
9.606000000000000094e-01
9.546999999999999931e-01
9.546000000000000041e-01
9.522000000000000464e-01
9.409999999999999476e-01
9.371000000000000441e-01
9.335999999999999854e-01
9.366999999999999771e-01
9.256999999999999673e-01
9.195999999999999730e-01
9.352000000000000313e-01
9.167999999999999483e-01
9.183999999999999941e-01
9.231000000000000316e-01
9.504000000000000226e-01
9.435000000000000053e-01
9.506999999999999895e-01
9.701999999999999513e-01
9.485999999999999988e-01
9.636000000000000121e-01
9.558999999999999719e-01
9.487999999999999767e-01
9.533000000000000362e-01
9.589999999999999636e-01
9.579999999999999627e-01
9.617999999999999883e-01
9.647000000000000020e-01
9.565000000000000169e-01
9.499999999999999556e-01
9.684000000000000385e-01
9.556000000000000050e-01
9.546000000000000041e-01
9.518999999999999684e-01
9.312000000000000277e-01
9.585000000000000187e-01
9.442000000000000393e-01
9.506999999999999895e-01
9.479999999999999538e-01
9.502000000000000446e-01
9.536000000000000032e-01
9.520999999999999464e-01
9.504000000000000226e-01
9.556999999999999940e-01
9.469999999999999529e-01
9.537999999999999812e-01
9.475999999999999979e-01
9.568999999999999728e-01
9.453000000000000291e-01
9.494000000000000217e-01
9.425000000000000044e-01
9.505000000000000115e-01
9.524000000000000243e-01
9.491000000000000547e-01
9.513000000000000345e-01
9.427999999999999714e-01
9.344999999999999973e-01
9.332000000000000295e-01
9.414000000000000146e-01
9.314999999999999947e-01
9.285999999999999810e-01
9.345999999999999863e-01
9.302000000000000268e-01
9.360000000000000542e-01
9.239000000000000545e-01
9.155999999999999694e-01
9.015999999999999570e-01
9.012000000000000011e-01
9.134999999999999787e-01
9.164999999999999813e-01
9.145999999999999686e-01
9.133999999999999897e-01
9.205999999999999739e-01
9.165999999999999703e-01
9.113999999999999879e-01
9.112000000000000099e-01
8.947000000000000508e-01
8.802999999999999714e-01
8.656000000000000361e-01
8.618999999999999995e-01
8.446000000000000174e-01
8.339999999999999636e-01
8.504000000000000448e-01
8.441999999999999504e-01
8.375000000000000222e-01
8.450999999999999623e-01
8.476000000000000201e-01
8.599999999999999867e-01
8.898000000000000353e-01
9.116999999999999549e-01
9.143000000000000016e-01
9.157999999999999474e-01
9.241000000000000325e-01
9.335999999999999854e-01
9.364000000000000101e-01
9.404000000000000137e-01
9.472000000000000419e-01
9.413000000000000256e-01
9.382000000000000339e-01
9.375000000000000000e-01
9.379999999999999449e-01
9.344999999999999973e-01
9.312000000000000277e-01
9.237999999999999545e-01
9.183000000000000052e-01
9.106999999999999540e-01
9.327999999999999625e-01
9.327999999999999625e-01
9.350000000000000533e-01
9.265999999999999792e-01
9.308999999999999497e-01
9.365999999999999881e-01
9.418999999999999595e-01
9.365999999999999881e-01
9.402000000000000357e-01
9.465000000000000080e-01
9.515000000000000124e-01
9.554000000000000270e-01
9.647000000000000020e-01
9.594000000000000306e-01
9.316999999999999726e-01
9.287999999999999590e-01
9.405000000000000027e-01
9.436999999999999833e-01
9.414000000000000146e-01
9.451000000000000512e-01
9.481000000000000538e-01
9.610999999999999543e-01
9.616000000000000103e-01
9.555000000000000160e-01
9.557999999999999829e-01
9.680999999999999606e-01
9.576999999999999957e-01
9.576000000000000068e-01
9.493000000000000327e-01
9.489999999999999547e-01
9.425999999999999934e-01
9.385999999999999899e-01
9.503000000000000336e-01
9.468999999999999639e-01
9.330000000000000515e-01
9.365999999999999881e-01
9.300000000000000488e-01
9.331000000000000405e-01
9.355999999999999872e-01
9.201000000000000290e-01
9.257999999999999563e-01
9.141000000000000236e-01
9.074999999999999734e-01
8.692999999999999616e-01
8.905999999999999472e-01
8.913999999999999702e-01
8.920000000000000151e-01
9.044999999999999707e-01
9.016999999999999460e-01
8.713999999999999524e-01
9.072999999999999954e-01
9.080000000000000293e-01
9.155999999999999694e-01
9.241000000000000325e-01
9.323000000000000176e-01
9.305999999999999828e-01
9.323000000000000176e-01
9.372000000000000330e-01
9.327999999999999625e-01
9.224999999999999867e-01
9.203000000000000069e-01
9.282000000000000250e-01
9.293000000000000149e-01
9.223999999999999977e-01
9.220000000000000417e-01
9.242000000000000215e-01
9.091000000000000192e-01
9.025999999999999579e-01
8.885999999999999455e-01
9.038000000000000478e-01
9.240000000000000435e-01
9.216999999999999638e-01
9.214999999999999858e-01
9.209000000000000519e-01
9.348999999999999533e-01
9.439999999999999503e-01
9.465000000000000080e-01
9.506999999999999895e-01
9.461000000000000520e-01
9.546999999999999931e-01
9.536999999999999922e-01
9.499999999999999556e-01
9.408999999999999586e-01
9.392000000000000348e-01
9.294000000000000039e-01
8.969000000000000306e-01
8.988000000000000433e-01
9.176999999999999602e-01
9.313000000000000167e-01
9.170000000000000373e-01
9.333000000000000185e-01
9.471000000000000529e-01
9.553000000000000380e-01
9.644000000000000350e-01
9.505000000000000115e-01
9.418999999999999595e-01
9.209000000000000519e-01
9.497999999999999776e-01
9.527999999999999803e-01
9.458999999999999631e-01
9.638999999999999790e-01
9.525000000000000133e-01
9.485999999999999988e-01
9.443000000000000282e-01
9.431000000000000494e-01
9.313000000000000167e-01
9.275999999999999801e-01
9.096999999999999531e-01
9.066999999999999504e-01
9.046999999999999487e-01
9.104999999999999760e-01
9.140000000000000346e-01
9.253000000000000114e-01
9.276999999999999691e-01
9.384000000000000119e-01
9.235999999999999766e-01
9.242000000000000215e-01
9.473000000000000309e-01
9.405999999999999917e-01
9.358999999999999542e-01
9.324000000000000066e-01
9.393000000000000238e-01
9.488999999999999657e-01
9.439999999999999503e-01
9.585000000000000187e-01
9.476999999999999869e-01
9.253000000000000114e-01
9.156999999999999584e-01
9.130000000000000338e-01
9.212000000000000188e-01
8.934999999999999609e-01
9.267999999999999572e-01
9.424000000000000155e-01
9.381000000000000449e-01
9.534000000000000252e-01
9.485000000000000098e-01
9.417999999999999705e-01
9.485999999999999988e-01
9.513000000000000345e-01
9.526999999999999913e-01
9.596000000000000085e-01
9.546999999999999931e-01
9.462000000000000410e-01
9.337999999999999634e-01
9.374000000000000110e-01
9.414000000000000146e-01
9.344000000000000083e-01
9.504000000000000226e-01
9.368999999999999551e-01
9.247999999999999554e-01
9.312000000000000277e-01
9.322000000000000286e-01
9.417999999999999705e-01
9.377999999999999670e-01
9.471000000000000529e-01
9.489999999999999547e-01
9.445999999999999952e-01
9.484000000000000208e-01
9.446999999999999842e-01
9.435999999999999943e-01
9.506000000000000005e-01
9.482000000000000428e-01
9.492000000000000437e-01
9.503000000000000336e-01
9.403000000000000247e-01
9.360000000000000542e-01
9.387999999999999678e-01
9.382000000000000339e-01
9.428999999999999604e-01
9.474000000000000199e-01
9.478999999999999648e-01
9.395000000000000018e-01
9.397999999999999687e-01
9.484000000000000208e-01
9.475999999999999979e-01
9.445000000000000062e-01
9.416999999999999815e-01
9.340000000000000524e-01
9.301000000000000378e-01
9.334000000000000075e-01
9.312000000000000277e-01
9.196999999999999620e-01
9.212000000000000188e-01
9.222000000000000197e-01
9.058000000000000496e-01
8.794999999999999485e-01
8.809000000000000163e-01
8.898000000000000353e-01
8.780999999999999917e-01
8.922999999999999821e-01
8.764999999999999458e-01
8.675000000000000488e-01
8.846000000000000529e-01
8.908000000000000362e-01
8.628000000000000114e-01
8.812999999999999723e-01
9.019000000000000350e-01
9.314000000000000057e-01
9.263000000000000123e-01
9.154999999999999805e-01
9.335999999999999854e-01
9.241000000000000325e-01
9.153999999999999915e-01
9.308999999999999497e-01
9.422000000000000375e-01
9.389999999999999458e-01
9.477999999999999758e-01
9.419999999999999485e-01
9.427999999999999714e-01
9.411000000000000476e-01
9.444000000000000172e-01
9.474000000000000199e-01
9.513000000000000345e-01
9.574000000000000288e-01
9.540999999999999481e-01
9.635000000000000231e-01
9.720999999999999641e-01
9.587999999999999856e-01
9.488999999999999657e-01
9.532000000000000473e-01
9.530999999999999472e-01
9.451000000000000512e-01
9.562000000000000499e-01
9.519999999999999574e-01
9.407999999999999696e-01
9.199000000000000510e-01
9.314000000000000057e-01
9.393000000000000238e-01
9.411000000000000476e-01
9.504000000000000226e-01
9.394000000000000128e-01
9.365999999999999881e-01
9.367999999999999661e-01
9.345999999999999863e-01
9.447999999999999732e-01
9.441000000000000503e-01
9.353000000000000203e-01
9.419999999999999485e-01
9.637000000000000011e-01
9.558999999999999719e-01
9.604000000000000314e-01
9.666000000000000147e-01
9.536000000000000032e-01
9.429999999999999494e-01
9.366999999999999771e-01
8.993999999999999773e-01
8.973999999999999755e-01
9.146999999999999575e-01
9.332000000000000295e-01
9.363000000000000211e-01
9.223999999999999977e-01
9.243999999999999995e-01
9.133999999999999897e-01
9.072000000000000064e-01
9.202000000000000179e-01
9.012999999999999901e-01
8.985999999999999543e-01
8.853999999999999648e-01
8.635000000000000453e-01
8.491999999999999549e-01
8.488999999999999879e-01
8.453000000000000513e-01
8.273000000000000353e-01
8.206999999999999851e-01
7.989000000000000545e-01
6.875999999999999890e-01
