8.735000000000000542e-01
9.074999999999999734e-01
8.910000000000000142e-01
8.819000000000000172e-01
8.524000000000000465e-01
8.318999999999999728e-01
8.269999999999999574e-01
8.352000000000000535e-01
8.515000000000000346e-01
8.548999999999999932e-01
8.667000000000000259e-01
8.675000000000000488e-01
8.657000000000000250e-01
8.676000000000000378e-01
8.527000000000000135e-01
8.381999999999999451e-01
8.228999999999999648e-01
8.060000000000000497e-01
7.953999999999999959e-01
7.785999999999999588e-01
7.455000000000000515e-01
7.532999999999999696e-01
7.654999999999999583e-01
7.909000000000000474e-01
7.642999999999999794e-01
7.466000000000000414e-01
7.428000000000000158e-01
7.173000000000000487e-01
6.919999999999999485e-01
6.881000000000000449e-01
6.680000000000000382e-01
6.566999999999999504e-01
6.279000000000000137e-01
6.086000000000000298e-01
5.649999999999999467e-01
5.110000000000000098e-01
4.516999999999999904e-01
3.931000000000000050e-01
3.381000000000000116e-01
2.892000000000000126e-01
2.495999999999999885e-01
2.033999999999999975e-01
1.666999999999999871e-01
1.464999999999999913e-01
1.317000000000000115e-01
1.262999999999999956e-01
1.277000000000000079e-01
1.504999999999999949e-01
1.618999999999999884e-01
1.570999999999999897e-01
1.688000000000000056e-01
1.794999999999999929e-01
2.003000000000000058e-01
2.268000000000000016e-01
2.205000000000000016e-01
2.091999999999999971e-01
1.942000000000000115e-01
1.615999999999999936e-01
1.330999999999999961e-01
1.141999999999999960e-01
9.510000000000000397e-02
5.750000000000000250e-02
3.649999999999999772e-02
1.919999999999999832e-02
8.500000000000000611e-03
0.000000000000000000e+00
0.000000000000000000e+00
0.000000000000000000e+00
0.000000000000000000e+00
0.000000000000000000e+00
0.000000000000000000e+00
0.000000000000000000e+00
0.000000000000000000e+00
0.000000000000000000e+00
0.000000000000000000e+00
0.000000000000000000e+00
0.000000000000000000e+00
0.000000000000000000e+00
1.619999999999999912e-02
1.290000000000000001e-02
4.200000000000000261e-02
7.259999999999999787e-02
7.530000000000000582e-02
1.034999999999999948e-01
1.343999999999999917e-01
1.713999999999999968e-01
2.300000000000000100e-01
2.688999999999999724e-01
2.767999999999999905e-01
3.134000000000000119e-01
3.249000000000000221e-01
3.365000000000000213e-01
3.738000000000000211e-01
3.625999999999999779e-01
3.385000000000000231e-01
3.181999999999999829e-01
2.837999999999999967e-01
2.469999999999999973e-01
2.452999999999999903e-01
2.482000000000000040e-01
2.406999999999999973e-01
2.384999999999999898e-01
2.475999999999999868e-01
2.574000000000000177e-01
2.516999999999999793e-01
2.656999999999999917e-01
2.897000000000000131e-01
3.709999999999999964e-01
4.421999999999999820e-01
4.617999999999999883e-01
5.872000000000000552e-01
6.692000000000000171e-01
7.103000000000000425e-01
7.645999999999999464e-01
8.225000000000000089e-01
8.434000000000000385e-01
8.606000000000000316e-01
8.708000000000000185e-01
8.856000000000000538e-01
8.920000000000000151e-01
8.932999999999999829e-01
8.992999999999999883e-01
8.991999999999999993e-01
9.053999999999999826e-01
9.065999999999999615e-01
9.156999999999999584e-01
9.155999999999999694e-01
9.190000000000000391e-01
9.162000000000000144e-01
9.202000000000000179e-01
9.112000000000000099e-01
9.112000000000000099e-01
8.882999999999999785e-01
8.969000000000000306e-01
8.979000000000000314e-01
9.036999999999999478e-01
9.275999999999999801e-01
9.427999999999999714e-01
9.395000000000000018e-01
9.278999999999999471e-01
9.144999999999999796e-01
8.914999999999999591e-01
9.118000000000000549e-01
9.134999999999999787e-01
9.030000000000000249e-01
9.170000000000000373e-01
8.950000000000000178e-01
9.049000000000000377e-01
9.102999999999999980e-01
9.043999999999999817e-01
9.214999999999999858e-01
9.194999999999999840e-01
9.239000000000000545e-01
9.222000000000000197e-01
9.256999999999999673e-01
9.110000000000000320e-01
8.991000000000000103e-01
9.005999999999999561e-01
8.951999999999999957e-01
8.868000000000000327e-01
8.790000000000000036e-01
8.566000000000000281e-01
8.839000000000000190e-01
8.643999999999999462e-01
8.830000000000000071e-01
8.881000000000000005e-01
8.870999999999999996e-01
9.002000000000000002e-01
9.048000000000000487e-01
9.220000000000000417e-01
9.247999999999999554e-01
9.225999999999999757e-01
9.364000000000000101e-01
9.435000000000000053e-01
9.488999999999999657e-01
9.576999999999999957e-01
9.425000000000000044e-01
9.324000000000000066e-01
9.335999999999999854e-01
9.405000000000000027e-01
9.379999999999999449e-01
9.333000000000000185e-01
9.371000000000000441e-01
9.441000000000000503e-01
9.445000000000000062e-01
9.489999999999999547e-01
9.443000000000000282e-01
9.474000000000000199e-01
9.427999999999999714e-01
9.419999999999999485e-01
9.233999999999999986e-01
9.011000000000000121e-01
9.203000000000000069e-01
9.194999999999999840e-01
9.154999999999999805e-01
8.995999999999999552e-01
9.197999999999999510e-01
9.445000000000000062e-01
9.402000000000000357e-01
9.413000000000000256e-01
9.435999999999999943e-01
9.542000000000000481e-01
9.568999999999999728e-01
9.471000000000000529e-01
9.492000000000000437e-01
9.337999999999999634e-01
9.122000000000000108e-01
9.225999999999999757e-01
9.199000000000000510e-01
9.283000000000000140e-01
9.301000000000000378e-01
9.264999999999999902e-01
9.154999999999999805e-01
9.051000000000000156e-01
8.953999999999999737e-01
9.019000000000000350e-01
8.935999999999999499e-01
9.075999999999999623e-01
9.079000000000000403e-01
8.850000000000000089e-01
9.133000000000000007e-01
9.145999999999999686e-01
9.132000000000000117e-01
9.073999999999999844e-01
9.145999999999999686e-01
8.962999999999999856e-01
8.953999999999999737e-01
8.720999999999999863e-01
8.618000000000000105e-01
8.319999999999999618e-01
8.233000000000000318e-01
8.113000000000000211e-01
7.921000000000000263e-01
7.912000000000000144e-01
7.913000000000000034e-01
8.064000000000000057e-01
8.115999999999999881e-01
7.383999999999999453e-01
