9.162000000000000144e-01
9.375999999999999890e-01
9.045999999999999597e-01
8.870999999999999996e-01
8.870000000000000107e-01
8.800999999999999934e-01
8.991999999999999993e-01
9.058000000000000496e-01
9.136999999999999567e-01
9.234999999999999876e-01
9.073999999999999844e-01
9.203000000000000069e-01
9.070000000000000284e-01
9.189000000000000501e-01
9.025999999999999579e-01
8.995999999999999552e-01
8.935999999999999499e-01
9.121000000000000218e-01
9.070000000000000284e-01
9.011000000000000121e-01
9.044999999999999707e-01
9.019000000000000350e-01
9.100000000000000311e-01
9.002000000000000002e-01
8.995999999999999552e-01
9.020000000000000240e-01
8.955999999999999517e-01
8.804999999999999494e-01
8.826000000000000512e-01
8.735000000000000542e-01
8.584000000000000519e-01
8.686000000000000387e-01
8.602999999999999536e-01
8.725000000000000533e-01
8.713999999999999524e-01
8.683999999999999497e-01
8.809000000000000163e-01
8.875999999999999446e-01
9.055999999999999606e-01
9.051000000000000156e-01
9.062999999999999945e-01
9.086999999999999522e-01
9.052000000000000046e-01
9.050000000000000266e-01
9.035999999999999588e-01
8.912999999999999812e-01
8.947000000000000508e-01
8.981000000000000094e-01
8.885999999999999455e-01
8.850999999999999979e-01
8.822999999999999732e-01
8.841999999999999860e-01
9.020000000000000240e-01
9.005999999999999561e-01
8.989000000000000323e-01
9.032999999999999918e-01
9.069000000000000394e-01
9.126999999999999558e-01
9.203000000000000069e-01
9.223000000000000087e-01
9.102999999999999980e-01
9.163999999999999924e-01
9.102000000000000091e-01
9.159000000000000474e-01
9.114999999999999769e-01
9.032000000000000028e-01
9.005999999999999561e-01
9.023999999999999799e-01
9.062999999999999945e-01
9.089000000000000412e-01
8.927000000000000490e-01
8.659999999999999920e-01
8.675000000000000488e-01
8.894999999999999574e-01
9.090000000000000302e-01
9.172000000000000153e-01
9.232000000000000206e-01
9.360000000000000542e-01
9.402000000000000357e-01
9.425999999999999934e-01
9.393000000000000238e-01
9.396999999999999797e-01
9.438999999999999613e-01
9.382000000000000339e-01
9.421000000000000485e-01
9.333000000000000185e-01
9.193000000000000060e-01
9.197999999999999510e-01
9.013999999999999790e-01
9.062000000000000055e-01
9.131000000000000227e-01
9.136999999999999567e-01
9.144999999999999796e-01
9.169000000000000483e-01
9.146999999999999575e-01
9.133000000000000007e-01
9.153999999999999915e-01
9.245999999999999774e-01
8.961999999999999966e-01
9.134999999999999787e-01
9.104999999999999760e-01
9.126999999999999558e-01
9.252000000000000224e-01
9.213000000000000078e-01
9.253000000000000114e-01
9.235999999999999766e-01
9.240000000000000435e-01
9.257999999999999563e-01
9.251000000000000334e-01
9.230000000000000426e-01
9.201000000000000290e-01
9.182000000000000162e-01
9.171000000000000263e-01
9.018000000000000460e-01
8.975999999999999535e-01
8.960000000000000187e-01
8.814999999999999503e-01
8.816000000000000503e-01
8.837000000000000410e-01
8.844999999999999529e-01
8.860999999999999988e-01
8.820999999999999952e-01
8.706000000000000405e-01
8.665000000000000480e-01
8.555000000000000382e-01
8.508999999999999897e-01
8.419999999999999707e-01
8.189999999999999503e-01
7.731999999999999984e-01
7.425000000000000488e-01
7.056999999999999940e-01
6.753000000000000114e-01
6.348000000000000309e-01
6.193999999999999506e-01
5.880999999999999561e-01
5.342000000000000082e-01
5.415999999999999703e-01
5.485999999999999766e-01
5.789999999999999591e-01
6.000999999999999668e-01
6.181999999999999718e-01
6.168000000000000149e-01
6.099999999999999867e-01
6.178000000000000158e-01
6.213999999999999524e-01
6.159000000000000030e-01
6.042999999999999483e-01
6.238000000000000211e-01
6.132999999999999563e-01
6.189999999999999947e-01
6.588000000000000522e-01
6.484999999999999654e-01
6.570000000000000284e-01
6.907999999999999696e-01
7.099999999999999645e-01
7.469000000000000083e-01
7.315000000000000391e-01
7.715999999999999526e-01
8.115999999999999881e-01
8.494000000000000439e-01
8.731999999999999762e-01
8.914999999999999591e-01
9.012999999999999901e-01
9.081000000000000183e-01
9.122000000000000108e-01
9.164999999999999813e-01
9.173000000000000043e-01
9.185999999999999721e-01
9.175999999999999712e-01
8.945999999999999508e-01
9.013999999999999790e-01
9.075999999999999623e-01
9.026999999999999469e-01
8.962999999999999856e-01
8.870999999999999996e-01
8.874999999999999556e-01
8.990000000000000213e-01
8.897000000000000464e-01
8.904999999999999583e-01
8.857000000000000428e-01
8.903999999999999693e-01
8.899000000000000243e-01
8.903999999999999693e-01
8.958000000000000407e-01
8.937000000000000499e-01
8.978000000000000425e-01
8.959000000000000297e-01
8.810000000000000053e-01
8.898000000000000353e-01
8.750999999999999890e-01
8.873999999999999666e-01
9.100000000000000311e-01
9.230000000000000426e-01
9.143999999999999906e-01
9.204999999999999849e-01
9.114999999999999769e-01
9.123999999999999888e-01
9.183999999999999941e-01
9.167999999999999483e-01
9.164999999999999813e-01
9.199000000000000510e-01
8.998000000000000442e-01
9.041000000000000147e-01
9.136999999999999567e-01
9.018000000000000460e-01
8.975999999999999535e-01
9.112000000000000099e-01
9.142000000000000126e-01
9.176999999999999602e-01
9.246999999999999664e-01
9.270000000000000462e-01
9.271000000000000352e-01
9.274000000000000021e-01
9.310000000000000497e-01
9.347999999999999643e-01
9.415000000000000036e-01
9.432000000000000384e-01
9.416999999999999815e-01
9.435999999999999943e-01
9.298999999999999488e-01
9.183000000000000052e-01
9.130000000000000338e-01
9.135999999999999677e-01
9.229000000000000536e-01
9.211000000000000298e-01
9.201000000000000290e-01
9.287999999999999590e-01
9.062999999999999945e-01
9.038000000000000478e-01
8.991999999999999993e-01
8.991000000000000103e-01
8.937000000000000499e-01
9.127999999999999448e-01
9.102000000000000091e-01
9.124999999999999778e-01
9.223999999999999977e-01
9.264999999999999902e-01
9.327999999999999625e-01
9.358999999999999542e-01
9.433000000000000274e-01
9.441000000000000503e-01
9.467999999999999750e-01
9.397999999999999687e-01
9.357999999999999652e-01
9.133000000000000007e-01
9.020000000000000240e-01
8.951999999999999957e-01
8.578999999999999959e-01
8.726000000000000423e-01
8.511999999999999567e-01
8.507000000000000117e-01
8.298999999999999710e-01
8.443000000000000504e-01
8.397999999999999909e-01
8.699999999999999956e-01
8.582999999999999519e-01
8.771999999999999797e-01
8.803999999999999604e-01
9.053999999999999826e-01
8.941999999999999948e-01
8.909000000000000252e-01
8.943999999999999728e-01
8.849000000000000199e-01
9.054999999999999716e-01
9.020000000000000240e-01
9.024999999999999689e-01
8.891000000000000014e-01
8.890000000000000124e-01
8.710999999999999854e-01
8.768000000000000238e-01
8.590999999999999748e-01
8.649999999999999911e-01
8.680999999999999828e-01
8.624000000000000554e-01
8.668000000000000149e-01
8.619999999999999885e-01
8.646000000000000352e-01
8.618000000000000105e-01
8.599999999999999867e-01
8.569999999999999840e-01
8.689000000000000057e-01
8.646000000000000352e-01
8.728000000000000203e-01
8.729999999999999982e-01
8.804999999999999494e-01
9.002999999999999892e-01
8.884999999999999565e-01
8.670999999999999819e-01
8.753999999999999559e-01
8.631999999999999673e-01
8.630999999999999783e-01
8.515000000000000346e-01
8.575000000000000400e-01
8.334000000000000297e-01
8.404000000000000359e-01
8.106999999999999762e-01
8.034999999999999920e-01
7.698000000000000398e-01
7.609000000000000208e-01
7.196000000000000174e-01
7.106999999999999984e-01
6.996999999999999886e-01
6.693000000000000060e-01
6.784000000000000030e-01
6.650000000000000355e-01
6.257000000000000339e-01
6.460000000000000187e-01
6.307000000000000384e-01
5.961999999999999522e-01
5.866999999999999993e-01
5.783000000000000362e-01
5.387999999999999456e-01
5.605999999999999872e-01
5.525999999999999801e-01
5.411000000000000254e-01
5.855000000000000204e-01
5.777999999999999803e-01
5.705000000000000071e-01
6.226000000000000423e-01
6.330000000000000071e-01
6.689000000000000501e-01
7.236000000000000210e-01
7.683999999999999719e-01
7.816999999999999504e-01
8.219999999999999529e-01
8.457999999999999963e-01
8.554000000000000492e-01
8.558000000000000052e-01
8.606000000000000316e-01
8.562999999999999501e-01
8.420999999999999597e-01
8.390999999999999570e-01
8.237999999999999767e-01
7.963999999999999968e-01
7.782999999999999918e-01
7.663999999999999702e-01
7.554999999999999494e-01
7.279999999999999805e-01
7.188999999999999835e-01
7.250999999999999668e-01
7.538000000000000256e-01
7.660000000000000142e-01
7.813999999999999835e-01
8.416000000000000147e-01
8.648000000000000131e-01
8.757000000000000339e-01
9.066999999999999504e-01
9.250000000000000444e-01
9.243000000000000105e-01
9.325999999999999845e-01
9.320000000000000506e-01
9.333000000000000185e-01
9.375000000000000000e-01
9.373000000000000220e-01
9.327999999999999625e-01
9.255999999999999783e-01
9.179000000000000492e-01
9.126999999999999558e-01
9.034999999999999698e-01
8.955999999999999517e-01
8.975999999999999535e-01
9.062000000000000055e-01
9.032000000000000028e-01
9.124999999999999778e-01
9.114999999999999769e-01
9.025999999999999579e-01
9.052000000000000046e-01
8.981000000000000094e-01
8.659000000000000030e-01
9.040000000000000258e-01
8.999000000000000332e-01
8.967000000000000526e-01
9.011000000000000121e-01
9.029000000000000359e-01
9.154999999999999805e-01
9.284000000000000030e-01
9.297999999999999599e-01
9.245999999999999774e-01
9.229000000000000536e-01
9.127999999999999448e-01
9.110000000000000320e-01
9.199000000000000510e-01
9.072999999999999954e-01
9.074999999999999734e-01
8.908000000000000362e-01
8.811999999999999833e-01
8.756000000000000449e-01
8.759000000000000119e-01
8.741999999999999771e-01
8.747000000000000330e-01
8.761999999999999789e-01
8.893999999999999684e-01
8.889000000000000234e-01
8.809000000000000163e-01
8.722999999999999643e-01
9.054999999999999716e-01
9.171000000000000263e-01
9.318999999999999506e-01
9.419999999999999485e-01
9.408999999999999586e-01
9.395000000000000018e-01
9.351000000000000423e-01
9.314000000000000057e-01
9.331000000000000405e-01
9.274000000000000021e-01
9.197999999999999510e-01
9.284000000000000030e-01
9.267999999999999572e-01
9.345999999999999863e-01
9.343000000000000194e-01
9.483000000000000318e-01
9.445000000000000062e-01
9.404000000000000137e-01
9.307999999999999607e-01
9.276999999999999691e-01
9.252000000000000224e-01
9.313000000000000167e-01
9.308999999999999497e-01
9.275999999999999801e-01
9.233999999999999986e-01
9.160000000000000364e-01
9.165999999999999703e-01
9.045999999999999597e-01
9.031000000000000139e-01
9.031000000000000139e-01
8.959000000000000297e-01
8.985999999999999543e-01
8.975999999999999535e-01
9.029000000000000359e-01
9.064999999999999725e-01
9.105999999999999650e-01
9.069000000000000394e-01
9.029000000000000359e-01
9.358999999999999542e-01
9.481000000000000538e-01
9.563000000000000389e-01
9.569999999999999618e-01
9.600999999999999535e-01
9.620999999999999552e-01
9.545000000000000151e-01
9.533000000000000362e-01
9.404000000000000137e-01
9.271000000000000352e-01
9.308999999999999497e-01
9.313000000000000167e-01
9.217999999999999527e-01
9.122999999999999998e-01
9.152000000000000135e-01
9.130000000000000338e-01
9.126999999999999558e-01
9.099000000000000421e-01
9.033999999999999808e-01
8.911000000000000032e-01
8.925999999999999490e-01
8.856000000000000538e-01
8.741999999999999771e-01
8.642999999999999572e-01
8.495000000000000329e-01
8.155000000000000027e-01
7.459999999999999964e-01
7.161999999999999478e-01
7.177000000000000046e-01
6.875999999999999890e-01
6.620000000000000329e-01
6.707999999999999519e-01
6.938999999999999613e-01
7.318000000000000060e-01
7.694999999999999618e-01
7.802000000000000046e-01
8.264000000000000234e-01
8.506000000000000227e-01
8.872999999999999776e-01
8.814999999999999503e-01
8.900000000000000133e-01
8.980000000000000204e-01
9.134999999999999787e-01
9.121000000000000218e-01
9.079000000000000403e-01
9.169000000000000483e-01
9.157999999999999474e-01
9.121000000000000218e-01
9.089000000000000412e-01
9.316999999999999726e-01
9.285999999999999810e-01
9.360000000000000542e-01
9.272000000000000242e-01
9.408999999999999586e-01
9.353000000000000203e-01
9.344000000000000083e-01
9.385000000000000009e-01
9.314000000000000057e-01
9.291000000000000369e-01
9.226999999999999647e-01
9.023999999999999799e-01
8.907000000000000473e-01
8.758000000000000229e-01
8.639999999999999902e-01
8.629999999999999893e-01
8.665000000000000480e-01
8.659000000000000030e-01
8.756000000000000449e-01
8.738000000000000211e-01
8.748000000000000220e-01
9.022999999999999909e-01
9.170000000000000373e-01
9.072999999999999954e-01
9.193999999999999950e-01
9.310000000000000497e-01
9.334999999999999964e-01
9.334999999999999964e-01
9.347999999999999643e-01
9.385999999999999899e-01
9.427999999999999714e-01
9.539999999999999591e-01
9.523000000000000353e-01
9.592000000000000526e-01
9.395000000000000018e-01
9.515000000000000124e-01
9.393000000000000238e-01
9.333000000000000185e-01
9.361000000000000432e-01
9.254000000000000004e-01
9.314000000000000057e-01
9.333000000000000185e-01
9.334000000000000075e-01
9.323000000000000176e-01
9.457999999999999741e-01
9.506999999999999895e-01
9.352000000000000313e-01
9.394000000000000128e-01
9.294000000000000039e-01
9.219000000000000528e-01
9.113999999999999879e-01
9.093999999999999861e-01
8.977000000000000535e-01
8.895999999999999464e-01
8.777000000000000357e-01
8.524000000000000465e-01
8.384000000000000341e-01
8.359999999999999654e-01
8.111000000000000432e-01
7.884999999999999787e-01
7.462999999999999634e-01
7.276000000000000245e-01
7.010999999999999455e-01
6.681000000000000272e-01
6.159999999999999920e-01
6.036000000000000254e-01
5.795000000000000151e-01
5.363999999999999879e-01
5.481000000000000316e-01
5.328000000000000513e-01
5.171999999999999931e-01
4.640000000000000235e-01
