9.448999999999999622e-01
9.404000000000000137e-01
8.999000000000000332e-01
8.824999999999999512e-01
8.692999999999999616e-01
8.439999999999999725e-01
8.384000000000000341e-01
8.435000000000000275e-01
8.317999999999999838e-01
8.159999999999999476e-01
8.072000000000000286e-01
8.074000000000000066e-01
8.038999999999999480e-01
8.105999999999999872e-01
8.064000000000000057e-01
8.008999999999999453e-01
7.964999999999999858e-01
7.812000000000000055e-01
7.711999999999999966e-01
7.691000000000000059e-01
7.688000000000000389e-01
7.564999999999999503e-01
7.469000000000000083e-01
7.331999999999999629e-01
7.213000000000000522e-01
7.205000000000000293e-01
7.118999999999999773e-01
7.206000000000000183e-01
7.449000000000000066e-01
7.549000000000000155e-01
7.600999999999999979e-01
7.462999999999999634e-01
7.475000000000000533e-01
7.329999999999999849e-01
7.741999999999999993e-01
7.929000000000000492e-01
8.014999999999999902e-01
8.326000000000000068e-01
8.161000000000000476e-01
8.195000000000000062e-01
8.538000000000000034e-01
8.719000000000000083e-01
8.816000000000000503e-01
8.779000000000000137e-01
8.728000000000000203e-01
8.808000000000000274e-01
8.659999999999999920e-01
8.646000000000000352e-01
8.558999999999999941e-01
8.481999999999999540e-01
8.529999999999999805e-01
8.761999999999999789e-01
8.860999999999999988e-01
8.997000000000000552e-01
9.089000000000000412e-01
9.155999999999999694e-01
9.214999999999999858e-01
9.271000000000000352e-01
9.232000000000000206e-01
9.191000000000000281e-01
9.458999999999999631e-01
9.213000000000000078e-01
9.395000000000000018e-01
9.291000000000000369e-01
9.437999999999999723e-01
9.262000000000000233e-01
9.280000000000000471e-01
9.324000000000000066e-01
9.428999999999999604e-01
9.152000000000000135e-01
9.149000000000000465e-01
9.009000000000000341e-01
9.011000000000000121e-01
8.912999999999999812e-01
8.834999999999999520e-01
8.750000000000000000e-01
8.598000000000000087e-01
8.315000000000000169e-01
7.722999999999999865e-01
7.428000000000000158e-01
6.882000000000000339e-01
6.674999999999999822e-01
6.236000000000000432e-01
5.635000000000000009e-01
4.794999999999999818e-01
4.073999999999999844e-01
3.246999999999999886e-01
2.242999999999999994e-01
1.579000000000000126e-01
1.055999999999999994e-01
7.929999999999999549e-02
6.880000000000000004e-02
6.560000000000000553e-02
6.450000000000000178e-02
7.349999999999999589e-02
8.590000000000000413e-02
8.959999999999999909e-02
1.163000000000000006e-01
1.441000000000000059e-01
1.701000000000000012e-01
2.185999999999999888e-01
2.525999999999999912e-01
3.059999999999999942e-01
3.438999999999999835e-01
3.487999999999999989e-01
3.558999999999999941e-01
3.546000000000000263e-01
3.476000000000000201e-01
3.195999999999999952e-01
2.676000000000000045e-01
2.210000000000000020e-01
1.768000000000000127e-01
1.428999999999999992e-01
9.840000000000000135e-02
7.979999999999999594e-02
5.179999999999999882e-02
3.509999999999999926e-02
1.729999999999999941e-02
4.400000000000000265e-03
6.400000000000000307e-03
7.599999999999999985e-03
1.650000000000000078e-02
2.850000000000000103e-02
5.160000000000000003e-02
5.659999999999999754e-02
6.629999999999999782e-02
5.840000000000000052e-02
4.599999999999999922e-02
3.059999999999999873e-02
2.620000000000000107e-02
1.760000000000000106e-02
1.940000000000000058e-02
1.629999999999999852e-02
1.609999999999999973e-02
1.039999999999999952e-02
8.800000000000000530e-03
1.389999999999999916e-02
6.300000000000000044e-03
8.500000000000000611e-03
1.779999999999999985e-02
1.260000000000000009e-02
2.610000000000000167e-02
2.580000000000000002e-02
2.170000000000000054e-02
3.780000000000000027e-02
6.310000000000000331e-02
1.120000000000000023e-01
1.391999999999999904e-01
1.477999999999999869e-01
1.443000000000000116e-01
1.310000000000000053e-01
1.290000000000000036e-01
1.242000000000000048e-01
1.378999999999999948e-01
1.302000000000000102e-01
1.223000000000000059e-01
1.194999999999999951e-01
1.313000000000000000e-01
1.295000000000000040e-01
1.123999999999999999e-01
9.900000000000000466e-02
1.000999999999999945e-01
8.849999999999999534e-02
9.579999999999999627e-02
8.519999999999999796e-02
7.679999999999999327e-02
9.149999999999999800e-02
1.130000000000000032e-01
1.620999999999999941e-01
1.721000000000000030e-01
1.942000000000000115e-01
2.179999999999999993e-01
2.111999999999999988e-01
2.396000000000000074e-01
2.434999999999999942e-01
2.499000000000000110e-01
2.381000000000000061e-01
2.295999999999999985e-01
1.827999999999999903e-01
1.368999999999999939e-01
1.233000000000000068e-01
1.192000000000000004e-01
1.181999999999999995e-01
1.390000000000000124e-01
1.600000000000000033e-01
1.602999999999999980e-01
1.451000000000000068e-01
1.368999999999999939e-01
1.307000000000000106e-01
1.282000000000000084e-01
1.380000000000000115e-01
1.532999999999999918e-01
1.877000000000000057e-01
2.141000000000000125e-01
2.084000000000000019e-01
2.097999999999999865e-01
2.041999999999999926e-01
1.970999999999999974e-01
1.554000000000000103e-01
1.436999999999999944e-01
1.401999999999999913e-01
1.464999999999999913e-01
1.731999999999999929e-01
1.701000000000000012e-01
1.688000000000000056e-01
1.852999999999999925e-01
1.943999999999999895e-01
2.036000000000000032e-01
2.323000000000000065e-01
2.505999999999999894e-01
2.589000000000000190e-01
2.979999999999999871e-01
3.608999999999999986e-01
3.846999999999999864e-01
4.516000000000000014e-01
4.410999999999999921e-01
4.722000000000000086e-01
5.245999999999999552e-01
5.492000000000000215e-01
5.370000000000000329e-01
5.558999999999999497e-01
6.153999999999999471e-01
6.579000000000000403e-01
7.318999999999999950e-01
7.840000000000000302e-01
8.178999999999999604e-01
8.866000000000000547e-01
9.184999999999999831e-01
9.254999999999999893e-01
9.534000000000000252e-01
9.448999999999999622e-01
9.473000000000000309e-01
9.508999999999999675e-01
9.520999999999999464e-01
9.603000000000000425e-01
9.527999999999999803e-01
9.425000000000000044e-01
9.468999999999999639e-01
9.443000000000000282e-01
9.423000000000000265e-01
9.569999999999999618e-01
9.578999999999999737e-01
9.533000000000000362e-01
9.386999999999999789e-01
9.406999999999999806e-01
9.360000000000000542e-01
9.130000000000000338e-01
9.102999999999999980e-01
9.124999999999999778e-01
8.953999999999999737e-01
9.243000000000000105e-01
9.038000000000000478e-01
9.183999999999999941e-01
9.150000000000000355e-01
9.283000000000000140e-01
9.121000000000000218e-01
8.978000000000000425e-01
9.157999999999999474e-01
9.212000000000000188e-01
9.246999999999999664e-01
9.399999999999999467e-01
9.263000000000000123e-01
9.294000000000000039e-01
9.232000000000000206e-01
9.280000000000000471e-01
9.360000000000000542e-01
9.283000000000000140e-01
9.240000000000000435e-01
9.415999999999999925e-01
9.396999999999999797e-01
9.411000000000000476e-01
9.550999999999999490e-01
9.473000000000000309e-01
9.523000000000000353e-01
9.536999999999999922e-01
9.533000000000000362e-01
9.395999999999999908e-01
9.274999999999999911e-01
9.072999999999999954e-01
9.180000000000000382e-01
9.092999999999999972e-01
9.042000000000000037e-01
8.794999999999999485e-01
8.594000000000000528e-01
8.388999999999999790e-01
8.118999999999999551e-01
8.094000000000000083e-01
8.070000000000000506e-01
7.693999999999999728e-01
7.885999999999999677e-01
7.913999999999999924e-01
7.960000000000000409e-01
8.369999999999999662e-01
8.624000000000000554e-01
8.813999999999999613e-01
8.779000000000000137e-01
8.935999999999999499e-01
9.062000000000000055e-01
9.162000000000000144e-01
9.025999999999999579e-01
8.588000000000000078e-01
8.514000000000000457e-01
8.425000000000000266e-01
8.689000000000000057e-01
8.705000000000000515e-01
8.799000000000000155e-01
8.873999999999999666e-01
8.921000000000000041e-01
8.969000000000000306e-01
9.139000000000000457e-01
9.447999999999999732e-01
9.353000000000000203e-01
9.313000000000000167e-01
9.415000000000000036e-01
9.364000000000000101e-01
9.500999999999999446e-01
9.514000000000000234e-01
9.492000000000000437e-01
9.651999999999999469e-01
9.772999999999999465e-01
9.754000000000000448e-01
9.613000000000000433e-01
9.653000000000000469e-01
9.495000000000000107e-01
9.630999999999999561e-01
9.750999999999999668e-01
9.751999999999999558e-01
9.622000000000000552e-01
9.627000000000000002e-01
9.701999999999999513e-01
9.664000000000000368e-01
9.600999999999999535e-01
9.666000000000000147e-01
9.757000000000000117e-01
9.871999999999999664e-01
9.812999999999999501e-01
9.726000000000000201e-01
9.663000000000000478e-01
9.737000000000000099e-01
9.738999999999999879e-01
9.680999999999999606e-01
9.706000000000000183e-01
9.536999999999999922e-01
9.427999999999999714e-01
9.565000000000000169e-01
9.671999999999999487e-01
9.425999999999999934e-01
9.414000000000000146e-01
9.458999999999999631e-01
9.305999999999999828e-01
9.207999999999999519e-01
9.287999999999999590e-01
9.414000000000000146e-01
9.316999999999999726e-01
9.522000000000000464e-01
9.479999999999999538e-01
9.285999999999999810e-01
9.258999999999999453e-01
9.354999999999999982e-01
9.192000000000000171e-01
9.200000000000000400e-01
9.199000000000000510e-01
9.266999999999999682e-01
9.293000000000000149e-01
9.324000000000000066e-01
9.343000000000000194e-01
9.367999999999999661e-01
9.308999999999999497e-01
9.448999999999999622e-01
9.525000000000000133e-01
9.651999999999999469e-01
9.724000000000000421e-01
9.772999999999999465e-01
9.810999999999999721e-01
9.860999999999999766e-01
9.758000000000000007e-01
9.727999999999999980e-01
9.719999999999999751e-01
9.606000000000000094e-01
9.559999999999999609e-01
9.478999999999999648e-01
9.362000000000000322e-01
9.066999999999999504e-01
9.326999999999999735e-01
9.134999999999999787e-01
9.270000000000000462e-01
9.295999999999999819e-01
9.082000000000000073e-01
9.284999999999999920e-01
9.375999999999999890e-01
9.432000000000000384e-01
9.448999999999999622e-01
9.524000000000000243e-01
9.556000000000000050e-01
9.467999999999999750e-01
9.516000000000000014e-01
9.596999999999999975e-01
9.565000000000000169e-01
9.627000000000000002e-01
9.506000000000000005e-01
9.453000000000000291e-01
9.452000000000000401e-01
9.260000000000000453e-01
9.464000000000000190e-01
9.614000000000000323e-01
9.697999999999999954e-01
9.744000000000000439e-01
9.724000000000000421e-01
9.756000000000000227e-01
9.771999999999999575e-01
9.778999999999999915e-01
9.768000000000000016e-01
9.694000000000000394e-01
9.603000000000000425e-01
9.566000000000000059e-01
9.360000000000000542e-01
9.344000000000000083e-01
9.325999999999999845e-01
9.467999999999999750e-01
9.596999999999999975e-01
9.526000000000000023e-01
9.607999999999999874e-01
9.607999999999999874e-01
9.609999999999999654e-01
9.556000000000000050e-01
9.614000000000000323e-01
9.575000000000000178e-01
9.505000000000000115e-01
9.373000000000000220e-01
9.441000000000000503e-01
9.506000000000000005e-01
9.616999999999999993e-01
9.624000000000000332e-01
9.606999999999999984e-01
9.528999999999999693e-01
9.547999999999999821e-01
9.506999999999999895e-01
9.567999999999999838e-01
9.407999999999999696e-01
9.448999999999999622e-01
9.324999999999999956e-01
9.303000000000000158e-01
9.321000000000000396e-01
9.397999999999999687e-01
9.425999999999999934e-01
9.350000000000000533e-01
9.143000000000000016e-01
8.885999999999999455e-01
8.954999999999999627e-01
8.999000000000000332e-01
8.917000000000000481e-01
8.800000000000000044e-01
8.588000000000000078e-01
8.437000000000000055e-01
8.276999999999999913e-01
8.081000000000000405e-01
8.129999999999999449e-01
8.131000000000000449e-01
7.340999999999999748e-01
7.297000000000000153e-01
7.177000000000000046e-01
7.157000000000000028e-01
6.924000000000000155e-01
6.943000000000000282e-01
6.857999999999999652e-01
6.646999999999999575e-01
6.579000000000000403e-01
6.645999999999999686e-01
6.405999999999999472e-01
6.566999999999999504e-01
6.276000000000000467e-01
6.220999999999999863e-01
6.362999999999999767e-01
6.382999999999999785e-01
6.302999999999999714e-01
6.428000000000000380e-01
6.674999999999999822e-01
6.385999999999999455e-01
6.502000000000000002e-01
6.571000000000000174e-01
7.035000000000000142e-01
7.059999999999999609e-01
7.391999999999999682e-01
7.752000000000000002e-01
7.832000000000000073e-01
8.082000000000000295e-01
8.395000000000000240e-01
8.928000000000000380e-01
8.979000000000000314e-01
9.160000000000000364e-01
9.257999999999999563e-01
9.173999999999999932e-01
9.245999999999999774e-01
9.241000000000000325e-01
9.150000000000000355e-01
8.991999999999999993e-01
8.871999999999999886e-01
9.016999999999999460e-01
9.126999999999999558e-01
9.282000000000000250e-01
9.320000000000000506e-01
9.304999999999999938e-01
9.354999999999999982e-01
9.529999999999999583e-01
9.548999999999999710e-01
9.550999999999999490e-01
9.524000000000000243e-01
9.416999999999999815e-01
9.346999999999999753e-01
9.323000000000000176e-01
9.258999999999999453e-01
9.207999999999999519e-01
9.153000000000000025e-01
9.181000000000000272e-01
9.204999999999999849e-01
8.982999999999999874e-01
8.840000000000000080e-01
8.754999999999999449e-01
8.373000000000000442e-01
8.164000000000000146e-01
7.864999999999999769e-01
7.483999999999999542e-01
7.032000000000000473e-01
6.834999999999999964e-01
6.743999999999999995e-01
6.753000000000000114e-01
6.870000000000000551e-01
7.059999999999999609e-01
7.296000000000000263e-01
7.883999999999999897e-01
8.133000000000000229e-01
8.134000000000000119e-01
8.299999999999999600e-01
8.612999999999999545e-01
8.961999999999999966e-01
8.902999999999999803e-01
9.210000000000000409e-01
9.307999999999999607e-01
9.298999999999999488e-01
9.439999999999999503e-01
9.497999999999999776e-01
9.535000000000000142e-01
9.534000000000000252e-01
9.553000000000000380e-01
9.555000000000000160e-01
9.552000000000000490e-01
9.576000000000000068e-01
9.549999999999999600e-01
9.478999999999999648e-01
9.381000000000000449e-01
9.518999999999999684e-01
9.469999999999999529e-01
9.407999999999999696e-01
9.374000000000000110e-01
9.344999999999999973e-01
9.443000000000000282e-01
9.519999999999999574e-01
9.516000000000000014e-01
9.615000000000000213e-01
9.464000000000000190e-01
9.457999999999999741e-01
9.333000000000000185e-01
9.045999999999999597e-01
8.282000000000000473e-01
