8.676000000000000378e-01
8.677000000000000268e-01
8.415000000000000258e-01
8.015999999999999792e-01
7.804999999999999716e-01
7.803999999999999826e-01
7.614999999999999547e-01
7.346000000000000307e-01
7.165000000000000258e-01
6.923000000000000265e-01
6.675999999999999712e-01
6.388000000000000345e-01
6.359000000000000208e-01
6.293999999999999595e-01
6.306000000000000494e-01
6.266000000000000458e-01
6.112999999999999545e-01
5.940999999999999615e-01
5.708999999999999631e-01
5.421000000000000263e-01
4.949000000000000066e-01
4.672000000000000042e-01
4.012999999999999901e-01
3.204000000000000181e-01
2.726999999999999980e-01
2.371999999999999942e-01
2.076000000000000068e-01
2.003000000000000058e-01
2.081999999999999962e-01
2.364999999999999880e-01
2.441000000000000114e-01
2.600999999999999979e-01
2.868999999999999884e-01
3.049999999999999933e-01
3.442999999999999949e-01
3.378999999999999782e-01
3.249000000000000221e-01
3.130999999999999894e-01
2.938000000000000056e-01
2.913999999999999924e-01
3.049999999999999933e-01
2.894999999999999796e-01
2.484999999999999987e-01
2.079000000000000015e-01
1.617999999999999994e-01
1.411999999999999922e-01
1.247999999999999943e-01
1.076000000000000012e-01
8.740000000000000546e-02
6.950000000000000622e-02
5.550000000000000072e-02
3.640000000000000180e-02
3.259999999999999704e-02
2.779999999999999832e-02
2.960000000000000131e-02
3.269999999999999990e-02
3.450000000000000289e-02
4.189999999999999974e-02
6.800000000000000488e-02
8.240000000000000102e-02
9.349999999999999978e-02
1.066000000000000003e-01
1.050999999999999990e-01
1.001999999999999974e-01
9.629999999999999671e-02
1.198000000000000037e-01
1.117999999999999966e-01
1.078999999999999959e-01
1.160999999999999949e-01
1.088999999999999968e-01
9.990000000000000269e-02
9.710000000000000575e-02
9.339999999999999691e-02
1.004000000000000031e-01
1.168000000000000010e-01
1.444000000000000006e-01
1.509999999999999953e-01
1.534999999999999976e-01
1.472999999999999865e-01
1.338000000000000023e-01
1.208000000000000046e-01
1.137999999999999984e-01
1.042000000000000010e-01
1.073999999999999955e-01
1.024000000000000049e-01
1.218000000000000055e-01
1.338000000000000023e-01
1.554000000000000103e-01
1.753000000000000114e-01
2.033999999999999975e-01
2.197000000000000064e-01
2.399000000000000021e-01
2.607999999999999763e-01
2.796000000000000152e-01
2.894999999999999796e-01
2.926000000000000267e-01
3.039999999999999925e-01
2.945999999999999730e-01
2.706000000000000072e-01
2.659000000000000252e-01
2.389999999999999902e-01
2.278999999999999915e-01
2.278000000000000025e-01
2.204000000000000126e-01
2.368000000000000105e-01
2.520999999999999908e-01
2.672999999999999821e-01
2.973999999999999977e-01
3.604999999999999871e-01
3.940000000000000169e-01
4.667000000000000037e-01
4.919999999999999929e-01
5.243999999999999773e-01
5.709999999999999520e-01
6.062999999999999501e-01
6.250000000000000000e-01
6.542000000000000037e-01
6.636999999999999567e-01
6.278000000000000247e-01
