9.223999999999999977e-01
9.401000000000000467e-01
9.075999999999999623e-01
8.958000000000000407e-01
8.804999999999999494e-01
8.836000000000000520e-01
9.005999999999999561e-01
8.829000000000000181e-01
8.851999999999999869e-01
8.939000000000000279e-01
8.948000000000000398e-01
8.927000000000000490e-01
8.814999999999999503e-01
8.791999999999999815e-01
8.789000000000000146e-01
8.797000000000000375e-01
8.709999999999999964e-01
8.538000000000000034e-01
8.451999999999999513e-01
8.444000000000000394e-01
8.401999999999999469e-01
8.053000000000000158e-01
8.087999999999999634e-01
8.238999999999999657e-01
8.322000000000000508e-01
8.256000000000000005e-01
8.326999999999999957e-01
8.025999999999999801e-01
8.038999999999999480e-01
7.909000000000000474e-01
8.065999999999999837e-01
8.355000000000000204e-01
8.440999999999999615e-01
8.616000000000000325e-01
8.881999999999999895e-01
8.783999999999999586e-01
9.081000000000000183e-01
8.892999999999999794e-01
8.853999999999999648e-01
8.804999999999999494e-01
8.789000000000000146e-01
8.800999999999999934e-01
8.787000000000000366e-01
8.847000000000000419e-01
8.810999999999999943e-01
8.843999999999999639e-01
8.789000000000000146e-01
8.800000000000000044e-01
8.611999999999999655e-01
8.739999999999999991e-01
8.624000000000000554e-01
8.439999999999999725e-01
8.522999999999999465e-01
8.484000000000000430e-01
8.315000000000000169e-01
8.417999999999999927e-01
8.582999999999999519e-01
8.703999999999999515e-01
8.701999999999999735e-01
8.831999999999999851e-01
8.973999999999999755e-01
8.881000000000000005e-01
8.658000000000000140e-01
8.568000000000000060e-01
8.719000000000000083e-01
9.024999999999999689e-01
9.081000000000000183e-01
9.352000000000000313e-01
9.401000000000000467e-01
9.404000000000000137e-01
9.283000000000000140e-01
9.330000000000000515e-01
9.367999999999999661e-01
9.377999999999999670e-01
9.297999999999999599e-01
9.099000000000000421e-01
8.949000000000000288e-01
9.071000000000000174e-01
9.402000000000000357e-01
9.243999999999999995e-01
9.478999999999999648e-01
9.212000000000000188e-01
9.250000000000000444e-01
9.404000000000000137e-01
9.009000000000000341e-01
9.202000000000000179e-01
9.416999999999999815e-01
9.245999999999999774e-01
9.159000000000000474e-01
9.362000000000000322e-01
9.405999999999999917e-01
9.399999999999999467e-01
9.220000000000000417e-01
8.732999999999999652e-01
8.618999999999999995e-01
8.677000000000000268e-01
8.710999999999999854e-01
8.656000000000000361e-01
8.911999999999999922e-01
9.078000000000000513e-01
9.268999999999999462e-01
9.201000000000000290e-01
9.247999999999999554e-01
9.333000000000000185e-01
9.272000000000000242e-01
9.376999999999999780e-01
9.371000000000000441e-01
9.286999999999999700e-01
9.264999999999999902e-01
9.261000000000000343e-01
9.227999999999999536e-01
9.298999999999999488e-01
9.332000000000000295e-01
9.275999999999999801e-01
9.354999999999999982e-01
9.254000000000000004e-01
9.307999999999999607e-01
9.316999999999999726e-01
9.382000000000000339e-01
9.401000000000000467e-01
9.375000000000000000e-01
9.323000000000000176e-01
9.377999999999999670e-01
9.222000000000000197e-01
9.257999999999999563e-01
9.186999999999999611e-01
9.220000000000000417e-01
9.126999999999999558e-01
9.191000000000000281e-01
9.225999999999999757e-01
9.306999999999999718e-01
9.377999999999999670e-01
9.293000000000000149e-01
9.253000000000000114e-01
9.321000000000000396e-01
9.455999999999999961e-01
9.254999999999999893e-01
9.260000000000000453e-01
9.155999999999999694e-01
9.342000000000000304e-01
9.304999999999999938e-01
9.344999999999999973e-01
9.441000000000000503e-01
9.451000000000000512e-01
9.495999999999999996e-01
9.500999999999999446e-01
9.517999999999999794e-01
9.377999999999999670e-01
9.612000000000000544e-01
9.314999999999999947e-01
9.331000000000000405e-01
9.385000000000000009e-01
9.314000000000000057e-01
9.370000000000000551e-01
9.182000000000000162e-01
9.169000000000000483e-01
9.153999999999999915e-01
8.961999999999999966e-01
8.939000000000000279e-01
8.911999999999999922e-01
8.919000000000000261e-01
8.915999999999999481e-01
9.012999999999999901e-01
8.982999999999999874e-01
8.890000000000000124e-01
8.843999999999999639e-01
9.124999999999999778e-01
8.931000000000000050e-01
9.072999999999999954e-01
9.264999999999999902e-01
9.092000000000000082e-01
9.120000000000000329e-01
9.246999999999999664e-01
9.245999999999999774e-01
9.280000000000000471e-01
9.271000000000000352e-01
9.358999999999999542e-01
9.281000000000000361e-01
9.293000000000000149e-01
9.344000000000000083e-01
9.435999999999999943e-01
9.364999999999999991e-01
9.273000000000000131e-01
9.251000000000000334e-01
9.414000000000000146e-01
9.344999999999999973e-01
9.242000000000000215e-01
9.207999999999999519e-01
9.214999999999999858e-01
9.226999999999999647e-01
9.278999999999999471e-01
9.162000000000000144e-01
9.235999999999999766e-01
9.317999999999999616e-01
9.227999999999999536e-01
9.122000000000000108e-01
9.041000000000000147e-01
9.034999999999999698e-01
8.984999999999999654e-01
9.058000000000000496e-01
9.055999999999999606e-01
8.864999999999999547e-01
8.806000000000000494e-01
8.954999999999999627e-01
9.038000000000000478e-01
9.044999999999999707e-01
8.981999999999999984e-01
8.978000000000000425e-01
9.004999999999999671e-01
8.947000000000000508e-01
8.941999999999999948e-01
9.002999999999999892e-01
9.110000000000000320e-01
9.165999999999999703e-01
9.216999999999999638e-01
9.210000000000000409e-01
9.229000000000000536e-01
9.197999999999999510e-01
9.135999999999999677e-01
9.171000000000000263e-01
9.345999999999999863e-01
9.302000000000000268e-01
9.152000000000000135e-01
9.066999999999999504e-01
8.962999999999999856e-01
8.968000000000000416e-01
9.079000000000000403e-01
9.069000000000000394e-01
9.012000000000000011e-01
9.048000000000000487e-01
9.118000000000000549e-01
9.043999999999999817e-01
9.045999999999999597e-01
8.993999999999999773e-01
9.009000000000000341e-01
9.023999999999999799e-01
9.049000000000000377e-01
8.951999999999999957e-01
8.871999999999999886e-01
8.882999999999999785e-01
8.769000000000000128e-01
8.840000000000000080e-01
8.726000000000000423e-01
8.660999999999999810e-01
8.670999999999999819e-01
8.657000000000000250e-01
8.585000000000000409e-01
8.337999999999999856e-01
7.983999999999999986e-01
7.953999999999999959e-01
7.992000000000000215e-01
7.883999999999999897e-01
7.623999999999999666e-01
7.523999999999999577e-01
7.187000000000000055e-01
7.049999999999999600e-01
6.847999999999999643e-01
6.540000000000000258e-01
6.462999999999999856e-01
6.216000000000000414e-01
5.930999999999999606e-01
5.665999999999999925e-01
5.483999999999999986e-01
5.353999999999999870e-01
5.215999999999999526e-01
5.261000000000000121e-01
5.171000000000000041e-01
4.894000000000000017e-01
4.797000000000000153e-01
4.521000000000000019e-01
4.325999999999999845e-01
3.995000000000000218e-01
3.494999999999999774e-01
3.164000000000000146e-01
3.012000000000000233e-01
2.898999999999999910e-01
2.728999999999999759e-01
2.642999999999999794e-01
2.716999999999999971e-01
2.713999999999999746e-01
2.687999999999999834e-01
2.511999999999999789e-01
2.351000000000000034e-01
1.985000000000000098e-01
1.749999999999999889e-01
1.575999999999999901e-01
1.484999999999999931e-01
1.297000000000000097e-01
1.272000000000000075e-01
1.421999999999999931e-01
1.522000000000000020e-01
1.514000000000000068e-01
1.472999999999999865e-01
1.274000000000000132e-01
1.057000000000000023e-01
9.260000000000000175e-02
7.099999999999999367e-02
6.529999999999999694e-02
6.959999999999999520e-02
8.390000000000000235e-02
1.165000000000000063e-01
1.481000000000000094e-01
1.774999999999999911e-01
2.048000000000000098e-01
2.056999999999999940e-01
2.175999999999999879e-01
2.656000000000000028e-01
2.858999999999999875e-01
2.990999999999999770e-01
3.063000000000000167e-01
3.171999999999999820e-01
3.114000000000000101e-01
3.279000000000000248e-01
3.341999999999999971e-01
3.300000000000000155e-01
3.473999999999999866e-01
3.628000000000000114e-01
3.660999999999999810e-01
3.654000000000000026e-01
3.458999999999999853e-01
3.468999999999999861e-01
3.422999999999999932e-01
3.267999999999999794e-01
3.125000000000000000e-01
3.064999999999999947e-01
2.822000000000000064e-01
2.651999999999999913e-01
2.462999999999999912e-01
2.195999999999999897e-01
1.864000000000000101e-01
1.484999999999999931e-01
1.252999999999999947e-01
1.200999999999999984e-01
9.470000000000000639e-02
7.620000000000000384e-02
5.090000000000000080e-02
3.690000000000000224e-02
2.809999999999999998e-02
3.150000000000000022e-02
4.030000000000000249e-02
2.719999999999999848e-02
4.370000000000000273e-02
3.599999999999999728e-02
3.540000000000000091e-02
5.070000000000000201e-02
7.630000000000000671e-02
1.135000000000000037e-01
1.499000000000000055e-01
2.061999999999999944e-01
2.622999999999999776e-01
3.244000000000000217e-01
3.881999999999999895e-01
4.420999999999999930e-01
4.934999999999999942e-01
5.534999999999999920e-01
6.027000000000000135e-01
6.524999999999999689e-01
6.784000000000000030e-01
6.919999999999999485e-01
7.073000000000000398e-01
7.257000000000000117e-01
7.191999999999999504e-01
7.342999999999999527e-01
7.429999999999999938e-01
7.490999999999999881e-01
7.764999999999999680e-01
7.876999999999999558e-01
8.211000000000000520e-01
8.385000000000000231e-01
8.638000000000000123e-01
8.851999999999999869e-01
8.880000000000000115e-01
9.108000000000000540e-01
9.304000000000000048e-01
9.446999999999999842e-01
9.453000000000000291e-01
9.368999999999999551e-01
9.353000000000000203e-01
9.265999999999999792e-01
9.199000000000000510e-01
9.201000000000000290e-01
9.161000000000000254e-01
9.139000000000000457e-01
9.006999999999999451e-01
8.978000000000000425e-01
8.982999999999999874e-01
8.923999999999999710e-01
8.874999999999999556e-01
9.101000000000000201e-01
8.951000000000000068e-01
8.890000000000000124e-01
8.856000000000000538e-01
9.193999999999999950e-01
9.274000000000000021e-01
9.225999999999999757e-01
9.149000000000000465e-01
9.065999999999999615e-01
9.262000000000000233e-01
9.463000000000000300e-01
9.500999999999999446e-01
9.481000000000000538e-01
9.422000000000000375e-01
9.397999999999999687e-01
9.489999999999999547e-01
9.624000000000000332e-01
9.553000000000000380e-01
9.483000000000000318e-01
9.485999999999999988e-01
9.532000000000000473e-01
9.469999999999999529e-01
9.308999999999999497e-01
9.446999999999999842e-01
9.556000000000000050e-01
9.625000000000000222e-01
9.664000000000000368e-01
9.468999999999999639e-01
9.523000000000000353e-01
9.528999999999999693e-01
9.437999999999999723e-01
9.428999999999999604e-01
9.452000000000000401e-01
9.394000000000000128e-01
9.378999999999999559e-01
9.374000000000000110e-01
9.251000000000000334e-01
9.160000000000000364e-01
9.268999999999999462e-01
9.194999999999999840e-01
9.307999999999999607e-01
9.172000000000000153e-01
9.091000000000000192e-01
8.794999999999999485e-01
8.298999999999999710e-01
7.291999999999999593e-01
