8.913999999999999702e-01
9.638999999999999790e-01
9.693000000000000504e-01
9.677999999999999936e-01
9.693000000000000504e-01
9.735000000000000320e-01
9.741999999999999549e-01
9.737999999999999989e-01
9.685000000000000275e-01
9.669999999999999707e-01
9.690999999999999615e-01
9.603000000000000425e-01
9.708999999999999853e-01
9.696000000000000174e-01
9.645000000000000240e-01
9.710999999999999632e-01
9.555000000000000160e-01
9.497999999999999776e-01
9.563000000000000389e-01
9.398999999999999577e-01
9.417999999999999705e-01
9.313000000000000167e-01
9.173000000000000043e-01
9.143000000000000016e-01
9.176999999999999602e-01
9.102000000000000091e-01
9.157999999999999474e-01
9.250000000000000444e-01
9.225999999999999757e-01
9.124999999999999778e-01
9.063999999999999835e-01
8.999000000000000332e-01
8.964999999999999636e-01
8.961999999999999966e-01
9.000000000000000222e-01
8.929000000000000270e-01
9.054999999999999716e-01
9.021000000000000130e-01
9.418999999999999595e-01
9.435999999999999943e-01
9.529999999999999583e-01
9.656000000000000139e-01
9.686000000000000165e-01
9.618999999999999773e-01
9.649999999999999689e-01
9.615000000000000213e-01
9.649999999999999689e-01
9.704000000000000403e-01
9.700999999999999623e-01
9.727999999999999980e-01
9.677999999999999936e-01
9.748999999999999888e-01
9.727999999999999980e-01
9.698999999999999844e-01
9.709999999999999742e-01
9.647999999999999909e-01
9.694000000000000394e-01
9.596000000000000085e-01
9.399999999999999467e-01
9.488999999999999657e-01
9.489999999999999547e-01
9.487999999999999767e-01
9.324000000000000066e-01
9.537999999999999812e-01
9.476999999999999869e-01
9.639999999999999680e-01
9.613000000000000433e-01
9.637999999999999901e-01
9.627999999999999892e-01
9.695000000000000284e-01
9.758999999999999897e-01
9.667999999999999927e-01
9.660999999999999588e-01
9.659999999999999698e-01
9.764000000000000457e-01
9.488999999999999657e-01
9.627000000000000002e-01
9.678999999999999826e-01
9.602000000000000535e-01
9.828000000000000069e-01
9.826000000000000290e-01
9.620999999999999552e-01
9.546000000000000041e-01
9.543000000000000371e-01
9.510999999999999455e-01
9.523000000000000353e-01
9.491000000000000547e-01
9.535000000000000142e-01
9.549999999999999600e-01
9.495999999999999996e-01
9.388999999999999568e-01
9.365999999999999881e-01
9.509999999999999565e-01
9.425999999999999934e-01
9.404000000000000137e-01
9.340000000000000524e-01
9.386999999999999789e-01
9.376999999999999780e-01
9.475999999999999979e-01
9.619999999999999662e-01
9.563000000000000389e-01
9.762999999999999456e-01
9.644000000000000350e-01
9.667999999999999927e-01
9.654000000000000359e-01
9.569999999999999618e-01
9.787000000000000144e-01
9.680999999999999606e-01
9.667999999999999927e-01
9.649999999999999689e-01
9.565000000000000169e-01
9.528999999999999693e-01
9.526000000000000023e-01
9.471000000000000529e-01
9.465999999999999970e-01
9.366999999999999771e-01
9.341000000000000414e-01
9.326999999999999735e-01
9.455999999999999961e-01
9.514000000000000234e-01
9.388999999999999568e-01
9.417999999999999705e-01
9.443000000000000282e-01
9.314000000000000057e-01
9.179000000000000492e-01
9.129000000000000448e-01
9.143999999999999906e-01
9.241000000000000325e-01
8.987000000000000544e-01
8.591999999999999638e-01
8.626000000000000334e-01
8.727000000000000313e-01
8.779000000000000137e-01
8.823999999999999622e-01
8.975999999999999535e-01
8.904999999999999583e-01
8.840000000000000080e-01
8.735000000000000542e-01
8.599999999999999867e-01
8.639000000000000012e-01
8.731999999999999762e-01
8.647000000000000242e-01
8.688000000000000167e-01
8.518000000000000016e-01
8.669000000000000039e-01
8.827000000000000401e-01
8.947000000000000508e-01
9.079000000000000403e-01
9.103999999999999870e-01
9.032000000000000028e-01
9.142000000000000126e-01
9.222000000000000197e-01
9.311000000000000387e-01
9.393000000000000238e-01
9.409999999999999476e-01
9.419999999999999485e-01
9.294000000000000039e-01
9.186999999999999611e-01
8.935999999999999499e-01
8.897000000000000464e-01
8.817000000000000393e-01
8.702999999999999625e-01
8.458999999999999853e-01
8.217999999999999750e-01
7.977999999999999536e-01
7.925999999999999712e-01
7.772999999999999909e-01
7.439000000000000057e-01
7.068999999999999728e-01
6.485999999999999543e-01
5.715999999999999970e-01
4.889000000000000012e-01
4.389000000000000123e-01
3.713000000000000189e-01
2.894999999999999796e-01
2.386999999999999955e-01
1.995999999999999996e-01
1.724999999999999867e-01
1.555999999999999883e-01
1.509999999999999953e-01
1.593999999999999861e-01
1.779000000000000026e-01
1.971999999999999864e-01
2.169000000000000095e-01
2.227999999999999980e-01
2.132000000000000006e-01
1.950999999999999956e-01
1.587000000000000077e-01
1.274000000000000132e-01
1.015000000000000069e-01
7.789999999999999702e-02
5.480000000000000149e-02
5.480000000000000149e-02
5.680000000000000326e-02
7.140000000000000513e-02
9.130000000000000615e-02
1.034999999999999948e-01
1.020999999999999963e-01
8.759999999999999731e-02
7.359999999999999876e-02
6.210000000000000242e-02
4.689999999999999725e-02
3.839999999999999664e-02
4.270000000000000184e-02
4.939999999999999947e-02
4.229999999999999732e-02
3.830000000000000071e-02
3.150000000000000022e-02
3.070000000000000159e-02
2.900000000000000147e-02
3.440000000000000002e-02
2.809999999999999998e-02
3.150000000000000022e-02
3.860000000000000236e-02
4.410000000000000031e-02
4.639999999999999680e-02
4.259999999999999898e-02
5.229999999999999927e-02
7.290000000000000646e-02
8.000000000000000167e-02
8.279999999999999860e-02
7.119999999999999940e-02
5.960000000000000020e-02
4.789999999999999813e-02
3.950000000000000039e-02
3.470000000000000168e-02
2.429999999999999868e-02
2.769999999999999893e-02
3.839999999999999664e-02
5.349999999999999895e-02
7.069999999999999896e-02
7.870000000000000606e-02
9.560000000000000442e-02
1.218000000000000055e-01
1.484000000000000041e-01
2.018000000000000071e-01
2.431999999999999995e-01
2.878999999999999893e-01
3.528999999999999915e-01
3.891999999999999904e-01
4.346999999999999753e-01
4.974000000000000088e-01
5.676999999999999824e-01
6.460000000000000187e-01
6.741000000000000325e-01
7.010999999999999455e-01
7.108999999999999764e-01
7.197000000000000064e-01
7.060999999999999499e-01
6.643000000000000016e-01
6.137000000000000233e-01
5.641000000000000458e-01
5.074999999999999512e-01
4.489000000000000212e-01
3.990000000000000213e-01
3.728000000000000203e-01
3.569999999999999840e-01
3.497999999999999998e-01
3.332999999999999852e-01
3.242999999999999772e-01
3.028000000000000136e-01
2.924999999999999822e-01
2.963999999999999968e-01
2.906000000000000250e-01
2.604000000000000203e-01
2.389000000000000012e-01
2.267000000000000126e-01
2.200000000000000011e-01
2.270999999999999963e-01
2.308999999999999941e-01
2.472000000000000031e-01
2.938999999999999946e-01
3.245000000000000107e-01
3.975000000000000200e-01
4.798999999999999932e-01
6.064000000000000501e-01
7.344000000000000528e-01
8.380999999999999561e-01
8.902999999999999803e-01
9.458999999999999631e-01
9.654000000000000359e-01
9.602000000000000535e-01
9.746000000000000218e-01
9.717999999999999972e-01
9.828999999999999959e-01
9.710999999999999632e-01
9.739999999999999769e-01
9.699999999999999734e-01
9.657999999999999918e-01
9.654000000000000359e-01
9.641999999999999460e-01
9.616999999999999993e-01
9.750999999999999668e-01
9.592000000000000526e-01
9.731999999999999540e-01
9.737999999999999989e-01
9.715000000000000302e-01
9.745000000000000329e-01
9.570999999999999508e-01
9.806000000000000272e-01
9.689999999999999725e-01
9.684000000000000385e-01
9.707999999999999963e-01
9.639999999999999680e-01
9.688999999999999835e-01
9.700999999999999623e-01
9.745000000000000329e-01
9.767000000000000126e-01
9.746000000000000218e-01
9.815000000000000391e-01
9.864000000000000545e-01
9.842999999999999527e-01
9.882999999999999563e-01
9.633000000000000451e-01
9.684000000000000385e-01
9.536999999999999922e-01
9.310000000000000497e-01
9.098000000000000531e-01
8.627000000000000224e-01
7.955999999999999739e-01
7.579000000000000181e-01
7.147999999999999909e-01
6.627999999999999448e-01
6.346000000000000529e-01
6.005000000000000338e-01
5.647999999999999687e-01
5.343999999999999861e-01
4.978000000000000203e-01
4.650000000000000244e-01
4.621999999999999997e-01
4.334000000000000075e-01
4.405999999999999917e-01
4.268000000000000127e-01
4.178000000000000047e-01
4.481999999999999873e-01
4.410000000000000031e-01
4.455000000000000071e-01
4.400000000000000022e-01
4.038999999999999813e-01
3.583000000000000074e-01
3.050999999999999823e-01
2.464999999999999969e-01
1.786999999999999977e-01
1.246000000000000024e-01
8.329999999999999905e-02
6.650000000000000355e-02
4.100000000000000172e-02
1.830000000000000029e-02
1.159999999999999920e-02
1.099999999999999936e-02
2.500000000000000052e-03
9.400000000000000369e-03
1.469999999999999953e-02
1.020000000000000073e-02
2.400000000000000050e-02
1.820000000000000090e-02
1.899999999999999953e-02
9.700000000000000289e-03
3.799999999999999992e-03
3.099999999999999891e-03
0.000000000000000000e+00
0.000000000000000000e+00
0.000000000000000000e+00
0.000000000000000000e+00
0.000000000000000000e+00
0.000000000000000000e+00
1.699999999999999905e-03
3.899999999999999821e-03
2.249999999999999917e-02
1.919999999999999832e-02
1.750000000000000167e-02
6.999999999999999929e-04
0.000000000000000000e+00
0.000000000000000000e+00
0.000000000000000000e+00
0.000000000000000000e+00
0.000000000000000000e+00
0.000000000000000000e+00
0.000000000000000000e+00
2.200000000000000133e-03
8.699999999999999400e-03
1.689999999999999836e-02
2.170000000000000054e-02
3.429999999999999716e-02
2.869999999999999982e-02
3.559999999999999970e-02
3.160000000000000309e-02
3.470000000000000168e-02
2.949999999999999845e-02
2.230000000000000038e-02
1.080000000000000057e-02
2.899999999999999800e-03
0.000000000000000000e+00
0.000000000000000000e+00
0.000000000000000000e+00
0.000000000000000000e+00
1.099999999999999936e-02
7.900000000000000772e-03
1.739999999999999880e-02
3.139999999999999736e-02
7.240000000000000602e-02
1.198000000000000037e-01
1.895000000000000018e-01
2.817999999999999949e-01
3.600999999999999757e-01
4.156000000000000250e-01
4.565000000000000169e-01
4.878000000000000114e-01
5.289000000000000368e-01
5.596999999999999753e-01
5.883000000000000451e-01
6.299000000000000155e-01
6.586999999999999522e-01
6.848999999999999533e-01
7.109999999999999654e-01
7.520999999999999908e-01
7.620999999999999996e-01
7.834999999999999742e-01
8.147999999999999687e-01
8.480999999999999650e-01
8.729999999999999982e-01
8.725000000000000533e-01
8.909000000000000252e-01
8.910000000000000142e-01
9.028000000000000469e-01
9.085999999999999632e-01
9.112000000000000099e-01
9.211000000000000298e-01
9.223000000000000087e-01
9.231000000000000316e-01
9.311000000000000387e-01
9.366999999999999771e-01
9.292000000000000259e-01
9.251000000000000334e-01
9.312000000000000277e-01
9.275999999999999801e-01
9.366999999999999771e-01
9.437999999999999723e-01
9.455999999999999961e-01
9.456999999999999851e-01
9.409999999999999476e-01
9.455000000000000071e-01
9.318999999999999506e-01
9.275999999999999801e-01
9.276999999999999691e-01
9.239000000000000545e-01
9.386999999999999789e-01
9.342000000000000304e-01
9.377999999999999670e-01
9.405999999999999917e-01
9.416999999999999815e-01
9.537999999999999812e-01
9.486999999999999877e-01
9.379999999999999449e-01
9.394000000000000128e-01
9.479999999999999538e-01
9.567999999999999838e-01
9.556000000000000050e-01
9.619999999999999662e-01
9.680999999999999606e-01
9.727999999999999980e-01
9.638999999999999790e-01
9.622000000000000552e-01
9.610999999999999543e-01
9.660999999999999588e-01
9.595000000000000195e-01
9.648999999999999799e-01
9.654000000000000359e-01
9.656000000000000139e-01
9.590999999999999526e-01
9.636000000000000121e-01
9.518999999999999684e-01
9.542000000000000481e-01
9.510999999999999455e-01
9.436999999999999833e-01
9.459999999999999520e-01
9.604000000000000314e-01
9.589999999999999636e-01
9.567999999999999838e-01
9.535000000000000142e-01
9.585000000000000187e-01
9.595000000000000195e-01
9.575000000000000178e-01
9.489999999999999547e-01
9.509999999999999565e-01
9.515000000000000124e-01
9.476999999999999869e-01
9.441000000000000503e-01
9.543000000000000371e-01
9.528999999999999693e-01
9.549999999999999600e-01
9.489999999999999547e-01
9.517999999999999794e-01
9.360000000000000542e-01
9.363000000000000211e-01
9.399999999999999467e-01
9.431000000000000494e-01
9.453000000000000291e-01
9.382000000000000339e-01
9.361000000000000432e-01
9.353000000000000203e-01
9.314000000000000057e-01
9.343000000000000194e-01
9.272000000000000242e-01
9.264999999999999902e-01
9.197999999999999510e-01
9.221000000000000307e-01
9.166999999999999593e-01
9.324999999999999956e-01
9.425000000000000044e-01
9.465000000000000080e-01
9.435000000000000053e-01
9.518999999999999684e-01
9.629999999999999671e-01
9.567999999999999838e-01
9.505000000000000115e-01
9.492000000000000437e-01
9.615000000000000213e-01
9.631999999999999451e-01
9.677000000000000046e-01
9.724000000000000421e-01
9.751999999999999558e-01
9.678999999999999826e-01
9.654000000000000359e-01
9.606000000000000094e-01
9.546000000000000041e-01
9.515000000000000124e-01
9.398999999999999577e-01
9.247999999999999554e-01
9.155999999999999694e-01
9.306999999999999718e-01
9.059000000000000385e-01
9.165999999999999703e-01
9.211000000000000298e-01
9.195999999999999730e-01
9.139000000000000457e-01
9.154999999999999805e-01
9.193000000000000060e-01
9.327999999999999625e-01
9.393000000000000238e-01
9.687999999999999945e-01
9.594000000000000306e-01
9.723000000000000531e-01
9.740999999999999659e-01
9.655000000000000249e-01
9.657000000000000028e-01
9.653000000000000469e-01
9.691999999999999504e-01
9.645000000000000240e-01
9.586999999999999966e-01
9.628999999999999782e-01
9.540999999999999481e-01
9.563000000000000389e-01
9.516000000000000014e-01
9.624000000000000332e-01
9.307999999999999607e-01
9.475999999999999979e-01
9.481000000000000538e-01
9.538999999999999702e-01
9.444000000000000172e-01
9.436999999999999833e-01
9.395000000000000018e-01
9.387999999999999678e-01
9.382000000000000339e-01
9.445000000000000062e-01
9.520999999999999464e-01
9.603000000000000425e-01
9.520999999999999464e-01
9.446999999999999842e-01
9.438999999999999613e-01
9.068000000000000504e-01
9.271000000000000352e-01
9.203000000000000069e-01
9.181000000000000272e-01
9.164999999999999813e-01
9.195999999999999730e-01
9.212000000000000188e-01
9.230000000000000426e-01
9.264000000000000012e-01
9.307999999999999607e-01
9.254999999999999893e-01
9.245999999999999774e-01
9.331000000000000405e-01
9.293000000000000149e-01
9.368999999999999551e-01
9.459999999999999520e-01
9.385000000000000009e-01
9.372000000000000330e-01
9.468999999999999639e-01
9.396999999999999797e-01
9.518999999999999684e-01
9.544000000000000261e-01
9.477999999999999758e-01
9.483000000000000318e-01
9.472000000000000419e-01
9.376999999999999780e-01
9.415000000000000036e-01
9.324999999999999956e-01
9.239000000000000545e-01
9.189000000000000501e-01
9.044999999999999707e-01
9.233000000000000096e-01
9.270000000000000462e-01
9.315999999999999837e-01
9.365999999999999881e-01
9.288999999999999480e-01
9.271000000000000352e-01
9.316999999999999726e-01
9.322000000000000286e-01
9.275999999999999801e-01
9.313000000000000167e-01
9.348999999999999533e-01
9.476999999999999869e-01
9.606000000000000094e-01
9.627000000000000002e-01
9.675000000000000266e-01
9.610999999999999543e-01
9.596999999999999975e-01
9.557999999999999829e-01
9.427999999999999714e-01
9.516999999999999904e-01
9.429999999999999494e-01
9.395999999999999908e-01
9.361000000000000432e-01
9.207999999999999519e-01
9.193999999999999950e-01
9.018000000000000460e-01
8.931999999999999940e-01
8.803999999999999604e-01
8.555000000000000382e-01
8.360999999999999543e-01
8.184000000000000163e-01
7.903000000000000025e-01
7.543999999999999595e-01
7.324000000000000510e-01
7.090999999999999526e-01
6.307000000000000384e-01
5.611000000000000432e-01
5.193999999999999728e-01
4.940999999999999837e-01
4.611000000000000099e-01
4.587999999999999856e-01
4.657999999999999918e-01
4.544000000000000261e-01
4.400000000000000022e-01
4.373000000000000220e-01
4.510000000000000120e-01
4.685000000000000275e-01
4.812000000000000166e-01
5.423000000000000043e-01
6.115000000000000435e-01
6.311999999999999833e-01
6.916999999999999815e-01
7.292999999999999483e-01
7.410999999999999810e-01
7.296000000000000263e-01
8.131000000000000449e-01
8.428999999999999826e-01
8.647000000000000242e-01
9.070000000000000284e-01
9.171000000000000263e-01
9.273000000000000131e-01
9.357999999999999652e-01
9.472000000000000419e-01
9.487999999999999767e-01
9.403000000000000247e-01
9.441000000000000503e-01
9.482000000000000428e-01
9.495999999999999996e-01
9.510999999999999455e-01
9.648999999999999799e-01
9.558999999999999719e-01
9.669999999999999707e-01
9.625000000000000222e-01
9.716000000000000192e-01
9.592000000000000526e-01
9.699999999999999734e-01
9.671999999999999487e-01
9.703000000000000513e-01
9.704000000000000403e-01
9.677000000000000046e-01
9.586000000000000076e-01
9.566999999999999948e-01
9.402000000000000357e-01
9.295999999999999819e-01
9.512000000000000455e-01
9.412000000000000366e-01
9.548999999999999710e-01
9.474000000000000199e-01
9.446999999999999842e-01
9.451000000000000512e-01
9.506000000000000005e-01
9.482000000000000428e-01
9.636000000000000121e-01
9.500999999999999446e-01
9.435000000000000053e-01
9.522000000000000464e-01
9.557999999999999829e-01
9.506999999999999895e-01
9.466999999999999860e-01
9.630999999999999561e-01
9.653000000000000469e-01
9.646000000000000130e-01
9.736000000000000210e-01
9.674000000000000377e-01
9.685000000000000275e-01
9.583000000000000407e-01
9.590999999999999526e-01
9.681999999999999496e-01
9.627999999999999892e-01
9.617999999999999883e-01
9.536999999999999922e-01
9.526000000000000023e-01
9.476999999999999869e-01
9.337999999999999634e-01
9.306999999999999718e-01
9.374000000000000110e-01
9.257999999999999563e-01
9.287999999999999590e-01
9.345999999999999863e-01
9.270000000000000462e-01
9.425999999999999934e-01
9.374000000000000110e-01
9.476999999999999869e-01
9.534000000000000252e-01
9.528999999999999693e-01
9.587999999999999856e-01
9.602000000000000535e-01
9.536999999999999922e-01
9.640999999999999570e-01
9.596999999999999975e-01
9.762999999999999456e-01
9.534000000000000252e-01
9.616999999999999993e-01
9.570999999999999508e-01
9.570999999999999508e-01
9.583000000000000407e-01
9.567999999999999838e-01
9.614000000000000323e-01
9.467999999999999750e-01
9.667999999999999927e-01
9.381000000000000449e-01
9.491000000000000547e-01
9.558999999999999719e-01
9.602000000000000535e-01
9.506999999999999895e-01
9.464000000000000190e-01
9.471000000000000529e-01
9.542000000000000481e-01
9.575000000000000178e-01
9.538999999999999702e-01
9.699999999999999734e-01
9.542000000000000481e-01
9.622000000000000552e-01
9.616000000000000103e-01
9.567999999999999838e-01
9.619999999999999662e-01
9.547999999999999821e-01
9.626000000000000112e-01
9.586000000000000076e-01
9.590999999999999526e-01
9.656000000000000139e-01
9.634000000000000341e-01
9.635000000000000231e-01
9.395000000000000018e-01
9.544000000000000261e-01
9.647000000000000020e-01
9.641999999999999460e-01
9.649999999999999689e-01
9.737000000000000099e-01
9.750999999999999668e-01
9.679999999999999716e-01
9.637000000000000011e-01
9.725000000000000311e-01
9.649999999999999689e-01
9.703000000000000513e-01
9.705000000000000293e-01
9.657999999999999918e-01
9.603000000000000425e-01
9.636000000000000121e-01
9.448999999999999622e-01
9.467999999999999750e-01
9.464000000000000190e-01
9.529999999999999583e-01
9.684000000000000385e-01
9.630999999999999561e-01
9.610999999999999543e-01
9.701999999999999513e-01
9.755000000000000338e-01
9.757000000000000117e-01
9.694000000000000394e-01
9.716000000000000192e-01
9.669999999999999707e-01
9.666000000000000147e-01
9.663000000000000478e-01
9.580999999999999517e-01
9.466999999999999860e-01
9.446999999999999842e-01
9.530999999999999472e-01
9.423000000000000265e-01
9.465000000000000080e-01
9.398999999999999577e-01
9.486999999999999877e-01
9.472000000000000419e-01
9.389999999999999458e-01
9.312000000000000277e-01
9.124999999999999778e-01
9.048000000000000487e-01
8.556000000000000272e-01
8.663999999999999480e-01
8.707000000000000295e-01
9.014999999999999680e-01
9.049000000000000377e-01
9.143000000000000016e-01
9.065999999999999615e-01
9.088000000000000522e-01
8.981999999999999984e-01
8.739999999999999991e-01
8.712999999999999634e-01
8.991000000000000103e-01
8.937000000000000499e-01
8.904999999999999583e-01
8.933999999999999719e-01
8.784999999999999476e-01
8.696000000000000396e-01
8.663999999999999480e-01
8.570999999999999730e-01
8.415000000000000258e-01
8.538000000000000034e-01
8.680999999999999828e-01
8.757000000000000339e-01
8.383000000000000451e-01
7.855999999999999650e-01
