9.005999999999999561e-01
9.056999999999999496e-01
8.833999999999999631e-01
8.699000000000000066e-01
8.489999999999999769e-01
8.360999999999999543e-01
8.239999999999999547e-01
8.236999999999999877e-01
8.187999999999999723e-01
8.024000000000000021e-01
8.003000000000000114e-01
7.970000000000000417e-01
7.648000000000000353e-01
7.388000000000000123e-01
7.503999999999999559e-01
7.260999999999999677e-01
7.173000000000000487e-01
6.949999999999999512e-01
6.755999999999999783e-01
6.299000000000000155e-01
6.092999999999999527e-01
5.722000000000000419e-01
5.667999999999999705e-01
5.604999999999999982e-01
5.635999999999999899e-01
5.628999999999999559e-01
5.765000000000000124e-01
5.837999999999999856e-01
5.954000000000000403e-01
6.122999999999999554e-01
6.260000000000000009e-01
6.495999999999999552e-01
6.419000000000000261e-01
6.336000000000000520e-01
6.304999999999999494e-01
7.046999999999999931e-01
7.398000000000000131e-01
7.381999999999999673e-01
7.638000000000000345e-01
8.254000000000000226e-01
8.249999999999999556e-01
8.134000000000000119e-01
8.461999999999999522e-01
8.866000000000000547e-01
8.911999999999999922e-01
9.066999999999999504e-01
9.145999999999999686e-01
9.099000000000000421e-01
8.988000000000000433e-01
8.793999999999999595e-01
8.780999999999999917e-01
8.910000000000000142e-01
9.141000000000000236e-01
9.191000000000000281e-01
9.008000000000000451e-01
9.015999999999999570e-01
8.947000000000000508e-01
8.911999999999999922e-01
9.025999999999999579e-01
8.931000000000000050e-01
8.637000000000000233e-01
9.163999999999999924e-01
9.242000000000000215e-01
9.361000000000000432e-01
9.379999999999999449e-01
9.341000000000000414e-01
9.226999999999999647e-01
8.928000000000000380e-01
9.321000000000000396e-01
9.307999999999999607e-01
9.447999999999999732e-01
9.526999999999999913e-01
9.426999999999999824e-01
9.219000000000000528e-01
9.029000000000000359e-01
9.035999999999999588e-01
9.109000000000000430e-01
9.334999999999999964e-01
9.332000000000000295e-01
9.453000000000000291e-01
9.282000000000000250e-01
9.243999999999999995e-01
9.404000000000000137e-01
9.195999999999999730e-01
9.164999999999999813e-01
9.186999999999999611e-01
9.523000000000000353e-01
9.250000000000000444e-01
9.458999999999999631e-01
9.268999999999999462e-01
9.216999999999999638e-01
9.189000000000000501e-01
9.399999999999999467e-01
9.213000000000000078e-01
9.180000000000000382e-01
9.025999999999999579e-01
9.033999999999999808e-01
9.102999999999999980e-01
8.968000000000000416e-01
9.032999999999999918e-01
9.011000000000000121e-01
9.233000000000000096e-01
9.016999999999999460e-01
9.066999999999999504e-01
8.991999999999999993e-01
9.175999999999999712e-01
8.968000000000000416e-01
9.164999999999999813e-01
9.080000000000000293e-01
9.176999999999999602e-01
8.980000000000000204e-01
9.038000000000000478e-01
8.903999999999999693e-01
9.072999999999999954e-01
9.139000000000000457e-01
9.240000000000000435e-01
9.282000000000000250e-01
9.076999999999999513e-01
9.083999999999999853e-01
8.923999999999999710e-01
8.507000000000000117e-01
8.120000000000000551e-01
7.681000000000000050e-01
7.262999999999999456e-01
6.855999999999999872e-01
6.247000000000000330e-01
5.422000000000000153e-01
4.937000000000000277e-01
4.544000000000000261e-01
4.428000000000000269e-01
4.050000000000000266e-01
3.957999999999999852e-01
4.279999999999999916e-01
5.227000000000000535e-01
6.152999999999999581e-01
6.761000000000000343e-01
7.005000000000000115e-01
7.932000000000000162e-01
8.443000000000000504e-01
8.778000000000000247e-01
8.979000000000000314e-01
9.162000000000000144e-01
9.363000000000000211e-01
9.385999999999999899e-01
9.357999999999999652e-01
9.254000000000000004e-01
9.425999999999999934e-01
9.293000000000000149e-01
9.356999999999999762e-01
9.305999999999999828e-01
9.210000000000000409e-01
9.163999999999999924e-01
9.187999999999999501e-01
9.229000000000000536e-01
9.258999999999999453e-01
9.153000000000000025e-01
8.889000000000000234e-01
9.051000000000000156e-01
9.129000000000000448e-01
9.063999999999999835e-01
9.028000000000000469e-01
9.062000000000000055e-01
9.058000000000000496e-01
8.942999999999999838e-01
8.902999999999999803e-01
8.844999999999999529e-01
8.955999999999999517e-01
9.021000000000000130e-01
8.911000000000000032e-01
8.866000000000000547e-01
8.810000000000000053e-01
9.099000000000000421e-01
9.126999999999999558e-01
9.061000000000000165e-01
9.048000000000000487e-01
9.096999999999999531e-01
9.225999999999999757e-01
9.213000000000000078e-01
9.225999999999999757e-01
9.090000000000000302e-01
9.134999999999999787e-01
9.055999999999999606e-01
9.133999999999999897e-01
9.112999999999999989e-01
9.162000000000000144e-01
9.163000000000000034e-01
9.065999999999999615e-01
9.034999999999999698e-01
8.914999999999999591e-01
8.870000000000000107e-01
8.802999999999999714e-01
8.818000000000000282e-01
8.770999999999999908e-01
8.975999999999999535e-01
8.895999999999999464e-01
8.878000000000000336e-01
8.843999999999999639e-01
8.658000000000000140e-01
8.591999999999999638e-01
8.524000000000000465e-01
8.447000000000000064e-01
8.245999999999999996e-01
8.339999999999999636e-01
8.475000000000000311e-01
8.423000000000000487e-01
8.172000000000000375e-01
7.973000000000000087e-01
7.822000000000000064e-01
7.762000000000000011e-01
7.372999999999999554e-01
7.219999999999999751e-01
7.175000000000000266e-01
7.295000000000000373e-01
7.213000000000000522e-01
7.207000000000000073e-01
6.871000000000000441e-01
6.781000000000000361e-01
6.840000000000000524e-01
6.643000000000000016e-01
6.867999999999999661e-01
6.783000000000000140e-01
6.966999999999999860e-01
7.046999999999999931e-01
6.931000000000000494e-01
6.870000000000000551e-01
6.873000000000000220e-01
6.854000000000000092e-01
6.756999999999999673e-01
6.467000000000000526e-01
6.010999999999999677e-01
5.188000000000000389e-01
4.509000000000000230e-01
3.698000000000000176e-01
3.286999999999999922e-01
2.521999999999999797e-01
1.980000000000000093e-01
1.590000000000000024e-01
1.416999999999999926e-01
1.018000000000000016e-01
9.919999999999999651e-02
8.619999999999999885e-02
6.360000000000000375e-02
5.960000000000000020e-02
4.809999999999999692e-02
4.309999999999999942e-02
4.349999999999999700e-02
3.259999999999999704e-02
4.080000000000000293e-02
3.969999999999999918e-02
3.500000000000000333e-02
5.720000000000000084e-02
5.000000000000000278e-02
4.270000000000000184e-02
3.839999999999999664e-02
4.299999999999999656e-02
3.960000000000000325e-02
4.220000000000000140e-02
4.320000000000000229e-02
5.260000000000000092e-02
8.890000000000000679e-02
1.550999999999999879e-01
2.207000000000000073e-01
2.768999999999999795e-01
3.439999999999999725e-01
4.178999999999999937e-01
4.961999999999999744e-01
5.334999999999999742e-01
5.681000000000000494e-01
5.943000000000000504e-01
5.854000000000000314e-01
5.578999999999999515e-01
5.030999999999999917e-01
4.375000000000000000e-01
3.321000000000000063e-01
2.636000000000000010e-01
2.197999999999999954e-01
1.479999999999999927e-01
8.909999999999999865e-02
4.120000000000000051e-02
1.619999999999999912e-02
1.710000000000000062e-02
1.609999999999999973e-02
2.149999999999999828e-02
3.899999999999999994e-02
5.279999999999999971e-02
5.220000000000000334e-02
4.950000000000000233e-02
5.739999999999999963e-02
6.610000000000000597e-02
6.930000000000000049e-02
6.829999999999999960e-02
8.909999999999999865e-02
9.360000000000000264e-02
1.000999999999999945e-01
1.018000000000000016e-01
1.020999999999999963e-01
1.088999999999999968e-01
9.850000000000000422e-02
1.218999999999999945e-01
1.724999999999999867e-01
2.295000000000000095e-01
3.251000000000000001e-01
3.975000000000000200e-01
4.106000000000000205e-01
