7.277000000000000135e-01
7.348000000000000087e-01
6.657999999999999474e-01
5.787999999999999812e-01
4.991999999999999771e-01
4.647000000000000020e-01
4.331999999999999740e-01
4.077999999999999958e-01
4.092000000000000082e-01
4.026000000000000134e-01
3.946999999999999953e-01
3.574999999999999845e-01
2.867000000000000104e-01
2.474999999999999978e-01
1.957000000000000128e-01
1.487999999999999878e-01
1.145999999999999935e-01
8.749999999999999445e-02
8.500000000000000611e-02
7.309999999999999831e-02
6.110000000000000153e-02
7.230000000000000315e-02
8.459999999999999465e-02
8.010000000000000453e-02
7.760000000000000231e-02
8.119999999999999440e-02
8.000000000000000167e-02
7.240000000000000602e-02
1.058000000000000052e-01
1.118999999999999995e-01
1.145000000000000046e-01
1.368999999999999939e-01
1.459999999999999909e-01
1.398999999999999966e-01
1.461999999999999966e-01
1.472999999999999865e-01
1.476999999999999980e-01
1.527000000000000024e-01
1.701000000000000012e-01
1.612999999999999989e-01
1.637000000000000122e-01
2.053000000000000103e-01
2.039999999999999869e-01
1.998000000000000054e-01
2.069000000000000006e-01
1.897999999999999965e-01
1.953000000000000014e-01
1.807999999999999885e-01
2.190999999999999892e-01
2.353999999999999981e-01
2.313000000000000056e-01
2.272000000000000131e-01
2.058000000000000107e-01
1.882000000000000062e-01
1.655000000000000082e-01
1.426000000000000045e-01
1.247000000000000053e-01
1.023000000000000020e-01
7.480000000000000537e-02
5.419999999999999818e-02
5.079999999999999793e-02
3.690000000000000224e-02
3.470000000000000168e-02
2.560000000000000123e-02
1.089999999999999997e-02
1.389999999999999916e-02
3.399999999999999811e-03
1.239999999999999956e-02
2.060000000000000026e-02
4.560000000000000164e-02
8.069999999999999396e-02
1.257000000000000062e-01
1.439000000000000001e-01
1.715000000000000135e-01
1.857999999999999929e-01
1.967000000000000137e-01
1.716000000000000025e-01
1.673000000000000043e-01
1.511000000000000121e-01
1.250000000000000000e-01
9.099999999999999756e-02
6.040000000000000230e-02
3.799999999999999906e-02
1.909999999999999892e-02
6.799999999999999621e-03
0.000000000000000000e+00
0.000000000000000000e+00
0.000000000000000000e+00
0.000000000000000000e+00
3.500000000000000073e-03
1.000000000000000048e-04
5.899999999999999863e-03
3.000000000000000062e-03
0.000000000000000000e+00
0.000000000000000000e+00
0.000000000000000000e+00
1.220000000000000077e-02
2.539999999999999897e-02
5.659999999999999754e-02
6.790000000000000202e-02
5.750000000000000250e-02
7.169999999999999984e-02
6.210000000000000242e-02
6.700000000000000400e-02
5.480000000000000149e-02
6.969999999999999807e-02
7.969999999999999307e-02
1.105000000000000010e-01
1.456000000000000072e-01
2.101999999999999980e-01
2.656999999999999917e-01
3.750000000000000000e-01
4.444000000000000172e-01
5.325999999999999623e-01
6.118999999999999995e-01
7.134000000000000341e-01
8.178999999999999604e-01
8.746000000000000441e-01
8.952999999999999847e-01
9.065999999999999615e-01
9.082000000000000073e-01
9.052999999999999936e-01
8.972999999999999865e-01
9.020000000000000240e-01
8.979000000000000314e-01
8.940000000000000169e-01
8.770999999999999908e-01
8.679999999999999938e-01
8.527000000000000135e-01
8.238999999999999657e-01
8.004000000000000004e-01
7.648000000000000353e-01
7.153000000000000469e-01
6.845999999999999863e-01
6.633999999999999897e-01
6.049999999999999822e-01
5.694000000000000172e-01
5.594000000000000083e-01
5.371000000000000218e-01
5.315999999999999615e-01
5.262999999999999901e-01
5.525999999999999801e-01
5.786000000000000032e-01
6.290000000000000036e-01
6.868999999999999551e-01
7.439999999999999947e-01
7.916999999999999593e-01
8.110000000000000542e-01
8.266000000000000014e-01
8.074999999999999956e-01
7.161999999999999478e-01
