8.582999999999999519e-01
9.405000000000000027e-01
9.335999999999999854e-01
9.301000000000000378e-01
9.193000000000000060e-01
9.210000000000000409e-01
9.229000000000000536e-01
9.014999999999999680e-01
9.018000000000000460e-01
9.053999999999999826e-01
9.051000000000000156e-01
9.106999999999999540e-01
9.042000000000000037e-01
9.074999999999999734e-01
9.109000000000000430e-01
9.157999999999999474e-01
8.998000000000000442e-01
8.940000000000000169e-01
8.885999999999999455e-01
8.911000000000000032e-01
8.792999999999999705e-01
8.800000000000000044e-01
8.743999999999999551e-01
8.843999999999999639e-01
9.004999999999999671e-01
8.962999999999999856e-01
8.870999999999999996e-01
8.968000000000000416e-01
8.816000000000000503e-01
8.820999999999999952e-01
8.965999999999999526e-01
8.828000000000000291e-01
8.844999999999999529e-01
8.874999999999999556e-01
8.868000000000000327e-01
8.997000000000000552e-01
9.033999999999999808e-01
8.945999999999999508e-01
9.203000000000000069e-01
8.990000000000000213e-01
9.038000000000000478e-01
9.026999999999999469e-01
8.982999999999999874e-01
8.944999999999999618e-01
8.993999999999999773e-01
8.741999999999999771e-01
8.895999999999999464e-01
8.945999999999999508e-01
8.719000000000000083e-01
8.814999999999999503e-01
8.514000000000000457e-01
8.376000000000000112e-01
8.362000000000000544e-01
8.164000000000000146e-01
8.330999999999999517e-01
7.725999999999999535e-01
7.912000000000000144e-01
8.378999999999999782e-01
8.317999999999999838e-01
8.181000000000000494e-01
8.056999999999999718e-01
7.923999999999999932e-01
7.833999999999999853e-01
7.780000000000000249e-01
7.671000000000000041e-01
7.541999999999999815e-01
7.488000000000000211e-01
7.480999999999999872e-01
7.461999999999999744e-01
7.518000000000000238e-01
7.698000000000000398e-01
7.883000000000000007e-01
8.300999999999999490e-01
8.691999999999999726e-01
8.481999999999999540e-01
9.013999999999999790e-01
9.100000000000000311e-01
9.197999999999999510e-01
9.143999999999999906e-01
9.143999999999999906e-01
9.252000000000000224e-01
9.231000000000000316e-01
9.199000000000000510e-01
9.150000000000000355e-01
9.324000000000000066e-01
9.367999999999999661e-01
9.468999999999999639e-01
9.424000000000000155e-01
9.395999999999999908e-01
9.350000000000000533e-01
9.424000000000000155e-01
9.022000000000000020e-01
9.112999999999999989e-01
8.766000000000000458e-01
8.807000000000000384e-01
8.595000000000000417e-01
8.580999999999999739e-01
9.135999999999999677e-01
9.265999999999999792e-01
9.177999999999999492e-01
9.442000000000000393e-01
9.190000000000000391e-01
8.957000000000000517e-01
9.242000000000000215e-01
9.197999999999999510e-01
9.258999999999999453e-01
9.169000000000000483e-01
9.202000000000000179e-01
9.005999999999999561e-01
8.951999999999999957e-01
8.820999999999999952e-01
8.653999999999999471e-01
8.475000000000000311e-01
8.322000000000000508e-01
8.218999999999999639e-01
8.178999999999999604e-01
8.258999999999999675e-01
8.469999999999999751e-01
8.799000000000000155e-01
9.080000000000000293e-01
9.021000000000000130e-01
9.199000000000000510e-01
9.222000000000000197e-01
9.353000000000000203e-01
9.282000000000000250e-01
9.526999999999999913e-01
9.465000000000000080e-01
9.479999999999999538e-01
9.590999999999999526e-01
9.657000000000000028e-01
9.402000000000000357e-01
9.496999999999999886e-01
9.347999999999999643e-01
9.455999999999999961e-01
9.072000000000000064e-01
9.028000000000000469e-01
9.069000000000000394e-01
9.063999999999999835e-01
9.129000000000000448e-01
9.366999999999999771e-01
9.092000000000000082e-01
9.224999999999999867e-01
9.306999999999999718e-01
9.209000000000000519e-01
9.266999999999999682e-01
9.217999999999999527e-01
9.210000000000000409e-01
9.214999999999999858e-01
9.110000000000000320e-01
9.071000000000000174e-01
8.649000000000000021e-01
8.480999999999999650e-01
8.212000000000000410e-01
7.941000000000000281e-01
7.749000000000000332e-01
7.243000000000000549e-01
6.986999999999999877e-01
6.509000000000000341e-01
6.057000000000000162e-01
5.504000000000000004e-01
5.017000000000000348e-01
4.742999999999999994e-01
4.742000000000000104e-01
4.959999999999999964e-01
5.022999999999999687e-01
5.380000000000000338e-01
5.370000000000000329e-01
5.772000000000000464e-01
6.108999999999999986e-01
6.487000000000000544e-01
6.874000000000000110e-01
7.711999999999999966e-01
8.111000000000000432e-01
8.604000000000000536e-01
9.211000000000000298e-01
9.272000000000000242e-01
9.260000000000000453e-01
9.326999999999999735e-01
9.418999999999999595e-01
9.555000000000000160e-01
9.385000000000000009e-01
9.456999999999999851e-01
9.393000000000000238e-01
9.395000000000000018e-01
9.456999999999999851e-01
9.367999999999999661e-01
9.383000000000000229e-01
9.417999999999999705e-01
9.432000000000000384e-01
9.431000000000000494e-01
9.372000000000000330e-01
9.428999999999999604e-01
9.435000000000000053e-01
9.447999999999999732e-01
9.500999999999999446e-01
9.447999999999999732e-01
9.347999999999999643e-01
9.317999999999999616e-01
9.375000000000000000e-01
9.392000000000000348e-01
9.467999999999999750e-01
9.395999999999999908e-01
9.351000000000000423e-01
9.374000000000000110e-01
9.351000000000000423e-01
9.413000000000000256e-01
9.419999999999999485e-01
9.354000000000000092e-01
9.443000000000000282e-01
9.559999999999999609e-01
9.405000000000000027e-01
9.436999999999999833e-01
9.293000000000000149e-01
9.291000000000000369e-01
9.454000000000000181e-01
9.233000000000000096e-01
9.524000000000000243e-01
9.479999999999999538e-01
9.432000000000000384e-01
9.492000000000000437e-01
9.492000000000000437e-01
9.482000000000000428e-01
9.446999999999999842e-01
9.445999999999999952e-01
9.448999999999999622e-01
9.408999999999999586e-01
9.556999999999999940e-01
9.435000000000000053e-01
9.239000000000000545e-01
9.262000000000000233e-01
9.516000000000000014e-01
9.355999999999999872e-01
9.121000000000000218e-01
9.245999999999999774e-01
9.267999999999999572e-01
9.010000000000000231e-01
8.958000000000000407e-01
8.750000000000000000e-01
8.707000000000000295e-01
8.961999999999999966e-01
8.804999999999999494e-01
8.851999999999999869e-01
8.692999999999999616e-01
8.580999999999999739e-01
8.525000000000000355e-01
8.874999999999999556e-01
8.910000000000000142e-01
8.882999999999999785e-01
8.982999999999999874e-01
8.922999999999999821e-01
8.912999999999999812e-01
8.838000000000000300e-01
8.780000000000000027e-01
8.748000000000000220e-01
8.762999999999999678e-01
8.838000000000000300e-01
8.698000000000000176e-01
9.391000000000000458e-01
9.340000000000000524e-01
9.393000000000000238e-01
9.463000000000000300e-01
9.479999999999999538e-01
9.548999999999999710e-01
9.513000000000000345e-01
9.522000000000000464e-01
9.467999999999999750e-01
9.556000000000000050e-01
9.507999999999999785e-01
9.573000000000000398e-01
9.405999999999999917e-01
9.462000000000000410e-01
9.147999999999999465e-01
8.884999999999999565e-01
8.991999999999999993e-01
8.771999999999999797e-01
8.881000000000000005e-01
8.631999999999999673e-01
8.546000000000000263e-01
8.286000000000000032e-01
8.283000000000000362e-01
7.741999999999999993e-01
7.295000000000000373e-01
6.622000000000000108e-01
6.078999999999999959e-01
5.701000000000000512e-01
5.829999999999999627e-01
5.627999999999999670e-01
5.597999999999999643e-01
5.352000000000000091e-01
4.870999999999999774e-01
4.184999999999999831e-01
3.710999999999999854e-01
3.387000000000000011e-01
3.454999999999999738e-01
3.276000000000000023e-01
2.570999999999999952e-01
1.963000000000000023e-01
2.298000000000000043e-01
2.449000000000000066e-01
2.379000000000000004e-01
2.666000000000000036e-01
2.963000000000000078e-01
2.756000000000000116e-01
2.388000000000000123e-01
2.215999999999999914e-01
2.567999999999999727e-01
2.620000000000000107e-01
2.523000000000000242e-01
2.631999999999999895e-01
2.610999999999999988e-01
2.225999999999999923e-01
2.534000000000000141e-01
2.958999999999999964e-01
3.055999999999999828e-01
3.211999999999999855e-01
3.269000000000000239e-01
3.196999999999999842e-01
3.289000000000000257e-01
3.422000000000000042e-01
3.469999999999999751e-01
3.845000000000000084e-01
3.860000000000000098e-01
3.887999999999999790e-01
4.046000000000000152e-01
4.460999999999999965e-01
4.889000000000000012e-01
5.289000000000000368e-01
6.051999999999999602e-01
6.202999999999999625e-01
6.422999999999999821e-01
6.562000000000000055e-01
6.750000000000000444e-01
6.831000000000000405e-01
6.896999999999999797e-01
6.982000000000000428e-01
7.185000000000000275e-01
7.161999999999999478e-01
7.611999999999999877e-01
7.425000000000000488e-01
7.482999999999999652e-01
7.492999999999999661e-01
7.537000000000000366e-01
7.752000000000000002e-01
7.814999999999999725e-01
7.623999999999999666e-01
7.597000000000000419e-01
7.329999999999999849e-01
6.925999999999999934e-01
6.682000000000000162e-01
6.565999999999999615e-01
6.454999999999999627e-01
6.257000000000000339e-01
6.411000000000000032e-01
6.601000000000000201e-01
6.657999999999999474e-01
6.965999999999999970e-01
7.087999999999999856e-01
7.292999999999999483e-01
7.573999999999999622e-01
7.990000000000000435e-01
7.613999999999999657e-01
7.217000000000000082e-01
6.653000000000000025e-01
5.667999999999999705e-01
5.135999999999999455e-01
4.107999999999999985e-01
3.170000000000000040e-01
2.144999999999999962e-01
1.577000000000000068e-01
1.118999999999999995e-01
9.779999999999999805e-02
9.089999999999999469e-02
8.279999999999999860e-02
8.250000000000000389e-02
6.740000000000000158e-02
6.550000000000000266e-02
6.450000000000000178e-02
6.539999999999999980e-02
7.109999999999999654e-02
7.589999999999999525e-02
9.700000000000000289e-02
1.165999999999999953e-01
1.323999999999999899e-01
1.547000000000000042e-01
1.526000000000000134e-01
1.504000000000000059e-01
1.421000000000000041e-01
1.136999999999999955e-01
1.091000000000000025e-01
8.959999999999999909e-02
8.119999999999999440e-02
7.889999999999999791e-02
6.950000000000000622e-02
6.950000000000000622e-02
7.889999999999999791e-02
7.599999999999999811e-02
7.080000000000000182e-02
6.619999999999999496e-02
6.230000000000000121e-02
7.140000000000000513e-02
8.820000000000000062e-02
1.001999999999999974e-01
1.270999999999999908e-01
1.454000000000000015e-01
1.542000000000000037e-01
1.534000000000000086e-01
1.426999999999999935e-01
1.176999999999999991e-01
1.004000000000000031e-01
7.820000000000000562e-02
5.659999999999999754e-02
4.660000000000000253e-02
4.259999999999999898e-02
3.980000000000000204e-02
3.760000000000000148e-02
3.799999999999999906e-02
3.370000000000000079e-02
2.280000000000000082e-02
1.969999999999999876e-02
2.560000000000000123e-02
2.019999999999999921e-02
2.469999999999999973e-02
2.759999999999999953e-02
3.719999999999999696e-02
5.269999999999999685e-02
6.740000000000000158e-02
7.340000000000000691e-02
9.719999999999999474e-02
1.502000000000000002e-01
2.006999999999999895e-01
2.217999999999999972e-01
2.697999999999999843e-01
2.866000000000000214e-01
3.069000000000000061e-01
3.371999999999999997e-01
3.363999999999999768e-01
3.160000000000000031e-01
3.109999999999999987e-01
2.791000000000000147e-01
2.127000000000000002e-01
1.668000000000000038e-01
1.312000000000000111e-01
1.066000000000000003e-01
9.289999999999999647e-02
9.940000000000000224e-02
1.035999999999999976e-01
1.029999999999999943e-01
1.060999999999999999e-01
1.217000000000000026e-01
1.190999999999999975e-01
1.184000000000000052e-01
1.204999999999999960e-01
1.300999999999999934e-01
1.547999999999999932e-01
1.569000000000000117e-01
1.531000000000000139e-01
1.244999999999999996e-01
1.115000000000000019e-01
8.540000000000000369e-02
7.470000000000000251e-02
4.929999999999999660e-02
2.920000000000000026e-02
1.760000000000000106e-02
8.399999999999999481e-03
9.499999999999999764e-03
1.349999999999999985e-02
1.729999999999999941e-02
2.409999999999999989e-02
4.070000000000000007e-02
4.050000000000000128e-02
3.749999999999999861e-02
4.250000000000000305e-02
6.230000000000000121e-02
8.840000000000000635e-02
9.950000000000000511e-02
9.679999999999999716e-02
1.029000000000000054e-01
9.940000000000000224e-02
1.010000000000000064e-01
9.289999999999999647e-02
8.709999999999999687e-02
8.100000000000000255e-02
6.900000000000000577e-02
5.859999999999999931e-02
5.619999999999999996e-02
5.220000000000000334e-02
4.880000000000000310e-02
5.170000000000000290e-02
6.219999999999999835e-02
6.450000000000000178e-02
7.530000000000000582e-02
9.070000000000000284e-02
1.165000000000000063e-01
1.418999999999999984e-01
1.668999999999999928e-01
2.331000000000000016e-01
3.104999999999999982e-01
4.061000000000000165e-01
4.913000000000000145e-01
5.762000000000000455e-01
6.300000000000000044e-01
7.000999999999999446e-01
7.528000000000000247e-01
7.846999999999999531e-01
8.110000000000000542e-01
8.245999999999999996e-01
8.425000000000000266e-01
8.556000000000000272e-01
8.594000000000000528e-01
8.692999999999999616e-01
8.619999999999999885e-01
8.687000000000000277e-01
8.639000000000000012e-01
8.626000000000000334e-01
8.663999999999999480e-01
8.460999999999999632e-01
8.417000000000000037e-01
8.470999999999999641e-01
8.356999999999999984e-01
8.497999999999999998e-01
8.355000000000000204e-01
8.552999999999999492e-01
8.417999999999999927e-01
8.493000000000000549e-01
8.487999999999999989e-01
8.636000000000000343e-01
8.458999999999999853e-01
8.364000000000000323e-01
8.413000000000000478e-01
8.276999999999999913e-01
8.250999999999999446e-01
8.211000000000000520e-01
8.135000000000000009e-01
7.939000000000000501e-01
7.959000000000000519e-01
7.983000000000000096e-01
7.782000000000000028e-01
7.856999999999999540e-01
8.054000000000000048e-01
8.108999999999999542e-01
8.344000000000000306e-01
8.413000000000000478e-01
8.559999999999999831e-01
9.018000000000000460e-01
9.157999999999999474e-01
9.191000000000000281e-01
9.338999999999999524e-01
9.537999999999999812e-01
9.554000000000000270e-01
9.618999999999999773e-01
9.590999999999999526e-01
9.563000000000000389e-01
9.548999999999999710e-01
9.358999999999999542e-01
9.536000000000000032e-01
9.503000000000000336e-01
9.301000000000000378e-01
9.409999999999999476e-01
9.463000000000000300e-01
9.074999999999999734e-01
9.112999999999999989e-01
9.290000000000000480e-01
9.495000000000000107e-01
9.363000000000000211e-01
9.424000000000000155e-01
9.425999999999999934e-01
9.272000000000000242e-01
9.045999999999999597e-01
9.034999999999999698e-01
9.221000000000000307e-01
9.115999999999999659e-01
8.989000000000000323e-01
8.900000000000000133e-01
8.770999999999999908e-01
8.638000000000000123e-01
8.620999999999999774e-01
8.630999999999999783e-01
8.597000000000000197e-01
8.685000000000000497e-01
8.874999999999999556e-01
8.981000000000000094e-01
9.130000000000000338e-01
9.274000000000000021e-01
9.260000000000000453e-01
9.257999999999999563e-01
9.249000000000000554e-01
9.233999999999999986e-01
9.520999999999999464e-01
9.418999999999999595e-01
9.387999999999999678e-01
9.306999999999999718e-01
9.253000000000000114e-01
9.072999999999999954e-01
9.056999999999999496e-01
8.971999999999999975e-01
8.931000000000000050e-01
8.165000000000000036e-01
