9.532000000000000473e-01
8.726000000000000423e-01
8.278999999999999693e-01
7.809000000000000385e-01
7.599000000000000199e-01
7.478000000000000203e-01
7.002000000000000446e-01
6.903000000000000247e-01
6.770000000000000462e-01
6.604999999999999760e-01
6.761000000000000343e-01
6.993000000000000327e-01
7.457000000000000295e-01
7.607000000000000428e-01
7.913000000000000034e-01
8.185999999999999943e-01
8.650999999999999801e-01
8.761999999999999789e-01
8.909000000000000252e-01
8.991999999999999993e-01
9.031000000000000139e-01
8.985999999999999543e-01
8.631999999999999673e-01
8.643999999999999462e-01
8.811999999999999833e-01
8.911999999999999922e-01
8.677000000000000268e-01
8.646000000000000352e-01
8.651999999999999691e-01
8.413000000000000478e-01
8.390999999999999570e-01
8.152000000000000357e-01
8.428999999999999826e-01
8.417000000000000037e-01
8.550999999999999712e-01
8.528999999999999915e-01
8.530999999999999694e-01
8.507000000000000117e-01
8.675000000000000488e-01
8.353000000000000425e-01
8.186999999999999833e-01
7.873999999999999888e-01
7.663999999999999702e-01
7.643999999999999684e-01
7.419999999999999929e-01
7.399999999999999911e-01
7.385000000000000453e-01
7.338000000000000078e-01
7.350999999999999757e-01
7.671000000000000041e-01
7.683999999999999719e-01
7.877999999999999448e-01
8.031000000000000361e-01
8.103000000000000203e-01
8.092000000000000304e-01
7.981000000000000316e-01
7.916999999999999593e-01
7.751000000000000112e-01
7.760000000000000231e-01
7.714999999999999636e-01
7.708000000000000407e-01
7.721999999999999975e-01
7.592999999999999750e-01
7.103000000000000425e-01
6.680000000000000382e-01
6.405999999999999472e-01
6.131999999999999673e-01
5.544999999999999929e-01
5.511000000000000343e-01
5.360000000000000320e-01
5.503000000000000114e-01
5.276999999999999469e-01
5.010000000000000009e-01
4.395999999999999908e-01
4.116000000000000214e-01
3.826999999999999846e-01
3.715999999999999859e-01
3.457000000000000073e-01
3.120999999999999885e-01
2.953999999999999959e-01
2.907000000000000139e-01
2.955999999999999739e-01
2.883000000000000007e-01
2.957000000000000184e-01
2.819999999999999729e-01
2.762000000000000011e-01
2.701000000000000068e-01
2.587999999999999745e-01
2.531999999999999806e-01
2.536999999999999811e-01
2.447999999999999898e-01
2.422999999999999876e-01
2.394999999999999907e-01
2.449999999999999956e-01
2.511999999999999789e-01
2.596999999999999864e-01
2.500999999999999890e-01
2.631999999999999895e-01
2.854999999999999760e-01
3.150000000000000022e-01
3.466000000000000192e-01
3.884000000000000230e-01
4.375000000000000000e-01
4.869999999999999885e-01
5.354999999999999760e-01
5.827999999999999847e-01
5.999999999999999778e-01
5.883000000000000451e-01
6.018000000000000016e-01
6.054000000000000492e-01
6.087000000000000188e-01
6.088999999999999968e-01
5.857999999999999874e-01
5.803000000000000380e-01
5.970999999999999641e-01
5.845000000000000195e-01
5.830999999999999517e-01
5.968999999999999861e-01
5.939999999999999725e-01
5.476999999999999647e-01
5.088000000000000300e-01
4.873000000000000109e-01
4.869999999999999885e-01
4.912000000000000255e-01
5.077000000000000401e-01
5.331000000000000183e-01
5.374999999999999778e-01
5.770999999999999464e-01
6.207000000000000295e-01
6.483999999999999764e-01
7.287000000000000144e-01
7.949000000000000510e-01
8.245000000000000107e-01
8.562999999999999501e-01
8.917000000000000481e-01
8.866000000000000547e-01
9.043999999999999817e-01
9.072000000000000064e-01
9.312000000000000277e-01
9.261000000000000343e-01
9.294000000000000039e-01
9.422000000000000375e-01
9.321000000000000396e-01
9.225999999999999757e-01
9.493000000000000327e-01
9.362000000000000322e-01
9.372000000000000330e-01
9.475000000000000089e-01
9.547999999999999821e-01
9.552000000000000490e-01
9.559999999999999609e-01
9.562000000000000499e-01
9.514000000000000234e-01
9.361000000000000432e-01
9.252000000000000224e-01
9.258999999999999453e-01
9.242000000000000215e-01
9.297999999999999599e-01
9.346999999999999753e-01
9.352000000000000313e-01
9.284999999999999920e-01
9.241000000000000325e-01
9.179000000000000492e-01
9.163000000000000034e-01
8.985999999999999543e-01
9.016999999999999460e-01
9.203000000000000069e-01
9.093999999999999861e-01
9.135999999999999677e-01
9.223999999999999977e-01
9.230000000000000426e-01
9.496999999999999886e-01
9.362000000000000322e-01
9.186999999999999611e-01
9.344000000000000083e-01
9.646000000000000130e-01
9.520999999999999464e-01
9.697999999999999954e-01
9.638999999999999790e-01
9.637000000000000011e-01
9.600999999999999535e-01
9.536999999999999922e-01
9.552000000000000490e-01
9.492000000000000437e-01
9.428999999999999604e-01
9.395999999999999908e-01
9.373000000000000220e-01
9.395999999999999908e-01
9.389999999999999458e-01
9.282000000000000250e-01
9.313000000000000167e-01
9.124999999999999778e-01
9.143999999999999906e-01
9.191000000000000281e-01
9.226999999999999647e-01
9.186999999999999611e-01
9.255999999999999783e-01
9.137999999999999456e-01
9.227999999999999536e-01
9.354000000000000092e-01
9.344000000000000083e-01
9.350000000000000533e-01
9.338999999999999524e-01
9.247999999999999554e-01
9.268999999999999462e-01
9.244999999999999885e-01
9.123999999999999888e-01
9.029000000000000359e-01
8.981999999999999984e-01
8.763999999999999568e-01
8.729999999999999982e-01
8.576000000000000290e-01
8.548000000000000043e-01
8.380999999999999561e-01
8.860999999999999988e-01
9.175999999999999712e-01
9.429999999999999494e-01
9.283000000000000140e-01
9.527999999999999803e-01
9.620999999999999552e-01
9.643000000000000460e-01
9.609999999999999654e-01
9.639999999999999680e-01
9.649999999999999689e-01
9.553000000000000380e-01
9.589999999999999636e-01
9.608999999999999764e-01
9.559999999999999609e-01
9.625000000000000222e-01
9.679999999999999716e-01
9.724000000000000421e-01
9.542000000000000481e-01
9.558999999999999719e-01
9.586000000000000076e-01
9.489999999999999547e-01
9.504000000000000226e-01
9.452000000000000401e-01
9.475999999999999979e-01
9.534000000000000252e-01
9.221000000000000307e-01
9.028000000000000469e-01
8.948000000000000398e-01
8.894999999999999574e-01
8.546000000000000263e-01
8.168999999999999595e-01
8.091000000000000414e-01
7.663999999999999702e-01
6.812000000000000277e-01
6.330000000000000071e-01
5.779999999999999583e-01
4.913000000000000145e-01
4.601999999999999980e-01
4.087999999999999967e-01
3.783000000000000251e-01
3.734000000000000097e-01
3.709999999999999964e-01
3.810000000000000053e-01
3.667000000000000259e-01
3.497999999999999998e-01
3.448999999999999844e-01
3.534999999999999809e-01
3.589999999999999858e-01
3.509999999999999787e-01
3.731999999999999762e-01
3.837999999999999745e-01
3.808000000000000274e-01
3.723000000000000198e-01
3.630999999999999783e-01
3.437000000000000055e-01
3.168000000000000260e-01
2.373999999999999999e-01
2.305000000000000104e-01
1.759999999999999898e-01
1.557999999999999940e-01
1.358999999999999930e-01
1.136000000000000065e-01
1.247000000000000053e-01
1.265000000000000013e-01
1.396000000000000019e-01
1.405000000000000138e-01
1.434999999999999887e-01
1.456999999999999962e-01
1.464999999999999913e-01
1.539999999999999980e-01
1.753000000000000114e-01
1.986999999999999877e-01
2.044999999999999873e-01
2.174999999999999989e-01
2.540999999999999925e-01
3.020999999999999797e-01
3.222999999999999754e-01
3.598000000000000087e-01
3.718000000000000194e-01
3.546000000000000263e-01
3.422000000000000042e-01
3.375000000000000222e-01
3.372999999999999887e-01
3.559999999999999831e-01
3.427999999999999936e-01
3.180999999999999939e-01
2.892000000000000126e-01
2.813999999999999835e-01
2.549000000000000155e-01
2.268000000000000016e-01
1.996999999999999886e-01
1.935000000000000053e-01
1.945000000000000062e-01
2.136000000000000121e-01
2.129000000000000059e-01
2.046999999999999931e-01
1.995000000000000107e-01
2.086000000000000076e-01
2.010000000000000120e-01
1.900999999999999912e-01
1.980000000000000093e-01
2.020000000000000129e-01
2.137999999999999901e-01
2.147999999999999909e-01
2.199000000000000121e-01
2.146000000000000130e-01
2.051000000000000045e-01
1.728999999999999981e-01
1.802999999999999881e-01
1.781999999999999973e-01
1.985999999999999988e-01
2.003999999999999948e-01
2.018999999999999961e-01
1.993000000000000049e-01
1.557999999999999940e-01
1.633000000000000007e-01
1.277000000000000079e-01
1.327000000000000124e-01
1.213999999999999940e-01
8.690000000000000502e-02
8.909999999999999865e-02
1.005000000000000060e-01
9.589999999999999913e-02
9.529999999999999583e-02
8.429999999999999993e-02
8.450000000000000566e-02
6.439999999999999891e-02
5.330000000000000016e-02
4.739999999999999769e-02
2.730000000000000135e-02
2.290000000000000022e-02
1.069999999999999944e-02
8.800000000000000530e-03
6.799999999999999621e-03
4.499999999999999660e-03
2.500000000000000052e-03
4.000000000000000083e-03
4.700000000000000185e-03
9.700000000000000289e-03
2.489999999999999852e-02
2.680000000000000090e-02
3.769999999999999740e-02
4.080000000000000293e-02
5.199999999999999761e-02
6.469999999999999363e-02
7.290000000000000646e-02
7.359999999999999876e-02
6.790000000000000202e-02
6.429999999999999605e-02
6.210000000000000242e-02
6.700000000000000400e-02
7.810000000000000275e-02
8.970000000000000195e-02
8.169999999999999485e-02
7.770000000000000517e-02
7.439999999999999392e-02
7.689999999999999614e-02
6.710000000000000686e-02
5.510000000000000314e-02
4.379999999999999866e-02
3.020000000000000115e-02
1.839999999999999969e-02
1.000000000000000021e-02
8.099999999999999561e-03
0.000000000000000000e+00
3.099999999999999891e-03
1.020000000000000073e-02
1.650000000000000078e-02
1.820000000000000090e-02
1.710000000000000062e-02
1.919999999999999832e-02
2.829999999999999877e-02
2.610000000000000167e-02
2.160000000000000114e-02
1.319999999999999993e-02
7.799999999999999642e-03
1.290000000000000001e-02
1.199999999999999895e-03
6.300000000000000044e-03
5.999999999999999474e-04
1.000000000000000048e-04
0.000000000000000000e+00
0.000000000000000000e+00
0.000000000000000000e+00
0.000000000000000000e+00
0.000000000000000000e+00
0.000000000000000000e+00
2.220000000000000098e-02
5.310000000000000137e-02
8.740000000000000546e-02
1.559999999999999998e-01
2.051000000000000045e-01
2.627999999999999781e-01
2.901000000000000245e-01
3.796999999999999820e-01
4.086000000000000187e-01
4.711000000000000187e-01
5.374999999999999778e-01
6.076000000000000290e-01
6.497000000000000552e-01
7.087999999999999856e-01
7.223000000000000531e-01
6.830000000000000515e-01
