8.764999999999999458e-01
9.307999999999999607e-01
8.857000000000000428e-01
8.581999999999999629e-01
8.303000000000000380e-01
8.107999999999999652e-01
7.822999999999999954e-01
7.674999999999999600e-01
7.669000000000000261e-01
7.796999999999999487e-01
7.850000000000000311e-01
8.011000000000000343e-01
7.995999999999999774e-01
8.066999999999999726e-01
7.829000000000000403e-01
7.713999999999999746e-01
7.465000000000000524e-01
7.072000000000000508e-01
6.871000000000000441e-01
6.660000000000000364e-01
6.391000000000000014e-01
6.158000000000000140e-01
5.846000000000000085e-01
5.659999999999999476e-01
5.342000000000000082e-01
5.059000000000000163e-01
4.743999999999999884e-01
4.637000000000000011e-01
4.447999999999999732e-01
4.586999999999999966e-01
4.606000000000000094e-01
4.606000000000000094e-01
4.682999999999999940e-01
4.729999999999999760e-01
4.772000000000000131e-01
4.756000000000000227e-01
4.662999999999999923e-01
4.526999999999999913e-01
4.647999999999999909e-01
4.289999999999999925e-01
4.360999999999999877e-01
4.224999999999999867e-01
4.104999999999999760e-01
4.102000000000000091e-01
4.057999999999999940e-01
4.436999999999999833e-01
4.615000000000000213e-01
4.541000000000000036e-01
4.551999999999999935e-01
4.586000000000000076e-01
4.510000000000000120e-01
3.871999999999999886e-01
3.820000000000000062e-01
4.133000000000000007e-01
4.128000000000000003e-01
4.277000000000000246e-01
4.042999999999999927e-01
3.810999999999999943e-01
3.513999999999999901e-01
3.242999999999999772e-01
3.038000000000000145e-01
2.777999999999999914e-01
2.615999999999999992e-01
2.575999999999999956e-01
2.225000000000000033e-01
2.386000000000000065e-01
2.480999999999999872e-01
2.730000000000000204e-01
3.104000000000000092e-01
3.587000000000000188e-01
4.181000000000000272e-01
4.660000000000000253e-01
4.637999999999999901e-01
4.405999999999999917e-01
4.109999999999999765e-01
3.832999999999999741e-01
3.433999999999999830e-01
3.206999999999999851e-01
3.045999999999999819e-01
2.896000000000000241e-01
3.003000000000000114e-01
2.904999999999999805e-01
2.924999999999999822e-01
3.035999999999999810e-01
3.044000000000000039e-01
2.953000000000000069e-01
2.817999999999999949e-01
2.667999999999999816e-01
2.482999999999999929e-01
2.170999999999999874e-01
1.743000000000000105e-01
1.348000000000000032e-01
1.152999999999999997e-01
9.120000000000000329e-02
7.190000000000000557e-02
6.310000000000000331e-02
4.669999999999999846e-02
2.730000000000000135e-02
2.189999999999999933e-02
1.650000000000000078e-02
2.380000000000000171e-02
2.939999999999999905e-02
3.130000000000000143e-02
4.719999999999999890e-02
6.510000000000000508e-02
9.279999999999999361e-02
1.184999999999999942e-01
1.115000000000000019e-01
1.030999999999999972e-01
8.640000000000000457e-02
7.240000000000000602e-02
5.500000000000000028e-02
4.540000000000000285e-02
2.829999999999999877e-02
1.389999999999999916e-02
7.300000000000000065e-03
6.700000000000000226e-03
1.039999999999999952e-02
5.899999999999999863e-03
8.999999999999999320e-03
1.820000000000000090e-02
2.089999999999999844e-02
2.610000000000000167e-02
3.500000000000000333e-02
3.479999999999999760e-02
3.699999999999999817e-02
3.090000000000000038e-02
3.880000000000000115e-02
3.860000000000000236e-02
4.469999999999999668e-02
3.780000000000000027e-02
2.589999999999999941e-02
1.619999999999999912e-02
1.200000000000000025e-02
9.599999999999999159e-03
7.900000000000000772e-03
6.799999999999999621e-03
1.650000000000000078e-02
1.909999999999999892e-02
2.469999999999999973e-02
3.610000000000000014e-02
3.370000000000000079e-02
3.919999999999999873e-02
4.809999999999999692e-02
3.339999999999999913e-02
3.020000000000000115e-02
3.529999999999999805e-02
3.629999999999999893e-02
3.109999999999999917e-02
2.999999999999999889e-02
3.300000000000000155e-02
4.159999999999999809e-02
5.689999999999999919e-02
7.699999999999999900e-02
8.229999999999999816e-02
7.380000000000000449e-02
6.650000000000000355e-02
8.550000000000000655e-02
1.015999999999999959e-01
1.127999999999999975e-01
1.459000000000000019e-01
1.557999999999999940e-01
1.431000000000000050e-01
1.337000000000000133e-01
1.067000000000000032e-01
9.520000000000000684e-02
8.880000000000000393e-02
7.879999999999999505e-02
6.869999999999999718e-02
7.409999999999999920e-02
8.369999999999999662e-02
1.140999999999999931e-01
1.295000000000000040e-01
1.953000000000000014e-01
2.632999999999999785e-01
