8.216999999999999860e-01
7.922000000000000153e-01
7.173000000000000487e-01
6.118999999999999995e-01
5.026000000000000467e-01
4.062999999999999945e-01
3.693000000000000171e-01
3.267999999999999794e-01
2.761000000000000121e-01
2.321000000000000008e-01
2.220000000000000029e-01
2.066000000000000059e-01
1.582999999999999963e-01
1.190999999999999975e-01
9.769999999999999518e-02
8.519999999999999796e-02
8.429999999999999993e-02
8.999999999999999667e-02
1.176999999999999991e-01
1.628000000000000003e-01
1.786000000000000087e-01
1.970999999999999974e-01
2.126000000000000112e-01
2.054999999999999882e-01
2.033000000000000085e-01
2.112999999999999878e-01
2.283000000000000029e-01
2.406999999999999973e-01
2.255000000000000060e-01
2.023999999999999966e-01
1.648000000000000020e-01
1.403999999999999970e-01
1.156999999999999973e-01
9.239999999999999603e-02
8.590000000000000413e-02
6.320000000000000617e-02
4.959999999999999826e-02
4.660000000000000253e-02
3.509999999999999926e-02
3.039999999999999994e-02
4.309999999999999942e-02
4.089999999999999886e-02
4.850000000000000144e-02
5.510000000000000314e-02
5.299999999999999850e-02
5.330000000000000016e-02
7.280000000000000360e-02
6.819999999999999674e-02
7.860000000000000320e-02
7.639999999999999569e-02
6.700000000000000400e-02
6.250000000000000000e-02
4.730000000000000177e-02
3.459999999999999881e-02
3.799999999999999906e-02
4.809999999999999692e-02
5.390000000000000346e-02
6.320000000000000617e-02
7.380000000000000449e-02
1.140999999999999931e-01
1.285999999999999921e-01
1.446000000000000063e-01
1.721999999999999920e-01
1.726000000000000034e-01
2.018999999999999961e-01
2.290000000000000091e-01
2.787000000000000033e-01
3.081999999999999740e-01
3.135000000000000009e-01
2.972000000000000197e-01
2.834999999999999742e-01
2.343000000000000083e-01
1.882000000000000062e-01
1.822999999999999898e-01
1.552999999999999936e-01
1.178000000000000019e-01
9.189999999999999558e-02
7.580000000000000626e-02
6.869999999999999718e-02
6.539999999999999980e-02
6.019999999999999657e-02
5.040000000000000036e-02
4.730000000000000177e-02
5.890000000000000097e-02
5.670000000000000040e-02
7.489999999999999436e-02
8.039999999999999925e-02
1.077000000000000041e-01
1.267000000000000071e-01
1.655000000000000082e-01
1.648999999999999910e-01
1.701999999999999902e-01
2.036000000000000032e-01
2.127000000000000002e-01
2.416999999999999982e-01
2.965999999999999748e-01
3.144000000000000128e-01
3.588000000000000078e-01
4.265999999999999792e-01
4.697999999999999954e-01
5.067000000000000393e-01
5.663000000000000256e-01
6.432999999999999829e-01
7.135000000000000231e-01
7.954999999999999849e-01
8.567000000000000171e-01
8.814999999999999503e-01
8.959000000000000297e-01
9.023999999999999799e-01
9.060000000000000275e-01
8.988000000000000433e-01
8.969000000000000306e-01
9.026999999999999469e-01
9.001000000000000112e-01
9.123999999999999888e-01
9.133999999999999897e-01
9.284000000000000030e-01
9.230000000000000426e-01
9.197999999999999510e-01
9.165999999999999703e-01
9.147999999999999465e-01
9.100000000000000311e-01
9.284000000000000030e-01
9.174999999999999822e-01
9.056999999999999496e-01
9.140000000000000346e-01
9.253000000000000114e-01
9.325999999999999845e-01
9.462000000000000410e-01
9.375000000000000000e-01
9.505000000000000115e-01
9.423000000000000265e-01
9.515000000000000124e-01
9.506000000000000005e-01
9.467999999999999750e-01
9.367999999999999661e-01
9.455999999999999961e-01
9.384000000000000119e-01
9.343000000000000194e-01
9.231000000000000316e-01
9.225999999999999757e-01
9.373000000000000220e-01
9.462000000000000410e-01
9.454000000000000181e-01
9.404000000000000137e-01
9.485000000000000098e-01
9.468999999999999639e-01
9.486999999999999877e-01
9.474000000000000199e-01
9.533000000000000362e-01
9.533000000000000362e-01
9.640999999999999570e-01
9.626000000000000112e-01
9.715000000000000302e-01
9.710999999999999632e-01
9.737999999999999989e-01
9.838000000000000078e-01
9.953999999999999515e-01
9.862999999999999545e-01
9.685000000000000275e-01
9.651999999999999469e-01
9.600999999999999535e-01
9.608999999999999764e-01
9.618999999999999773e-01
9.599999999999999645e-01
9.514000000000000234e-01
9.520999999999999464e-01
9.618999999999999773e-01
9.636000000000000121e-01
9.679999999999999716e-01
9.720999999999999641e-01
9.756000000000000227e-01
9.706000000000000183e-01
9.623000000000000442e-01
9.612000000000000544e-01
9.651999999999999469e-01
9.585000000000000187e-01
9.758999999999999897e-01
9.724000000000000421e-01
9.776000000000000245e-01
9.799999999999999822e-01
9.842999999999999527e-01
9.797000000000000153e-01
9.820999999999999730e-01
9.854000000000000536e-01
9.750999999999999668e-01
9.807000000000000162e-01
9.743000000000000549e-01
9.718999999999999861e-01
9.663000000000000478e-01
9.669999999999999707e-01
9.696000000000000174e-01
9.659999999999999698e-01
9.649999999999999689e-01
9.532000000000000473e-01
9.597999999999999865e-01
9.516000000000000014e-01
9.605000000000000204e-01
9.538999999999999702e-01
9.703000000000000513e-01
9.616999999999999993e-01
9.572000000000000508e-01
9.572000000000000508e-01
9.624000000000000332e-01
9.727999999999999980e-01
9.801999999999999602e-01
9.659999999999999698e-01
9.729999999999999760e-01
9.667999999999999927e-01
9.615000000000000213e-01
9.637999999999999901e-01
9.507999999999999785e-01
9.671999999999999487e-01
9.760999999999999677e-01
9.650999999999999579e-01
9.612000000000000544e-01
9.656000000000000139e-01
9.655000000000000249e-01
9.577999999999999847e-01
9.496999999999999886e-01
9.532000000000000473e-01
9.552000000000000490e-01
9.572000000000000508e-01
9.736000000000000210e-01
9.818000000000000060e-01
9.814000000000000501e-01
9.915000000000000480e-01
9.896000000000000352e-01
9.716000000000000192e-01
9.555000000000000160e-01
9.602000000000000535e-01
9.651999999999999469e-01
9.565000000000000169e-01
9.598999999999999755e-01
9.664000000000000368e-01
9.613000000000000433e-01
9.552000000000000490e-01
9.589999999999999636e-01
9.747000000000000108e-01
9.585000000000000187e-01
9.602000000000000535e-01
9.693000000000000504e-01
9.704000000000000403e-01
9.752999999999999448e-01
9.717999999999999972e-01
9.688999999999999835e-01
9.791999999999999593e-01
9.759999999999999787e-01
9.710999999999999632e-01
9.836000000000000298e-01
9.758000000000000007e-01
9.799999999999999822e-01
9.704000000000000403e-01
9.623000000000000442e-01
9.556999999999999940e-01
9.587999999999999856e-01
9.734000000000000430e-01
9.660999999999999588e-01
9.578999999999999737e-01
9.527999999999999803e-01
9.514000000000000234e-01
9.425999999999999934e-01
9.446999999999999842e-01
9.373000000000000220e-01
9.216999999999999638e-01
9.190000000000000391e-01
9.162000000000000144e-01
9.065999999999999615e-01
9.189000000000000501e-01
9.183000000000000052e-01
9.465999999999999970e-01
9.250000000000000444e-01
9.836000000000000298e-01
9.931999999999999718e-01
9.798999999999999932e-01
9.750999999999999668e-01
9.971999999999999753e-01
9.812999999999999501e-01
9.875000000000000444e-01
9.855000000000000426e-01
9.835000000000000409e-01
9.907000000000000250e-01
9.925000000000000488e-01
9.939000000000000057e-01
1.000000000000000000e+00
1.000000000000000000e+00
1.000000000000000000e+00
9.880999999999999783e-01
9.961999999999999744e-01
9.927000000000000268e-01
9.882999999999999563e-01
9.895000000000000462e-01
9.880999999999999783e-01
1.000000000000000000e+00
9.917000000000000259e-01
9.868999999999999995e-01
9.982999999999999652e-01
9.983999999999999542e-01
9.889000000000000012e-01
9.821999999999999620e-01
9.798999999999999932e-01
9.646000000000000130e-01
9.655000000000000249e-01
9.848999999999999977e-01
9.626000000000000112e-01
9.563000000000000389e-01
9.454000000000000181e-01
9.290000000000000480e-01
9.472000000000000419e-01
9.455000000000000071e-01
9.560999999999999499e-01
9.484000000000000208e-01
9.314000000000000057e-01
9.297999999999999599e-01
9.293000000000000149e-01
9.344000000000000083e-01
9.386999999999999789e-01
9.273000000000000131e-01
9.197999999999999510e-01
9.277999999999999581e-01
9.434000000000000163e-01
9.454000000000000181e-01
9.423000000000000265e-01
9.331000000000000405e-01
9.297999999999999599e-01
9.142000000000000126e-01
8.918000000000000371e-01
8.782999999999999696e-01
8.727000000000000313e-01
8.594000000000000528e-01
8.306999999999999940e-01
8.248999999999999666e-01
8.074999999999999956e-01
8.114000000000000101e-01
8.172000000000000375e-01
8.020000000000000462e-01
8.127999999999999670e-01
8.147999999999999687e-01
7.885999999999999677e-01
7.695999999999999508e-01
7.399999999999999911e-01
7.347000000000000197e-01
7.028999999999999693e-01
6.588000000000000522e-01
5.945000000000000284e-01
5.535999999999999810e-01
4.940999999999999837e-01
4.025000000000000244e-01
3.830000000000000071e-01
3.375000000000000222e-01
2.934999999999999831e-01
2.525999999999999912e-01
2.154999999999999971e-01
1.789999999999999925e-01
1.497999999999999887e-01
1.441999999999999948e-01
1.524999999999999967e-01
1.675000000000000100e-01
1.902000000000000079e-01
1.950999999999999956e-01
2.675000000000000155e-01
3.240000000000000102e-01
4.053999999999999826e-01
4.592999999999999861e-01
5.041999999999999815e-01
5.604999999999999982e-01
5.937999999999999945e-01
6.262999999999999678e-01
6.395999999999999464e-01
6.341999999999999860e-01
6.149999999999999911e-01
5.890999999999999570e-01
5.734000000000000208e-01
5.421000000000000263e-01
5.456999999999999629e-01
5.256999999999999451e-01
5.153999999999999693e-01
5.215999999999999526e-01
5.629999999999999449e-01
5.815000000000000169e-01
5.994000000000000439e-01
6.017000000000000126e-01
5.916000000000000147e-01
5.532000000000000250e-01
5.124999999999999556e-01
4.732999999999999985e-01
4.522999999999999798e-01
4.050000000000000266e-01
3.810999999999999943e-01
3.425000000000000266e-01
3.194000000000000172e-01
2.585999999999999965e-01
2.373999999999999999e-01
2.205000000000000016e-01
2.192999999999999949e-01
1.680000000000000104e-01
1.554000000000000103e-01
1.554999999999999993e-01
1.537999999999999923e-01
1.255999999999999894e-01
1.272999999999999965e-01
1.365999999999999992e-01
1.398999999999999966e-01
1.269000000000000128e-01
1.431999999999999940e-01
1.559000000000000108e-01
1.398000000000000076e-01
1.408000000000000085e-01
1.303999999999999881e-01
1.358999999999999930e-01
1.393000000000000071e-01
1.547999999999999932e-01
1.816000000000000114e-01
2.316999999999999893e-01
2.757000000000000006e-01
3.346999999999999975e-01
3.817999999999999727e-01
4.420000000000000040e-01
4.840999999999999748e-01
5.161000000000000032e-01
5.638999999999999568e-01
5.924000000000000377e-01
6.550000000000000266e-01
6.987999999999999767e-01
7.413999999999999480e-01
7.569000000000000172e-01
7.577000000000000401e-01
7.441999999999999726e-01
6.857999999999999652e-01
6.382999999999999785e-01
5.796999999999999931e-01
5.464999999999999858e-01
5.010000000000000009e-01
4.632000000000000006e-01
4.537999999999999812e-01
4.339999999999999969e-01
4.195999999999999730e-01
4.038999999999999813e-01
4.058999999999999830e-01
4.005000000000000226e-01
3.678000000000000158e-01
3.302999999999999825e-01
3.076999999999999735e-01
2.849999999999999756e-01
2.500999999999999890e-01
1.971999999999999864e-01
1.376999999999999891e-01
1.010999999999999954e-01
7.040000000000000424e-02
3.969999999999999918e-02
2.160000000000000114e-02
1.750000000000000167e-02
3.599999999999999901e-03
9.599999999999999159e-03
1.469999999999999953e-02
1.499999999999999944e-02
1.389999999999999916e-02
2.860000000000000042e-02
3.629999999999999893e-02
5.109999999999999959e-02
5.630000000000000282e-02
8.089999999999999969e-02
7.710000000000000187e-02
7.069999999999999896e-02
5.739999999999999963e-02
4.279999999999999777e-02
2.709999999999999909e-02
1.540000000000000049e-02
1.430000000000000021e-02
2.069999999999999965e-02
2.589999999999999941e-02
3.269999999999999990e-02
5.550000000000000072e-02
1.029000000000000054e-01
1.569000000000000117e-01
1.902999999999999969e-01
2.016999999999999904e-01
1.980000000000000093e-01
1.870999999999999885e-01
1.676999999999999880e-01
1.481999999999999984e-01
1.140000000000000041e-01
6.669999999999999540e-02
3.740000000000000269e-02
1.810000000000000150e-02
6.000000000000000125e-03
4.899999999999999842e-03
0.000000000000000000e+00
3.000000000000000062e-03
1.230000000000000017e-02
2.079999999999999905e-02
2.809999999999999998e-02
3.309999999999999748e-02
5.210000000000000048e-02
5.940000000000000141e-02
5.199999999999999761e-02
5.700000000000000205e-02
4.309999999999999942e-02
3.500000000000000333e-02
2.179999999999999993e-02
1.729999999999999941e-02
1.400000000000000029e-02
1.679999999999999896e-02
2.450000000000000094e-02
4.610000000000000209e-02
8.039999999999999925e-02
1.310999999999999943e-01
1.592999999999999972e-01
1.958999999999999908e-01
2.000000000000000111e-01
2.053000000000000103e-01
2.137000000000000011e-01
2.126000000000000112e-01
1.869999999999999996e-01
1.519999999999999962e-01
1.300000000000000044e-01
9.779999999999999805e-02
9.320000000000000506e-02
5.970000000000000306e-02
6.809999999999999387e-02
8.210000000000000631e-02
8.989999999999999380e-02
9.909999999999999365e-02
9.160000000000000087e-02
6.400000000000000133e-02
2.860000000000000042e-02
9.499999999999999764e-03
3.299999999999999982e-03
1.299999999999999940e-03
1.060000000000000005e-02
4.100000000000000346e-03
1.110000000000000049e-02
1.880000000000000074e-02
4.130000000000000338e-02
7.190000000000000557e-02
9.969999999999999696e-02
9.579999999999999627e-02
1.208000000000000046e-01
1.504999999999999949e-01
1.814000000000000057e-01
2.043000000000000094e-01
2.444000000000000061e-01
2.832999999999999963e-01
2.985999999999999766e-01
3.069000000000000061e-01
3.623999999999999999e-01
3.220000000000000084e-01
2.919999999999999818e-01
2.795000000000000262e-01
2.757999999999999896e-01
2.848999999999999866e-01
2.821000000000000174e-01
2.712999999999999856e-01
2.616999999999999882e-01
2.728999999999999759e-01
2.928999999999999937e-01
3.131999999999999784e-01
3.174000000000000155e-01
3.735999999999999877e-01
4.520000000000000129e-01
4.954999999999999960e-01
5.745000000000000107e-01
6.350000000000000089e-01
7.540000000000000036e-01
8.555000000000000382e-01
9.125999999999999668e-01
9.433000000000000274e-01
9.633000000000000451e-01
9.760999999999999677e-01
9.977000000000000313e-01
9.820999999999999730e-01
9.947000000000000286e-01
9.955000000000000515e-01
9.920999999999999819e-01
1.000000000000000000e+00
9.959000000000000075e-01
1.000000000000000000e+00
9.867000000000000215e-01
9.953999999999999515e-01
9.798999999999999932e-01
9.907000000000000250e-01
9.738999999999999879e-01
9.933999999999999497e-01
9.912999999999999590e-01
9.846000000000000307e-01
1.000000000000000000e+00
9.841999999999999638e-01
9.865000000000000435e-01
9.769999999999999796e-01
9.778000000000000025e-01
9.646000000000000130e-01
9.650999999999999579e-01
9.488999999999999657e-01
9.221000000000000307e-01
8.937000000000000499e-01
8.692999999999999616e-01
8.484000000000000430e-01
8.455000000000000293e-01
8.455000000000000293e-01
8.223000000000000309e-01
8.493000000000000549e-01
8.383000000000000451e-01
7.993999999999999995e-01
7.995999999999999774e-01
7.756999999999999451e-01
7.538000000000000256e-01
7.381999999999999673e-01
7.169999999999999707e-01
7.122000000000000552e-01
7.116999999999999993e-01
7.077999999999999847e-01
7.164000000000000368e-01
7.164000000000000368e-01
7.057999999999999829e-01
7.032000000000000473e-01
7.289999999999999813e-01
7.128999999999999782e-01
6.954000000000000181e-01
6.560000000000000275e-01
6.521000000000000130e-01
5.570000000000000506e-01
4.915999999999999814e-01
4.707000000000000073e-01
4.404000000000000137e-01
4.349000000000000088e-01
4.344999999999999973e-01
4.198999999999999955e-01
3.961000000000000076e-01
4.091000000000000192e-01
3.971000000000000085e-01
3.680999999999999828e-01
4.026000000000000134e-01
3.971000000000000085e-01
3.674999999999999933e-01
4.113999999999999879e-01
4.018999999999999795e-01
3.789000000000000146e-01
3.709999999999999964e-01
3.870000000000000107e-01
3.614999999999999880e-01
3.649999999999999911e-01
3.832999999999999741e-01
3.710999999999999854e-01
3.472999999999999976e-01
3.484999999999999765e-01
3.463999999999999857e-01
3.392999999999999905e-01
3.159000000000000141e-01
3.296999999999999931e-01
3.226999999999999869e-01
3.130000000000000004e-01
3.155000000000000027e-01
3.256000000000000005e-01
3.230000000000000093e-01
3.052000000000000268e-01
3.230999999999999983e-01
3.366000000000000103e-01
3.205000000000000071e-01
3.205999999999999961e-01
3.356000000000000094e-01
3.060999999999999832e-01
3.033000000000000140e-01
3.241999999999999882e-01
3.432999999999999940e-01
3.180000000000000049e-01
3.427000000000000046e-01
3.605999999999999761e-01
3.638000000000000123e-01
3.943999999999999728e-01
4.370999999999999885e-01
5.021999999999999797e-01
5.894000000000000350e-01
6.864000000000000101e-01
7.315000000000000391e-01
8.113000000000000211e-01
8.357999999999999874e-01
8.581999999999999629e-01
8.650999999999999801e-01
8.850000000000000089e-01
8.875999999999999446e-01
8.753999999999999559e-01
8.465000000000000302e-01
8.096999999999999753e-01
7.559000000000000163e-01
6.830000000000000515e-01
5.644000000000000128e-01
4.870999999999999774e-01
4.136000000000000232e-01
3.624999999999999889e-01
3.133000000000000229e-01
3.044999999999999929e-01
2.973999999999999977e-01
2.790000000000000258e-01
2.826000000000000179e-01
2.817999999999999949e-01
2.836000000000000187e-01
2.746000000000000107e-01
2.833999999999999853e-01
2.712999999999999856e-01
2.642999999999999794e-01
2.582999999999999741e-01
2.529000000000000137e-01
2.338000000000000078e-01
2.220000000000000029e-01
2.109999999999999931e-01
1.938000000000000000e-01
1.680999999999999994e-01
1.648999999999999910e-01
1.489000000000000046e-01
1.342000000000000137e-01
1.250999999999999890e-01
1.194999999999999951e-01
9.810000000000000664e-02
1.077000000000000041e-01
9.239999999999999603e-02
8.809999999999999776e-02
8.429999999999999993e-02
9.500000000000000111e-02
7.549999999999999767e-02
7.290000000000000646e-02
8.770000000000000018e-02
9.589999999999999913e-02
1.053000000000000047e-01
1.035999999999999976e-01
1.228999999999999954e-01
1.603999999999999870e-01
1.895000000000000018e-01
2.444999999999999951e-01
3.322999999999999843e-01
4.113999999999999879e-01
4.590000000000000191e-01
4.974000000000000088e-01
5.802000000000000490e-01
6.314999999999999503e-01
6.521000000000000130e-01
7.085000000000000187e-01
7.220999999999999641e-01
7.210999999999999632e-01
7.194000000000000394e-01
7.007999999999999785e-01
6.316000000000000503e-01
5.920999999999999597e-01
5.376999999999999558e-01
4.924000000000000044e-01
4.183999999999999941e-01
3.377000000000000002e-01
2.688999999999999724e-01
2.018000000000000071e-01
1.545999999999999874e-01
1.219999999999999973e-01
1.048000000000000043e-01
8.400000000000000522e-02
5.800000000000000294e-02
6.119999999999999746e-02
5.519999999999999907e-02
5.310000000000000137e-02
4.440000000000000197e-02
5.410000000000000225e-02
4.830000000000000265e-02
4.340000000000000108e-02
5.550000000000000072e-02
6.539999999999999980e-02
7.870000000000000606e-02
8.379999999999999949e-02
9.160000000000000087e-02
1.015999999999999959e-01
1.005000000000000060e-01
1.045999999999999985e-01
1.156999999999999973e-01
1.160999999999999949e-01
1.078000000000000069e-01
1.008000000000000007e-01
9.879999999999999893e-02
9.879999999999999893e-02
9.700000000000000289e-02
1.063999999999999946e-01
1.063999999999999946e-01
9.629999999999999671e-02
9.429999999999999494e-02
9.900000000000000466e-02
7.920000000000000651e-02
8.300000000000000433e-02
7.820000000000000562e-02
6.350000000000000089e-02
6.040000000000000230e-02
6.660000000000000642e-02
6.529999999999999694e-02
7.560000000000000053e-02
1.115000000000000019e-01
1.446000000000000063e-01
1.733999999999999986e-01
2.056999999999999940e-01
2.048999999999999988e-01
1.995999999999999996e-01
2.195000000000000007e-01
1.804000000000000048e-01
1.761999999999999955e-01
1.701999999999999902e-01
1.577999999999999958e-01
1.423999999999999988e-01
1.212000000000000022e-01
1.050999999999999990e-01
7.889999999999999791e-02
5.390000000000000346e-02
3.239999999999999825e-02
3.169999999999999901e-02
3.420000000000000123e-02
5.469999999999999862e-02
7.720000000000000473e-02
9.429999999999999494e-02
1.322000000000000119e-01
1.927999999999999992e-01
2.485999999999999877e-01
3.064000000000000057e-01
3.462000000000000077e-01
3.938999999999999724e-01
4.248000000000000109e-01
4.449000000000000177e-01
4.703999999999999848e-01
4.605000000000000204e-01
4.475000000000000089e-01
4.366999999999999771e-01
4.299999999999999933e-01
4.288000000000000145e-01
4.652999999999999914e-01
5.175999999999999490e-01
5.939999999999999725e-01
6.838999999999999524e-01
7.409999999999999920e-01
7.769000000000000350e-01
7.972000000000000197e-01
7.893999999999999906e-01
7.140999999999999570e-01
