9.919999999999999929e-01
9.552000000000000490e-01
9.073999999999999844e-01
8.578999999999999959e-01
8.012000000000000233e-01
7.885999999999999677e-01
7.412999999999999590e-01
7.198999999999999844e-01
6.635999999999999677e-01
6.719000000000000528e-01
6.350999999999999979e-01
6.200999999999999845e-01
6.581000000000000183e-01
6.585999999999999632e-01
6.403999999999999693e-01
6.636999999999999567e-01
6.693000000000000060e-01
6.801000000000000378e-01
6.782000000000000250e-01
6.700000000000000400e-01
6.862000000000000322e-01
6.730000000000000426e-01
6.871000000000000441e-01
6.835999999999999854e-01
6.523999999999999799e-01
6.040999999999999703e-01
5.449000000000000510e-01
5.114999999999999547e-01
4.469000000000000195e-01
4.338000000000000189e-01
3.962999999999999856e-01
3.613999999999999990e-01
3.232999999999999763e-01
2.822999999999999954e-01
2.585999999999999965e-01
2.116999999999999993e-01
1.990000000000000102e-01
2.076000000000000068e-01
2.074999999999999900e-01
2.316999999999999893e-01
2.676999999999999935e-01
2.586999999999999855e-01
2.619000000000000217e-01
2.401000000000000079e-01
2.081999999999999962e-01
1.700000000000000122e-01
1.350000000000000089e-01
1.175999999999999962e-01
1.074999999999999983e-01
1.092999999999999944e-01
9.529999999999999583e-02
8.899999999999999578e-02
7.900000000000000078e-02
6.539999999999999980e-02
6.439999999999999891e-02
8.490000000000000324e-02
8.870000000000000107e-02
8.150000000000000300e-02
6.950000000000000622e-02
5.240000000000000213e-02
4.989999999999999991e-02
4.580000000000000043e-02
5.449999999999999983e-02
5.369999999999999774e-02
5.609999999999999709e-02
4.329999999999999821e-02
4.739999999999999769e-02
5.269999999999999685e-02
5.129999999999999838e-02
4.540000000000000285e-02
4.529999999999999999e-02
3.400000000000000244e-02
2.889999999999999861e-02
2.429999999999999868e-02
2.199999999999999872e-02
2.060000000000000026e-02
2.719999999999999848e-02
2.670000000000000151e-02
3.130000000000000143e-02
4.700000000000000011e-02
7.449999999999999678e-02
1.155999999999999944e-01
1.778000000000000136e-01
2.217000000000000082e-01
2.604000000000000203e-01
2.782999999999999918e-01
2.903999999999999915e-01
2.921000000000000263e-01
2.686999999999999944e-01
2.356999999999999929e-01
1.922999999999999987e-01
1.698999999999999955e-01
1.333999999999999908e-01
1.014000000000000040e-01
8.740000000000000546e-02
6.060000000000000109e-02
4.830000000000000265e-02
3.230000000000000232e-02
2.759999999999999953e-02
3.420000000000000123e-02
3.359999999999999792e-02
3.880000000000000115e-02
3.169999999999999901e-02
2.369999999999999885e-02
2.199999999999999872e-02
1.849999999999999908e-02
1.529999999999999936e-02
2.549999999999999836e-02
2.750000000000000014e-02
3.379999999999999671e-02
3.799999999999999906e-02
5.260000000000000092e-02
5.700000000000000205e-02
1.044000000000000067e-01
1.393000000000000071e-01
1.806999999999999995e-01
2.043999999999999984e-01
2.384999999999999898e-01
2.595999999999999974e-01
2.654000000000000248e-01
2.746999999999999997e-01
2.829999999999999738e-01
2.944999999999999840e-01
3.039000000000000035e-01
3.134000000000000119e-01
3.496000000000000218e-01
3.931999999999999940e-01
4.797000000000000153e-01
5.014999999999999458e-01
5.887000000000000011e-01
6.855999999999999872e-01
7.570000000000000062e-01
8.146999999999999797e-01
8.308999999999999719e-01
8.435000000000000275e-01
8.354000000000000314e-01
8.447000000000000064e-01
8.232000000000000428e-01
7.983999999999999986e-01
7.832999999999999963e-01
7.339999999999999858e-01
6.892000000000000348e-01
6.536999999999999478e-01
6.173999999999999488e-01
5.859999999999999654e-01
5.825000000000000178e-01
5.725999999999999979e-01
5.592000000000000304e-01
5.706999999999999851e-01
6.021999999999999575e-01
5.685999999999999943e-01
5.292000000000000037e-01
4.768000000000000016e-01
4.262000000000000233e-01
3.558999999999999941e-01
3.114999999999999991e-01
2.596999999999999864e-01
2.026999999999999913e-01
1.608999999999999875e-01
1.343000000000000027e-01
8.290000000000000147e-02
5.859999999999999931e-02
5.489999999999999741e-02
4.209999999999999853e-02
3.679999999999999938e-02
3.070000000000000159e-02
1.899999999999999953e-02
1.480000000000000066e-02
1.239999999999999956e-02
1.069999999999999944e-02
1.480000000000000066e-02
1.409999999999999969e-02
1.069999999999999944e-02
1.060000000000000005e-02
1.859999999999999848e-02
2.809999999999999998e-02
3.139999999999999736e-02
4.449999999999999789e-02
5.439999999999999697e-02
6.410000000000000420e-02
7.430000000000000493e-02
7.580000000000000626e-02
7.729999999999999372e-02
7.430000000000000493e-02
6.469999999999999363e-02
4.540000000000000285e-02
2.960000000000000131e-02
2.220000000000000098e-02
2.549999999999999836e-02
2.309999999999999901e-02
2.069999999999999965e-02
2.210000000000000159e-02
1.909999999999999892e-02
2.709999999999999909e-02
3.420000000000000123e-02
4.490000000000000241e-02
5.129999999999999838e-02
6.149999999999999911e-02
7.299999999999999545e-02
6.890000000000000291e-02
6.690000000000000113e-02
6.419999999999999318e-02
5.650000000000000161e-02
6.310000000000000331e-02
6.339999999999999802e-02
8.580000000000000127e-02
1.111999999999999933e-01
1.419999999999999873e-01
1.434999999999999887e-01
1.327000000000000124e-01
1.233000000000000068e-01
1.140999999999999931e-01
1.163000000000000006e-01
1.095000000000000001e-01
1.096000000000000030e-01
1.163000000000000006e-01
1.335000000000000075e-01
1.463000000000000134e-01
1.628999999999999893e-01
1.935999999999999943e-01
2.316000000000000003e-01
2.757000000000000006e-01
3.018000000000000127e-01
3.610999999999999766e-01
4.436999999999999833e-01
4.902000000000000246e-01
5.372999999999999998e-01
5.494999999999999885e-01
5.365999999999999659e-01
5.052999999999999714e-01
4.459000000000000186e-01
3.715999999999999859e-01
3.049999999999999933e-01
2.283999999999999919e-01
1.479000000000000037e-01
1.103999999999999981e-01
1.018000000000000016e-01
1.187000000000000000e-01
1.542000000000000037e-01
1.693000000000000060e-01
1.930000000000000049e-01
2.152000000000000024e-01
2.349999999999999867e-01
2.376000000000000056e-01
2.159999999999999976e-01
1.892000000000000071e-01
1.693000000000000060e-01
1.544999999999999984e-01
1.228999999999999954e-01
1.035999999999999976e-01
9.080000000000000571e-02
8.269999999999999574e-02
7.449999999999999678e-02
7.829999999999999460e-02
8.899999999999999578e-02
1.039000000000000062e-01
1.280999999999999917e-01
1.519000000000000072e-01
1.678000000000000047e-01
1.895000000000000018e-01
2.214000000000000135e-01
2.675000000000000155e-01
2.993000000000000105e-01
3.202999999999999736e-01
3.363999999999999768e-01
3.386000000000000121e-01
3.491000000000000214e-01
3.574999999999999845e-01
3.608000000000000096e-01
3.720999999999999863e-01
3.488999999999999879e-01
3.133000000000000229e-01
2.960999999999999743e-01
2.781000000000000139e-01
2.817000000000000060e-01
2.839999999999999747e-01
2.730000000000000204e-01
2.555999999999999939e-01
2.340000000000000135e-01
1.943000000000000005e-01
1.648000000000000020e-01
1.628999999999999893e-01
1.550999999999999879e-01
1.590999999999999914e-01
1.587999999999999967e-01
1.595000000000000029e-01
1.598999999999999866e-01
1.549000000000000099e-01
1.323000000000000009e-01
9.790000000000000091e-02
8.210000000000000631e-02
6.819999999999999674e-02
7.760000000000000231e-02
9.389999999999999736e-02
1.205999999999999989e-01
1.436999999999999944e-01
1.517000000000000015e-01
1.524000000000000077e-01
1.507999999999999896e-01
1.348999999999999921e-01
1.074999999999999983e-01
8.100000000000000255e-02
7.430000000000000493e-02
6.230000000000000121e-02
5.569999999999999951e-02
4.909999999999999781e-02
5.310000000000000137e-02
6.959999999999999520e-02
9.379999999999999449e-02
1.033000000000000029e-01
1.106000000000000039e-01
1.136999999999999955e-01
1.360999999999999988e-01
1.414999999999999869e-01
1.540999999999999870e-01
1.910000000000000031e-01
2.626999999999999891e-01
3.250000000000000111e-01
3.706999999999999740e-01
4.269999999999999907e-01
4.532999999999999807e-01
4.652999999999999914e-01
4.516999999999999904e-01
4.487999999999999767e-01
4.259999999999999898e-01
4.147000000000000131e-01
3.961999999999999966e-01
3.557000000000000162e-01
3.118000000000000216e-01
2.752999999999999892e-01
2.516999999999999793e-01
2.346999999999999920e-01
2.265999999999999959e-01
2.472999999999999921e-01
2.805000000000000271e-01
3.207999999999999741e-01
3.587000000000000188e-01
4.133999999999999897e-01
4.479000000000000203e-01
4.768000000000000016e-01
4.859999999999999876e-01
4.832000000000000184e-01
4.600000000000000200e-01
4.758000000000000007e-01
4.945999999999999841e-01
5.144999999999999574e-01
5.097000000000000419e-01
4.859999999999999876e-01
4.441999999999999837e-01
3.825000000000000067e-01
3.131999999999999784e-01
2.746000000000000107e-01
2.182999999999999940e-01
1.691999999999999893e-01
1.365000000000000102e-01
1.053000000000000047e-01
7.069999999999999896e-02
6.579999999999999738e-02
6.479999999999999649e-02
5.700000000000000205e-02
6.539999999999999980e-02
7.689999999999999614e-02
7.480000000000000537e-02
9.199999999999999845e-02
1.115000000000000019e-01
1.214999999999999969e-01
1.000999999999999945e-01
6.569999999999999452e-02
5.000000000000000278e-02
3.250000000000000111e-02
1.420000000000000082e-02
1.170000000000000033e-02
7.900000000000000772e-03
1.750000000000000167e-02
2.819999999999999937e-02
4.370000000000000273e-02
5.079999999999999793e-02
6.500000000000000222e-02
6.859999999999999432e-02
7.030000000000000138e-02
8.590000000000000413e-02
7.960000000000000409e-02
8.870000000000000107e-02
8.440000000000000280e-02
7.929999999999999549e-02
6.850000000000000533e-02
4.859999999999999737e-02
3.930000000000000160e-02
3.020000000000000115e-02
2.350000000000000006e-02
2.709999999999999909e-02
3.239999999999999825e-02
4.059999999999999720e-02
4.359999999999999987e-02
5.870000000000000218e-02
6.429999999999999605e-02
6.569999999999999452e-02
5.439999999999999697e-02
4.250000000000000305e-02
3.950000000000000039e-02
3.359999999999999792e-02
4.070000000000000007e-02
5.029999999999999749e-02
5.899999999999999689e-02
7.030000000000000138e-02
8.000000000000000167e-02
7.789999999999999702e-02
7.910000000000000364e-02
7.879999999999999505e-02
8.050000000000000211e-02
7.420000000000000207e-02
7.489999999999999436e-02
7.340000000000000691e-02
7.220000000000000029e-02
6.060000000000000109e-02
4.970000000000000112e-02
4.089999999999999886e-02
2.980000000000000010e-02
2.319999999999999840e-02
2.860000000000000042e-02
3.160000000000000309e-02
3.450000000000000289e-02
4.189999999999999974e-02
4.920000000000000068e-02
5.589999999999999830e-02
5.380000000000000060e-02
5.179999999999999882e-02
5.020000000000000157e-02
5.720000000000000084e-02
6.909999999999999476e-02
9.149999999999999800e-02
1.215999999999999998e-01
1.365000000000000102e-01
1.572000000000000064e-01
1.935999999999999943e-01
2.059999999999999887e-01
1.963000000000000023e-01
1.729999999999999871e-01
1.590000000000000024e-01
1.507999999999999896e-01
1.451999999999999957e-01
1.320000000000000062e-01
1.248999999999999971e-01
1.066000000000000003e-01
9.180000000000000659e-02
8.319999999999999618e-02
7.019999999999999851e-02
5.729999999999999677e-02
5.279999999999999971e-02
4.739999999999999769e-02
4.059999999999999720e-02
4.830000000000000265e-02
4.639999999999999680e-02
4.560000000000000164e-02
2.960000000000000131e-02
3.080000000000000099e-02
2.769999999999999893e-02
3.520000000000000212e-02
4.410000000000000031e-02
5.340000000000000302e-02
6.329999999999999516e-02
7.309999999999999831e-02
8.749999999999999445e-02
1.252999999999999947e-01
1.612000000000000099e-01
1.978000000000000036e-01
2.484000000000000097e-01
2.847000000000000086e-01
3.136999999999999789e-01
3.274000000000000243e-01
3.513000000000000012e-01
3.896999999999999909e-01
4.071000000000000174e-01
4.181000000000000272e-01
4.189999999999999836e-01
3.891999999999999904e-01
3.649999999999999911e-01
3.553000000000000047e-01
3.346000000000000085e-01
3.469999999999999751e-01
3.448999999999999844e-01
3.643000000000000127e-01
3.700999999999999845e-01
3.840999999999999970e-01
3.936999999999999944e-01
4.214999999999999858e-01
4.132000000000000117e-01
4.122000000000000108e-01
3.956000000000000072e-01
3.691999999999999726e-01
3.694000000000000061e-01
3.412000000000000033e-01
3.307999999999999829e-01
3.214000000000000190e-01
3.158000000000000251e-01
3.131999999999999784e-01
3.245999999999999996e-01
3.336000000000000076e-01
3.322999999999999843e-01
3.099999999999999978e-01
2.736000000000000099e-01
2.406999999999999973e-01
1.904000000000000137e-01
1.444999999999999896e-01
1.239999999999999991e-01
1.035999999999999976e-01
5.800000000000000294e-02
5.650000000000000161e-02
6.189999999999999669e-02
5.820000000000000173e-02
7.979999999999999594e-02
1.063000000000000056e-01
1.250000000000000000e-01
1.332000000000000128e-01
1.549999999999999989e-01
1.784999999999999920e-01
2.015000000000000124e-01
2.126000000000000112e-01
2.073000000000000120e-01
1.970999999999999974e-01
1.968999999999999917e-01
1.713000000000000078e-01
1.451999999999999957e-01
1.385000000000000120e-01
1.166999999999999982e-01
8.519999999999999796e-02
7.080000000000000182e-02
6.950000000000000622e-02
5.999999999999999778e-02
5.530000000000000193e-02
5.859999999999999931e-02
6.429999999999999605e-02
5.709999999999999798e-02
4.830000000000000265e-02
4.449999999999999789e-02
5.059999999999999915e-02
5.199999999999999761e-02
5.190000000000000169e-02
7.610000000000000098e-02
9.420000000000000595e-02
9.139999999999999514e-02
9.510000000000000397e-02
1.135000000000000037e-01
1.069999999999999979e-01
8.970000000000000195e-02
8.390000000000000235e-02
8.179999999999999771e-02
9.470000000000000639e-02
1.156999999999999973e-01
1.506000000000000116e-01
1.738999999999999990e-01
1.844000000000000083e-01
1.963000000000000023e-01
1.782999999999999863e-01
1.572000000000000064e-01
1.507000000000000006e-01
1.285000000000000031e-01
8.509999999999999509e-02
4.359999999999999987e-02
5.109999999999999959e-02
3.379999999999999671e-02
3.389999999999999958e-02
2.649999999999999925e-02
3.090000000000000038e-02
3.969999999999999918e-02
4.189999999999999974e-02
5.419999999999999818e-02
5.419999999999999818e-02
2.999999999999999889e-02
2.840000000000000163e-02
3.629999999999999893e-02
3.500000000000000333e-02
3.259999999999999704e-02
5.140000000000000124e-02
8.160000000000000586e-02
1.145000000000000046e-01
1.303999999999999881e-01
1.526000000000000134e-01
1.729999999999999871e-01
2.056000000000000050e-01
2.399999999999999911e-01
2.833999999999999853e-01
3.335000000000000187e-01
3.776999999999999802e-01
4.411999999999999811e-01
4.829999999999999849e-01
5.440000000000000391e-01
6.262999999999999678e-01
6.782000000000000250e-01
7.067999999999999838e-01
7.268000000000000016e-01
7.387000000000000233e-01
7.386000000000000343e-01
7.408000000000000140e-01
7.540999999999999925e-01
7.584999999999999520e-01
7.641999999999999904e-01
7.920000000000000373e-01
8.499999999999999778e-01
8.982999999999999874e-01
9.482000000000000428e-01
9.674000000000000377e-01
9.819999999999999840e-01
1.000000000000000000e+00
1.000000000000000000e+00
1.000000000000000000e+00
1.000000000000000000e+00
1.000000000000000000e+00
1.000000000000000000e+00
1.000000000000000000e+00
1.000000000000000000e+00
1.000000000000000000e+00
1.000000000000000000e+00
1.000000000000000000e+00
1.000000000000000000e+00
1.000000000000000000e+00
1.000000000000000000e+00
1.000000000000000000e+00
1.000000000000000000e+00
1.000000000000000000e+00
1.000000000000000000e+00
1.000000000000000000e+00
1.000000000000000000e+00
1.000000000000000000e+00
1.000000000000000000e+00
1.000000000000000000e+00
9.953999999999999515e-01
1.000000000000000000e+00
1.000000000000000000e+00
9.991999999999999771e-01
9.983999999999999542e-01
1.000000000000000000e+00
1.000000000000000000e+00
1.000000000000000000e+00
1.000000000000000000e+00
1.000000000000000000e+00
1.000000000000000000e+00
1.000000000000000000e+00
1.000000000000000000e+00
1.000000000000000000e+00
1.000000000000000000e+00
1.000000000000000000e+00
1.000000000000000000e+00
1.000000000000000000e+00
1.000000000000000000e+00
1.000000000000000000e+00
1.000000000000000000e+00
1.000000000000000000e+00
1.000000000000000000e+00
1.000000000000000000e+00
1.000000000000000000e+00
1.000000000000000000e+00
1.000000000000000000e+00
1.000000000000000000e+00
1.000000000000000000e+00
1.000000000000000000e+00
1.000000000000000000e+00
1.000000000000000000e+00
1.000000000000000000e+00
9.988000000000000211e-01
1.000000000000000000e+00
1.000000000000000000e+00
1.000000000000000000e+00
9.983999999999999542e-01
1.000000000000000000e+00
9.928000000000000158e-01
9.972999999999999643e-01
9.986000000000000432e-01
1.000000000000000000e+00
1.000000000000000000e+00
1.000000000000000000e+00
1.000000000000000000e+00
1.000000000000000000e+00
1.000000000000000000e+00
1.000000000000000000e+00
1.000000000000000000e+00
1.000000000000000000e+00
1.000000000000000000e+00
1.000000000000000000e+00
1.000000000000000000e+00
1.000000000000000000e+00
1.000000000000000000e+00
1.000000000000000000e+00
1.000000000000000000e+00
1.000000000000000000e+00
1.000000000000000000e+00
1.000000000000000000e+00
9.990999999999999881e-01
9.885000000000000453e-01
9.897000000000000242e-01
9.989000000000000101e-01
9.945000000000000506e-01
9.896000000000000352e-01
9.897000000000000242e-01
9.871999999999999664e-01
1.000000000000000000e+00
1.000000000000000000e+00
1.000000000000000000e+00
1.000000000000000000e+00
1.000000000000000000e+00
1.000000000000000000e+00
1.000000000000000000e+00
1.000000000000000000e+00
1.000000000000000000e+00
9.990999999999999881e-01
1.000000000000000000e+00
1.000000000000000000e+00
1.000000000000000000e+00
1.000000000000000000e+00
1.000000000000000000e+00
1.000000000000000000e+00
1.000000000000000000e+00
1.000000000000000000e+00
1.000000000000000000e+00
1.000000000000000000e+00
1.000000000000000000e+00
1.000000000000000000e+00
1.000000000000000000e+00
1.000000000000000000e+00
1.000000000000000000e+00
9.988000000000000211e-01
1.000000000000000000e+00
1.000000000000000000e+00
1.000000000000000000e+00
1.000000000000000000e+00
1.000000000000000000e+00
1.000000000000000000e+00
1.000000000000000000e+00
1.000000000000000000e+00
1.000000000000000000e+00
1.000000000000000000e+00
1.000000000000000000e+00
1.000000000000000000e+00
1.000000000000000000e+00
1.000000000000000000e+00
1.000000000000000000e+00
9.858000000000000096e-01
9.544000000000000261e-01
9.370000000000000551e-01
9.206999999999999629e-01
9.126999999999999558e-01
8.913999999999999702e-01
8.663999999999999480e-01
8.438999999999999835e-01
8.571999999999999620e-01
8.381999999999999451e-01
8.219999999999999529e-01
8.053000000000000158e-01
7.949000000000000510e-01
7.903999999999999915e-01
7.891000000000000236e-01
8.165000000000000036e-01
8.621999999999999664e-01
8.786000000000000476e-01
9.373000000000000220e-01
9.737999999999999989e-01
9.647999999999999909e-01
9.779999999999999805e-01
9.911999999999999700e-01
9.878000000000000114e-01
1.000000000000000000e+00
1.000000000000000000e+00
1.000000000000000000e+00
9.929000000000000048e-01
9.738999999999999879e-01
9.880999999999999783e-01
1.000000000000000000e+00
1.000000000000000000e+00
1.000000000000000000e+00
9.875000000000000444e-01
9.933999999999999497e-01
9.866000000000000325e-01
9.772999999999999465e-01
9.647999999999999909e-01
9.923999999999999488e-01
9.941999999999999726e-01
9.716000000000000192e-01
9.866000000000000325e-01
1.000000000000000000e+00
1.000000000000000000e+00
1.000000000000000000e+00
1.000000000000000000e+00
1.000000000000000000e+00
1.000000000000000000e+00
1.000000000000000000e+00
1.000000000000000000e+00
9.950999999999999845e-01
9.940999999999999837e-01
9.929999999999999938e-01
1.000000000000000000e+00
1.000000000000000000e+00
1.000000000000000000e+00
9.938000000000000167e-01
9.797000000000000153e-01
9.700999999999999623e-01
9.797000000000000153e-01
9.978000000000000203e-01
9.943999999999999506e-01
9.879000000000000004e-01
9.935000000000000497e-01
9.695000000000000284e-01
9.553000000000000380e-01
9.628999999999999782e-01
9.409999999999999476e-01
9.569999999999999618e-01
1.000000000000000000e+00
9.705000000000000293e-01
1.000000000000000000e+00
1.000000000000000000e+00
1.000000000000000000e+00
9.999000000000000110e-01
9.842999999999999527e-01
9.983999999999999542e-01
1.000000000000000000e+00
9.928000000000000158e-01
9.815000000000000391e-01
9.830999999999999739e-01
9.845000000000000417e-01
9.909000000000000030e-01
1.000000000000000000e+00
9.881999999999999673e-01
1.000000000000000000e+00
1.000000000000000000e+00
1.000000000000000000e+00
1.000000000000000000e+00
1.000000000000000000e+00
1.000000000000000000e+00
1.000000000000000000e+00
1.000000000000000000e+00
1.000000000000000000e+00
1.000000000000000000e+00
1.000000000000000000e+00
1.000000000000000000e+00
1.000000000000000000e+00
9.992999999999999661e-01
9.918000000000000149e-01
9.989999999999999991e-01
9.902999999999999581e-01
1.000000000000000000e+00
1.000000000000000000e+00
1.000000000000000000e+00
1.000000000000000000e+00
1.000000000000000000e+00
1.000000000000000000e+00
9.972999999999999643e-01
9.960999999999999854e-01
1.000000000000000000e+00
1.000000000000000000e+00
1.000000000000000000e+00
1.000000000000000000e+00
1.000000000000000000e+00
1.000000000000000000e+00
1.000000000000000000e+00
9.961999999999999744e-01
9.995000000000000551e-01
1.000000000000000000e+00
1.000000000000000000e+00
1.000000000000000000e+00
1.000000000000000000e+00
1.000000000000000000e+00
1.000000000000000000e+00
1.000000000000000000e+00
1.000000000000000000e+00
9.828000000000000069e-01
9.960999999999999854e-01
9.654000000000000359e-01
9.696000000000000174e-01
9.849999999999999867e-01
9.859999999999999876e-01
9.818999999999999950e-01
1.000000000000000000e+00
9.933999999999999497e-01
9.930999999999999828e-01
9.752999999999999448e-01
9.615000000000000213e-01
9.421000000000000485e-01
9.375999999999999890e-01
9.416999999999999815e-01
9.597999999999999865e-01
9.661999999999999478e-01
9.798999999999999932e-01
9.768999999999999906e-01
9.806000000000000272e-01
9.825000000000000400e-01
9.916000000000000369e-01
9.754000000000000448e-01
9.828999999999999959e-01
9.835000000000000409e-01
9.932999999999999607e-01
1.000000000000000000e+00
1.000000000000000000e+00
1.000000000000000000e+00
1.000000000000000000e+00
1.000000000000000000e+00
1.000000000000000000e+00
1.000000000000000000e+00
1.000000000000000000e+00
1.000000000000000000e+00
1.000000000000000000e+00
9.973999999999999533e-01
1.000000000000000000e+00
1.000000000000000000e+00
1.000000000000000000e+00
9.859999999999999876e-01
9.913999999999999480e-01
9.716000000000000192e-01
1.000000000000000000e+00
1.000000000000000000e+00
9.939999999999999947e-01
1.000000000000000000e+00
1.000000000000000000e+00
1.000000000000000000e+00
1.000000000000000000e+00
1.000000000000000000e+00
1.000000000000000000e+00
9.907000000000000250e-01
1.000000000000000000e+00
1.000000000000000000e+00
1.000000000000000000e+00
1.000000000000000000e+00
1.000000000000000000e+00
1.000000000000000000e+00
1.000000000000000000e+00
1.000000000000000000e+00
1.000000000000000000e+00
1.000000000000000000e+00
1.000000000000000000e+00
1.000000000000000000e+00
1.000000000000000000e+00
1.000000000000000000e+00
1.000000000000000000e+00
1.000000000000000000e+00
1.000000000000000000e+00
1.000000000000000000e+00
1.000000000000000000e+00
1.000000000000000000e+00
1.000000000000000000e+00
1.000000000000000000e+00
1.000000000000000000e+00
1.000000000000000000e+00
1.000000000000000000e+00
1.000000000000000000e+00
1.000000000000000000e+00
1.000000000000000000e+00
1.000000000000000000e+00
1.000000000000000000e+00
1.000000000000000000e+00
1.000000000000000000e+00
1.000000000000000000e+00
1.000000000000000000e+00
1.000000000000000000e+00
1.000000000000000000e+00
1.000000000000000000e+00
1.000000000000000000e+00
1.000000000000000000e+00
1.000000000000000000e+00
1.000000000000000000e+00
1.000000000000000000e+00
1.000000000000000000e+00
1.000000000000000000e+00
1.000000000000000000e+00
1.000000000000000000e+00
1.000000000000000000e+00
1.000000000000000000e+00
1.000000000000000000e+00
1.000000000000000000e+00
1.000000000000000000e+00
1.000000000000000000e+00
1.000000000000000000e+00
1.000000000000000000e+00
9.997000000000000330e-01
1.000000000000000000e+00
1.000000000000000000e+00
1.000000000000000000e+00
1.000000000000000000e+00
1.000000000000000000e+00
1.000000000000000000e+00
1.000000000000000000e+00
1.000000000000000000e+00
1.000000000000000000e+00
1.000000000000000000e+00
1.000000000000000000e+00
1.000000000000000000e+00
1.000000000000000000e+00
1.000000000000000000e+00
1.000000000000000000e+00
1.000000000000000000e+00
1.000000000000000000e+00
9.930999999999999828e-01
9.738999999999999879e-01
9.606000000000000094e-01
9.496999999999999886e-01
8.954999999999999627e-01
8.652999999999999581e-01
8.490999999999999659e-01
8.225000000000000089e-01
7.701000000000000068e-01
7.550000000000000044e-01
7.327000000000000179e-01
7.207999999999999963e-01
6.943000000000000282e-01
6.644999999999999796e-01
6.756999999999999673e-01
6.499000000000000332e-01
6.118999999999999995e-01
5.856000000000000094e-01
5.783000000000000362e-01
5.552000000000000268e-01
5.261000000000000121e-01
4.575000000000000178e-01
4.419000000000000150e-01
3.827999999999999736e-01
3.649000000000000021e-01
3.184000000000000163e-01
2.965999999999999748e-01
2.570000000000000062e-01
2.200999999999999901e-01
1.850999999999999868e-01
1.456000000000000072e-01
1.303999999999999881e-01
1.147999999999999993e-01
1.060999999999999999e-01
1.106000000000000039e-01
1.136999999999999955e-01
1.179000000000000048e-01
1.189999999999999947e-01
1.411000000000000032e-01
1.464999999999999913e-01
1.439000000000000001e-01
1.393999999999999961e-01
1.312000000000000111e-01
1.116000000000000048e-01
9.919999999999999651e-02
6.850000000000000533e-02
6.389999999999999847e-02
5.720000000000000084e-02
5.349999999999999895e-02
4.299999999999999656e-02
3.389999999999999958e-02
3.259999999999999704e-02
3.429999999999999716e-02
3.099999999999999978e-02
2.330000000000000127e-02
2.999999999999999889e-02
2.970000000000000070e-02
3.549999999999999684e-02
3.080000000000000099e-02
3.819999999999999785e-02
2.929999999999999966e-02
3.509999999999999926e-02
3.969999999999999918e-02
3.059999999999999873e-02
2.100000000000000130e-02
1.770000000000000046e-02
1.559999999999999928e-02
6.499999999999999702e-03
1.159999999999999920e-02
1.129999999999999928e-02
1.490000000000000005e-02
1.149999999999999981e-02
6.100000000000000387e-03
0.000000000000000000e+00
5.799999999999999600e-03
7.700000000000000247e-03
1.009999999999999960e-02
2.230000000000000038e-02
4.730000000000000177e-02
6.060000000000000109e-02
8.790000000000000591e-02
9.520000000000000684e-02
8.309999999999999332e-02
7.850000000000000033e-02
6.700000000000000400e-02
6.819999999999999674e-02
6.260000000000000286e-02
5.020000000000000157e-02
4.120000000000000051e-02
5.229999999999999927e-02
5.260000000000000092e-02
6.300000000000000044e-02
7.900000000000000078e-02
9.320000000000000506e-02
1.260000000000000009e-01
1.431000000000000050e-01
1.764000000000000012e-01
2.275000000000000078e-01
2.936000000000000276e-01
3.503000000000000003e-01
4.307000000000000273e-01
4.823999999999999955e-01
5.476999999999999647e-01
6.012999999999999456e-01
6.461999999999999966e-01
6.656999999999999584e-01
7.060999999999999499e-01
7.261999999999999567e-01
7.291999999999999593e-01
7.371999999999999664e-01
7.453999999999999515e-01
7.720000000000000195e-01
7.611999999999999877e-01
7.388000000000000123e-01
7.146000000000000130e-01
6.834999999999999964e-01
6.481999999999999984e-01
6.306000000000000494e-01
5.947000000000000064e-01
5.302999999999999936e-01
4.796000000000000263e-01
4.037000000000000033e-01
3.398999999999999799e-01
3.200999999999999956e-01
3.130999999999999894e-01
3.027000000000000246e-01
3.014000000000000012e-01
2.980999999999999761e-01
3.473999999999999866e-01
3.768000000000000238e-01
4.459000000000000186e-01
5.030999999999999917e-01
5.444999999999999840e-01
5.968999999999999861e-01
6.695999999999999730e-01
6.592000000000000082e-01
6.984000000000000208e-01
7.370999999999999774e-01
7.305000000000000382e-01
7.230999999999999650e-01
6.722000000000000197e-01
7.086000000000000076e-01
6.642000000000000126e-01
6.778999999999999471e-01
6.862000000000000322e-01
7.054000000000000270e-01
7.779000000000000359e-01
8.337999999999999856e-01
8.866000000000000547e-01
9.133999999999999897e-01
9.068000000000000504e-01
9.222000000000000197e-01
9.596000000000000085e-01
9.693000000000000504e-01
9.822999999999999510e-01
9.848999999999999977e-01
9.937000000000000277e-01
9.866000000000000325e-01
9.987000000000000322e-01
1.000000000000000000e+00
1.000000000000000000e+00
9.959000000000000075e-01
9.989999999999999991e-01
1.000000000000000000e+00
9.997000000000000330e-01
9.869999999999999885e-01
9.926000000000000378e-01
9.960999999999999854e-01
9.963999999999999524e-01
1.000000000000000000e+00
1.000000000000000000e+00
9.959999999999999964e-01
1.000000000000000000e+00
9.975000000000000533e-01
9.998000000000000220e-01
1.000000000000000000e+00
9.991999999999999771e-01
9.955000000000000515e-01
9.951999999999999735e-01
9.965000000000000524e-01
1.000000000000000000e+00
1.000000000000000000e+00
1.000000000000000000e+00
9.976000000000000423e-01
1.000000000000000000e+00
1.000000000000000000e+00
1.000000000000000000e+00
9.979999999999999982e-01
9.720999999999999641e-01
9.815000000000000391e-01
1.000000000000000000e+00
1.000000000000000000e+00
1.000000000000000000e+00
1.000000000000000000e+00
1.000000000000000000e+00
1.000000000000000000e+00
1.000000000000000000e+00
1.000000000000000000e+00
9.961999999999999744e-01
1.000000000000000000e+00
1.000000000000000000e+00
9.855000000000000426e-01
9.973999999999999533e-01
1.000000000000000000e+00
9.938000000000000167e-01
9.932999999999999607e-01
1.000000000000000000e+00
1.000000000000000000e+00
1.000000000000000000e+00
9.951999999999999735e-01
9.821999999999999620e-01
9.887000000000000233e-01
1.000000000000000000e+00
1.000000000000000000e+00
9.975000000000000533e-01
1.000000000000000000e+00
9.953999999999999515e-01
9.880999999999999783e-01
9.947000000000000286e-01
9.795000000000000373e-01
9.992999999999999661e-01
1.000000000000000000e+00
1.000000000000000000e+00
1.000000000000000000e+00
1.000000000000000000e+00
1.000000000000000000e+00
1.000000000000000000e+00
1.000000000000000000e+00
1.000000000000000000e+00
1.000000000000000000e+00
1.000000000000000000e+00
1.000000000000000000e+00
1.000000000000000000e+00
9.999000000000000110e-01
1.000000000000000000e+00
1.000000000000000000e+00
1.000000000000000000e+00
1.000000000000000000e+00
1.000000000000000000e+00
9.932999999999999607e-01
9.935000000000000497e-01
9.792999999999999483e-01
9.909000000000000030e-01
1.000000000000000000e+00
1.000000000000000000e+00
1.000000000000000000e+00
9.981999999999999762e-01
1.000000000000000000e+00
9.983999999999999542e-01
9.968000000000000194e-01
9.895000000000000462e-01
9.834000000000000519e-01
9.779999999999999805e-01
9.798000000000000043e-01
9.889000000000000012e-01
9.915000000000000480e-01
9.925000000000000488e-01
9.931999999999999718e-01
9.970999999999999863e-01
9.955000000000000515e-01
9.808999999999999941e-01
9.811999999999999611e-01
9.933999999999999497e-01
1.000000000000000000e+00
9.926000000000000378e-01
9.968000000000000194e-01
9.860999999999999766e-01
9.862999999999999545e-01
1.000000000000000000e+00
9.905000000000000471e-01
1.000000000000000000e+00
9.874000000000000554e-01
9.797000000000000153e-01
1.000000000000000000e+00
9.919999999999999929e-01
9.927000000000000268e-01
9.831999999999999629e-01
9.749999999999999778e-01
9.717999999999999972e-01
9.804000000000000492e-01
9.675000000000000266e-01
9.746000000000000218e-01
9.689999999999999725e-01
9.525000000000000133e-01
9.375000000000000000e-01
9.159000000000000474e-01
8.745000000000000551e-01
8.407999999999999918e-01
7.963999999999999968e-01
7.752999999999999892e-01
7.188999999999999835e-01
6.585999999999999632e-01
6.165000000000000480e-01
5.938999999999999835e-01
5.614999999999999991e-01
5.474999999999999867e-01
5.352999999999999980e-01
5.076000000000000512e-01
5.133999999999999675e-01
5.304999999999999716e-01
5.143999999999999684e-01
4.929000000000000048e-01
5.604000000000000092e-01
5.601000000000000423e-01
5.818999999999999728e-01
5.728999999999999648e-01
5.858999999999999764e-01
5.974000000000000421e-01
6.401999999999999913e-01
6.731000000000000316e-01
6.853000000000000203e-01
6.756999999999999673e-01
6.832000000000000295e-01
7.498000000000000220e-01
7.981000000000000316e-01
8.380999999999999561e-01
8.770999999999999908e-01
9.024999999999999689e-01
9.209000000000000519e-01
9.284000000000000030e-01
9.374000000000000110e-01
9.495000000000000107e-01
9.770999999999999686e-01
9.808000000000000052e-01
9.856000000000000316e-01
9.991999999999999771e-01
1.000000000000000000e+00
9.835000000000000409e-01
9.806000000000000272e-01
9.857000000000000206e-01
9.825000000000000400e-01
9.993999999999999551e-01
1.000000000000000000e+00
1.000000000000000000e+00
1.000000000000000000e+00
1.000000000000000000e+00
1.000000000000000000e+00
1.000000000000000000e+00
9.970999999999999863e-01
9.989999999999999991e-01
1.000000000000000000e+00
1.000000000000000000e+00
1.000000000000000000e+00
1.000000000000000000e+00
1.000000000000000000e+00
9.931999999999999718e-01
1.000000000000000000e+00
1.000000000000000000e+00
9.819999999999999840e-01
9.889000000000000012e-01
9.891999999999999682e-01
9.849999999999999867e-01
9.862999999999999545e-01
9.869999999999999885e-01
9.794000000000000483e-01
9.645000000000000240e-01
9.578999999999999737e-01
9.506999999999999895e-01
9.328999999999999515e-01
9.352000000000000313e-01
9.431000000000000494e-01
9.090000000000000302e-01
9.201000000000000290e-01
9.472000000000000419e-01
9.310000000000000497e-01
9.290000000000000480e-01
8.961000000000000076e-01
8.947000000000000508e-01
8.696000000000000396e-01
8.585000000000000409e-01
8.498999999999999888e-01
8.525000000000000355e-01
8.715000000000000524e-01
8.701999999999999735e-01
9.286999999999999700e-01
9.274000000000000021e-01
9.559999999999999609e-01
9.661999999999999478e-01
9.928000000000000158e-01
9.990999999999999881e-01
9.936000000000000387e-01
9.957000000000000295e-01
1.000000000000000000e+00
1.000000000000000000e+00
9.999000000000000110e-01
1.000000000000000000e+00
1.000000000000000000e+00
9.819999999999999840e-01
9.829999999999999849e-01
1.000000000000000000e+00
1.000000000000000000e+00
1.000000000000000000e+00
1.000000000000000000e+00
1.000000000000000000e+00
1.000000000000000000e+00
1.000000000000000000e+00
9.943999999999999506e-01
1.000000000000000000e+00
9.939000000000000057e-01
9.842999999999999527e-01
9.997000000000000330e-01
1.000000000000000000e+00
1.000000000000000000e+00
1.000000000000000000e+00
1.000000000000000000e+00
9.895000000000000462e-01
9.879999999999999893e-01
9.827000000000000179e-01
9.850999999999999757e-01
9.864000000000000545e-01
9.818999999999999950e-01
9.728999999999999870e-01
9.637999999999999901e-01
9.568999999999999728e-01
9.206999999999999629e-01
8.928000000000000380e-01
8.660999999999999810e-01
8.507000000000000117e-01
8.450999999999999623e-01
8.106999999999999762e-01
7.889000000000000457e-01
7.462999999999999634e-01
6.939999999999999503e-01
6.283999999999999586e-01
5.534000000000000030e-01
4.793000000000000038e-01
4.097999999999999976e-01
3.539999999999999813e-01
3.353999999999999759e-01
3.197999999999999732e-01
3.452000000000000068e-01
3.713000000000000189e-01
4.169999999999999818e-01
4.959999999999999964e-01
5.315999999999999615e-01
5.644000000000000128e-01
5.937000000000000055e-01
5.955000000000000293e-01
5.741000000000000547e-01
4.877000000000000224e-01
4.053999999999999826e-01
3.106999999999999762e-01
2.424999999999999933e-01
1.874000000000000110e-01
1.398000000000000076e-01
8.959999999999999909e-02
5.820000000000000173e-02
4.189999999999999974e-02
4.479999999999999954e-02
4.259999999999999898e-02
3.320000000000000034e-02
2.709999999999999909e-02
3.239999999999999825e-02
2.599999999999999881e-02
3.119999999999999857e-02
2.879999999999999921e-02
2.800000000000000058e-02
2.359999999999999945e-02
3.009999999999999828e-02
2.390000000000000110e-02
1.269999999999999948e-02
7.900000000000000772e-03
3.299999999999999982e-03
3.899999999999999821e-03
5.999999999999999474e-04
0.000000000000000000e+00
0.000000000000000000e+00
1.450000000000000074e-02
1.799999999999999864e-02
1.480000000000000066e-02
3.590000000000000135e-02
6.210000000000000242e-02
7.109999999999999654e-02
7.720000000000000473e-02
9.450000000000000067e-02
1.069999999999999979e-01
1.210999999999999993e-01
1.126000000000000056e-01
1.328999999999999904e-01
1.559000000000000108e-01
1.506000000000000116e-01
1.769000000000000017e-01
2.038000000000000089e-01
2.207999999999999963e-01
2.245000000000000051e-01
2.580000000000000071e-01
2.940999999999999726e-01
3.089999999999999969e-01
3.501000000000000223e-01
3.916000000000000036e-01
4.361999999999999766e-01
4.863999999999999990e-01
5.832000000000000517e-01
6.390000000000000124e-01
7.251999999999999558e-01
7.553999999999999604e-01
8.396000000000000130e-01
8.172000000000000375e-01
7.237999999999999989e-01
