8.959000000000000297e-01
9.112999999999999989e-01
8.932999999999999829e-01
8.715000000000000524e-01
8.532999999999999474e-01
8.405000000000000249e-01
8.213000000000000300e-01
7.842000000000000082e-01
7.642999999999999794e-01
7.264000000000000457e-01
6.889999999999999458e-01
6.393999999999999684e-01
6.076000000000000290e-01
5.777999999999999803e-01
5.422000000000000153e-01
4.678999999999999826e-01
4.285999999999999810e-01
4.092000000000000082e-01
3.778000000000000247e-01
3.306999999999999940e-01
2.936000000000000276e-01
2.656999999999999917e-01
2.343000000000000083e-01
1.948000000000000009e-01
1.317000000000000115e-01
1.082000000000000045e-01
9.139999999999999514e-02
1.025999999999999968e-01
1.192000000000000004e-01
1.466000000000000081e-01
1.643000000000000016e-01
2.157000000000000028e-01
2.571999999999999842e-01
3.557000000000000162e-01
4.161000000000000254e-01
4.853000000000000091e-01
5.182999999999999829e-01
4.944000000000000061e-01
4.514000000000000234e-01
4.008999999999999786e-01
3.552000000000000157e-01
3.099000000000000088e-01
2.524000000000000132e-01
2.048000000000000098e-01
1.418999999999999984e-01
1.137999999999999984e-01
7.040000000000000424e-02
8.019999999999999352e-02
6.959999999999999520e-02
7.080000000000000182e-02
7.209999999999999742e-02
7.739999999999999658e-02
7.370000000000000162e-02
7.850000000000000033e-02
8.830000000000000349e-02
1.270999999999999908e-01
1.559000000000000108e-01
1.968999999999999917e-01
2.414999999999999925e-01
2.775000000000000244e-01
2.757000000000000006e-01
2.612999999999999767e-01
2.285000000000000087e-01
2.043999999999999984e-01
1.847999999999999921e-01
1.786000000000000087e-01
1.771000000000000074e-01
1.615000000000000047e-01
1.575999999999999901e-01
1.554000000000000103e-01
1.517999999999999905e-01
1.418000000000000094e-01
1.496999999999999997e-01
1.766999999999999960e-01
1.761000000000000065e-01
1.877000000000000057e-01
2.001999999999999891e-01
2.199000000000000121e-01
2.427999999999999881e-01
2.620999999999999996e-01
3.178000000000000269e-01
3.425000000000000266e-01
3.663000000000000145e-01
3.975000000000000200e-01
4.333000000000000185e-01
4.680000000000000271e-01
5.003999999999999559e-01
5.830999999999999517e-01
6.260999999999999899e-01
6.487000000000000544e-01
6.922000000000000375e-01
7.389000000000000012e-01
7.548000000000000265e-01
7.631999999999999895e-01
7.891000000000000236e-01
8.073000000000000176e-01
8.406000000000000139e-01
8.133000000000000229e-01
8.242000000000000437e-01
8.707000000000000295e-01
8.555000000000000382e-01
8.548999999999999932e-01
8.508000000000000007e-01
8.572999999999999510e-01
8.718000000000000194e-01
8.547000000000000153e-01
8.546000000000000263e-01
8.769000000000000128e-01
8.790000000000000036e-01
8.933999999999999719e-01
8.937000000000000499e-01
9.123999999999999888e-01
9.159000000000000474e-01
9.233999999999999986e-01
9.201000000000000290e-01
9.114999999999999769e-01
8.934999999999999609e-01
8.882999999999999785e-01
8.729999999999999982e-01
8.758000000000000229e-01
8.500999999999999668e-01
8.648000000000000131e-01
8.354000000000000314e-01
8.276000000000000023e-01
7.689000000000000279e-01
6.639000000000000457e-01
5.996000000000000218e-01
5.614999999999999991e-01
5.060000000000000053e-01
4.662000000000000033e-01
4.744999999999999774e-01
4.566999999999999948e-01
4.383000000000000229e-01
4.308000000000000163e-01
4.121000000000000218e-01
3.997999999999999887e-01
4.189999999999999836e-01
4.198000000000000065e-01
3.917999999999999816e-01
4.169999999999999818e-01
4.076000000000000179e-01
4.037000000000000033e-01
3.971000000000000085e-01
4.410000000000000031e-01
4.540000000000000147e-01
5.120000000000000107e-01
5.397999999999999465e-01
5.903000000000000469e-01
6.290000000000000036e-01
6.413999999999999702e-01
6.568000000000000504e-01
6.770000000000000462e-01
6.873000000000000220e-01
6.896999999999999797e-01
6.942000000000000393e-01
6.828999999999999515e-01
6.645999999999999686e-01
6.401000000000000023e-01
6.281999999999999806e-01
6.402999999999999803e-01
6.247000000000000330e-01
6.439000000000000279e-01
6.798999999999999488e-01
6.152999999999999581e-01
5.706999999999999851e-01
5.148000000000000353e-01
4.522999999999999798e-01
4.184999999999999831e-01
4.202000000000000179e-01
4.269999999999999907e-01
4.265999999999999792e-01
4.178999999999999937e-01
4.457999999999999741e-01
4.605000000000000204e-01
4.586999999999999966e-01
4.542999999999999816e-01
4.439000000000000168e-01
4.245999999999999774e-01
4.229999999999999871e-01
3.991999999999999993e-01
3.800000000000000044e-01
3.846999999999999864e-01
3.778000000000000247e-01
3.860000000000000098e-01
4.072000000000000064e-01
4.406999999999999806e-01
4.133999999999999897e-01
4.077000000000000068e-01
4.010000000000000231e-01
3.439999999999999725e-01
2.918999999999999928e-01
2.605999999999999983e-01
2.278000000000000025e-01
1.804999999999999938e-01
1.516000000000000125e-01
1.274000000000000132e-01
1.125000000000000028e-01
1.066000000000000003e-01
1.184000000000000052e-01
1.348000000000000032e-01
1.290000000000000036e-01
1.310999999999999943e-01
1.531000000000000139e-01
1.661999999999999866e-01
1.930000000000000049e-01
2.255999999999999950e-01
2.548000000000000265e-01
2.606999999999999873e-01
2.416999999999999982e-01
2.094999999999999918e-01
1.673000000000000043e-01
1.343999999999999917e-01
1.079999999999999988e-01
8.970000000000000195e-02
7.770000000000000517e-02
7.119999999999999940e-02
6.859999999999999432e-02
5.269999999999999685e-02
4.469999999999999668e-02
4.290000000000000063e-02
3.359999999999999792e-02
1.820000000000000090e-02
3.939999999999999752e-02
3.039999999999999994e-02
4.309999999999999942e-02
5.340000000000000302e-02
7.040000000000000424e-02
8.530000000000000082e-02
1.053999999999999937e-01
1.140999999999999931e-01
1.464000000000000024e-01
1.849999999999999978e-01
2.154999999999999971e-01
2.439000000000000057e-01
2.819999999999999729e-01
3.251999999999999891e-01
3.556000000000000272e-01
4.395999999999999908e-01
4.904000000000000026e-01
5.594999999999999973e-01
6.280999999999999917e-01
6.875000000000000000e-01
7.223000000000000531e-01
7.722999999999999865e-01
8.314000000000000279e-01
8.619999999999999885e-01
8.918000000000000371e-01
9.105999999999999650e-01
9.133000000000000007e-01
9.164999999999999813e-01
9.287999999999999590e-01
9.263000000000000123e-01
9.383000000000000229e-01
9.437999999999999723e-01
9.441000000000000503e-01
9.565000000000000169e-01
9.526999999999999913e-01
9.419999999999999485e-01
9.465999999999999970e-01
9.598999999999999755e-01
9.382000000000000339e-01
9.522000000000000464e-01
9.313000000000000167e-01
9.507999999999999785e-01
9.563000000000000389e-01
9.566999999999999948e-01
9.548999999999999710e-01
9.485999999999999988e-01
9.527999999999999803e-01
9.292000000000000259e-01
9.303000000000000158e-01
9.495999999999999996e-01
9.537999999999999812e-01
9.558999999999999719e-01
9.544000000000000261e-01
9.686000000000000165e-01
9.608999999999999764e-01
9.668999999999999817e-01
9.688999999999999835e-01
9.529999999999999583e-01
9.720999999999999641e-01
9.590999999999999526e-01
9.578999999999999737e-01
9.575000000000000178e-01
9.424000000000000155e-01
9.225999999999999757e-01
8.984999999999999654e-01
8.487000000000000099e-01
7.863999999999999879e-01
7.235000000000000320e-01
6.914000000000000146e-01
6.354999999999999538e-01
5.661000000000000476e-01
5.423999999999999932e-01
4.991999999999999771e-01
4.917000000000000259e-01
4.888000000000000123e-01
4.662999999999999923e-01
5.048000000000000265e-01
5.076000000000000512e-01
4.452999999999999736e-01
3.492999999999999994e-01
3.169000000000000150e-01
2.760000000000000231e-01
2.394000000000000017e-01
2.205000000000000016e-01
2.146000000000000130e-01
1.950999999999999956e-01
1.751999999999999946e-01
1.502999999999999892e-01
1.376999999999999891e-01
1.444000000000000006e-01
1.416000000000000036e-01
1.597000000000000086e-01
1.522000000000000020e-01
1.610999999999999932e-01
2.184000000000000108e-01
2.482000000000000040e-01
2.649000000000000243e-01
3.154000000000000137e-01
3.810999999999999943e-01
4.210999999999999743e-01
4.923000000000000154e-01
5.581000000000000405e-01
6.064000000000000501e-01
6.391999999999999904e-01
6.512999999999999901e-01
6.247000000000000330e-01
5.966000000000000192e-01
5.472000000000000197e-01
4.815999999999999726e-01
4.410000000000000031e-01
3.942999999999999838e-01
3.459999999999999742e-01
3.103000000000000203e-01
2.688999999999999724e-01
2.344999999999999862e-01
2.263999999999999901e-01
2.200999999999999901e-01
2.182000000000000051e-01
2.000000000000000111e-01
1.981999999999999873e-01
1.778000000000000136e-01
1.852000000000000035e-01
1.890999999999999903e-01
1.923999999999999877e-01
2.001000000000000001e-01
2.107999999999999874e-01
2.293000000000000038e-01
2.416999999999999982e-01
2.691999999999999948e-01
3.099000000000000088e-01
3.447999999999999954e-01
4.112000000000000099e-01
4.542999999999999816e-01
5.318000000000000504e-01
6.390000000000000124e-01
6.921000000000000485e-01
7.876999999999999558e-01
8.565000000000000391e-01
8.770000000000000018e-01
8.948000000000000398e-01
9.129000000000000448e-01
9.233000000000000096e-01
9.340000000000000524e-01
9.344000000000000083e-01
9.428999999999999604e-01
9.385000000000000009e-01
9.444000000000000172e-01
9.452000000000000401e-01
9.422000000000000375e-01
9.364000000000000101e-01
9.291000000000000369e-01
9.350000000000000533e-01
9.084999999999999742e-01
9.241000000000000325e-01
9.183999999999999941e-01
9.301000000000000378e-01
9.381000000000000449e-01
9.231000000000000316e-01
9.156999999999999584e-01
9.094999999999999751e-01
9.210000000000000409e-01
9.258999999999999453e-01
9.291000000000000369e-01
9.534000000000000252e-01
9.562000000000000499e-01
9.610999999999999543e-01
9.638999999999999790e-01
9.674000000000000377e-01
9.671999999999999487e-01
9.679999999999999716e-01
9.737000000000000099e-01
9.698999999999999844e-01
9.599999999999999645e-01
9.503000000000000336e-01
9.215999999999999748e-01
9.174999999999999822e-01
8.867000000000000437e-01
8.678000000000000158e-01
8.445000000000000284e-01
8.293000000000000371e-01
7.992000000000000215e-01
7.853999999999999870e-01
7.739000000000000323e-01
7.853999999999999870e-01
7.643999999999999684e-01
7.631000000000000005e-01
7.789000000000000368e-01
7.731000000000000094e-01
7.651000000000000023e-01
7.616000000000000547e-01
7.403999999999999471e-01
6.803000000000000158e-01
6.173999999999999488e-01
5.369000000000000439e-01
5.238000000000000433e-01
5.047000000000000375e-01
5.395999999999999686e-01
5.250000000000000222e-01
5.274999999999999689e-01
4.975999999999999868e-01
5.026000000000000467e-01
4.860999999999999766e-01
5.029000000000000137e-01
4.859999999999999876e-01
4.958000000000000185e-01
4.848000000000000087e-01
4.975999999999999868e-01
4.832000000000000184e-01
4.919000000000000039e-01
4.823000000000000065e-01
4.910999999999999810e-01
4.794999999999999818e-01
4.860999999999999766e-01
4.783999999999999919e-01
4.837000000000000188e-01
4.772000000000000131e-01
4.855999999999999761e-01
4.818000000000000060e-01
4.930999999999999828e-01
4.944999999999999951e-01
4.924000000000000044e-01
5.278000000000000469e-01
5.188000000000000389e-01
5.158000000000000362e-01
5.460000000000000409e-01
5.352000000000000091e-01
5.400000000000000355e-01
5.333999999999999853e-01
5.455999999999999739e-01
5.391000000000000236e-01
5.383000000000000007e-01
5.370000000000000329e-01
5.482000000000000206e-01
5.434999999999999831e-01
5.464999999999999858e-01
5.475999999999999757e-01
5.565999999999999837e-01
5.541000000000000369e-01
5.621000000000000441e-01
5.648999999999999577e-01
5.716999999999999860e-01
5.722000000000000419e-01
5.844000000000000306e-01
5.881999999999999451e-01
5.941999999999999504e-01
5.977000000000000091e-01
6.122999999999999554e-01
6.169999999999999929e-01
6.240999999999999881e-01
6.302999999999999714e-01
6.455999999999999517e-01
6.516999999999999460e-01
6.624999999999999778e-01
6.723000000000000087e-01
6.904000000000000137e-01
7.020999999999999464e-01
7.259999999999999787e-01
7.480999999999999872e-01
7.842000000000000082e-01
7.936999999999999611e-01
8.739999999999999991e-01
8.955999999999999517e-01
8.831999999999999851e-01
9.451000000000000512e-01
9.685000000000000275e-01
9.717000000000000082e-01
9.758999999999999897e-01
9.824000000000000510e-01
9.929999999999999938e-01
9.808999999999999941e-01
9.903999999999999471e-01
9.968000000000000194e-01
9.962999999999999634e-01
9.868999999999999995e-01
9.779999999999999805e-01
9.828000000000000069e-01
9.637999999999999901e-01
9.725000000000000311e-01
9.595000000000000195e-01
9.578999999999999737e-01
9.548999999999999710e-01
9.397999999999999687e-01
9.532000000000000473e-01
8.789000000000000146e-01
8.780000000000000027e-01
8.457999999999999963e-01
7.900000000000000355e-01
7.276000000000000245e-01
6.938999999999999613e-01
6.079999999999999849e-01
5.741000000000000547e-01
5.440000000000000391e-01
5.141000000000000014e-01
5.149000000000000243e-01
5.373999999999999888e-01
5.122999999999999776e-01
5.338000000000000522e-01
5.375999999999999668e-01
5.340000000000000302e-01
5.351000000000000201e-01
5.274999999999999689e-01
5.258000000000000451e-01
5.063999999999999613e-01
4.893000000000000127e-01
4.622999999999999887e-01
4.549000000000000266e-01
4.421999999999999820e-01
4.462999999999999745e-01
4.536999999999999922e-01
4.681000000000000161e-01
4.754999999999999782e-01
4.914000000000000035e-01
4.637999999999999901e-01
4.289000000000000035e-01
3.876000000000000001e-01
3.567000000000000171e-01
3.146999999999999797e-01
2.711000000000000076e-01
2.459999999999999964e-01
2.147000000000000020e-01
1.885000000000000009e-01
1.638999999999999901e-01
1.506000000000000116e-01
1.477999999999999869e-01
1.398000000000000076e-01
1.463000000000000134e-01
1.456000000000000072e-01
1.479999999999999927e-01
1.270000000000000018e-01
1.060999999999999999e-01
8.949999999999999623e-02
6.600000000000000311e-02
5.310000000000000137e-02
6.049999999999999822e-02
6.160000000000000198e-02
7.739999999999999658e-02
8.319999999999999618e-02
6.579999999999999738e-02
7.660000000000000142e-02
6.350000000000000089e-02
5.050000000000000322e-02
4.179999999999999688e-02
3.009999999999999828e-02
2.390000000000000110e-02
2.539999999999999897e-02
3.359999999999999792e-02
4.340000000000000108e-02
5.199999999999999761e-02
3.459999999999999881e-02
3.150000000000000022e-02
1.460000000000000013e-02
6.700000000000000226e-03
8.200000000000000691e-03
8.699999999999999400e-03
8.999999999999999754e-04
0.000000000000000000e+00
2.700000000000000143e-03
0.000000000000000000e+00
0.000000000000000000e+00
0.000000000000000000e+00
0.000000000000000000e+00
0.000000000000000000e+00
0.000000000000000000e+00
0.000000000000000000e+00
0.000000000000000000e+00
0.000000000000000000e+00
1.000000000000000048e-04
0.000000000000000000e+00
0.000000000000000000e+00
6.899999999999999883e-03
8.500000000000000611e-03
5.599999999999999943e-03
8.999999999999999754e-04
5.700000000000000205e-03
1.199999999999999895e-03
0.000000000000000000e+00
8.000000000000000167e-03
9.599999999999999159e-03
1.580000000000000154e-02
0.000000000000000000e+00
0.000000000000000000e+00
0.000000000000000000e+00
0.000000000000000000e+00
0.000000000000000000e+00
0.000000000000000000e+00
0.000000000000000000e+00
0.000000000000000000e+00
0.000000000000000000e+00
0.000000000000000000e+00
0.000000000000000000e+00
0.000000000000000000e+00
0.000000000000000000e+00
0.000000000000000000e+00
0.000000000000000000e+00
0.000000000000000000e+00
0.000000000000000000e+00
8.399999999999999481e-03
7.300000000000000065e-03
3.009999999999999828e-02
2.819999999999999937e-02
3.059999999999999873e-02
1.890000000000000013e-02
4.649999999999999967e-02
1.018000000000000016e-01
1.519999999999999962e-01
1.875999999999999890e-01
1.940000000000000058e-01
2.409999999999999920e-01
2.767000000000000015e-01
3.366999999999999993e-01
3.981000000000000094e-01
4.910999999999999810e-01
5.433000000000000052e-01
6.147000000000000242e-01
6.683000000000000052e-01
7.025000000000000133e-01
7.963000000000000078e-01
8.458999999999999853e-01
8.768000000000000238e-01
9.022000000000000020e-01
9.146999999999999575e-01
9.242000000000000215e-01
9.232000000000000206e-01
9.177999999999999492e-01
9.137999999999999456e-01
9.073999999999999844e-01
9.151000000000000245e-01
9.051000000000000156e-01
8.683999999999999497e-01
8.806000000000000494e-01
8.378999999999999782e-01
8.338999999999999746e-01
8.056999999999999718e-01
7.945999999999999730e-01
7.631999999999999895e-01
7.410999999999999810e-01
7.120999999999999552e-01
6.598000000000000531e-01
6.009999999999999787e-01
5.374999999999999778e-01
4.946999999999999731e-01
4.329000000000000070e-01
4.262000000000000233e-01
4.415999999999999925e-01
4.235999999999999766e-01
4.061000000000000165e-01
4.349000000000000088e-01
4.011000000000000121e-01
4.148000000000000020e-01
4.122000000000000108e-01
4.688999999999999835e-01
4.541999999999999926e-01
5.298000000000000487e-01
5.776000000000000023e-01
6.046000000000000263e-01
6.290999999999999925e-01
6.488000000000000433e-01
6.582000000000000073e-01
6.663000000000000034e-01
6.740000000000000435e-01
6.760000000000000453e-01
6.768999999999999462e-01
6.790000000000000480e-01
6.782000000000000250e-01
6.752000000000000224e-01
6.733000000000000096e-01
6.706999999999999629e-01
6.663999999999999924e-01
6.634999999999999787e-01
6.647999999999999465e-01
6.742000000000000215e-01
7.015000000000000124e-01
7.423999999999999488e-01
7.812999999999999945e-01
8.369999999999999662e-01
9.050000000000000266e-01
9.151000000000000245e-01
9.458999999999999631e-01
9.869999999999999885e-01
9.885000000000000453e-01
9.887000000000000233e-01
9.858999999999999986e-01
1.000000000000000000e+00
1.000000000000000000e+00
1.000000000000000000e+00
1.000000000000000000e+00
1.000000000000000000e+00
1.000000000000000000e+00
1.000000000000000000e+00
9.939999999999999947e-01
1.000000000000000000e+00
9.951999999999999735e-01
9.866000000000000325e-01
9.867000000000000215e-01
9.804000000000000492e-01
9.824000000000000510e-01
9.818999999999999950e-01
9.824000000000000510e-01
9.814000000000000501e-01
9.889000000000000012e-01
9.845000000000000417e-01
9.981999999999999762e-01
9.888000000000000123e-01
9.845000000000000417e-01
9.879999999999999893e-01
9.818999999999999950e-01
9.804000000000000492e-01
9.777000000000000135e-01
9.717999999999999972e-01
9.835000000000000409e-01
9.858000000000000096e-01
9.893999999999999462e-01
9.992999999999999661e-01
9.846000000000000307e-01
9.812999999999999501e-01
9.800999999999999712e-01
9.921999999999999709e-01
9.633000000000000451e-01
9.582000000000000517e-01
9.777000000000000135e-01
9.903999999999999471e-01
9.781999999999999584e-01
9.963999999999999524e-01
1.000000000000000000e+00
9.955000000000000515e-01
9.988000000000000211e-01
9.930999999999999828e-01
9.816000000000000281e-01
9.685000000000000275e-01
9.691999999999999504e-01
9.802999999999999492e-01
9.939000000000000057e-01
9.876000000000000334e-01
9.868999999999999995e-01
9.919000000000000039e-01
1.000000000000000000e+00
9.996000000000000441e-01
9.855000000000000426e-01
9.978000000000000203e-01
9.986000000000000432e-01
9.889999999999999902e-01
9.822999999999999510e-01
9.864000000000000545e-01
9.868999999999999995e-01
9.901999999999999691e-01
9.886000000000000343e-01
9.850999999999999757e-01
9.983999999999999542e-01
9.821999999999999620e-01
1.000000000000000000e+00
1.000000000000000000e+00
9.855000000000000426e-01
9.878000000000000114e-01
9.738999999999999879e-01
9.711999999999999522e-01
9.698999999999999844e-01
9.809999999999999831e-01
9.747999999999999998e-01
9.858000000000000096e-01
9.897000000000000242e-01
9.969000000000000083e-01
1.000000000000000000e+00
1.000000000000000000e+00
1.000000000000000000e+00
9.929000000000000048e-01
9.992999999999999661e-01
9.992999999999999661e-01
9.929000000000000048e-01
9.899999999999999911e-01
9.916000000000000369e-01
9.729999999999999760e-01
9.749999999999999778e-01
9.725000000000000311e-01
9.867000000000000215e-01
9.770999999999999686e-01
9.910999999999999810e-01
9.879999999999999893e-01
9.860999999999999766e-01
9.889000000000000012e-01
9.896000000000000352e-01
9.939999999999999947e-01
9.874000000000000554e-01
9.899999999999999911e-01
9.852999999999999536e-01
9.845000000000000417e-01
9.831999999999999629e-01
9.736000000000000210e-01
9.726000000000000201e-01
9.697000000000000064e-01
9.703000000000000513e-01
9.889000000000000012e-01
9.829999999999999849e-01
9.806000000000000272e-01
9.819999999999999840e-01
9.826000000000000290e-01
9.916000000000000369e-01
9.775000000000000355e-01
9.784000000000000474e-01
9.679999999999999716e-01
9.640999999999999570e-01
9.654000000000000359e-01
9.697999999999999954e-01
9.784000000000000474e-01
9.719999999999999751e-01
9.741999999999999549e-01
9.720999999999999641e-01
9.706000000000000183e-01
9.683000000000000496e-01
9.484000000000000208e-01
9.313000000000000167e-01
9.438999999999999613e-01
9.426999999999999824e-01
9.189000000000000501e-01
8.862999999999999767e-01
8.225000000000000089e-01
7.899000000000000465e-01
7.127999999999999892e-01
6.435999999999999499e-01
5.581000000000000405e-01
5.061999999999999833e-01
4.152000000000000135e-01
3.281999999999999917e-01
2.888999999999999901e-01
2.664000000000000257e-01
2.500999999999999890e-01
2.258999999999999897e-01
1.948000000000000009e-01
1.918999999999999873e-01
1.769999999999999907e-01
1.622999999999999998e-01
1.507000000000000006e-01
1.325999999999999956e-01
1.120000000000000023e-01
1.095000000000000001e-01
1.010000000000000064e-01
1.048999999999999932e-01
1.087999999999999939e-01
9.139999999999999514e-02
9.249999999999999889e-02
1.103999999999999981e-01
1.283999999999999864e-01
1.468000000000000138e-01
1.618999999999999884e-01
1.812000000000000000e-01
1.915999999999999925e-01
1.970999999999999974e-01
2.119000000000000050e-01
2.331999999999999906e-01
2.597999999999999754e-01
2.817000000000000060e-01
3.205000000000000071e-01
3.546000000000000263e-01
3.867999999999999772e-01
4.390999999999999903e-01
5.031999999999999806e-01
5.446999999999999620e-01
5.515999999999999792e-01
5.674000000000000155e-01
5.847999999999999865e-01
5.502000000000000224e-01
5.677999999999999714e-01
5.616999999999999771e-01
5.635999999999999899e-01
5.551000000000000378e-01
5.516999999999999682e-01
5.715000000000000080e-01
5.556999999999999718e-01
5.475999999999999757e-01
5.558999999999999497e-01
5.625000000000000000e-01
5.652000000000000357e-01
5.931999999999999496e-01
5.864000000000000323e-01
6.126000000000000334e-01
6.050999999999999712e-01
6.074000000000000510e-01
6.284999999999999476e-01
6.397000000000000464e-01
6.524999999999999689e-01
6.700000000000000400e-01
6.863000000000000211e-01
6.582999999999999963e-01
6.912000000000000366e-01
7.084000000000000297e-01
7.650000000000000133e-01
7.768000000000000460e-01
7.934999999999999831e-01
8.135999999999999899e-01
8.256000000000000005e-01
8.467999999999999972e-01
8.582999999999999519e-01
8.780999999999999917e-01
9.063999999999999835e-01
9.046999999999999487e-01
9.108000000000000540e-01
9.012000000000000011e-01
9.304000000000000048e-01
9.425999999999999934e-01
9.589999999999999636e-01
9.566000000000000059e-01
9.651999999999999469e-01
9.676000000000000156e-01
9.633000000000000451e-01
9.516999999999999904e-01
9.439999999999999503e-01
9.562000000000000499e-01
9.354999999999999982e-01
9.524000000000000243e-01
9.294999999999999929e-01
9.261000000000000343e-01
9.162000000000000144e-01
9.008000000000000451e-01
8.790000000000000036e-01
8.708000000000000185e-01
8.500999999999999668e-01
8.394000000000000350e-01
8.235000000000000098e-01
8.300999999999999490e-01
8.097999999999999643e-01
7.974999999999999867e-01
7.975999999999999757e-01
7.943000000000000060e-01
7.884999999999999787e-01
7.712999999999999856e-01
7.852999999999999980e-01
7.698000000000000398e-01
7.879000000000000448e-01
7.672999999999999821e-01
7.603999999999999648e-01
7.520999999999999908e-01
7.050999999999999490e-01
6.817999999999999616e-01
6.492999999999999883e-01
5.792000000000000481e-01
5.577999999999999625e-01
5.224999999999999645e-01
5.131000000000000005e-01
4.944999999999999951e-01
4.763000000000000012e-01
4.717000000000000082e-01
4.672000000000000042e-01
4.698999999999999844e-01
4.798000000000000043e-01
5.028000000000000247e-01
5.228000000000000425e-01
5.499000000000000554e-01
6.137000000000000233e-01
6.618000000000000549e-01
6.729000000000000536e-01
7.201999999999999513e-01
7.312999999999999501e-01
7.557000000000000384e-01
7.459000000000000075e-01
7.644999999999999574e-01
7.798000000000000487e-01
7.795999999999999597e-01
8.037999999999999590e-01
8.390999999999999570e-01
8.669999999999999929e-01
8.719000000000000083e-01
8.880000000000000115e-01
9.229000000000000536e-01
9.346999999999999753e-01
9.546000000000000041e-01
9.530999999999999472e-01
9.589999999999999636e-01
9.658999999999999808e-01
9.664000000000000368e-01
9.756000000000000227e-01
9.768000000000000016e-01
9.800999999999999712e-01
9.679999999999999716e-01
9.605000000000000204e-01
9.405999999999999917e-01
9.466999999999999860e-01
9.597999999999999865e-01
9.684000000000000385e-01
9.841999999999999638e-01
9.942999999999999616e-01
9.925000000000000488e-01
9.959999999999999964e-01
9.936000000000000387e-01
9.898000000000000131e-01
9.814000000000000501e-01
9.926000000000000378e-01
9.690999999999999615e-01
9.496999999999999886e-01
9.651999999999999469e-01
9.755000000000000338e-01
9.768999999999999906e-01
9.808000000000000052e-01
9.896000000000000352e-01
9.785000000000000364e-01
9.764000000000000457e-01
9.693000000000000504e-01
9.607999999999999874e-01
9.344999999999999973e-01
9.757000000000000117e-01
9.761999999999999567e-01
9.798000000000000043e-01
9.794000000000000483e-01
9.827000000000000179e-01
9.842999999999999527e-01
9.744000000000000439e-01
9.747000000000000108e-01
9.676000000000000156e-01
9.806000000000000272e-01
9.923999999999999488e-01
9.835000000000000409e-01
9.979999999999999982e-01
9.766000000000000236e-01
9.658999999999999808e-01
9.426999999999999824e-01
9.574000000000000288e-01
9.555000000000000160e-01
9.678999999999999826e-01
9.849999999999999867e-01
9.963999999999999524e-01
9.899000000000000021e-01
9.868999999999999995e-01
9.975000000000000533e-01
9.968000000000000194e-01
9.903999999999999471e-01
9.969999999999999973e-01
9.962999999999999634e-01
1.000000000000000000e+00
9.909999999999999920e-01
9.930999999999999828e-01
1.000000000000000000e+00
1.000000000000000000e+00
1.000000000000000000e+00
1.000000000000000000e+00
1.000000000000000000e+00
9.989999999999999991e-01
1.000000000000000000e+00
9.815000000000000391e-01
9.979000000000000092e-01
1.000000000000000000e+00
9.946000000000000396e-01
9.825000000000000400e-01
9.890999999999999792e-01
9.820999999999999730e-01
9.757000000000000117e-01
9.593000000000000416e-01
9.512000000000000455e-01
9.451000000000000512e-01
9.383000000000000229e-01
9.185999999999999721e-01
8.951999999999999957e-01
8.721999999999999753e-01
8.444000000000000394e-01
8.522999999999999465e-01
8.567000000000000171e-01
8.715000000000000524e-01
8.839000000000000190e-01
9.001000000000000112e-01
9.032999999999999918e-01
8.914999999999999591e-01
8.098999999999999533e-01
