8.967000000000000526e-01
9.055999999999999606e-01
8.837000000000000410e-01
8.595000000000000417e-01
8.588999999999999968e-01
8.387999999999999901e-01
8.043000000000000149e-01
7.700000000000000178e-01
7.674999999999999600e-01
7.638000000000000345e-01
7.499000000000000110e-01
7.356000000000000316e-01
7.150999999999999579e-01
6.845999999999999863e-01
6.397000000000000464e-01
6.320999999999999952e-01
6.169000000000000039e-01
6.019999999999999796e-01
5.978999999999999870e-01
5.884000000000000341e-01
5.927000000000000046e-01
5.752000000000000446e-01
5.467999999999999527e-01
5.064999999999999503e-01
4.864999999999999880e-01
4.353000000000000203e-01
3.761999999999999789e-01
3.526000000000000245e-01
3.123000000000000220e-01
3.029999999999999916e-01
2.908000000000000029e-01
2.968000000000000083e-01
2.977000000000000202e-01
3.084999999999999964e-01
3.563000000000000056e-01
3.634000000000000008e-01
3.790999999999999925e-01
3.741999999999999771e-01
3.629000000000000004e-01
3.348999999999999755e-01
3.240000000000000102e-01
3.255000000000000115e-01
2.952000000000000179e-01
2.782999999999999918e-01
2.560000000000000053e-01
2.474999999999999978e-01
2.550999999999999934e-01
2.383000000000000118e-01
2.656000000000000028e-01
2.929999999999999827e-01
3.377999999999999892e-01
3.850000000000000089e-01
4.178999999999999937e-01
4.295999999999999819e-01
4.020000000000000240e-01
3.610999999999999766e-01
3.301000000000000045e-01
3.191999999999999837e-01
3.217999999999999750e-01
3.315000000000000169e-01
3.565999999999999726e-01
3.821999999999999842e-01
4.297000000000000264e-01
4.385999999999999899e-01
4.975999999999999868e-01
5.544000000000000039e-01
5.598999999999999533e-01
5.362999999999999989e-01
5.364999999999999769e-01
5.328000000000000513e-01
5.345999999999999641e-01
5.365999999999999659e-01
5.646999999999999797e-01
6.122999999999999554e-01
6.541000000000000147e-01
6.868999999999999551e-01
7.149999999999999689e-01
7.572999999999999732e-01
7.977999999999999536e-01
8.225000000000000089e-01
8.424000000000000377e-01
8.572999999999999510e-01
8.746000000000000441e-01
8.739000000000000101e-01
8.699999999999999956e-01
8.683999999999999497e-01
8.487999999999999989e-01
8.286000000000000032e-01
8.377999999999999892e-01
8.408999999999999808e-01
8.602999999999999536e-01
8.621999999999999664e-01
9.074999999999999734e-01
9.174999999999999822e-01
9.261000000000000343e-01
9.165999999999999703e-01
9.051000000000000156e-01
8.629999999999999893e-01
7.966999999999999638e-01
6.985000000000000098e-01
6.276000000000000467e-01
5.694000000000000172e-01
4.999000000000000110e-01
4.303000000000000158e-01
3.981999999999999984e-01
3.537000000000000144e-01
3.448999999999999844e-01
3.664000000000000035e-01
3.568000000000000060e-01
3.549999999999999822e-01
3.598000000000000087e-01
3.680999999999999828e-01
3.622000000000000219e-01
3.815999999999999948e-01
3.945000000000000173e-01
3.830000000000000071e-01
3.735999999999999877e-01
3.452999999999999958e-01
3.393999999999999795e-01
2.881000000000000227e-01
2.591999999999999860e-01
2.310000000000000109e-01
1.955000000000000071e-01
1.897999999999999965e-01
1.786999999999999977e-01
1.759000000000000008e-01
1.733999999999999986e-01
1.615000000000000047e-01
1.469999999999999918e-01
1.502000000000000002e-01
1.489999999999999936e-01
1.274000000000000132e-01
1.218999999999999945e-01
1.176999999999999991e-01
1.223000000000000059e-01
9.900000000000000466e-02
1.045999999999999985e-01
8.920000000000000151e-02
8.669999999999999929e-02
7.789999999999999702e-02
9.070000000000000284e-02
7.979999999999999594e-02
5.739999999999999963e-02
5.569999999999999951e-02
5.999999999999999778e-02
3.660000000000000059e-02
3.339999999999999913e-02
3.830000000000000071e-02
3.549999999999999684e-02
9.400000000000000369e-03
1.750000000000000167e-02
2.860000000000000042e-02
1.779999999999999985e-02
1.959999999999999937e-02
4.460000000000000075e-02
3.020000000000000115e-02
2.809999999999999998e-02
2.539999999999999897e-02
1.340000000000000045e-02
0.000000000000000000e+00
0.000000000000000000e+00
0.000000000000000000e+00
0.000000000000000000e+00
0.000000000000000000e+00
0.000000000000000000e+00
1.000000000000000048e-04
0.000000000000000000e+00
0.000000000000000000e+00
1.199999999999999895e-03
0.000000000000000000e+00
0.000000000000000000e+00
0.000000000000000000e+00
0.000000000000000000e+00
0.000000000000000000e+00
1.080000000000000057e-02
2.549999999999999836e-02
5.979999999999999899e-02
1.136000000000000065e-01
1.494000000000000050e-01
1.680999999999999994e-01
2.262000000000000122e-01
2.867999999999999994e-01
3.311000000000000054e-01
3.956999999999999962e-01
4.507999999999999785e-01
5.051999999999999824e-01
4.746000000000000218e-01
