6.229000000000000092e-01
5.839999999999999636e-01
5.110999999999999988e-01
4.445000000000000062e-01
3.785000000000000031e-01
3.207999999999999741e-01
2.785000000000000253e-01
2.283000000000000029e-01
1.643999999999999906e-01
1.199000000000000066e-01
9.510000000000000397e-02
6.469999999999999363e-02
3.819999999999999785e-02
1.280000000000000061e-02
2.179999999999999993e-02
3.189999999999999780e-02
4.410000000000000031e-02
5.519999999999999907e-02
5.729999999999999677e-02
6.469999999999999363e-02
1.059999999999999970e-01
1.365999999999999992e-01
1.995999999999999996e-01
2.793999999999999817e-01
3.572000000000000175e-01
4.235999999999999766e-01
4.386999999999999789e-01
4.164999999999999813e-01
3.946000000000000063e-01
3.422000000000000042e-01
2.584000000000000186e-01
1.688000000000000056e-01
1.103999999999999981e-01
7.330000000000000404e-02
4.329999999999999821e-02
3.559999999999999970e-02
3.250000000000000111e-02
4.059999999999999720e-02
5.999999999999999778e-02
8.830000000000000349e-02
1.233000000000000068e-01
1.539000000000000090e-01
2.482000000000000040e-01
3.946999999999999953e-01
4.529000000000000248e-01
5.493000000000000105e-01
5.955000000000000293e-01
6.257000000000000339e-01
6.198000000000000176e-01
6.292999999999999705e-01
6.301999999999999824e-01
6.266000000000000458e-01
6.107000000000000206e-01
6.297000000000000375e-01
6.219000000000000083e-01
6.351999999999999869e-01
6.176000000000000378e-01
6.225000000000000533e-01
6.301999999999999824e-01
6.288000000000000256e-01
6.347000000000000419e-01
6.239999999999999991e-01
6.085000000000000409e-01
5.955000000000000293e-01
5.965000000000000302e-01
5.737999999999999767e-01
5.827999999999999847e-01
5.669999999999999485e-01
5.687999999999999723e-01
5.411000000000000254e-01
5.401000000000000245e-01
5.390000000000000346e-01
5.508999999999999453e-01
5.900999999999999579e-01
5.949999999999999734e-01
6.608000000000000540e-01
6.741000000000000325e-01
7.012000000000000455e-01
7.153000000000000469e-01
7.308000000000000052e-01
7.466000000000000414e-01
7.671000000000000041e-01
8.024999999999999911e-01
8.125000000000000000e-01
8.085999999999999854e-01
7.981000000000000316e-01
7.614999999999999547e-01
7.328000000000000069e-01
6.895999999999999908e-01
6.573999999999999844e-01
5.999999999999999778e-01
5.241999999999999993e-01
4.116000000000000214e-01
3.347999999999999865e-01
2.381000000000000061e-01
2.036000000000000032e-01
1.589000000000000135e-01
1.416000000000000036e-01
1.272000000000000075e-01
1.146999999999999964e-01
1.072000000000000036e-01
1.254000000000000115e-01
1.313000000000000000e-01
1.605999999999999928e-01
1.814000000000000057e-01
1.947000000000000119e-01
2.054999999999999882e-01
2.013000000000000067e-01
1.852000000000000035e-01
1.701999999999999902e-01
1.532999999999999918e-01
1.514000000000000068e-01
1.416000000000000036e-01
1.360000000000000098e-01
1.297999999999999987e-01
1.226000000000000006e-01
1.159000000000000030e-01
1.116000000000000048e-01
1.149000000000000021e-01
1.110000000000000014e-01
1.042000000000000010e-01
1.132999999999999979e-01
1.078000000000000069e-01
1.063999999999999946e-01
1.063000000000000056e-01
1.257999999999999952e-01
1.335999999999999965e-01
1.092000000000000054e-01
1.136999999999999955e-01
1.086000000000000021e-01
1.180999999999999966e-01
1.275999999999999912e-01
1.376000000000000001e-01
1.406999999999999917e-01
1.544000000000000095e-01
1.710000000000000131e-01
1.822000000000000008e-01
2.127000000000000002e-01
2.174999999999999989e-01
2.504000000000000115e-01
2.763999999999999790e-01
2.899999999999999800e-01
2.955999999999999739e-01
3.085999999999999854e-01
3.321999999999999953e-01
3.779000000000000137e-01
3.740999999999999881e-01
3.849000000000000199e-01
4.096000000000000196e-01
4.312000000000000277e-01
4.636000000000000121e-01
4.732999999999999985e-01
4.890999999999999792e-01
5.042999999999999705e-01
5.415999999999999703e-01
5.590000000000000524e-01
5.635999999999999899e-01
5.364999999999999769e-01
5.001999999999999780e-01
4.672000000000000042e-01
4.040000000000000258e-01
3.706999999999999740e-01
3.171999999999999820e-01
2.957000000000000184e-01
2.906000000000000250e-01
2.953999999999999959e-01
3.084999999999999964e-01
3.375000000000000222e-01
3.628000000000000114e-01
4.379000000000000115e-01
4.722000000000000086e-01
5.255999999999999561e-01
6.160999999999999810e-01
6.211999999999999744e-01
6.233999999999999542e-01
5.947999999999999954e-01
5.044999999999999485e-01
