6.126000000000000334e-01
5.753000000000000336e-01
5.068000000000000282e-01
4.269000000000000017e-01
3.615999999999999770e-01
3.066999999999999726e-01
2.515000000000000013e-01
1.869999999999999996e-01
1.368999999999999939e-01
1.058999999999999941e-01
9.329999999999999405e-02
8.730000000000000260e-02
7.879999999999999505e-02
5.380000000000000060e-02
4.979999999999999705e-02
5.609999999999999709e-02
4.850000000000000144e-02
6.110000000000000153e-02
4.870000000000000023e-02
8.649999999999999356e-02
8.450000000000000566e-02
1.079999999999999988e-01
1.059999999999999970e-01
1.107000000000000067e-01
9.929999999999999938e-02
7.789999999999999702e-02
6.590000000000000024e-02
3.300000000000000155e-02
1.420000000000000082e-02
9.700000000000000289e-03
1.519999999999999997e-02
2.270000000000000143e-02
2.659999999999999865e-02
4.340000000000000108e-02
6.930000000000000049e-02
8.129999999999999727e-02
1.019999999999999934e-01
1.259000000000000119e-01
1.449999999999999900e-01
1.577999999999999958e-01
1.791000000000000092e-01
2.114000000000000046e-01
2.343999999999999972e-01
2.752000000000000002e-01
3.442000000000000060e-01
4.333000000000000185e-01
5.051999999999999824e-01
5.941999999999999504e-01
6.570000000000000284e-01
6.725999999999999757e-01
6.744999999999999885e-01
6.751000000000000334e-01
6.943000000000000282e-01
7.413999999999999480e-01
7.620000000000000107e-01
7.822999999999999954e-01
8.024000000000000021e-01
8.162000000000000366e-01
8.184000000000000163e-01
8.293000000000000371e-01
8.255000000000000115e-01
8.346999999999999975e-01
8.348999999999999755e-01
8.364000000000000323e-01
8.369999999999999662e-01
8.369999999999999662e-01
8.289999999999999591e-01
8.262000000000000455e-01
8.323000000000000398e-01
8.267999999999999794e-01
8.385000000000000231e-01
8.477000000000000091e-01
8.476000000000000201e-01
8.417999999999999927e-01
8.474000000000000421e-01
8.384000000000000341e-01
8.505000000000000338e-01
8.659000000000000030e-01
8.850000000000000089e-01
9.049000000000000377e-01
9.275999999999999801e-01
9.252000000000000224e-01
9.177999999999999492e-01
9.306999999999999718e-01
9.129000000000000448e-01
9.163000000000000034e-01
8.999000000000000332e-01
8.941999999999999948e-01
8.808000000000000274e-01
8.760000000000000009e-01
8.706000000000000405e-01
8.526000000000000245e-01
8.202000000000000401e-01
7.632999999999999785e-01
7.110999999999999543e-01
6.118999999999999995e-01
4.897000000000000242e-01
3.755999999999999894e-01
3.035999999999999810e-01
2.310000000000000109e-01
2.036999999999999922e-01
1.617000000000000104e-01
1.270999999999999908e-01
1.142999999999999988e-01
1.136000000000000065e-01
1.156999999999999973e-01
1.264000000000000123e-01
1.414999999999999869e-01
1.476999999999999980e-01
1.504999999999999949e-01
1.446999999999999953e-01
1.328999999999999904e-01
1.175999999999999962e-01
1.050999999999999990e-01
1.008000000000000007e-01
9.229999999999999316e-02
8.219999999999999529e-02
7.420000000000000207e-02
6.560000000000000553e-02
6.169999999999999790e-02
6.360000000000000375e-02
6.300000000000000044e-02
6.740000000000000158e-02
7.190000000000000557e-02
8.959999999999999909e-02
8.419999999999999707e-02
7.459999999999999964e-02
6.590000000000000024e-02
7.030000000000000138e-02
7.069999999999999896e-02
5.480000000000000149e-02
5.650000000000000161e-02
5.070000000000000201e-02
5.299999999999999850e-02
5.729999999999999677e-02
6.079999999999999988e-02
5.750000000000000250e-02
5.770000000000000129e-02
5.920000000000000262e-02
5.940000000000000141e-02
6.790000000000000202e-02
6.389999999999999847e-02
6.869999999999999718e-02
6.969999999999999807e-02
7.879999999999999505e-02
9.030000000000000526e-02
9.589999999999999913e-02
1.127999999999999975e-01
1.424999999999999878e-01
1.512000000000000011e-01
1.395000000000000129e-01
1.522000000000000020e-01
1.517999999999999905e-01
1.534999999999999976e-01
1.441999999999999948e-01
1.496000000000000107e-01
1.602999999999999980e-01
1.918999999999999873e-01
2.275000000000000078e-01
2.497000000000000053e-01
2.772999999999999909e-01
2.596999999999999864e-01
2.301999999999999880e-01
2.041000000000000036e-01
1.703999999999999959e-01
1.275000000000000022e-01
1.072000000000000036e-01
1.095000000000000001e-01
1.257000000000000062e-01
1.633999999999999897e-01
1.971999999999999864e-01
2.374999999999999889e-01
3.145999999999999908e-01
4.283000000000000140e-01
4.642999999999999905e-01
5.535999999999999810e-01
6.263999999999999568e-01
6.713999999999999968e-01
6.971000000000000529e-01
7.532999999999999696e-01
8.004000000000000004e-01
8.403000000000000469e-01
8.747000000000000330e-01
8.994999999999999662e-01
9.071000000000000174e-01
9.290000000000000480e-01
9.311000000000000387e-01
9.286999999999999700e-01
9.155999999999999694e-01
8.806000000000000494e-01
7.741000000000000103e-01
