9.187999999999999501e-01
9.375999999999999890e-01
9.445000000000000062e-01
9.415999999999999925e-01
9.443000000000000282e-01
9.468999999999999639e-01
9.315999999999999837e-01
9.251000000000000334e-01
9.237999999999999545e-01
9.226999999999999647e-01
9.163999999999999924e-01
9.035999999999999588e-01
8.830999999999999961e-01
8.750999999999999890e-01
8.636000000000000343e-01
8.587000000000000188e-01
8.592999999999999527e-01
8.524000000000000465e-01
8.655000000000000471e-01
8.601999999999999647e-01
8.695000000000000506e-01
8.828000000000000291e-01
8.982999999999999874e-01
9.146999999999999575e-01
9.327999999999999625e-01
9.411000000000000476e-01
9.254999999999999893e-01
9.334000000000000075e-01
9.237999999999999545e-01
9.334999999999999964e-01
9.442000000000000393e-01
9.510999999999999455e-01
9.499999999999999556e-01
9.496999999999999886e-01
9.572000000000000508e-01
9.484000000000000208e-01
9.529999999999999583e-01
9.496999999999999886e-01
9.503000000000000336e-01
9.529999999999999583e-01
9.441000000000000503e-01
9.456999999999999851e-01
9.445999999999999952e-01
9.458999999999999631e-01
9.377999999999999670e-01
9.304999999999999938e-01
9.201000000000000290e-01
9.439999999999999503e-01
9.360000000000000542e-01
9.496999999999999886e-01
9.491000000000000547e-01
9.495999999999999996e-01
9.447999999999999732e-01
9.491000000000000547e-01
9.476999999999999869e-01
9.498999999999999666e-01
9.556000000000000050e-01
9.557999999999999829e-01
9.699999999999999734e-01
9.648999999999999799e-01
9.506000000000000005e-01
9.414000000000000146e-01
9.280000000000000471e-01
9.137999999999999456e-01
9.068000000000000504e-01
8.941999999999999948e-01
8.798000000000000265e-01
8.779000000000000137e-01
8.840000000000000080e-01
8.867000000000000437e-01
8.713999999999999524e-01
8.716000000000000414e-01
8.820999999999999952e-01
8.869000000000000217e-01
8.750999999999999890e-01
8.697000000000000286e-01
8.710999999999999854e-01
8.746000000000000441e-01
8.781999999999999806e-01
8.738000000000000211e-01
8.621999999999999664e-01
8.457999999999999963e-01
8.260999999999999455e-01
7.993000000000000105e-01
7.728000000000000425e-01
7.127000000000000002e-01
6.432999999999999829e-01
6.336000000000000520e-01
6.260000000000000009e-01
5.955000000000000293e-01
5.735000000000000098e-01
5.445999999999999730e-01
5.349000000000000421e-01
5.887999999999999901e-01
5.735000000000000098e-01
6.055000000000000382e-01
6.100999999999999757e-01
5.856999999999999984e-01
6.118999999999999995e-01
6.438000000000000389e-01
6.737999999999999545e-01
6.959999999999999520e-01
7.229999999999999760e-01
7.423999999999999488e-01
7.511999999999999789e-01
7.836999999999999522e-01
7.651000000000000023e-01
8.226999999999999869e-01
8.497999999999999998e-01
8.628000000000000114e-01
8.719999999999999973e-01
8.824999999999999512e-01
8.961999999999999966e-01
8.921999999999999931e-01
9.064999999999999725e-01
9.099000000000000421e-01
9.235999999999999766e-01
9.255999999999999783e-01
9.201000000000000290e-01
9.261000000000000343e-01
9.277999999999999581e-01
9.253000000000000114e-01
9.305999999999999828e-01
9.223999999999999977e-01
9.227999999999999536e-01
9.163999999999999924e-01
9.205999999999999739e-01
9.234999999999999876e-01
9.110000000000000320e-01
9.125999999999999668e-01
9.142000000000000126e-01
9.029000000000000359e-01
8.944999999999999618e-01
8.820999999999999952e-01
8.518999999999999906e-01
8.298999999999999710e-01
7.546000000000000485e-01
7.413999999999999480e-01
6.984000000000000208e-01
6.512000000000000011e-01
5.824000000000000288e-01
5.590000000000000524e-01
5.484999999999999876e-01
5.652000000000000357e-01
5.474999999999999867e-01
5.415999999999999703e-01
5.221000000000000085e-01
5.379000000000000448e-01
5.486999999999999655e-01
5.747999999999999776e-01
6.145000000000000462e-01
6.480000000000000204e-01
6.788999999999999480e-01
6.946999999999999842e-01
7.239999999999999769e-01
7.551999999999999824e-01
7.668000000000000371e-01
7.747000000000000552e-01
7.718000000000000416e-01
8.365000000000000213e-01
8.477000000000000091e-01
8.611999999999999655e-01
8.753999999999999559e-01
8.964999999999999636e-01
9.089000000000000412e-01
9.223999999999999977e-01
9.245999999999999774e-01
9.267999999999999572e-01
9.288999999999999480e-01
9.303000000000000158e-01
9.312000000000000277e-01
9.327999999999999625e-01
9.288999999999999480e-01
9.220000000000000417e-01
9.343000000000000194e-01
9.166999999999999593e-01
9.195999999999999730e-01
9.160000000000000364e-01
9.229000000000000536e-01
9.205999999999999739e-01
9.153000000000000025e-01
9.154999999999999805e-01
9.112999999999999989e-01
9.010000000000000231e-01
9.144999999999999796e-01
8.899000000000000243e-01
8.820999999999999952e-01
8.853999999999999648e-01
8.895999999999999464e-01
8.957000000000000517e-01
8.967000000000000526e-01
8.988000000000000433e-01
9.062000000000000055e-01
8.891999999999999904e-01
9.015999999999999570e-01
8.870999999999999996e-01
8.904999999999999583e-01
8.793999999999999595e-01
8.813999999999999613e-01
8.943999999999999728e-01
9.081000000000000183e-01
8.911999999999999922e-01
9.006999999999999451e-01
9.040000000000000258e-01
9.054999999999999716e-01
9.176999999999999602e-01
9.070000000000000284e-01
9.185999999999999721e-01
9.318999999999999506e-01
9.166999999999999593e-01
9.120000000000000329e-01
9.100000000000000311e-01
9.243999999999999995e-01
9.233999999999999986e-01
9.189000000000000501e-01
9.272000000000000242e-01
9.344999999999999973e-01
9.441000000000000503e-01
9.386999999999999789e-01
9.517999999999999794e-01
9.457999999999999741e-01
9.445000000000000062e-01
9.500999999999999446e-01
9.457999999999999741e-01
9.565000000000000169e-01
9.564000000000000279e-01
9.526999999999999913e-01
9.492000000000000437e-01
9.447999999999999732e-01
9.382000000000000339e-01
9.371000000000000441e-01
9.356999999999999762e-01
9.318999999999999506e-01
9.312000000000000277e-01
9.242000000000000215e-01
9.233999999999999986e-01
9.092999999999999972e-01
9.239000000000000545e-01
9.126999999999999558e-01
9.175999999999999712e-01
9.061000000000000165e-01
9.115999999999999659e-01
9.048000000000000487e-01
8.839000000000000190e-01
8.918000000000000371e-01
9.000000000000000222e-01
8.907000000000000473e-01
9.006999999999999451e-01
9.042999999999999927e-01
9.092000000000000082e-01
9.152000000000000135e-01
9.086999999999999522e-01
9.108000000000000540e-01
9.233999999999999986e-01
9.224999999999999867e-01
9.254000000000000004e-01
9.281000000000000361e-01
9.267999999999999572e-01
9.333000000000000185e-01
9.352000000000000313e-01
9.441000000000000503e-01
9.439999999999999503e-01
9.284999999999999920e-01
9.495000000000000107e-01
9.351000000000000423e-01
9.361000000000000432e-01
9.432000000000000384e-01
9.323000000000000176e-01
9.412000000000000366e-01
9.407999999999999696e-01
9.335999999999999854e-01
9.533000000000000362e-01
9.415000000000000036e-01
9.444000000000000172e-01
9.435000000000000053e-01
9.461000000000000520e-01
9.518999999999999684e-01
9.388999999999999568e-01
9.358999999999999542e-01
9.399999999999999467e-01
9.459999999999999520e-01
9.464000000000000190e-01
9.433000000000000274e-01
9.464000000000000190e-01
9.323000000000000176e-01
9.296999999999999709e-01
9.273000000000000131e-01
9.301000000000000378e-01
9.233999999999999986e-01
9.172000000000000153e-01
9.112999999999999989e-01
9.082999999999999963e-01
9.092999999999999972e-01
9.035999999999999588e-01
8.998000000000000442e-01
9.032999999999999918e-01
9.256999999999999673e-01
9.256999999999999673e-01
9.290000000000000480e-01
9.314999999999999947e-01
9.425000000000000044e-01
9.327999999999999625e-01
9.143999999999999906e-01
9.387999999999999678e-01
9.395999999999999908e-01
9.398999999999999577e-01
9.387999999999999678e-01
9.302000000000000268e-01
9.321000000000000396e-01
9.587999999999999856e-01
9.526999999999999913e-01
9.518999999999999684e-01
9.602000000000000535e-01
9.493000000000000327e-01
9.477999999999999758e-01
9.536000000000000032e-01
9.640999999999999570e-01
9.587999999999999856e-01
9.612000000000000544e-01
9.577999999999999847e-01
9.477999999999999758e-01
9.478999999999999648e-01
9.536000000000000032e-01
9.512000000000000455e-01
9.553000000000000380e-01
9.678999999999999826e-01
9.548999999999999710e-01
9.651999999999999469e-01
9.588999999999999746e-01
9.619999999999999662e-01
9.727000000000000091e-01
9.720999999999999641e-01
9.772999999999999465e-01
9.761999999999999567e-01
9.667999999999999927e-01
9.709999999999999742e-01
9.666000000000000147e-01
9.677999999999999936e-01
9.540999999999999481e-01
9.396999999999999797e-01
9.355999999999999872e-01
9.383000000000000229e-01
9.139000000000000457e-01
8.897000000000000464e-01
8.709999999999999964e-01
8.263000000000000345e-01
7.793999999999999817e-01
7.254000000000000448e-01
6.895000000000000018e-01
6.573999999999999844e-01
6.005000000000000338e-01
5.868999999999999773e-01
5.583000000000000185e-01
5.185999999999999499e-01
5.111999999999999877e-01
4.859999999999999876e-01
4.899999999999999911e-01
4.744999999999999774e-01
4.456999999999999851e-01
4.136000000000000232e-01
4.274999999999999911e-01
4.198000000000000065e-01
4.007000000000000006e-01
4.163000000000000034e-01
4.273000000000000131e-01
3.996000000000000107e-01
4.108999999999999875e-01
4.067999999999999949e-01
4.192000000000000171e-01
4.119999999999999774e-01
3.921999999999999931e-01
3.709000000000000075e-01
3.507000000000000117e-01
3.215000000000000080e-01
3.074000000000000066e-01
2.796000000000000152e-01
2.564000000000000168e-01
2.564000000000000168e-01
2.383000000000000118e-01
2.106999999999999984e-01
1.678000000000000047e-01
1.340000000000000080e-01
9.879999999999999893e-02
7.049999999999999323e-02
4.750000000000000056e-02
2.170000000000000054e-02
8.600000000000000006e-03
9.299999999999999239e-03
1.519999999999999997e-02
1.909999999999999892e-02
2.630000000000000046e-02
6.279999999999999472e-02
8.400000000000000522e-02
1.297000000000000097e-01
1.832999999999999907e-01
2.167999999999999927e-01
2.751000000000000112e-01
3.180000000000000049e-01
3.936000000000000054e-01
5.020000000000000018e-01
5.691000000000000503e-01
6.523999999999999799e-01
7.100999999999999535e-01
8.006999999999999673e-01
8.657000000000000250e-01
8.901000000000000023e-01
9.074999999999999734e-01
9.236999999999999655e-01
9.300000000000000488e-01
9.454000000000000181e-01
9.446999999999999842e-01
9.417999999999999705e-01
9.360000000000000542e-01
9.324000000000000066e-01
9.173000000000000043e-01
9.065999999999999615e-01
8.769000000000000128e-01
8.435000000000000275e-01
7.913000000000000034e-01
6.954000000000000181e-01
6.356000000000000538e-01
5.762000000000000455e-01
5.264999999999999680e-01
4.979000000000000092e-01
4.485999999999999988e-01
4.087000000000000077e-01
4.166000000000000258e-01
4.304999999999999938e-01
4.591000000000000081e-01
4.786000000000000254e-01
5.363999999999999879e-01
5.738999999999999657e-01
6.143999999999999462e-01
6.201999999999999735e-01
7.113000000000000433e-01
8.354000000000000314e-01
8.942999999999999838e-01
9.295999999999999819e-01
9.488999999999999657e-01
9.533000000000000362e-01
9.575000000000000178e-01
9.560999999999999499e-01
9.532000000000000473e-01
9.518999999999999684e-01
9.538999999999999702e-01
9.417999999999999705e-01
9.595000000000000195e-01
9.315999999999999837e-01
9.249000000000000554e-01
8.961999999999999966e-01
8.995999999999999552e-01
8.972999999999999865e-01
8.737000000000000322e-01
8.540999999999999703e-01
8.226999999999999869e-01
8.032000000000000250e-01
8.026999999999999691e-01
7.784999999999999698e-01
7.590000000000000080e-01
7.495000000000000551e-01
7.344000000000000528e-01
7.163000000000000478e-01
7.221999999999999531e-01
7.102000000000000535e-01
7.072000000000000508e-01
7.089999999999999636e-01
7.093000000000000416e-01
6.854999999999999982e-01
6.894000000000000128e-01
7.048999999999999710e-01
7.308000000000000052e-01
7.712999999999999856e-01
7.832999999999999963e-01
7.889000000000000457e-01
7.893000000000000016e-01
8.605000000000000426e-01
8.884999999999999565e-01
9.106999999999999540e-01
9.171000000000000263e-01
9.193000000000000060e-01
9.244999999999999885e-01
9.273000000000000131e-01
9.144999999999999796e-01
9.204999999999999849e-01
9.254999999999999893e-01
9.227999999999999536e-01
9.191000000000000281e-01
9.312000000000000277e-01
9.357999999999999652e-01
9.297999999999999599e-01
9.281000000000000361e-01
9.351000000000000423e-01
9.338999999999999524e-01
9.405999999999999917e-01
9.347999999999999643e-01
9.348999999999999533e-01
9.429999999999999494e-01
9.393000000000000238e-01
9.409999999999999476e-01
9.411000000000000476e-01
9.362000000000000322e-01
9.332000000000000295e-01
9.354000000000000092e-01
9.267999999999999572e-01
9.364999999999999991e-01
9.308999999999999497e-01
9.236999999999999655e-01
9.214999999999999858e-01
9.267999999999999572e-01
9.184999999999999831e-01
9.196999999999999620e-01
9.231000000000000316e-01
9.250000000000000444e-01
9.288999999999999480e-01
9.241000000000000325e-01
9.224999999999999867e-01
9.192000000000000171e-01
9.215999999999999748e-01
9.251000000000000334e-01
9.194999999999999840e-01
9.010000000000000231e-01
8.988000000000000433e-01
9.021000000000000130e-01
9.034999999999999698e-01
9.032000000000000028e-01
9.079000000000000403e-01
9.096999999999999531e-01
9.235999999999999766e-01
9.031000000000000139e-01
8.994999999999999662e-01
9.143000000000000016e-01
9.243999999999999995e-01
9.509999999999999565e-01
9.459999999999999520e-01
9.427999999999999714e-01
9.409999999999999476e-01
9.392000000000000348e-01
9.313000000000000167e-01
9.240000000000000435e-01
9.340000000000000524e-01
9.233999999999999986e-01
9.316999999999999726e-01
9.284000000000000030e-01
9.233999999999999986e-01
9.333000000000000185e-01
9.405999999999999917e-01
9.492000000000000437e-01
9.381000000000000449e-01
9.434000000000000163e-01
9.214999999999999858e-01
9.167999999999999483e-01
9.082999999999999963e-01
9.296999999999999709e-01
9.229000000000000536e-01
9.236999999999999655e-01
9.276999999999999691e-01
9.284999999999999920e-01
9.116999999999999549e-01
9.136999999999999567e-01
9.049000000000000377e-01
9.062000000000000055e-01
9.068000000000000504e-01
8.935999999999999499e-01
8.959000000000000297e-01
8.861999999999999877e-01
8.706000000000000405e-01
8.679999999999999938e-01
8.571999999999999620e-01
8.381999999999999451e-01
8.314000000000000279e-01
8.103000000000000203e-01
7.853999999999999870e-01
7.764999999999999680e-01
7.741000000000000103e-01
7.485000000000000542e-01
7.449999999999999956e-01
7.419000000000000039e-01
7.393999999999999462e-01
7.256000000000000227e-01
7.166000000000000147e-01
7.227000000000000091e-01
7.126000000000000112e-01
6.905999999999999917e-01
6.923000000000000265e-01
6.937999999999999723e-01
7.079999999999999627e-01
7.234000000000000430e-01
7.217000000000000082e-01
7.300999999999999712e-01
7.319999999999999840e-01
7.388000000000000123e-01
6.923000000000000265e-01
6.452999999999999847e-01
6.024000000000000465e-01
5.699999999999999512e-01
5.432000000000000162e-01
5.198000000000000398e-01
5.259000000000000341e-01
5.148000000000000353e-01
5.083999999999999631e-01
5.153999999999999693e-01
5.120999999999999996e-01
4.975999999999999868e-01
4.733999999999999875e-01
4.410000000000000031e-01
4.088999999999999857e-01
3.773000000000000242e-01
3.443999999999999839e-01
3.035999999999999810e-01
2.922000000000000153e-01
2.605999999999999983e-01
2.487999999999999934e-01
2.265999999999999959e-01
2.008999999999999952e-01
1.827000000000000013e-01
1.643999999999999906e-01
1.499000000000000055e-01
1.198000000000000037e-01
8.890000000000000679e-02
7.359999999999999876e-02
6.510000000000000508e-02
6.019999999999999657e-02
4.000000000000000083e-02
3.139999999999999736e-02
4.649999999999999967e-02
4.200000000000000261e-02
3.760000000000000148e-02
3.139999999999999736e-02
2.809999999999999998e-02
3.440000000000000002e-02
1.689999999999999836e-02
1.379999999999999977e-02
1.859999999999999848e-02
1.460000000000000013e-02
8.899999999999999925e-03
3.309999999999999748e-02
2.220000000000000098e-02
2.139999999999999888e-02
2.970000000000000070e-02
2.790000000000000119e-02
1.890000000000000013e-02
1.969999999999999876e-02
2.440000000000000155e-02
4.689999999999999725e-02
5.269999999999999685e-02
9.460000000000000353e-02
1.756000000000000061e-01
2.857999999999999985e-01
3.386000000000000121e-01
3.590999999999999748e-01
3.642000000000000237e-01
3.461000000000000187e-01
3.235999999999999988e-01
3.086999999999999744e-01
2.725000000000000200e-01
2.510000000000000009e-01
2.252000000000000113e-01
2.097999999999999865e-01
2.094000000000000028e-01
1.968999999999999917e-01
1.774999999999999911e-01
1.804000000000000048e-01
1.769999999999999907e-01
1.708000000000000074e-01
1.787999999999999867e-01
1.925999999999999934e-01
2.096000000000000085e-01
2.521999999999999797e-01
3.323999999999999733e-01
4.119999999999999774e-01
4.868000000000000105e-01
5.023999999999999577e-01
