8.532999999999999474e-01
9.045999999999999597e-01
9.081000000000000183e-01
8.820999999999999952e-01
8.440999999999999615e-01
8.326000000000000068e-01
8.324000000000000288e-01
8.416000000000000147e-01
8.429999999999999716e-01
8.489999999999999769e-01
8.495000000000000329e-01
8.476000000000000201e-01
8.457000000000000073e-01
8.428999999999999826e-01
8.366999999999999993e-01
8.367999999999999883e-01
8.437999999999999945e-01
8.338999999999999746e-01
8.391999999999999460e-01
8.440999999999999615e-01
8.496000000000000218e-01
8.536000000000000254e-01
8.538999999999999924e-01
8.611999999999999655e-01
8.548000000000000043e-01
8.612999999999999545e-01
8.557000000000000162e-01
8.720999999999999863e-01
8.750000000000000000e-01
8.679999999999999938e-01
8.711999999999999744e-01
8.626000000000000334e-01
8.403000000000000469e-01
8.045999999999999819e-01
7.538000000000000256e-01
6.794999999999999929e-01
5.968999999999999861e-01
4.910999999999999810e-01
3.921999999999999931e-01
2.853999999999999870e-01
2.681000000000000050e-01
2.076000000000000068e-01
1.652000000000000135e-01
1.522999999999999909e-01
1.406000000000000028e-01
1.391000000000000014e-01
1.252999999999999947e-01
1.102000000000000063e-01
9.389999999999999736e-02
9.379999999999999449e-02
9.740000000000000047e-02
9.919999999999999651e-02
9.639999999999999958e-02
9.520000000000000684e-02
8.909999999999999865e-02
9.310000000000000220e-02
1.026999999999999996e-01
1.102000000000000063e-01
1.449000000000000010e-01
2.081999999999999962e-01
2.422999999999999876e-01
2.731999999999999984e-01
2.605999999999999983e-01
2.474999999999999978e-01
2.381000000000000061e-01
2.147999999999999909e-01
1.908999999999999864e-01
1.930999999999999939e-01
1.882000000000000062e-01
1.736000000000000043e-01
1.617000000000000104e-01
1.406000000000000028e-01
1.217000000000000026e-01
1.380000000000000115e-01
1.529999999999999971e-01
1.948999999999999899e-01
2.426000000000000101e-01
2.846000000000000196e-01
3.211999999999999855e-01
3.610999999999999766e-01
3.669000000000000039e-01
3.553000000000000047e-01
3.635999999999999788e-01
3.784000000000000141e-01
4.152000000000000135e-01
4.741000000000000214e-01
4.874999999999999889e-01
5.263999999999999790e-01
6.143999999999999462e-01
6.690000000000000391e-01
7.590999999999999970e-01
8.259999999999999565e-01
8.530999999999999694e-01
8.429999999999999716e-01
8.840000000000000080e-01
8.884999999999999565e-01
8.820999999999999952e-01
8.816000000000000503e-01
8.826000000000000512e-01
8.759000000000000119e-01
8.762999999999999678e-01
8.707000000000000295e-01
8.679999999999999938e-01
8.723999999999999533e-01
8.730999999999999872e-01
8.763999999999999568e-01
8.691999999999999726e-01
8.567000000000000171e-01
8.480999999999999650e-01
8.635000000000000453e-01
8.736000000000000432e-01
8.745000000000000551e-01
8.760999999999999899e-01
8.827000000000000401e-01
8.901999999999999913e-01
8.992999999999999883e-01
8.989000000000000323e-01
8.971999999999999975e-01
8.891999999999999904e-01
8.753999999999999559e-01
8.582999999999999519e-01
8.627000000000000224e-01
8.587000000000000188e-01
8.646000000000000352e-01
8.726000000000000423e-01
8.595000000000000417e-01
8.476000000000000201e-01
8.490999999999999659e-01
8.403000000000000469e-01
8.134000000000000119e-01
8.084999999999999964e-01
8.202000000000000401e-01
8.395000000000000240e-01
8.477000000000000091e-01
8.585000000000000409e-01
8.534000000000000474e-01
8.466000000000000192e-01
8.495000000000000329e-01
8.284000000000000252e-01
8.343000000000000416e-01
8.302000000000000490e-01
8.243000000000000327e-01
8.469999999999999751e-01
8.490999999999999659e-01
8.594000000000000528e-01
8.620999999999999774e-01
8.467000000000000082e-01
8.713999999999999524e-01
8.980000000000000204e-01
9.123999999999999888e-01
9.162000000000000144e-01
9.199000000000000510e-01
9.212000000000000188e-01
9.293000000000000149e-01
9.249000000000000554e-01
9.209000000000000519e-01
9.205999999999999739e-01
9.191000000000000281e-01
9.240000000000000435e-01
9.232000000000000206e-01
9.195999999999999730e-01
9.141000000000000236e-01
9.102999999999999980e-01
9.020000000000000240e-01
9.003999999999999782e-01
9.125999999999999668e-01
8.955999999999999517e-01
8.989000000000000323e-01
9.034999999999999698e-01
8.895999999999999464e-01
8.770000000000000018e-01
8.778000000000000247e-01
8.617000000000000215e-01
8.538000000000000034e-01
8.567000000000000171e-01
8.429999999999999716e-01
8.703999999999999515e-01
8.608999999999999986e-01
8.587000000000000188e-01
8.426000000000000156e-01
8.655000000000000471e-01
8.746000000000000441e-01
8.669000000000000039e-01
8.810000000000000053e-01
8.761999999999999789e-01
8.668000000000000149e-01
8.468999999999999861e-01
8.680999999999999828e-01
8.698000000000000176e-01
8.682999999999999607e-01
8.677000000000000268e-01
8.318999999999999728e-01
8.282000000000000473e-01
8.407000000000000028e-01
8.691999999999999726e-01
8.747000000000000330e-01
8.938000000000000389e-01
8.781999999999999806e-01
8.837000000000000410e-01
8.877000000000000446e-01
8.739999999999999991e-01
8.843999999999999639e-01
8.957000000000000517e-01
8.911999999999999922e-01
8.963999999999999746e-01
9.004999999999999671e-01
9.079000000000000403e-01
9.105999999999999650e-01
9.204999999999999849e-01
9.141000000000000236e-01
9.182000000000000162e-01
9.064999999999999725e-01
9.181000000000000272e-01
9.064999999999999725e-01
8.995999999999999552e-01
9.126999999999999558e-01
9.137999999999999456e-01
9.129000000000000448e-01
9.022999999999999909e-01
9.111000000000000210e-01
9.050000000000000266e-01
8.973999999999999755e-01
8.949000000000000288e-01
8.741999999999999771e-01
8.783999999999999586e-01
8.810999999999999943e-01
8.642999999999999572e-01
8.794999999999999485e-01
8.640999999999999792e-01
8.678000000000000158e-01
8.748000000000000220e-01
8.719999999999999973e-01
8.666000000000000369e-01
8.774999999999999467e-01
8.738000000000000211e-01
8.811999999999999833e-01
8.655000000000000471e-01
8.892999999999999794e-01
9.089000000000000412e-01
9.072000000000000064e-01
9.104999999999999760e-01
9.052000000000000046e-01
9.011000000000000121e-01
9.023999999999999799e-01
9.082999999999999963e-01
8.984999999999999654e-01
8.877000000000000446e-01
8.918000000000000371e-01
8.747000000000000330e-01
8.447000000000000064e-01
8.420999999999999597e-01
8.599999999999999867e-01
8.588000000000000078e-01
8.624000000000000554e-01
8.688000000000000167e-01
8.643999999999999462e-01
8.649999999999999911e-01
8.672999999999999599e-01
8.653999999999999471e-01
8.860000000000000098e-01
9.013999999999999790e-01
8.994999999999999662e-01
8.929000000000000270e-01
8.991999999999999993e-01
8.973999999999999755e-01
9.023999999999999799e-01
9.015999999999999570e-01
9.102999999999999980e-01
9.144999999999999796e-01
9.160000000000000364e-01
9.092999999999999972e-01
8.938000000000000389e-01
8.850000000000000089e-01
8.679000000000000048e-01
8.826000000000000512e-01
8.798000000000000265e-01
9.012999999999999901e-01
9.122999999999999998e-01
9.059000000000000385e-01
9.251000000000000334e-01
9.163999999999999924e-01
9.145999999999999686e-01
9.223000000000000087e-01
9.229000000000000536e-01
9.139000000000000457e-01
9.209000000000000519e-01
9.274000000000000021e-01
9.172000000000000153e-01
9.112999999999999989e-01
9.049000000000000377e-01
9.127999999999999448e-01
9.139000000000000457e-01
9.132000000000000117e-01
9.169000000000000483e-01
9.152000000000000135e-01
9.116999999999999549e-01
9.255999999999999783e-01
9.240000000000000435e-01
9.133999999999999897e-01
9.176999999999999602e-01
9.114999999999999769e-01
9.126999999999999558e-01
9.118000000000000549e-01
9.111000000000000210e-01
9.049000000000000377e-01
9.024999999999999689e-01
9.092999999999999972e-01
9.122999999999999998e-01
8.960000000000000187e-01
9.076999999999999513e-01
9.176999999999999602e-01
9.183999999999999941e-01
9.113999999999999879e-01
9.137999999999999456e-01
9.040000000000000258e-01
8.977000000000000535e-01
8.974999999999999645e-01
8.921000000000000041e-01
8.975999999999999535e-01
9.236999999999999655e-01
9.131000000000000227e-01
9.104999999999999760e-01
9.206999999999999629e-01
9.331000000000000405e-01
9.242000000000000215e-01
9.306999999999999718e-01
9.251000000000000334e-01
9.304999999999999938e-01
9.249000000000000554e-01
9.252000000000000224e-01
9.251000000000000334e-01
9.262000000000000233e-01
9.465000000000000080e-01
9.362000000000000322e-01
9.189000000000000501e-01
9.113999999999999879e-01
9.223000000000000087e-01
9.088000000000000522e-01
9.086999999999999522e-01
9.153999999999999915e-01
9.069000000000000394e-01
9.100000000000000311e-01
9.065999999999999615e-01
9.239000000000000545e-01
9.039000000000000368e-01
9.031000000000000139e-01
9.078000000000000513e-01
9.094999999999999751e-01
9.039000000000000368e-01
8.925999999999999490e-01
8.666000000000000369e-01
8.558999999999999941e-01
8.459999999999999742e-01
8.316999999999999948e-01
8.113000000000000211e-01
8.075999999999999845e-01
7.999000000000000554e-01
8.054999999999999938e-01
8.165999999999999925e-01
8.326999999999999957e-01
8.294000000000000261e-01
8.528000000000000025e-01
8.881999999999999895e-01
8.968000000000000416e-01
8.962999999999999856e-01
9.132000000000000117e-01
9.316999999999999726e-01
9.357999999999999652e-01
9.455999999999999961e-01
9.449999999999999512e-01
9.403000000000000247e-01
9.312000000000000277e-01
9.330000000000000515e-01
9.405999999999999917e-01
9.253000000000000114e-01
9.287999999999999590e-01
9.325999999999999845e-01
9.273000000000000131e-01
9.277999999999999581e-01
9.270000000000000462e-01
9.242000000000000215e-01
9.298999999999999488e-01
9.242000000000000215e-01
9.290000000000000480e-01
9.080000000000000293e-01
8.970000000000000195e-01
9.058000000000000496e-01
8.827000000000000401e-01
8.833999999999999631e-01
8.820999999999999952e-01
8.859000000000000208e-01
8.735000000000000542e-01
8.818000000000000282e-01
8.840000000000000080e-01
8.848000000000000309e-01
8.868000000000000327e-01
8.867000000000000437e-01
8.891000000000000014e-01
8.945999999999999508e-01
9.070000000000000284e-01
8.932999999999999829e-01
8.560999999999999721e-01
7.810000000000000275e-01
6.561000000000000165e-01
5.946000000000000174e-01
5.289000000000000368e-01
4.449000000000000177e-01
4.074999999999999734e-01
3.773000000000000242e-01
3.528999999999999915e-01
3.326999999999999957e-01
3.256000000000000005e-01
3.383999999999999786e-01
3.458999999999999853e-01
3.129000000000000115e-01
3.119999999999999996e-01
3.261999999999999900e-01
3.652000000000000246e-01
3.706999999999999740e-01
4.116000000000000214e-01
4.703999999999999848e-01
4.879999999999999893e-01
5.040000000000000036e-01
5.400000000000000355e-01
6.045000000000000373e-01
6.636999999999999567e-01
6.951000000000000512e-01
7.203000000000000513e-01
7.349999999999999867e-01
7.612999999999999767e-01
8.235999999999999988e-01
8.841999999999999860e-01
9.014999999999999680e-01
9.136999999999999567e-01
9.272000000000000242e-01
9.225999999999999757e-01
9.330000000000000515e-01
9.264999999999999902e-01
9.318999999999999506e-01
9.230000000000000426e-01
9.337999999999999634e-01
9.233999999999999986e-01
9.291000000000000369e-01
9.296999999999999709e-01
9.297999999999999599e-01
9.347999999999999643e-01
9.371000000000000441e-01
9.354999999999999982e-01
9.455000000000000071e-01
9.484000000000000208e-01
9.542000000000000481e-01
9.537999999999999812e-01
9.606000000000000094e-01
9.543000000000000371e-01
9.512000000000000455e-01
9.322000000000000286e-01
9.282000000000000250e-01
9.355999999999999872e-01
9.316999999999999726e-01
9.310000000000000497e-01
9.031000000000000139e-01
9.249000000000000554e-01
9.328999999999999515e-01
9.414000000000000146e-01
9.294999999999999929e-01
9.419999999999999485e-01
9.471000000000000529e-01
9.395999999999999908e-01
9.345999999999999863e-01
9.362000000000000322e-01
9.497999999999999776e-01
9.446999999999999842e-01
9.388999999999999568e-01
9.448999999999999622e-01
9.445999999999999952e-01
9.253000000000000114e-01
9.360000000000000542e-01
9.572000000000000508e-01
9.405999999999999917e-01
9.443000000000000282e-01
9.406999999999999806e-01
9.468999999999999639e-01
9.446999999999999842e-01
9.474000000000000199e-01
9.402000000000000357e-01
9.294000000000000039e-01
9.213000000000000078e-01
9.153000000000000025e-01
9.073999999999999844e-01
8.810000000000000053e-01
8.606000000000000316e-01
8.586000000000000298e-01
8.793999999999999595e-01
8.983999999999999764e-01
8.903999999999999693e-01
8.756000000000000449e-01
8.483000000000000540e-01
8.405000000000000249e-01
8.390999999999999570e-01
8.380999999999999561e-01
8.397000000000000020e-01
8.459999999999999742e-01
8.254000000000000226e-01
7.279999999999999805e-01
