8.672999999999999599e-01
9.042000000000000037e-01
8.676000000000000378e-01
8.555000000000000382e-01
8.473000000000000531e-01
8.239999999999999547e-01
8.008999999999999453e-01
7.637000000000000455e-01
7.295000000000000373e-01
7.228999999999999870e-01
7.231999999999999540e-01
7.197000000000000064e-01
7.006000000000000005e-01
6.549000000000000377e-01
5.574999999999999956e-01
4.176000000000000267e-01
3.468999999999999861e-01
2.938999999999999946e-01
2.580999999999999961e-01
2.530000000000000027e-01
2.426999999999999991e-01
1.943999999999999895e-01
2.005000000000000115e-01
1.792999999999999872e-01
1.854999999999999982e-01
1.797999999999999876e-01
1.638999999999999901e-01
1.514000000000000068e-01
1.572000000000000064e-01
1.680000000000000104e-01
1.648000000000000020e-01
1.502000000000000002e-01
1.438000000000000111e-01
1.486999999999999988e-01
1.600999999999999923e-01
1.718000000000000083e-01
1.968999999999999917e-01
2.384000000000000008e-01
2.767999999999999905e-01
3.124000000000000110e-01
3.210000000000000075e-01
2.983000000000000096e-01
2.727999999999999869e-01
2.558000000000000274e-01
2.273999999999999910e-01
1.965000000000000080e-01
1.781000000000000083e-01
1.895000000000000018e-01
2.061000000000000054e-01
2.333000000000000074e-01
2.308000000000000052e-01
2.081000000000000072e-01
2.253000000000000003e-01
2.124000000000000055e-01
2.255999999999999950e-01
2.356999999999999929e-01
2.386000000000000065e-01
2.399000000000000021e-01
2.441000000000000114e-01
2.366000000000000048e-01
2.341999999999999915e-01
2.409999999999999920e-01
2.399000000000000021e-01
2.751000000000000112e-01
3.150999999999999912e-01
3.418999999999999817e-01
3.926999999999999935e-01
4.338000000000000189e-01
4.727999999999999980e-01
4.907000000000000250e-01
5.013999999999999568e-01
5.319000000000000394e-01
5.046000000000000485e-01
4.939000000000000057e-01
4.808999999999999941e-01
4.666000000000000147e-01
4.798999999999999932e-01
5.104999999999999538e-01
5.349000000000000421e-01
5.241999999999999993e-01
5.637999999999999678e-01
5.907999999999999918e-01
6.045000000000000373e-01
5.989999999999999769e-01
5.859999999999999654e-01
6.016000000000000236e-01
6.220999999999999863e-01
6.419000000000000261e-01
6.656999999999999584e-01
6.935000000000000053e-01
6.717999999999999527e-01
7.060999999999999499e-01
7.477000000000000313e-01
7.623999999999999666e-01
8.375000000000000222e-01
8.476000000000000201e-01
8.398999999999999799e-01
8.266000000000000014e-01
8.427999999999999936e-01
8.618999999999999995e-01
8.639999999999999902e-01
8.750000000000000000e-01
8.570999999999999730e-01
8.590999999999999748e-01
8.552999999999999492e-01
8.850999999999999979e-01
8.977000000000000535e-01
9.180000000000000382e-01
9.223999999999999977e-01
9.065999999999999615e-01
9.035999999999999588e-01
9.249000000000000554e-01
9.318999999999999506e-01
9.311000000000000387e-01
9.535000000000000142e-01
9.505000000000000115e-01
9.469999999999999529e-01
9.543000000000000371e-01
9.484000000000000208e-01
9.500999999999999446e-01
9.443000000000000282e-01
9.379999999999999449e-01
9.306999999999999718e-01
9.407999999999999696e-01
9.502000000000000446e-01
9.569999999999999618e-01
9.657000000000000028e-01
9.485999999999999988e-01
9.518999999999999684e-01
9.211000000000000298e-01
9.565000000000000169e-01
9.600999999999999535e-01
9.565000000000000169e-01
9.427999999999999714e-01
9.232000000000000206e-01
9.351000000000000423e-01
9.473000000000000309e-01
9.397999999999999687e-01
9.135999999999999677e-01
9.422000000000000375e-01
9.493000000000000327e-01
9.552000000000000490e-01
9.273000000000000131e-01
8.857000000000000428e-01
9.174999999999999822e-01
9.106999999999999540e-01
9.331000000000000405e-01
9.528999999999999693e-01
9.580999999999999517e-01
9.528999999999999693e-01
9.523000000000000353e-01
9.545000000000000151e-01
9.475999999999999979e-01
9.352000000000000313e-01
9.432000000000000384e-01
9.130000000000000338e-01
9.245999999999999774e-01
9.286999999999999700e-01
9.194999999999999840e-01
8.921000000000000041e-01
8.818000000000000282e-01
9.053999999999999826e-01
8.998000000000000442e-01
9.250000000000000444e-01
9.149000000000000465e-01
8.997000000000000552e-01
9.113999999999999879e-01
8.662999999999999590e-01
8.787000000000000366e-01
8.796000000000000485e-01
8.829000000000000181e-01
9.080000000000000293e-01
9.133000000000000007e-01
9.061000000000000165e-01
9.293000000000000149e-01
9.203000000000000069e-01
9.056999999999999496e-01
9.278999999999999471e-01
9.261000000000000343e-01
9.243999999999999995e-01
9.260000000000000453e-01
9.405999999999999917e-01
9.298999999999999488e-01
9.304999999999999938e-01
9.334000000000000075e-01
9.242000000000000215e-01
9.292000000000000259e-01
9.271000000000000352e-01
9.245999999999999774e-01
9.310000000000000497e-01
9.306999999999999718e-01
9.204999999999999849e-01
9.145999999999999686e-01
9.096999999999999531e-01
9.257999999999999563e-01
9.222000000000000197e-01
9.126999999999999558e-01
9.191000000000000281e-01
9.324000000000000066e-01
9.333000000000000185e-01
9.340000000000000524e-01
9.207999999999999519e-01
9.122999999999999998e-01
8.858000000000000318e-01
9.212000000000000188e-01
9.210000000000000409e-01
9.126999999999999558e-01
8.870999999999999996e-01
8.973999999999999755e-01
8.942999999999999838e-01
8.638000000000000123e-01
8.830999999999999961e-01
8.943999999999999728e-01
9.252000000000000224e-01
9.030000000000000249e-01
9.040000000000000258e-01
9.169000000000000483e-01
9.181000000000000272e-01
9.065999999999999615e-01
8.992999999999999883e-01
9.020000000000000240e-01
8.961999999999999966e-01
9.006999999999999451e-01
9.105999999999999650e-01
9.176999999999999602e-01
9.296999999999999709e-01
9.354999999999999982e-01
9.202000000000000179e-01
9.203999999999999959e-01
9.187999999999999501e-01
9.082000000000000073e-01
8.778000000000000247e-01
8.710999999999999854e-01
8.669999999999999929e-01
8.558999999999999941e-01
8.353000000000000425e-01
8.041000000000000369e-01
7.802999999999999936e-01
7.617000000000000437e-01
7.357000000000000206e-01
7.138999999999999790e-01
6.938999999999999613e-01
6.852000000000000313e-01
6.846999999999999753e-01
6.649000000000000465e-01
6.356000000000000538e-01
6.420000000000000151e-01
6.624999999999999778e-01
6.911000000000000476e-01
6.755999999999999783e-01
6.933000000000000274e-01
7.368999999999999995e-01
7.802000000000000046e-01
8.283000000000000362e-01
8.199999999999999512e-01
8.980000000000000204e-01
8.850999999999999979e-01
9.333000000000000185e-01
9.458999999999999631e-01
9.354000000000000092e-01
9.344000000000000083e-01
9.392000000000000348e-01
9.422000000000000375e-01
9.437999999999999723e-01
9.455999999999999961e-01
9.620999999999999552e-01
9.573000000000000398e-01
9.406999999999999806e-01
9.428999999999999604e-01
9.556000000000000050e-01
9.379999999999999449e-01
9.449999999999999512e-01
9.446999999999999842e-01
9.540999999999999481e-01
9.520999999999999464e-01
9.418999999999999595e-01
9.616000000000000103e-01
9.520999999999999464e-01
9.464000000000000190e-01
9.568999999999999728e-01
9.476999999999999869e-01
9.509999999999999565e-01
9.489999999999999547e-01
9.383000000000000229e-01
9.366999999999999771e-01
8.973999999999999755e-01
8.918000000000000371e-01
8.778000000000000247e-01
8.985999999999999543e-01
8.670999999999999819e-01
8.536000000000000254e-01
8.123000000000000220e-01
7.841000000000000192e-01
7.466000000000000414e-01
7.276000000000000245e-01
6.956999999999999851e-01
6.761000000000000343e-01
6.407000000000000473e-01
6.192999999999999616e-01
6.092999999999999527e-01
6.128000000000000114e-01
5.938999999999999835e-01
6.099999999999999867e-01
6.331999999999999851e-01
6.221999999999999753e-01
6.512999999999999901e-01
6.726999999999999647e-01
6.795999999999999819e-01
6.886999999999999789e-01
7.119999999999999662e-01
7.204000000000000403e-01
7.318000000000000060e-01
7.447000000000000286e-01
7.611999999999999877e-01
7.685999999999999499e-01
7.798000000000000487e-01
8.006999999999999673e-01
8.047999999999999599e-01
8.146999999999999797e-01
8.211000000000000520e-01
8.205999999999999961e-01
8.363000000000000433e-01
8.212000000000000410e-01
8.445000000000000284e-01
8.217999999999999750e-01
8.527000000000000135e-01
8.622999999999999554e-01
8.774999999999999467e-01
8.958000000000000407e-01
9.058000000000000496e-01
9.243000000000000105e-01
9.290000000000000480e-01
9.428999999999999604e-01
9.472000000000000419e-01
9.520999999999999464e-01
9.596999999999999975e-01
9.595000000000000195e-01
9.567999999999999838e-01
9.590999999999999526e-01
9.404000000000000137e-01
9.322000000000000286e-01
9.306999999999999718e-01
9.226999999999999647e-01
9.167999999999999483e-01
9.177999999999999492e-01
9.217999999999999527e-01
9.130000000000000338e-01
9.230000000000000426e-01
9.120000000000000329e-01
9.202000000000000179e-01
9.143999999999999906e-01
9.069000000000000394e-01
8.947000000000000508e-01
8.948000000000000398e-01
8.800000000000000044e-01
8.776000000000000467e-01
8.756000000000000449e-01
8.658000000000000140e-01
8.384000000000000341e-01
8.182000000000000384e-01
7.954999999999999849e-01
7.355000000000000426e-01
6.702000000000000179e-01
6.078999999999999959e-01
5.543000000000000149e-01
5.273999999999999799e-01
4.731000000000000205e-01
4.517999999999999794e-01
4.273000000000000131e-01
4.051000000000000156e-01
4.058999999999999830e-01
4.268000000000000127e-01
4.531000000000000028e-01
4.385000000000000009e-01
4.768000000000000016e-01
5.284999999999999698e-01
5.423999999999999932e-01
5.875000000000000222e-01
5.995000000000000329e-01
5.997000000000000108e-01
5.854000000000000314e-01
5.288000000000000478e-01
