7.798000000000000487e-01
7.650000000000000133e-01
7.389999999999999902e-01
7.137000000000000011e-01
7.470999999999999863e-01
7.610000000000000098e-01
7.591999999999999860e-01
7.620999999999999996e-01
7.670000000000000151e-01
7.693999999999999728e-01
7.707000000000000517e-01
7.488000000000000211e-01
7.043000000000000371e-01
6.491000000000000103e-01
5.553000000000000158e-01
4.218000000000000083e-01
3.572000000000000175e-01
3.130000000000000004e-01
2.777000000000000024e-01
2.887000000000000122e-01
2.806000000000000161e-01
2.625000000000000111e-01
2.791000000000000147e-01
2.500000000000000000e-01
2.745000000000000218e-01
2.848999999999999866e-01
2.707999999999999852e-01
2.758999999999999786e-01
3.055999999999999828e-01
3.295000000000000151e-01
3.472999999999999976e-01
3.462000000000000077e-01
3.673000000000000154e-01
4.137000000000000122e-01
4.788000000000000034e-01
5.100999999999999979e-01
5.052999999999999714e-01
5.493000000000000105e-01
5.564999999999999947e-01
5.675999999999999934e-01
5.318000000000000504e-01
4.848000000000000087e-01
4.289000000000000035e-01
3.976999999999999980e-01
3.459999999999999742e-01
3.120999999999999885e-01
2.848999999999999866e-01
3.029999999999999916e-01
2.962000000000000188e-01
3.226999999999999869e-01
3.345000000000000195e-01
3.044999999999999929e-01
3.135999999999999899e-01
2.923999999999999932e-01
3.134000000000000119e-01
3.196999999999999842e-01
3.255000000000000115e-01
3.277999999999999803e-01
3.355000000000000204e-01
3.192999999999999727e-01
3.034999999999999920e-01
3.066999999999999726e-01
3.069000000000000061e-01
3.378999999999999782e-01
3.773000000000000242e-01
4.041000000000000147e-01
4.551999999999999935e-01
5.101999999999999869e-01
5.568999999999999506e-01
5.914000000000000368e-01
6.361999999999999877e-01
6.619000000000000439e-01
6.787999999999999590e-01
7.359999999999999876e-01
7.557000000000000384e-01
7.660000000000000142e-01
7.668000000000000371e-01
7.860000000000000320e-01
8.048999999999999488e-01
8.415000000000000258e-01
8.359999999999999654e-01
8.572999999999999510e-01
8.559999999999999831e-01
8.541999999999999593e-01
8.747000000000000330e-01
9.030000000000000249e-01
9.253000000000000114e-01
9.415999999999999925e-01
9.475999999999999979e-01
9.448999999999999622e-01
9.468999999999999639e-01
9.532000000000000473e-01
9.475999999999999979e-01
9.393000000000000238e-01
9.337999999999999634e-01
9.294999999999999929e-01
9.330000000000000515e-01
9.333000000000000185e-01
9.351000000000000423e-01
9.224999999999999867e-01
9.250000000000000444e-01
9.244999999999999885e-01
9.298999999999999488e-01
9.302000000000000268e-01
9.370000000000000551e-01
9.277999999999999581e-01
9.362000000000000322e-01
9.313000000000000167e-01
9.354999999999999982e-01
9.266999999999999682e-01
9.101000000000000201e-01
9.033999999999999808e-01
8.924999999999999600e-01
8.856000000000000538e-01
8.608000000000000096e-01
8.303000000000000380e-01
8.447999999999999954e-01
8.398999999999999799e-01
8.594000000000000528e-01
8.571999999999999620e-01
8.908000000000000362e-01
8.971999999999999975e-01
8.968000000000000416e-01
9.115999999999999659e-01
9.267999999999999572e-01
9.190000000000000391e-01
9.200000000000000400e-01
9.123999999999999888e-01
9.120000000000000329e-01
9.475000000000000089e-01
9.374000000000000110e-01
9.466999999999999860e-01
9.504000000000000226e-01
9.443000000000000282e-01
9.413000000000000256e-01
9.495999999999999996e-01
9.519999999999999574e-01
9.537999999999999812e-01
9.560999999999999499e-01
9.664000000000000368e-01
9.532000000000000473e-01
9.516000000000000014e-01
9.363000000000000211e-01
9.246999999999999664e-01
9.056999999999999496e-01
9.190000000000000391e-01
9.162000000000000144e-01
9.049000000000000377e-01
9.030000000000000249e-01
8.822999999999999732e-01
9.112999999999999989e-01
9.055999999999999606e-01
8.944999999999999618e-01
8.968000000000000416e-01
8.584000000000000519e-01
8.961000000000000076e-01
8.759000000000000119e-01
8.824999999999999512e-01
8.901000000000000023e-01
8.882999999999999785e-01
8.942999999999999838e-01
8.998000000000000442e-01
9.028000000000000469e-01
9.089000000000000412e-01
9.102000000000000091e-01
9.265999999999999792e-01
9.203000000000000069e-01
9.142000000000000126e-01
9.085999999999999632e-01
9.018000000000000460e-01
9.130000000000000338e-01
8.978000000000000425e-01
8.899000000000000243e-01
8.990000000000000213e-01
8.870999999999999996e-01
8.849000000000000199e-01
8.666000000000000369e-01
8.690999999999999837e-01
8.696000000000000396e-01
8.786000000000000476e-01
8.802999999999999714e-01
8.686000000000000387e-01
8.723999999999999533e-01
8.837000000000000410e-01
8.933999999999999719e-01
8.830999999999999961e-01
8.982999999999999874e-01
8.911999999999999922e-01
8.811999999999999833e-01
8.821999999999999842e-01
8.619999999999999885e-01
8.819000000000000172e-01
8.688000000000000167e-01
8.770000000000000018e-01
9.018000000000000460e-01
9.054999999999999716e-01
9.054999999999999716e-01
9.020000000000000240e-01
9.112000000000000099e-01
9.291000000000000369e-01
9.265999999999999792e-01
9.230000000000000426e-01
9.229000000000000536e-01
9.318999999999999506e-01
9.336999999999999744e-01
9.348999999999999533e-01
9.231000000000000316e-01
9.435000000000000053e-01
9.221000000000000307e-01
9.240000000000000435e-01
9.160000000000000364e-01
9.081000000000000183e-01
9.151000000000000245e-01
9.161000000000000254e-01
9.185999999999999721e-01
9.155999999999999694e-01
9.161000000000000254e-01
9.096999999999999531e-01
9.133000000000000007e-01
9.261000000000000343e-01
9.246999999999999664e-01
9.199000000000000510e-01
9.272000000000000242e-01
9.379999999999999449e-01
9.421000000000000485e-01
9.306999999999999718e-01
9.415000000000000036e-01
9.330000000000000515e-01
9.200000000000000400e-01
9.446999999999999842e-01
9.323000000000000176e-01
9.305999999999999828e-01
9.286999999999999700e-01
9.382000000000000339e-01
9.304999999999999938e-01
9.477999999999999758e-01
9.415000000000000036e-01
9.406999999999999806e-01
9.418999999999999595e-01
9.463000000000000300e-01
9.406999999999999806e-01
9.499999999999999556e-01
9.449999999999999512e-01
9.445999999999999952e-01
9.499999999999999556e-01
9.397999999999999687e-01
9.464000000000000190e-01
9.578999999999999737e-01
9.453000000000000291e-01
9.526000000000000023e-01
9.483000000000000318e-01
9.421000000000000485e-01
9.372000000000000330e-01
9.341000000000000414e-01
9.347999999999999643e-01
9.313000000000000167e-01
9.274000000000000021e-01
9.399999999999999467e-01
9.263000000000000123e-01
9.053999999999999826e-01
8.951000000000000068e-01
8.987000000000000544e-01
9.063999999999999835e-01
9.014999999999999680e-01
9.110000000000000320e-01
8.947000000000000508e-01
8.989000000000000323e-01
9.118000000000000549e-01
9.219000000000000528e-01
9.175999999999999712e-01
8.951000000000000068e-01
8.955999999999999517e-01
9.024999999999999689e-01
9.186999999999999611e-01
9.343000000000000194e-01
9.280000000000000471e-01
9.223999999999999977e-01
9.184999999999999831e-01
9.090000000000000302e-01
9.217999999999999527e-01
9.229000000000000536e-01
9.280000000000000471e-01
9.364999999999999991e-01
9.313000000000000167e-01
9.371000000000000441e-01
9.462000000000000410e-01
9.496999999999999886e-01
9.489999999999999547e-01
9.381000000000000449e-01
9.414000000000000146e-01
9.459999999999999520e-01
9.514000000000000234e-01
9.596999999999999975e-01
9.588999999999999746e-01
9.792999999999999483e-01
9.622000000000000552e-01
9.677999999999999936e-01
9.701999999999999513e-01
9.477999999999999758e-01
9.422000000000000375e-01
9.235999999999999766e-01
9.237999999999999545e-01
9.281000000000000361e-01
9.187999999999999501e-01
9.042000000000000037e-01
8.834999999999999520e-01
8.754999999999999449e-01
8.801999999999999824e-01
8.749000000000000110e-01
8.900000000000000133e-01
8.791999999999999815e-01
8.731999999999999762e-01
8.778000000000000247e-01
8.659999999999999920e-01
8.589999999999999858e-01
8.335000000000000187e-01
8.554000000000000492e-01
8.878000000000000336e-01
9.042000000000000037e-01
9.012999999999999901e-01
9.001000000000000112e-01
9.052999999999999936e-01
8.952999999999999847e-01
8.895999999999999464e-01
8.995999999999999552e-01
8.915999999999999481e-01
8.907000000000000473e-01
8.797000000000000375e-01
8.881999999999999895e-01
8.830999999999999961e-01
9.058000000000000496e-01
9.180000000000000382e-01
9.201000000000000290e-01
9.137999999999999456e-01
9.086999999999999522e-01
9.110000000000000320e-01
9.196999999999999620e-01
9.235999999999999766e-01
9.283000000000000140e-01
9.153000000000000025e-01
9.090000000000000302e-01
9.216999999999999638e-01
9.232000000000000206e-01
9.109000000000000430e-01
9.114999999999999769e-01
9.204999999999999849e-01
9.308999999999999497e-01
9.226999999999999647e-01
9.118000000000000549e-01
8.977000000000000535e-01
8.989000000000000323e-01
9.012000000000000011e-01
9.071000000000000174e-01
9.215999999999999748e-01
9.274000000000000021e-01
9.174999999999999822e-01
9.244999999999999885e-01
9.254999999999999893e-01
9.250000000000000444e-01
9.207999999999999519e-01
9.262000000000000233e-01
9.307999999999999607e-01
9.311000000000000387e-01
9.284999999999999920e-01
9.202000000000000179e-01
9.141000000000000236e-01
8.989000000000000323e-01
8.698000000000000176e-01
8.732999999999999652e-01
8.588999999999999968e-01
8.182000000000000384e-01
7.488000000000000211e-01
6.753000000000000114e-01
6.146000000000000352e-01
5.860999999999999543e-01
5.413000000000000034e-01
5.211000000000000076e-01
4.938000000000000167e-01
4.678999999999999826e-01
4.737000000000000099e-01
4.918000000000000149e-01
5.081999999999999851e-01
5.325999999999999623e-01
5.715999999999999970e-01
6.096000000000000307e-01
6.560000000000000275e-01
6.892000000000000348e-01
6.830000000000000515e-01
7.114000000000000323e-01
7.237000000000000099e-01
7.163000000000000478e-01
7.264000000000000457e-01
7.225000000000000311e-01
6.703999999999999959e-01
