7.229999999999999760e-01
7.252999999999999448e-01
6.770000000000000462e-01
6.418000000000000371e-01
5.868999999999999773e-01
5.644000000000000128e-01
5.424999999999999822e-01
5.114999999999999547e-01
5.070999999999999952e-01
4.485999999999999988e-01
4.495000000000000107e-01
4.232000000000000206e-01
4.108999999999999875e-01
4.501000000000000001e-01
4.576000000000000068e-01
4.652000000000000024e-01
5.080999999999999961e-01
5.536999999999999700e-01
5.411000000000000254e-01
5.677999999999999714e-01
5.815000000000000169e-01
5.803000000000000380e-01
5.908999999999999808e-01
5.788999999999999702e-01
6.038999999999999924e-01
6.310999999999999943e-01
6.161999999999999700e-01
5.958999999999999853e-01
5.566999999999999726e-01
5.002999999999999670e-01
4.344999999999999973e-01
3.643000000000000127e-01
3.476000000000000201e-01
3.529999999999999805e-01
3.069999999999999951e-01
3.085999999999999854e-01
3.090999999999999859e-01
2.970999999999999752e-01
3.089999999999999969e-01
2.839999999999999747e-01
2.839999999999999747e-01
2.722999999999999865e-01
2.810000000000000275e-01
2.736000000000000099e-01
2.590999999999999970e-01
2.575000000000000067e-01
2.313999999999999946e-01
2.177000000000000046e-01
2.195999999999999897e-01
1.476999999999999980e-01
1.507999999999999896e-01
9.189999999999999558e-02
8.690000000000000502e-02
6.489999999999999936e-02
5.220000000000000334e-02
3.740000000000000269e-02
3.790000000000000313e-02
3.150000000000000022e-02
2.900000000000000147e-02
3.269999999999999990e-02
6.010000000000000064e-02
7.520000000000000295e-02
8.250000000000000389e-02
8.440000000000000280e-02
9.750000000000000333e-02
1.136999999999999955e-01
1.136999999999999955e-01
1.233999999999999958e-01
1.212000000000000022e-01
1.203999999999999931e-01
1.287000000000000088e-01
1.221000000000000002e-01
1.082999999999999935e-01
9.030000000000000526e-02
1.117999999999999966e-01
9.950000000000000511e-02
8.200000000000000344e-02
8.450000000000000566e-02
7.499999999999999722e-02
8.079999999999999682e-02
8.069999999999999396e-02
9.160000000000000087e-02
6.819999999999999674e-02
5.530000000000000193e-02
6.320000000000000617e-02
5.850000000000000339e-02
6.640000000000000069e-02
6.900000000000000577e-02
8.849999999999999534e-02
1.115000000000000019e-01
1.267000000000000071e-01
1.307000000000000106e-01
1.365000000000000102e-01
1.125000000000000028e-01
1.008000000000000007e-01
8.780000000000000304e-02
1.087999999999999939e-01
1.006999999999999978e-01
9.470000000000000639e-02
1.045999999999999985e-01
1.091000000000000025e-01
1.142999999999999988e-01
1.361999999999999877e-01
1.683999999999999941e-01
2.006999999999999895e-01
2.253000000000000003e-01
2.472999999999999921e-01
2.869999999999999774e-01
2.908000000000000029e-01
3.057000000000000273e-01
3.311000000000000054e-01
3.358999999999999764e-01
3.588000000000000078e-01
3.511000000000000232e-01
3.637000000000000233e-01
3.602000000000000202e-01
3.761999999999999789e-01
3.920000000000000151e-01
4.117000000000000104e-01
4.326999999999999735e-01
4.265999999999999792e-01
4.198999999999999955e-01
4.874999999999999889e-01
5.010000000000000009e-01
5.134999999999999565e-01
5.000000000000000000e-01
4.586000000000000076e-01
4.682999999999999940e-01
4.692999999999999949e-01
4.283000000000000140e-01
3.970000000000000195e-01
3.211999999999999855e-01
2.652999999999999803e-01
2.326999999999999902e-01
1.980999999999999983e-01
1.748000000000000109e-01
1.419999999999999873e-01
9.919999999999999651e-02
6.940000000000000335e-02
5.319999999999999729e-02
5.070000000000000201e-02
6.660000000000000642e-02
8.809999999999999776e-02
9.610000000000000486e-02
1.146999999999999964e-01
1.270000000000000018e-01
1.337000000000000133e-01
1.368000000000000049e-01
1.365000000000000102e-01
1.535999999999999865e-01
1.738999999999999990e-01
1.766999999999999960e-01
1.880000000000000004e-01
1.764000000000000012e-01
1.696999999999999897e-01
1.698000000000000065e-01
1.796000000000000096e-01
1.680000000000000104e-01
1.580000000000000016e-01
1.494999999999999940e-01
1.355999999999999983e-01
1.139000000000000012e-01
1.237999999999999934e-01
1.264000000000000123e-01
1.168000000000000010e-01
1.159000000000000030e-01
1.160999999999999949e-01
1.010999999999999954e-01
9.560000000000000442e-02
9.879999999999999893e-02
9.969999999999999696e-02
1.091000000000000025e-01
1.438000000000000111e-01
2.010000000000000120e-01
2.676000000000000045e-01
3.519999999999999796e-01
4.152000000000000135e-01
4.472999999999999754e-01
5.006000000000000449e-01
5.577999999999999625e-01
5.623000000000000220e-01
5.891999999999999460e-01
5.897000000000000020e-01
5.742000000000000437e-01
5.553000000000000158e-01
5.259000000000000341e-01
4.894999999999999907e-01
4.555000000000000160e-01
4.069999999999999729e-01
4.118999999999999884e-01
3.982999999999999874e-01
3.660999999999999810e-01
3.155000000000000027e-01
2.802999999999999936e-01
2.572999999999999732e-01
1.756999999999999951e-01
1.428999999999999992e-01
8.390000000000000235e-02
5.670000000000000040e-02
3.860000000000000236e-02
4.279999999999999777e-02
4.889999999999999902e-02
7.249999999999999500e-02
7.099999999999999367e-02
7.190000000000000557e-02
7.140000000000000513e-02
5.700000000000000205e-02
4.290000000000000063e-02
3.300000000000000155e-02
1.679999999999999896e-02
1.799999999999999864e-02
2.079999999999999905e-02
2.489999999999999852e-02
3.049999999999999933e-02
2.829999999999999877e-02
3.839999999999999664e-02
3.330000000000000321e-02
2.179999999999999993e-02
2.599999999999999881e-02
3.150000000000000022e-02
2.160000000000000114e-02
8.500000000000000611e-03
0.000000000000000000e+00
0.000000000000000000e+00
6.700000000000000226e-03
1.700000000000000122e-02
2.560000000000000123e-02
3.819999999999999785e-02
6.419999999999999318e-02
7.679999999999999327e-02
6.919999999999999762e-02
6.769999999999999629e-02
6.429999999999999605e-02
6.729999999999999871e-02
7.119999999999999940e-02
7.989999999999999880e-02
9.270000000000000462e-02
1.015000000000000069e-01
1.184000000000000052e-01
1.526000000000000134e-01
2.023000000000000076e-01
2.162000000000000033e-01
2.556999999999999829e-01
2.788999999999999813e-01
3.045999999999999819e-01
3.237999999999999767e-01
3.336000000000000076e-01
3.143000000000000238e-01
3.069000000000000061e-01
3.237999999999999767e-01
3.653000000000000136e-01
4.149999999999999800e-01
4.620000000000000218e-01
5.323999999999999844e-01
6.147000000000000242e-01
6.711000000000000298e-01
6.886999999999999789e-01
7.201999999999999513e-01
7.345000000000000417e-01
7.287000000000000144e-01
7.291999999999999593e-01
7.382999999999999563e-01
7.266000000000000236e-01
7.468000000000000194e-01
7.470999999999999863e-01
7.329999999999999849e-01
7.568000000000000282e-01
7.701999999999999957e-01
8.018999999999999462e-01
8.153000000000000247e-01
8.378999999999999782e-01
8.652999999999999581e-01
8.817000000000000393e-01
9.036999999999999478e-01
9.202000000000000179e-01
9.313000000000000167e-01
9.456999999999999851e-01
9.557999999999999829e-01
9.608999999999999764e-01
9.661999999999999478e-01
9.708999999999999853e-01
9.597999999999999865e-01
9.730999999999999650e-01
9.697000000000000064e-01
9.661999999999999478e-01
9.703000000000000513e-01
9.734000000000000430e-01
9.715000000000000302e-01
9.688999999999999835e-01
9.739999999999999769e-01
9.782999999999999474e-01
9.747999999999999998e-01
9.685000000000000275e-01
9.707000000000000073e-01
9.670999999999999597e-01
9.720999999999999641e-01
9.774000000000000465e-01
9.700999999999999623e-01
9.818000000000000060e-01
9.775000000000000355e-01
9.848999999999999977e-01
9.699999999999999734e-01
9.791999999999999593e-01
9.810999999999999721e-01
9.691999999999999504e-01
9.725000000000000311e-01
9.759999999999999787e-01
9.791999999999999593e-01
9.564000000000000279e-01
9.532000000000000473e-01
9.472000000000000419e-01
9.478999999999999648e-01
9.498999999999999666e-01
9.566000000000000059e-01
9.739999999999999769e-01
9.701999999999999513e-01
9.845000000000000417e-01
9.774000000000000465e-01
9.670999999999999597e-01
9.693000000000000504e-01
9.768000000000000016e-01
9.756000000000000227e-01
9.711999999999999522e-01
9.738999999999999879e-01
9.716000000000000192e-01
9.743000000000000549e-01
9.800999999999999712e-01
9.690999999999999615e-01
9.694000000000000394e-01
9.605000000000000204e-01
9.594000000000000306e-01
9.684000000000000385e-01
9.782999999999999474e-01
9.762999999999999456e-01
9.327999999999999625e-01
9.512000000000000455e-01
9.419999999999999485e-01
9.578999999999999737e-01
9.588999999999999746e-01
9.544000000000000261e-01
9.615000000000000213e-01
9.516000000000000014e-01
9.546000000000000041e-01
9.518999999999999684e-01
9.762999999999999456e-01
9.858999999999999986e-01
9.680999999999999606e-01
9.906000000000000361e-01
9.788000000000000034e-01
9.766000000000000236e-01
9.689999999999999725e-01
9.687000000000000055e-01
9.514000000000000234e-01
9.710999999999999632e-01
9.794000000000000483e-01
9.613000000000000433e-01
9.669999999999999707e-01
9.801999999999999602e-01
9.627000000000000002e-01
9.657000000000000028e-01
9.616000000000000103e-01
9.725000000000000311e-01
9.618999999999999773e-01
9.657999999999999918e-01
9.693000000000000504e-01
9.717000000000000082e-01
9.846000000000000307e-01
9.627999999999999892e-01
9.574000000000000288e-01
9.554000000000000270e-01
9.530999999999999472e-01
9.794000000000000483e-01
9.714000000000000412e-01
9.724000000000000421e-01
9.666000000000000147e-01
9.846000000000000307e-01
9.756000000000000227e-01
9.756000000000000227e-01
9.671999999999999487e-01
9.644000000000000350e-01
9.547999999999999821e-01
9.590999999999999526e-01
9.620999999999999552e-01
9.723000000000000531e-01
9.840999999999999748e-01
9.789999999999999813e-01
9.855000000000000426e-01
9.916000000000000369e-01
9.772999999999999465e-01
9.697999999999999954e-01
9.661999999999999478e-01
9.644000000000000350e-01
9.627999999999999892e-01
9.629999999999999671e-01
9.748999999999999888e-01
9.718999999999999861e-01
9.814000000000000501e-01
9.701999999999999513e-01
9.771999999999999575e-01
9.693000000000000504e-01
9.649999999999999689e-01
9.799999999999999822e-01
9.626000000000000112e-01
9.598999999999999755e-01
9.593000000000000416e-01
9.382000000000000339e-01
9.357999999999999652e-01
9.413000000000000256e-01
9.397999999999999687e-01
9.358999999999999542e-01
9.132000000000000117e-01
8.934999999999999609e-01
8.559999999999999831e-01
8.142000000000000348e-01
7.554999999999999494e-01
7.036000000000000032e-01
6.371999999999999886e-01
5.756000000000000005e-01
5.237000000000000544e-01
4.892000000000000237e-01
4.430999999999999939e-01
4.298000000000000154e-01
4.169999999999999818e-01
3.533000000000000029e-01
3.219000000000000195e-01
3.034000000000000030e-01
2.604000000000000203e-01
2.034999999999999865e-01
1.922999999999999987e-01
1.782999999999999863e-01
1.433000000000000107e-01
1.514000000000000068e-01
1.688999999999999946e-01
2.048999999999999988e-01
2.119999999999999940e-01
2.301999999999999880e-01
2.918000000000000038e-01
3.180000000000000049e-01
3.494999999999999774e-01
3.988999999999999768e-01
4.252000000000000224e-01
4.562999999999999834e-01
4.774999999999999800e-01
4.586999999999999966e-01
4.811000000000000276e-01
4.482999999999999763e-01
4.617999999999999883e-01
4.411999999999999811e-01
4.429000000000000159e-01
4.257000000000000228e-01
4.129999999999999782e-01
3.897999999999999798e-01
3.620999999999999774e-01
3.709999999999999964e-01
3.688000000000000167e-01
3.518999999999999906e-01
3.422999999999999932e-01
3.351000000000000090e-01
3.160999999999999921e-01
2.928000000000000047e-01
2.700000000000000178e-01
2.535000000000000031e-01
2.609000000000000208e-01
2.492000000000000048e-01
2.305999999999999994e-01
2.477999999999999925e-01
2.411000000000000087e-01
2.535000000000000031e-01
2.736999999999999988e-01
2.888000000000000012e-01
3.115999999999999881e-01
3.194000000000000172e-01
3.230000000000000093e-01
3.234000000000000208e-01
3.139000000000000123e-01
2.918000000000000038e-01
2.634000000000000230e-01
2.194000000000000117e-01
1.819999999999999951e-01
1.517999999999999905e-01
1.351999999999999869e-01
1.095000000000000001e-01
7.829999999999999460e-02
5.770000000000000129e-02
6.410000000000000420e-02
5.909999999999999976e-02
7.939999999999999836e-02
8.719999999999999973e-02
1.044000000000000067e-01
1.175999999999999962e-01
1.178000000000000019e-01
1.189000000000000057e-01
9.940000000000000224e-02
8.300000000000000433e-02
8.390000000000000235e-02
8.029999999999999638e-02
7.489999999999999436e-02
7.599999999999999811e-02
7.910000000000000364e-02
1.084999999999999992e-01
1.381000000000000005e-01
1.816000000000000114e-01
2.567999999999999727e-01
3.125000000000000000e-01
3.925000000000000155e-01
4.316999999999999726e-01
5.063999999999999613e-01
5.931999999999999496e-01
6.483999999999999764e-01
6.665999999999999703e-01
7.072000000000000508e-01
7.291999999999999593e-01
7.431999999999999718e-01
7.346000000000000307e-01
7.859000000000000430e-01
7.983999999999999986e-01
8.169999999999999485e-01
8.601999999999999647e-01
8.782999999999999696e-01
8.890000000000000124e-01
9.113999999999999879e-01
9.162000000000000144e-01
9.085999999999999632e-01
9.190000000000000391e-01
9.034999999999999698e-01
9.030000000000000249e-01
9.099000000000000421e-01
9.183999999999999941e-01
9.129000000000000448e-01
9.024999999999999689e-01
9.213999999999999968e-01
9.046999999999999487e-01
9.162000000000000144e-01
9.159000000000000474e-01
9.154999999999999805e-01
9.032000000000000028e-01
8.662999999999999590e-01
8.964999999999999636e-01
9.199000000000000510e-01
9.557999999999999829e-01
9.465000000000000080e-01
9.434000000000000163e-01
9.099000000000000421e-01
8.800999999999999934e-01
8.669999999999999929e-01
8.801999999999999824e-01
9.335999999999999854e-01
9.405000000000000027e-01
9.466999999999999860e-01
9.284000000000000030e-01
9.197999999999999510e-01
9.445999999999999952e-01
9.548999999999999710e-01
9.598999999999999755e-01
9.674000000000000377e-01
9.513000000000000345e-01
9.669999999999999707e-01
9.775000000000000355e-01
9.676000000000000156e-01
9.636000000000000121e-01
9.578999999999999737e-01
9.429999999999999494e-01
9.465000000000000080e-01
9.170000000000000373e-01
9.213999999999999968e-01
9.053999999999999826e-01
8.772999999999999687e-01
8.625000000000000444e-01
8.403000000000000469e-01
7.911000000000000254e-01
7.307000000000000162e-01
6.672000000000000153e-01
6.399000000000000243e-01
6.020999999999999686e-01
5.745999999999999996e-01
5.440000000000000391e-01
5.530000000000000471e-01
5.410000000000000364e-01
5.464999999999999858e-01
5.805000000000000160e-01
6.000999999999999668e-01
5.943000000000000504e-01
6.370000000000000107e-01
6.844999999999999973e-01
6.941000000000000503e-01
7.155000000000000249e-01
7.013000000000000345e-01
