9.101000000000000201e-01
9.239000000000000545e-01
9.101000000000000201e-01
8.887000000000000455e-01
8.564000000000000501e-01
8.194000000000000172e-01
7.961000000000000298e-01
7.859000000000000430e-01
7.584999999999999520e-01
7.127999999999999892e-01
6.512000000000000011e-01
5.376999999999999558e-01
4.521000000000000019e-01
3.598999999999999977e-01
2.985999999999999766e-01
2.235000000000000042e-01
1.817000000000000004e-01
1.214999999999999969e-01
7.199999999999999456e-02
4.580000000000000043e-02
3.969999999999999918e-02
3.309999999999999748e-02
1.050000000000000065e-02
3.299999999999999982e-03
4.000000000000000192e-04
0.000000000000000000e+00
0.000000000000000000e+00
0.000000000000000000e+00
0.000000000000000000e+00
0.000000000000000000e+00
0.000000000000000000e+00
0.000000000000000000e+00
0.000000000000000000e+00
0.000000000000000000e+00
0.000000000000000000e+00
0.000000000000000000e+00
0.000000000000000000e+00
0.000000000000000000e+00
0.000000000000000000e+00
0.000000000000000000e+00
0.000000000000000000e+00
0.000000000000000000e+00
0.000000000000000000e+00
0.000000000000000000e+00
0.000000000000000000e+00
0.000000000000000000e+00
0.000000000000000000e+00
0.000000000000000000e+00
0.000000000000000000e+00
0.000000000000000000e+00
0.000000000000000000e+00
1.779999999999999985e-02
1.799999999999999951e-03
1.420000000000000082e-02
2.199999999999999872e-02
3.599999999999999728e-02
2.769999999999999893e-02
1.949999999999999997e-02
1.190000000000000085e-02
2.500000000000000052e-03
0.000000000000000000e+00
0.000000000000000000e+00
0.000000000000000000e+00
0.000000000000000000e+00
0.000000000000000000e+00
0.000000000000000000e+00
0.000000000000000000e+00
0.000000000000000000e+00
0.000000000000000000e+00
2.500000000000000052e-03
1.439999999999999961e-02
2.910000000000000087e-02
5.129999999999999838e-02
7.240000000000000602e-02
8.179999999999999771e-02
5.870000000000000218e-02
6.210000000000000242e-02
6.180000000000000077e-02
6.060000000000000109e-02
8.540000000000000369e-02
1.097000000000000058e-01
1.287000000000000088e-01
1.537999999999999923e-01
1.925000000000000044e-01
2.268000000000000016e-01
2.817999999999999949e-01
4.030000000000000249e-01
5.120000000000000107e-01
5.836999999999999966e-01
6.850000000000000533e-01
7.247999999999999998e-01
7.487000000000000322e-01
7.765999999999999570e-01
8.247999999999999776e-01
8.490999999999999659e-01
8.691999999999999726e-01
8.819000000000000172e-01
8.834999999999999520e-01
8.983999999999999764e-01
8.928000000000000380e-01
9.001000000000000112e-01
8.974999999999999645e-01
8.979000000000000314e-01
8.963999999999999746e-01
8.913999999999999702e-01
9.010000000000000231e-01
8.941000000000000059e-01
9.062999999999999945e-01
9.112999999999999989e-01
9.267999999999999572e-01
9.358999999999999542e-01
9.377999999999999670e-01
9.317999999999999616e-01
9.364999999999999991e-01
9.479999999999999538e-01
9.399999999999999467e-01
9.379999999999999449e-01
9.366999999999999771e-01
9.361000000000000432e-01
9.408999999999999586e-01
9.464000000000000190e-01
9.516999999999999904e-01
9.641999999999999460e-01
9.564000000000000279e-01
9.452000000000000401e-01
9.526000000000000023e-01
9.336999999999999744e-01
9.371000000000000441e-01
9.560999999999999499e-01
9.491000000000000547e-01
9.535000000000000142e-01
9.500999999999999446e-01
9.612000000000000544e-01
9.606999999999999984e-01
9.582000000000000517e-01
9.498999999999999666e-01
9.473000000000000309e-01
9.603000000000000425e-01
9.572000000000000508e-01
9.584000000000000297e-01
9.620999999999999552e-01
9.681999999999999496e-01
9.604000000000000314e-01
9.526999999999999913e-01
9.528999999999999693e-01
9.485999999999999988e-01
9.382000000000000339e-01
9.463000000000000300e-01
9.364000000000000101e-01
9.324000000000000066e-01
9.404000000000000137e-01
9.361000000000000432e-01
9.650999999999999579e-01
9.447999999999999732e-01
9.529999999999999583e-01
9.574000000000000288e-01
9.526999999999999913e-01
9.536999999999999922e-01
9.602000000000000535e-01
9.546999999999999931e-01
9.616999999999999993e-01
9.602000000000000535e-01
9.576999999999999957e-01
9.597999999999999865e-01
9.598999999999999755e-01
9.627000000000000002e-01
9.655000000000000249e-01
9.631999999999999451e-01
9.653000000000000469e-01
9.658999999999999808e-01
9.657999999999999918e-01
9.677999999999999936e-01
9.717000000000000082e-01
9.563000000000000389e-01
9.608999999999999764e-01
9.603000000000000425e-01
9.598999999999999755e-01
9.623000000000000442e-01
9.604000000000000314e-01
9.479999999999999538e-01
9.517999999999999794e-01
9.504000000000000226e-01
9.516000000000000014e-01
9.434000000000000163e-01
9.507999999999999785e-01
9.498999999999999666e-01
9.405999999999999917e-01
9.482000000000000428e-01
9.438999999999999613e-01
9.272000000000000242e-01
9.368999999999999551e-01
9.428999999999999604e-01
9.461000000000000520e-01
9.536000000000000032e-01
9.476999999999999869e-01
9.499999999999999556e-01
9.418999999999999595e-01
9.462000000000000410e-01
9.270000000000000462e-01
9.303000000000000158e-01
9.296999999999999709e-01
9.333000000000000185e-01
9.346999999999999753e-01
9.254999999999999893e-01
9.412000000000000366e-01
9.483000000000000318e-01
9.388999999999999568e-01
9.092000000000000082e-01
9.106999999999999540e-01
9.361000000000000432e-01
9.375999999999999890e-01
9.336999999999999744e-01
9.434000000000000163e-01
9.452000000000000401e-01
9.397999999999999687e-01
9.505000000000000115e-01
9.429999999999999494e-01
9.493000000000000327e-01
9.385000000000000009e-01
9.564000000000000279e-01
9.647000000000000020e-01
9.593000000000000416e-01
9.500999999999999446e-01
9.658999999999999808e-01
9.556999999999999940e-01
9.569999999999999618e-01
9.509999999999999565e-01
9.569999999999999618e-01
9.553000000000000380e-01
9.526000000000000023e-01
9.568999999999999728e-01
9.544000000000000261e-01
9.569999999999999618e-01
9.590999999999999526e-01
9.645000000000000240e-01
9.599999999999999645e-01
9.666000000000000147e-01
9.684000000000000385e-01
9.508999999999999675e-01
9.674000000000000377e-01
9.550999999999999490e-01
9.570999999999999508e-01
9.647999999999999909e-01
9.595000000000000195e-01
9.665000000000000258e-01
9.645000000000000240e-01
9.636000000000000121e-01
9.710999999999999632e-01
9.637000000000000011e-01
9.587999999999999856e-01
9.435999999999999943e-01
9.351000000000000423e-01
9.165999999999999703e-01
8.875999999999999446e-01
8.598000000000000087e-01
8.465000000000000302e-01
8.168999999999999595e-01
7.883000000000000007e-01
7.721000000000000085e-01
7.241999999999999549e-01
7.049999999999999600e-01
6.944000000000000172e-01
6.754999999999999893e-01
6.447000000000000508e-01
6.286000000000000476e-01
5.900999999999999579e-01
5.511000000000000343e-01
4.880999999999999783e-01
4.405999999999999917e-01
3.937999999999999834e-01
3.200000000000000067e-01
2.650000000000000133e-01
2.275000000000000078e-01
1.998000000000000054e-01
1.642000000000000126e-01
1.501000000000000112e-01
1.393999999999999961e-01
1.190999999999999975e-01
1.043000000000000038e-01
1.077000000000000041e-01
1.171999999999999986e-01
1.318000000000000005e-01
1.169000000000000039e-01
1.068999999999999950e-01
9.389999999999999736e-02
7.639999999999999569e-02
5.909999999999999976e-02
4.240000000000000019e-02
3.109999999999999917e-02
1.969999999999999876e-02
2.539999999999999897e-02
4.139999999999999930e-02
5.630000000000000282e-02
7.180000000000000271e-02
1.086000000000000021e-01
1.431000000000000050e-01
1.729999999999999871e-01
1.789000000000000035e-01
1.854999999999999982e-01
1.791000000000000092e-01
1.469000000000000028e-01
1.190999999999999975e-01
9.940000000000000224e-02
6.880000000000000004e-02
4.569999999999999757e-02
3.379999999999999671e-02
2.380000000000000171e-02
1.779999999999999985e-02
2.139999999999999888e-02
2.050000000000000086e-02
2.309999999999999901e-02
3.860000000000000236e-02
4.569999999999999757e-02
5.809999999999999887e-02
7.030000000000000138e-02
1.008000000000000007e-01
1.292999999999999983e-01
1.337000000000000133e-01
1.338999999999999913e-01
1.363999999999999935e-01
1.292000000000000093e-01
1.237999999999999934e-01
1.123999999999999999e-01
9.479999999999999538e-02
8.019999999999999352e-02
7.359999999999999876e-02
6.560000000000000553e-02
5.369999999999999774e-02
4.279999999999999777e-02
2.589999999999999941e-02
1.299999999999999940e-02
3.399999999999999811e-03
2.200000000000000133e-03
1.159999999999999920e-02
1.469999999999999953e-02
2.610000000000000167e-02
3.629999999999999893e-02
4.080000000000000293e-02
4.240000000000000019e-02
4.989999999999999991e-02
4.089999999999999886e-02
3.849999999999999950e-02
2.769999999999999893e-02
1.959999999999999937e-02
1.770000000000000046e-02
1.110000000000000049e-02
0.000000000000000000e+00
0.000000000000000000e+00
0.000000000000000000e+00
6.100000000000000387e-03
1.110000000000000049e-02
3.320000000000000034e-02
6.640000000000000069e-02
8.939999999999999336e-02
8.890000000000000679e-02
9.790000000000000091e-02
1.227000000000000035e-01
1.660000000000000087e-01
2.068000000000000116e-01
2.278000000000000025e-01
2.318000000000000060e-01
2.500000000000000000e-01
2.514000000000000123e-01
2.551999999999999824e-01
2.652999999999999803e-01
2.684000000000000274e-01
2.556999999999999829e-01
2.442999999999999894e-01
2.192999999999999949e-01
2.051999999999999935e-01
2.212000000000000077e-01
2.447000000000000008e-01
2.919999999999999818e-01
3.375000000000000222e-01
3.725999999999999868e-01
3.920000000000000151e-01
4.018999999999999795e-01
4.141000000000000236e-01
4.314999999999999947e-01
4.439000000000000168e-01
4.442999999999999727e-01
4.043999999999999817e-01
