9.187999999999999501e-01
9.042999999999999927e-01
8.700999999999999845e-01
8.562999999999999501e-01
8.598000000000000087e-01
8.546000000000000263e-01
8.621999999999999664e-01
8.510999999999999677e-01
8.642999999999999572e-01
8.498999999999999888e-01
8.520999999999999686e-01
8.728000000000000203e-01
8.643999999999999462e-01
8.585000000000000409e-01
8.673999999999999488e-01
8.941000000000000059e-01
8.692999999999999616e-01
8.766000000000000458e-01
8.867000000000000437e-01
8.908000000000000362e-01
8.962999999999999856e-01
8.990000000000000213e-01
8.911000000000000032e-01
8.965999999999999526e-01
9.002999999999999892e-01
8.993999999999999773e-01
9.036999999999999478e-01
8.918000000000000371e-01
8.880000000000000115e-01
9.030000000000000249e-01
9.008000000000000451e-01
9.052999999999999936e-01
9.089000000000000412e-01
9.096999999999999531e-01
9.020000000000000240e-01
8.920000000000000151e-01
8.998000000000000442e-01
8.943999999999999728e-01
8.808000000000000274e-01
8.922999999999999821e-01
8.877000000000000446e-01
8.941000000000000059e-01
8.849000000000000199e-01
8.917000000000000481e-01
8.861999999999999877e-01
8.971000000000000085e-01
9.025999999999999579e-01
9.049000000000000377e-01
9.002999999999999892e-01
8.953999999999999737e-01
8.915999999999999481e-01
8.949000000000000288e-01
8.931999999999999940e-01
8.913999999999999702e-01
8.917000000000000481e-01
8.887000000000000455e-01
8.807000000000000384e-01
8.818000000000000282e-01
9.021000000000000130e-01
8.705000000000000515e-01
8.923999999999999710e-01
9.147999999999999465e-01
9.183000000000000052e-01
9.147999999999999465e-01
9.241000000000000325e-01
9.224999999999999867e-01
9.019000000000000350e-01
8.969000000000000306e-01
8.827000000000000401e-01
8.741999999999999771e-01
8.830999999999999961e-01
9.004999999999999671e-01
9.002999999999999892e-01
8.938000000000000389e-01
8.875999999999999446e-01
8.746000000000000441e-01
8.838000000000000300e-01
8.901000000000000023e-01
9.061000000000000165e-01
9.161000000000000254e-01
9.175999999999999712e-01
9.112999999999999989e-01
9.112000000000000099e-01
9.112999999999999989e-01
9.062000000000000055e-01
9.104999999999999760e-01
9.150000000000000355e-01
9.213999999999999968e-01
9.217999999999999527e-01
9.246999999999999664e-01
9.209000000000000519e-01
9.245999999999999774e-01
9.255999999999999783e-01
9.227999999999999536e-01
9.300000000000000488e-01
9.173999999999999932e-01
9.191000000000000281e-01
9.215999999999999748e-01
9.194999999999999840e-01
9.243999999999999995e-01
9.256999999999999673e-01
9.254999999999999893e-01
9.213999999999999968e-01
9.374000000000000110e-01
9.249000000000000554e-01
9.190000000000000391e-01
9.203000000000000069e-01
9.147999999999999465e-01
9.042999999999999927e-01
9.131000000000000227e-01
9.225999999999999757e-01
9.179000000000000492e-01
9.347999999999999643e-01
9.286999999999999700e-01
9.352000000000000313e-01
9.401000000000000467e-01
9.403000000000000247e-01
9.441000000000000503e-01
9.413000000000000256e-01
9.404000000000000137e-01
9.402000000000000357e-01
9.489999999999999547e-01
9.391000000000000458e-01
9.411000000000000476e-01
9.375000000000000000e-01
9.235999999999999766e-01
9.378999999999999559e-01
9.284000000000000030e-01
9.034999999999999698e-01
9.174999999999999822e-01
8.872999999999999776e-01
8.707000000000000295e-01
8.667000000000000259e-01
8.760000000000000009e-01
8.834999999999999520e-01
8.949000000000000288e-01
9.002999999999999892e-01
9.056999999999999496e-01
9.030000000000000249e-01
9.176999999999999602e-01
9.197999999999999510e-01
9.053999999999999826e-01
8.991000000000000103e-01
9.046999999999999487e-01
8.783999999999999586e-01
9.033999999999999808e-01
9.167999999999999483e-01
9.226999999999999647e-01
8.949000000000000288e-01
9.133999999999999897e-01
9.051000000000000156e-01
9.239000000000000545e-01
9.344999999999999973e-01
9.305999999999999828e-01
9.315999999999999837e-01
9.243999999999999995e-01
9.214999999999999858e-01
9.098000000000000531e-01
9.163000000000000034e-01
9.141000000000000236e-01
9.219000000000000528e-01
8.875999999999999446e-01
8.875999999999999446e-01
9.053999999999999826e-01
9.316999999999999726e-01
9.243000000000000105e-01
9.233000000000000096e-01
9.342000000000000304e-01
9.345999999999999863e-01
9.346999999999999753e-01
9.375999999999999890e-01
9.415000000000000036e-01
9.260000000000000453e-01
9.406999999999999806e-01
9.257999999999999563e-01
9.277999999999999581e-01
9.371000000000000441e-01
9.401000000000000467e-01
9.404000000000000137e-01
9.341000000000000414e-01
9.347999999999999643e-01
9.357999999999999652e-01
9.310000000000000497e-01
9.176999999999999602e-01
9.321000000000000396e-01
9.263000000000000123e-01
9.106999999999999540e-01
9.102999999999999980e-01
9.203999999999999959e-01
9.176999999999999602e-01
9.227999999999999536e-01
9.183999999999999941e-01
9.264000000000000012e-01
9.234999999999999876e-01
9.184999999999999831e-01
9.236999999999999655e-01
9.193000000000000060e-01
9.219000000000000528e-01
9.251000000000000334e-01
9.169000000000000483e-01
9.210000000000000409e-01
9.142000000000000126e-01
9.150000000000000355e-01
9.231000000000000316e-01
9.240000000000000435e-01
9.256999999999999673e-01
9.274999999999999911e-01
9.233999999999999986e-01
9.246999999999999664e-01
9.112000000000000099e-01
9.116999999999999549e-01
9.143999999999999906e-01
9.060000000000000275e-01
8.891000000000000014e-01
8.685000000000000497e-01
8.565000000000000391e-01
8.602999999999999536e-01
8.437999999999999945e-01
8.269999999999999574e-01
8.135000000000000009e-01
7.896999999999999575e-01
7.715999999999999526e-01
7.570999999999999952e-01
7.619000000000000217e-01
7.974999999999999867e-01
7.674999999999999600e-01
8.213000000000000300e-01
8.554000000000000492e-01
8.425000000000000266e-01
8.872999999999999776e-01
9.174999999999999822e-01
9.263000000000000123e-01
9.250000000000000444e-01
9.255999999999999783e-01
9.415000000000000036e-01
9.433000000000000274e-01
9.418999999999999595e-01
9.444000000000000172e-01
9.495999999999999996e-01
9.493000000000000327e-01
9.489999999999999547e-01
9.527999999999999803e-01
9.496999999999999886e-01
9.557999999999999829e-01
9.586000000000000076e-01
9.560999999999999499e-01
9.555000000000000160e-01
9.523000000000000353e-01
9.453000000000000291e-01
9.395999999999999908e-01
9.284999999999999920e-01
9.335999999999999854e-01
9.262000000000000233e-01
9.165999999999999703e-01
9.264999999999999902e-01
9.246999999999999664e-01
9.195999999999999730e-01
9.143000000000000016e-01
9.251000000000000334e-01
9.083999999999999853e-01
9.098000000000000531e-01
9.082000000000000073e-01
9.022000000000000020e-01
9.082999999999999963e-01
8.968000000000000416e-01
8.975999999999999535e-01
9.096999999999999531e-01
9.206999999999999629e-01
9.230000000000000426e-01
9.186999999999999611e-01
9.176999999999999602e-01
9.258999999999999453e-01
9.285999999999999810e-01
9.344000000000000083e-01
9.135999999999999677e-01
8.969000000000000306e-01
8.948000000000000398e-01
8.964999999999999636e-01
9.012999999999999901e-01
9.139000000000000457e-01
9.204999999999999849e-01
9.083999999999999853e-01
9.285999999999999810e-01
9.338999999999999524e-01
9.292000000000000259e-01
9.291000000000000369e-01
9.284999999999999920e-01
9.247999999999999554e-01
9.282000000000000250e-01
9.245999999999999774e-01
9.284999999999999920e-01
9.433000000000000274e-01
9.345999999999999863e-01
9.125999999999999668e-01
9.018000000000000460e-01
9.292000000000000259e-01
9.251000000000000334e-01
9.191000000000000281e-01
9.416999999999999815e-01
9.402000000000000357e-01
9.375000000000000000e-01
9.456999999999999851e-01
9.466999999999999860e-01
9.469999999999999529e-01
9.514000000000000234e-01
9.499999999999999556e-01
9.418999999999999595e-01
9.379999999999999449e-01
9.313000000000000167e-01
9.284000000000000030e-01
9.274999999999999911e-01
9.278999999999999471e-01
9.284999999999999920e-01
9.146999999999999575e-01
8.951999999999999957e-01
9.243000000000000105e-01
9.264000000000000012e-01
9.290000000000000480e-01
9.211000000000000298e-01
9.274999999999999911e-01
9.398999999999999577e-01
9.496999999999999886e-01
9.527999999999999803e-01
9.485999999999999988e-01
9.534000000000000252e-01
9.479999999999999538e-01
9.557999999999999829e-01
9.579999999999999627e-01
9.557999999999999829e-01
9.446999999999999842e-01
9.539999999999999591e-01
9.459999999999999520e-01
9.451000000000000512e-01
9.525000000000000133e-01
9.547999999999999821e-01
9.607999999999999874e-01
9.648999999999999799e-01
9.586000000000000076e-01
9.638999999999999790e-01
9.543000000000000371e-01
9.688999999999999835e-01
9.694000000000000394e-01
9.654000000000000359e-01
9.661999999999999478e-01
9.546000000000000041e-01
9.785000000000000364e-01
9.585000000000000187e-01
9.627999999999999892e-01
9.520999999999999464e-01
9.534000000000000252e-01
9.547999999999999821e-01
9.559999999999999609e-01
9.578999999999999737e-01
9.610999999999999543e-01
9.292000000000000259e-01
9.284000000000000030e-01
9.110000000000000320e-01
9.239000000000000545e-01
9.139000000000000457e-01
9.058000000000000496e-01
8.761999999999999789e-01
8.518000000000000016e-01
8.023000000000000131e-01
7.237000000000000099e-01
6.602999999999999980e-01
6.189999999999999947e-01
5.674000000000000155e-01
4.930999999999999828e-01
4.673999999999999821e-01
4.620000000000000218e-01
4.671000000000000152e-01
4.626000000000000112e-01
4.980999999999999872e-01
5.208000000000000407e-01
5.856000000000000094e-01
6.928999999999999604e-01
7.640000000000000124e-01
7.943000000000000060e-01
8.147999999999999687e-01
8.575000000000000400e-01
8.689000000000000057e-01
8.750000000000000000e-01
9.108000000000000540e-01
9.441000000000000503e-01
9.485000000000000098e-01
9.579999999999999627e-01
9.659999999999999698e-01
9.728999999999999870e-01
9.629999999999999671e-01
9.679999999999999716e-01
9.665000000000000258e-01
9.703000000000000513e-01
9.737999999999999989e-01
9.673000000000000487e-01
9.748999999999999888e-01
9.585000000000000187e-01
9.414000000000000146e-01
9.528999999999999693e-01
9.520999999999999464e-01
9.443000000000000282e-01
9.473000000000000309e-01
9.351000000000000423e-01
9.296999999999999709e-01
9.052999999999999936e-01
9.044999999999999707e-01
8.849000000000000199e-01
8.536000000000000254e-01
8.161000000000000476e-01
7.662999999999999812e-01
7.430999999999999828e-01
7.237000000000000099e-01
6.948999999999999622e-01
6.649000000000000465e-01
6.356000000000000538e-01
6.243999999999999551e-01
6.210999999999999854e-01
6.443999999999999728e-01
6.429000000000000270e-01
6.745999999999999774e-01
7.178999999999999826e-01
7.554999999999999494e-01
8.011000000000000343e-01
8.086999999999999744e-01
8.317999999999999838e-01
8.768000000000000238e-01
9.169000000000000483e-01
9.155999999999999694e-01
9.360000000000000542e-01
9.428999999999999604e-01
9.506000000000000005e-01
9.520999999999999464e-01
9.578999999999999737e-01
9.603000000000000425e-01
9.564000000000000279e-01
9.566999999999999948e-01
9.378999999999999559e-01
9.614000000000000323e-01
9.396999999999999797e-01
9.402000000000000357e-01
9.376999999999999780e-01
9.366999999999999771e-01
9.308999999999999497e-01
9.256999999999999673e-01
9.364000000000000101e-01
9.385999999999999899e-01
9.393000000000000238e-01
9.387999999999999678e-01
9.424000000000000155e-01
9.434000000000000163e-01
9.398999999999999577e-01
9.302000000000000268e-01
9.356999999999999762e-01
9.240000000000000435e-01
9.364000000000000101e-01
9.278999999999999471e-01
9.356999999999999762e-01
9.275999999999999801e-01
9.325999999999999845e-01
9.379999999999999449e-01
9.508999999999999675e-01
9.560999999999999499e-01
9.383000000000000229e-01
9.426999999999999824e-01
9.569999999999999618e-01
9.594000000000000306e-01
9.520999999999999464e-01
9.462000000000000410e-01
9.445000000000000062e-01
9.358999999999999542e-01
9.194999999999999840e-01
9.275999999999999801e-01
9.429999999999999494e-01
9.406999999999999806e-01
9.326999999999999735e-01
9.295999999999999819e-01
9.361000000000000432e-01
9.311000000000000387e-01
9.316999999999999726e-01
9.388999999999999568e-01
9.402000000000000357e-01
9.354000000000000092e-01
9.454000000000000181e-01
9.375999999999999890e-01
9.355999999999999872e-01
9.219000000000000528e-01
9.066999999999999504e-01
9.159000000000000474e-01
9.079000000000000403e-01
9.132000000000000117e-01
8.934999999999999609e-01
8.951999999999999957e-01
9.016999999999999460e-01
9.137999999999999456e-01
9.246999999999999664e-01
9.378999999999999559e-01
9.416999999999999815e-01
9.345999999999999863e-01
9.365999999999999881e-01
9.395000000000000018e-01
9.391000000000000458e-01
9.539999999999999591e-01
9.492000000000000437e-01
9.477999999999999758e-01
9.475000000000000089e-01
9.467999999999999750e-01
9.546999999999999931e-01
9.431000000000000494e-01
9.336999999999999744e-01
9.366999999999999771e-01
9.515000000000000124e-01
9.566999999999999948e-01
9.433000000000000274e-01
9.294000000000000039e-01
9.350000000000000533e-01
9.379999999999999449e-01
9.519999999999999574e-01
9.546000000000000041e-01
9.498999999999999666e-01
9.543000000000000371e-01
9.458999999999999631e-01
9.582000000000000517e-01
9.623000000000000442e-01
9.657000000000000028e-01
9.647999999999999909e-01
9.637999999999999901e-01
9.552000000000000490e-01
9.518999999999999684e-01
9.423000000000000265e-01
9.461000000000000520e-01
9.425000000000000044e-01
9.409999999999999476e-01
9.464000000000000190e-01
9.439999999999999503e-01
9.576000000000000068e-01
9.532000000000000473e-01
9.495999999999999996e-01
9.350000000000000533e-01
9.473000000000000309e-01
9.425999999999999934e-01
9.404000000000000137e-01
9.157999999999999474e-01
9.171000000000000263e-01
9.409999999999999476e-01
9.284999999999999920e-01
9.407999999999999696e-01
9.525000000000000133e-01
9.592000000000000526e-01
9.675000000000000266e-01
9.733000000000000540e-01
9.745000000000000329e-01
9.744000000000000439e-01
9.574000000000000288e-01
9.786000000000000254e-01
9.636000000000000121e-01
9.471000000000000529e-01
9.482000000000000428e-01
9.389999999999999458e-01
9.576999999999999957e-01
9.697999999999999954e-01
9.554000000000000270e-01
9.411000000000000476e-01
9.414000000000000146e-01
9.798999999999999932e-01
9.864000000000000545e-01
9.828000000000000069e-01
9.834000000000000519e-01
9.814000000000000501e-01
9.787000000000000144e-01
9.637999999999999901e-01
9.769999999999999796e-01
9.606000000000000094e-01
9.570999999999999508e-01
9.612000000000000544e-01
9.641999999999999460e-01
9.560999999999999499e-01
9.462000000000000410e-01
9.427999999999999714e-01
9.689999999999999725e-01
9.837000000000000188e-01
9.678999999999999826e-01
9.726000000000000201e-01
9.777000000000000135e-01
9.746000000000000218e-01
9.727000000000000091e-01
9.598999999999999755e-01
9.648999999999999799e-01
9.762999999999999456e-01
9.755000000000000338e-01
9.630999999999999561e-01
9.647999999999999909e-01
9.534000000000000252e-01
9.576000000000000068e-01
9.716000000000000192e-01
9.689999999999999725e-01
9.646000000000000130e-01
9.676000000000000156e-01
9.760999999999999677e-01
9.774000000000000465e-01
9.709999999999999742e-01
9.788000000000000034e-01
9.683000000000000496e-01
9.714000000000000412e-01
9.747999999999999998e-01
9.751999999999999558e-01
9.883999999999999453e-01
9.733000000000000540e-01
9.784000000000000474e-01
9.780999999999999694e-01
9.801999999999999602e-01
9.751999999999999558e-01
9.740999999999999659e-01
9.711999999999999522e-01
9.566000000000000059e-01
9.645000000000000240e-01
9.423000000000000265e-01
9.396999999999999797e-01
9.456999999999999851e-01
9.487999999999999767e-01
9.458999999999999631e-01
9.464000000000000190e-01
9.509999999999999565e-01
9.424000000000000155e-01
9.467999999999999750e-01
9.524000000000000243e-01
9.594000000000000306e-01
9.506999999999999895e-01
9.416999999999999815e-01
9.265999999999999792e-01
9.255999999999999783e-01
9.172000000000000153e-01
9.193999999999999950e-01
9.175999999999999712e-01
8.998000000000000442e-01
8.904999999999999583e-01
8.739000000000000101e-01
8.692999999999999616e-01
8.617000000000000215e-01
8.373000000000000442e-01
8.054999999999999938e-01
7.733999999999999764e-01
7.450999999999999845e-01
7.156000000000000139e-01
6.566999999999999504e-01
6.009999999999999787e-01
5.410000000000000364e-01
4.356999999999999762e-01
3.982999999999999874e-01
3.304000000000000270e-01
2.827999999999999958e-01
2.581999999999999851e-01
2.437000000000000000e-01
2.119999999999999940e-01
2.280000000000000082e-01
2.074999999999999900e-01
2.200000000000000011e-01
2.046000000000000041e-01
1.837000000000000022e-01
1.738999999999999990e-01
1.799999999999999933e-01
1.781999999999999973e-01
1.718000000000000083e-01
1.693999999999999950e-01
1.521000000000000130e-01
1.509999999999999953e-01
1.509000000000000064e-01
1.550999999999999879e-01
1.622999999999999998e-01
1.839999999999999969e-01
1.947000000000000119e-01
2.187000000000000055e-01
2.313999999999999946e-01
2.205000000000000016e-01
1.975000000000000089e-01
1.751999999999999946e-01
1.640000000000000069e-01
1.408000000000000085e-01
1.255999999999999894e-01
1.026999999999999996e-01
1.048999999999999932e-01
1.203999999999999931e-01
1.195999999999999980e-01
1.335999999999999965e-01
1.361999999999999877e-01
1.622999999999999998e-01
1.872000000000000053e-01
2.222999999999999976e-01
2.447999999999999898e-01
2.775000000000000244e-01
2.878000000000000003e-01
2.899999999999999800e-01
2.983999999999999986e-01
3.342999999999999861e-01
3.549999999999999822e-01
3.664000000000000035e-01
3.766999999999999793e-01
4.104999999999999760e-01
4.671000000000000152e-01
4.981999999999999762e-01
5.161000000000000032e-01
5.685000000000000053e-01
6.054000000000000492e-01
6.157000000000000250e-01
5.658999999999999586e-01
4.435999999999999943e-01
