9.366999999999999771e-01
9.612000000000000544e-01
9.498999999999999666e-01
9.637000000000000011e-01
9.641999999999999460e-01
9.497999999999999776e-01
9.604000000000000314e-01
9.638999999999999790e-01
9.646000000000000130e-01
9.634000000000000341e-01
9.607999999999999874e-01
9.554000000000000270e-01
9.456999999999999851e-01
9.295999999999999819e-01
9.042999999999999927e-01
8.673999999999999488e-01
8.178999999999999604e-01
7.347000000000000197e-01
6.540000000000000258e-01
6.041999999999999593e-01
5.745999999999999996e-01
5.742000000000000437e-01
5.679999999999999494e-01
5.676999999999999824e-01
5.697999999999999732e-01
5.784000000000000252e-01
5.644000000000000128e-01
5.556999999999999718e-01
5.380000000000000338e-01
4.910999999999999810e-01
4.172000000000000153e-01
2.950999999999999734e-01
2.051000000000000045e-01
1.512000000000000011e-01
1.052000000000000018e-01
7.900000000000000078e-02
6.690000000000000113e-02
5.510000000000000314e-02
4.750000000000000056e-02
3.930000000000000160e-02
4.030000000000000249e-02
3.150000000000000022e-02
2.929999999999999966e-02
3.090000000000000038e-02
3.180000000000000188e-02
1.460000000000000013e-02
2.879999999999999921e-02
9.100000000000000450e-03
0.000000000000000000e+00
3.299999999999999982e-03
0.000000000000000000e+00
0.000000000000000000e+00
1.000000000000000021e-03
0.000000000000000000e+00
0.000000000000000000e+00
2.999999999999999737e-04
4.499999999999999660e-03
1.510000000000000057e-02
2.000000000000000042e-02
1.080000000000000057e-02
2.779999999999999832e-02
3.020000000000000115e-02
4.080000000000000293e-02
4.179999999999999688e-02
3.549999999999999684e-02
2.400000000000000050e-02
2.319999999999999840e-02
1.820000000000000090e-02
9.299999999999999239e-03
1.060000000000000005e-02
6.199999999999999782e-03
0.000000000000000000e+00
0.000000000000000000e+00
6.999999999999999929e-04
8.000000000000000167e-03
1.569999999999999868e-02
1.540000000000000049e-02
3.610000000000000014e-02
5.160000000000000003e-02
5.460000000000000270e-02
6.840000000000000246e-02
7.810000000000000275e-02
8.609999999999999598e-02
1.179999999999999938e-01
1.084999999999999992e-01
9.879999999999999893e-02
9.420000000000000595e-02
8.309999999999999332e-02
7.939999999999999836e-02
6.819999999999999674e-02
6.510000000000000508e-02
4.639999999999999680e-02
3.749999999999999861e-02
2.330000000000000127e-02
1.400000000000000029e-02
1.220000000000000077e-02
7.000000000000000146e-03
4.599999999999999922e-03
8.999999999999999320e-03
2.539999999999999897e-02
3.359999999999999792e-02
5.469999999999999862e-02
7.960000000000000409e-02
1.081000000000000016e-01
1.174999999999999933e-01
1.102000000000000063e-01
1.074999999999999983e-01
9.579999999999999627e-02
7.779999999999999416e-02
7.159999999999999698e-02
6.180000000000000077e-02
5.489999999999999741e-02
5.489999999999999741e-02
5.349999999999999895e-02
6.029999999999999943e-02
7.159999999999999698e-02
9.130000000000000615e-02
1.107000000000000067e-01
1.345999999999999974e-01
1.633000000000000007e-01
1.544000000000000095e-01
1.754000000000000004e-01
1.860999999999999877e-01
2.169999999999999984e-01
3.002000000000000224e-01
2.959999999999999853e-01
3.311999999999999944e-01
3.634999999999999898e-01
3.936000000000000054e-01
3.745999999999999885e-01
3.614999999999999880e-01
3.761999999999999789e-01
3.608999999999999986e-01
3.685999999999999832e-01
3.764000000000000123e-01
4.114999999999999769e-01
4.136000000000000232e-01
4.398000000000000242e-01
4.586000000000000076e-01
4.471999999999999864e-01
4.294999999999999929e-01
4.127000000000000113e-01
3.935000000000000164e-01
3.830999999999999961e-01
3.851999999999999869e-01
3.658000000000000140e-01
3.481000000000000205e-01
3.358999999999999764e-01
3.290000000000000147e-01
3.044000000000000039e-01
2.805000000000000271e-01
2.439999999999999947e-01
2.575000000000000067e-01
2.549000000000000155e-01
2.518000000000000238e-01
2.386000000000000065e-01
2.466000000000000136e-01
2.218999999999999861e-01
1.995000000000000107e-01
1.778000000000000136e-01
2.021000000000000019e-01
1.970000000000000084e-01
2.078000000000000125e-01
2.091000000000000081e-01
2.326000000000000012e-01
2.796000000000000152e-01
3.007000000000000228e-01
3.136999999999999789e-01
3.069999999999999951e-01
3.000999999999999779e-01
3.050999999999999823e-01
3.175000000000000044e-01
3.226999999999999869e-01
3.417000000000000037e-01
3.664000000000000035e-01
3.748000000000000220e-01
3.513999999999999901e-01
3.300000000000000155e-01
3.178000000000000269e-01
2.727999999999999869e-01
2.497000000000000053e-01
2.290000000000000091e-01
2.197999999999999954e-01
2.001999999999999891e-01
2.038000000000000089e-01
1.938999999999999890e-01
2.172000000000000042e-01
2.346000000000000030e-01
2.584000000000000186e-01
2.867999999999999994e-01
2.839999999999999747e-01
2.647999999999999798e-01
2.401999999999999968e-01
2.194000000000000117e-01
2.051999999999999935e-01
2.026000000000000023e-01
2.016000000000000014e-01
1.937000000000000111e-01
1.691999999999999893e-01
1.413000000000000089e-01
1.049999999999999961e-01
7.989999999999999880e-02
5.689999999999999919e-02
4.200000000000000261e-02
3.269999999999999990e-02
2.730000000000000135e-02
3.500000000000000333e-02
3.699999999999999817e-02
3.479999999999999760e-02
3.020000000000000115e-02
2.989999999999999949e-02
1.940000000000000058e-02
2.089999999999999844e-02
2.340000000000000066e-02
2.359999999999999945e-02
3.090000000000000038e-02
2.900000000000000147e-02
4.490000000000000241e-02
5.550000000000000072e-02
4.959999999999999826e-02
4.460000000000000075e-02
4.189999999999999974e-02
4.839999999999999858e-02
4.399999999999999745e-02
3.320000000000000034e-02
2.210000000000000159e-02
1.959999999999999937e-02
1.379999999999999977e-02
1.619999999999999912e-02
1.789999999999999925e-02
2.309999999999999901e-02
2.889999999999999861e-02
4.469999999999999668e-02
6.740000000000000158e-02
7.729999999999999372e-02
7.699999999999999900e-02
8.480000000000000038e-02
1.043000000000000038e-01
1.267000000000000071e-01
1.481999999999999984e-01
1.557000000000000051e-01
1.625999999999999945e-01
1.981999999999999873e-01
2.291999999999999871e-01
2.585999999999999965e-01
3.013000000000000123e-01
3.829000000000000181e-01
4.430999999999999939e-01
4.988000000000000211e-01
5.302999999999999936e-01
5.293999999999999817e-01
5.336999999999999522e-01
4.848999999999999977e-01
4.218999999999999972e-01
3.891000000000000014e-01
3.217999999999999750e-01
2.265999999999999959e-01
1.711000000000000021e-01
1.198000000000000037e-01
9.429999999999999494e-02
8.609999999999999598e-02
8.490000000000000324e-02
7.670000000000000429e-02
9.009999999999999953e-02
9.149999999999999800e-02
8.550000000000000655e-02
9.470000000000000639e-02
7.689999999999999614e-02
5.639999999999999875e-02
3.660000000000000059e-02
2.879999999999999921e-02
1.930000000000000118e-02
1.880000000000000074e-02
1.529999999999999936e-02
2.120000000000000009e-02
2.730000000000000135e-02
2.249999999999999917e-02
2.529999999999999957e-02
2.560000000000000123e-02
1.949999999999999997e-02
1.529999999999999936e-02
1.430000000000000021e-02
7.700000000000000247e-03
2.000000000000000096e-04
1.500000000000000031e-03
0.000000000000000000e+00
0.000000000000000000e+00
0.000000000000000000e+00
5.000000000000000104e-04
0.000000000000000000e+00
1.110000000000000049e-02
1.679999999999999896e-02
1.529999999999999936e-02
1.529999999999999936e-02
1.030000000000000013e-02
1.839999999999999969e-02
2.680000000000000090e-02
3.189999999999999780e-02
2.779999999999999832e-02
2.740000000000000074e-02
3.699999999999999817e-02
5.410000000000000225e-02
5.519999999999999907e-02
5.460000000000000270e-02
4.529999999999999999e-02
3.889999999999999708e-02
3.509999999999999926e-02
4.499999999999999833e-02
4.959999999999999826e-02
5.519999999999999907e-02
5.569999999999999951e-02
5.349999999999999895e-02
4.979999999999999705e-02
4.599999999999999922e-02
5.070000000000000201e-02
6.700000000000000400e-02
1.044000000000000067e-01
1.456999999999999962e-01
1.809999999999999942e-01
2.437000000000000000e-01
2.677999999999999825e-01
3.074000000000000066e-01
3.229000000000000203e-01
3.179000000000000159e-01
3.020999999999999797e-01
2.740000000000000213e-01
2.190999999999999892e-01
1.839999999999999969e-01
1.620999999999999941e-01
1.405000000000000138e-01
1.233999999999999958e-01
1.019999999999999934e-01
8.799999999999999489e-02
7.749999999999999944e-02
7.030000000000000138e-02
6.019999999999999657e-02
6.419999999999999318e-02
5.460000000000000270e-02
4.870000000000000023e-02
5.940000000000000141e-02
5.879999999999999810e-02
6.769999999999999629e-02
6.980000000000000093e-02
7.900000000000000078e-02
9.059999999999999998e-02
9.969999999999999696e-02
1.077000000000000041e-01
1.277000000000000079e-01
1.380000000000000115e-01
1.342000000000000137e-01
1.414999999999999869e-01
1.272000000000000075e-01
1.019999999999999934e-01
8.210000000000000631e-02
6.590000000000000024e-02
5.510000000000000314e-02
4.030000000000000249e-02
3.219999999999999946e-02
2.419999999999999929e-02
2.129999999999999949e-02
2.199999999999999872e-02
1.430000000000000021e-02
2.359999999999999945e-02
2.199999999999999872e-02
3.780000000000000027e-02
6.569999999999999452e-02
1.081000000000000016e-01
1.333000000000000018e-01
1.544999999999999984e-01
1.628999999999999893e-01
1.584000000000000130e-01
1.448000000000000120e-01
1.378999999999999948e-01
1.214999999999999969e-01
9.859999999999999321e-02
8.619999999999999885e-02
6.969999999999999807e-02
6.140000000000000319e-02
5.929999999999999855e-02
5.700000000000000205e-02
6.629999999999999782e-02
6.790000000000000202e-02
7.660000000000000142e-02
6.660000000000000642e-02
6.469999999999999363e-02
5.840000000000000052e-02
5.870000000000000218e-02
4.769999999999999934e-02
5.510000000000000314e-02
7.169999999999999984e-02
6.600000000000000311e-02
7.149999999999999412e-02
8.820000000000000062e-02
1.044999999999999957e-01
1.246000000000000024e-01
1.479000000000000037e-01
1.809000000000000052e-01
2.182000000000000051e-01
2.625000000000000111e-01
3.231999999999999873e-01
3.608000000000000096e-01
4.141000000000000236e-01
4.293000000000000149e-01
4.521999999999999909e-01
4.899999999999999911e-01
5.264999999999999680e-01
5.333999999999999853e-01
5.622000000000000330e-01
6.102999999999999536e-01
6.125000000000000444e-01
6.810000000000000497e-01
7.008999999999999675e-01
7.533999999999999586e-01
7.612999999999999767e-01
8.148999999999999577e-01
8.215000000000000080e-01
8.483000000000000540e-01
8.546000000000000263e-01
9.054999999999999716e-01
9.468999999999999639e-01
9.388999999999999568e-01
9.665000000000000258e-01
9.751999999999999558e-01
9.841999999999999638e-01
9.897000000000000242e-01
1.000000000000000000e+00
1.000000000000000000e+00
1.000000000000000000e+00
1.000000000000000000e+00
1.000000000000000000e+00
1.000000000000000000e+00
1.000000000000000000e+00
1.000000000000000000e+00
1.000000000000000000e+00
1.000000000000000000e+00
1.000000000000000000e+00
1.000000000000000000e+00
1.000000000000000000e+00
1.000000000000000000e+00
1.000000000000000000e+00
1.000000000000000000e+00
1.000000000000000000e+00
1.000000000000000000e+00
1.000000000000000000e+00
1.000000000000000000e+00
1.000000000000000000e+00
1.000000000000000000e+00
1.000000000000000000e+00
1.000000000000000000e+00
1.000000000000000000e+00
1.000000000000000000e+00
9.946000000000000396e-01
9.943999999999999506e-01
9.938000000000000167e-01
1.000000000000000000e+00
9.996000000000000441e-01
1.000000000000000000e+00
9.933999999999999497e-01
9.955000000000000515e-01
9.969999999999999973e-01
9.899000000000000021e-01
9.949000000000000066e-01
1.000000000000000000e+00
9.938000000000000167e-01
9.882999999999999563e-01
9.937000000000000277e-01
9.906000000000000361e-01
9.923999999999999488e-01
9.839999999999999858e-01
9.948000000000000176e-01
9.912999999999999590e-01
1.000000000000000000e+00
1.000000000000000000e+00
9.987000000000000322e-01
1.000000000000000000e+00
9.970999999999999863e-01
9.998000000000000220e-01
9.906000000000000361e-01
9.838999999999999968e-01
9.826000000000000290e-01
9.889999999999999902e-01
9.933999999999999497e-01
9.855000000000000426e-01
9.923999999999999488e-01
9.842999999999999527e-01
9.890999999999999792e-01
9.876000000000000334e-01
9.818999999999999950e-01
9.832999999999999519e-01
9.761999999999999567e-01
9.741999999999999549e-01
9.770999999999999686e-01
9.776000000000000245e-01
9.738999999999999879e-01
9.691999999999999504e-01
9.482000000000000428e-01
9.626000000000000112e-01
9.766000000000000236e-01
9.704000000000000403e-01
9.735000000000000320e-01
9.774000000000000465e-01
9.835000000000000409e-01
9.889000000000000012e-01
9.680999999999999606e-01
9.721999999999999531e-01
9.544000000000000261e-01
9.452000000000000401e-01
9.653000000000000469e-01
9.699999999999999734e-01
9.744000000000000439e-01
9.794000000000000483e-01
9.752999999999999448e-01
9.657000000000000028e-01
9.684000000000000385e-01
9.575000000000000178e-01
9.623000000000000442e-01
9.610999999999999543e-01
9.512000000000000455e-01
9.610999999999999543e-01
9.512000000000000455e-01
9.549999999999999600e-01
9.550999999999999490e-01
9.468999999999999639e-01
9.356999999999999762e-01
9.451000000000000512e-01
9.413000000000000256e-01
9.307999999999999607e-01
9.233999999999999986e-01
9.318999999999999506e-01
9.229000000000000536e-01
9.307999999999999607e-01
9.266999999999999682e-01
9.323000000000000176e-01
9.461000000000000520e-01
9.507999999999999785e-01
9.388999999999999568e-01
9.475000000000000089e-01
9.556999999999999940e-01
9.506999999999999895e-01
9.498999999999999666e-01
9.587999999999999856e-01
9.588999999999999746e-01
9.578999999999999737e-01
9.607999999999999874e-01
9.626000000000000112e-01
9.758000000000000007e-01
9.721999999999999531e-01
9.854000000000000536e-01
9.879000000000000004e-01
9.868999999999999995e-01
9.806000000000000272e-01
9.810999999999999721e-01
9.818000000000000060e-01
9.855000000000000426e-01
9.720999999999999641e-01
9.685000000000000275e-01
9.659999999999999698e-01
9.667000000000000037e-01
9.767000000000000126e-01
9.779999999999999805e-01
9.806000000000000272e-01
9.844000000000000528e-01
9.840999999999999748e-01
9.975000000000000533e-01
9.879999999999999893e-01
9.969999999999999973e-01
1.000000000000000000e+00
1.000000000000000000e+00
1.000000000000000000e+00
9.919000000000000039e-01
9.920999999999999819e-01
9.809999999999999831e-01
9.734000000000000430e-01
9.883999999999999453e-01
9.856000000000000316e-01
9.811999999999999611e-01
9.761999999999999567e-01
9.828999999999999959e-01
9.809999999999999831e-01
9.794000000000000483e-01
9.607999999999999874e-01
9.523000000000000353e-01
9.752999999999999448e-01
9.679999999999999716e-01
9.506000000000000005e-01
9.444000000000000172e-01
9.396999999999999797e-01
8.907000000000000473e-01
8.807000000000000384e-01
8.700999999999999845e-01
8.435000000000000275e-01
8.323000000000000398e-01
8.405000000000000249e-01
8.446000000000000174e-01
8.783999999999999586e-01
9.203000000000000069e-01
9.080000000000000293e-01
9.613000000000000433e-01
9.759999999999999787e-01
9.734000000000000430e-01
9.814000000000000501e-01
9.883999999999999453e-01
9.949999999999999956e-01
9.836000000000000298e-01
9.983999999999999542e-01
9.891999999999999682e-01
9.781999999999999584e-01
1.000000000000000000e+00
1.000000000000000000e+00
1.000000000000000000e+00
1.000000000000000000e+00
1.000000000000000000e+00
1.000000000000000000e+00
1.000000000000000000e+00
1.000000000000000000e+00
1.000000000000000000e+00
1.000000000000000000e+00
1.000000000000000000e+00
1.000000000000000000e+00
9.947000000000000286e-01
1.000000000000000000e+00
9.933999999999999497e-01
9.657999999999999918e-01
9.445999999999999952e-01
9.458999999999999631e-01
9.161000000000000254e-01
9.068000000000000504e-01
9.421000000000000485e-01
9.200000000000000400e-01
9.173000000000000043e-01
9.513000000000000345e-01
9.545000000000000151e-01
9.454000000000000181e-01
9.694000000000000394e-01
9.697000000000000064e-01
9.740999999999999659e-01
9.824000000000000510e-01
9.832999999999999519e-01
9.878000000000000114e-01
9.879999999999999893e-01
9.840999999999999748e-01
9.816000000000000281e-01
9.857000000000000206e-01
9.957000000000000295e-01
9.970999999999999863e-01
9.961999999999999744e-01
9.967000000000000304e-01
9.953999999999999515e-01
9.991999999999999771e-01
9.855000000000000426e-01
9.634000000000000341e-01
9.570999999999999508e-01
9.464000000000000190e-01
9.762999999999999456e-01
9.864000000000000545e-01
9.897000000000000242e-01
9.908000000000000140e-01
9.941999999999999726e-01
9.738999999999999879e-01
9.799999999999999822e-01
9.832999999999999519e-01
9.711999999999999522e-01
9.657999999999999918e-01
9.483000000000000318e-01
9.489999999999999547e-01
9.527999999999999803e-01
9.516000000000000014e-01
9.482000000000000428e-01
9.619999999999999662e-01
9.653000000000000469e-01
9.838999999999999968e-01
9.931999999999999718e-01
9.953999999999999515e-01
9.858000000000000096e-01
9.899000000000000021e-01
9.886000000000000343e-01
9.899000000000000021e-01
9.784000000000000474e-01
9.828999999999999959e-01
9.747999999999999998e-01
9.533000000000000362e-01
9.660999999999999588e-01
9.686000000000000165e-01
9.448999999999999622e-01
9.681999999999999496e-01
9.738999999999999879e-01
9.600999999999999535e-01
9.526999999999999913e-01
9.528999999999999693e-01
9.539999999999999591e-01
9.715000000000000302e-01
9.739999999999999769e-01
9.559999999999999609e-01
9.648999999999999799e-01
9.658999999999999808e-01
9.775000000000000355e-01
9.739999999999999769e-01
9.776000000000000245e-01
9.734000000000000430e-01
9.701999999999999513e-01
9.727000000000000091e-01
9.627999999999999892e-01
9.627999999999999892e-01
9.629999999999999671e-01
9.678999999999999826e-01
9.627999999999999892e-01
9.592000000000000526e-01
9.726000000000000201e-01
9.709999999999999742e-01
9.747000000000000108e-01
9.847000000000000197e-01
9.797000000000000153e-01
9.792999999999999483e-01
9.768999999999999906e-01
9.774000000000000465e-01
9.733000000000000540e-01
9.809999999999999831e-01
9.784000000000000474e-01
9.687000000000000055e-01
9.731999999999999540e-01
9.626000000000000112e-01
9.467999999999999750e-01
9.517999999999999794e-01
9.586999999999999966e-01
9.095999999999999641e-01
8.241000000000000547e-01
