8.891999999999999904e-01
8.840000000000000080e-01
8.446000000000000174e-01
8.686000000000000387e-01
8.554000000000000492e-01
8.659000000000000030e-01
8.888000000000000345e-01
8.860000000000000098e-01
9.089000000000000412e-01
9.231000000000000316e-01
9.066999999999999504e-01
9.232000000000000206e-01
9.084999999999999742e-01
9.156999999999999584e-01
9.022000000000000020e-01
8.827000000000000401e-01
8.822999999999999732e-01
8.804999999999999494e-01
8.796000000000000485e-01
8.798000000000000265e-01
8.993999999999999773e-01
9.022999999999999909e-01
8.993999999999999773e-01
9.152000000000000135e-01
8.972999999999999865e-01
8.790000000000000036e-01
9.002999999999999892e-01
8.893999999999999684e-01
8.903999999999999693e-01
8.778000000000000247e-01
8.753999999999999559e-01
8.743999999999999551e-01
8.838000000000000300e-01
8.692999999999999616e-01
8.735000000000000542e-01
8.344000000000000306e-01
8.145000000000000018e-01
8.071000000000000396e-01
7.876999999999999558e-01
7.699000000000000288e-01
7.616000000000000547e-01
7.210999999999999632e-01
7.218999999999999861e-01
7.127999999999999892e-01
6.827999999999999625e-01
6.703000000000000069e-01
6.954000000000000181e-01
6.979999999999999538e-01
6.898999999999999577e-01
6.945000000000000062e-01
6.837999999999999634e-01
6.579000000000000403e-01
6.393999999999999684e-01
6.192999999999999616e-01
5.937000000000000055e-01
5.783000000000000362e-01
5.586999999999999744e-01
5.643000000000000238e-01
5.561000000000000387e-01
5.784000000000000252e-01
5.756999999999999895e-01
6.060999999999999721e-01
6.102999999999999536e-01
6.372999999999999776e-01
6.363999999999999657e-01
6.473999999999999755e-01
6.753000000000000114e-01
6.693000000000000060e-01
6.933000000000000274e-01
7.059999999999999609e-01
7.558000000000000274e-01
7.632999999999999785e-01
7.923000000000000043e-01
8.217999999999999750e-01
8.430999999999999606e-01
8.494000000000000439e-01
8.530999999999999694e-01
8.479999999999999760e-01
8.404000000000000359e-01
8.307999999999999829e-01
8.283000000000000362e-01
8.277999999999999803e-01
7.945999999999999730e-01
7.832000000000000073e-01
7.899000000000000465e-01
7.973000000000000087e-01
8.018999999999999462e-01
8.199999999999999512e-01
8.149999999999999467e-01
8.072000000000000286e-01
8.512999999999999456e-01
8.687000000000000277e-01
8.888000000000000345e-01
9.002000000000000002e-01
8.991999999999999993e-01
8.912999999999999812e-01
9.039000000000000368e-01
8.962999999999999856e-01
8.980000000000000204e-01
9.048000000000000487e-01
9.141000000000000236e-01
9.163999999999999924e-01
9.252000000000000224e-01
9.331000000000000405e-01
9.344999999999999973e-01
9.358999999999999542e-01
9.353000000000000203e-01
9.266999999999999682e-01
9.239000000000000545e-01
9.272000000000000242e-01
9.249000000000000554e-01
9.167999999999999483e-01
9.204999999999999849e-01
9.244999999999999885e-01
9.267999999999999572e-01
9.194999999999999840e-01
9.216999999999999638e-01
9.091000000000000192e-01
9.075999999999999623e-01
9.048000000000000487e-01
9.190000000000000391e-01
9.131000000000000227e-01
9.154999999999999805e-01
9.033999999999999808e-01
8.943999999999999728e-01
9.038000000000000478e-01
9.008000000000000451e-01
8.763999999999999568e-01
8.440999999999999615e-01
8.706000000000000405e-01
8.804999999999999494e-01
8.821999999999999842e-01
8.657000000000000250e-01
8.749000000000000110e-01
8.652999999999999581e-01
8.471999999999999531e-01
8.278999999999999693e-01
8.263000000000000345e-01
8.185999999999999943e-01
8.231000000000000538e-01
8.135000000000000009e-01
8.073000000000000176e-01
8.196999999999999842e-01
8.165999999999999925e-01
8.054000000000000048e-01
8.077999999999999625e-01
8.153000000000000247e-01
8.146999999999999797e-01
8.214000000000000190e-01
8.328999999999999737e-01
8.467000000000000082e-01
8.495000000000000329e-01
8.525000000000000355e-01
8.561999999999999611e-01
8.591999999999999638e-01
8.554000000000000492e-01
8.224000000000000199e-01
8.129999999999999449e-01
8.011000000000000343e-01
7.828000000000000513e-01
7.476000000000000423e-01
7.155000000000000249e-01
6.942000000000000393e-01
6.149999999999999911e-01
5.644000000000000128e-01
4.885999999999999788e-01
4.112000000000000099e-01
3.597000000000000197e-01
3.079000000000000070e-01
2.526999999999999802e-01
2.207999999999999963e-01
1.693000000000000060e-01
1.350999999999999979e-01
9.210000000000000131e-02
6.930000000000000049e-02
4.590000000000000330e-02
4.560000000000000164e-02
4.939999999999999947e-02
5.310000000000000137e-02
6.519999999999999407e-02
9.099999999999999756e-02
1.165000000000000063e-01
1.313000000000000000e-01
1.675000000000000100e-01
1.922999999999999987e-01
2.147000000000000020e-01
2.142999999999999905e-01
1.945000000000000062e-01
1.953000000000000014e-01
1.932999999999999996e-01
2.081000000000000072e-01
2.242999999999999994e-01
2.154000000000000081e-01
2.165999999999999870e-01
2.316999999999999893e-01
2.610999999999999988e-01
2.766000000000000125e-01
2.923000000000000043e-01
2.767000000000000015e-01
2.710000000000000187e-01
2.565999999999999948e-01
2.021999999999999909e-01
1.607999999999999985e-01
1.423000000000000098e-01
1.383000000000000063e-01
1.233000000000000068e-01
1.127999999999999975e-01
1.164000000000000035e-01
8.830000000000000349e-02
8.590000000000000413e-02
8.179999999999999771e-02
7.860000000000000320e-02
8.329999999999999905e-02
8.730000000000000260e-02
7.939999999999999836e-02
7.910000000000000364e-02
7.090000000000000469e-02
6.279999999999999472e-02
5.120000000000000245e-02
6.919999999999999762e-02
8.699999999999999400e-02
1.047000000000000014e-01
1.145999999999999935e-01
1.431999999999999940e-01
1.847999999999999921e-01
2.275000000000000078e-01
2.572999999999999732e-01
3.189000000000000168e-01
4.067999999999999949e-01
4.489000000000000212e-01
4.020000000000000240e-01
