8.991000000000000103e-01
8.643999999999999462e-01
8.093000000000000194e-01
7.631999999999999895e-01
7.065000000000000169e-01
6.725999999999999757e-01
6.521000000000000130e-01
6.294999999999999485e-01
6.172999999999999599e-01
6.051999999999999602e-01
5.876000000000000112e-01
5.747999999999999776e-01
5.552000000000000268e-01
5.525999999999999801e-01
5.483999999999999986e-01
5.578999999999999515e-01
5.705999999999999961e-01
5.555999999999999828e-01
5.323999999999999844e-01
5.241999999999999993e-01
5.076000000000000512e-01
4.918000000000000149e-01
4.812000000000000166e-01
5.013999999999999568e-01
4.895999999999999797e-01
5.101999999999999869e-01
5.139000000000000234e-01
5.051999999999999824e-01
4.772000000000000131e-01
4.828000000000000069e-01
4.813999999999999946e-01
4.622999999999999887e-01
4.802000000000000157e-01
4.510000000000000120e-01
4.646000000000000130e-01
4.441999999999999837e-01
4.250999999999999779e-01
4.359000000000000097e-01
4.420000000000000040e-01
4.410999999999999921e-01
4.188000000000000056e-01
4.383000000000000229e-01
4.234999999999999876e-01
4.193999999999999950e-01
4.082000000000000073e-01
4.045000000000000262e-01
3.847999999999999754e-01
3.678000000000000158e-01
3.610999999999999766e-01
3.506000000000000227e-01
3.493999999999999884e-01
3.393999999999999795e-01
3.262999999999999790e-01
3.423999999999999821e-01
3.412000000000000033e-01
3.511000000000000232e-01
3.574999999999999845e-01
3.472000000000000086e-01
3.291000000000000036e-01
3.059999999999999942e-01
2.726999999999999980e-01
2.369999999999999885e-01
2.136000000000000121e-01
1.937000000000000111e-01
1.902999999999999969e-01
1.869999999999999996e-01
1.880999999999999894e-01
1.943000000000000005e-01
2.369999999999999885e-01
2.526999999999999802e-01
2.576999999999999846e-01
2.841000000000000192e-01
3.481000000000000205e-01
4.072000000000000064e-01
4.219999999999999862e-01
4.727000000000000091e-01
5.466999999999999638e-01
6.085000000000000409e-01
6.696999999999999620e-01
6.966999999999999860e-01
7.452999999999999625e-01
7.692999999999999838e-01
7.822999999999999954e-01
8.001000000000000334e-01
8.125999999999999890e-01
8.199999999999999512e-01
8.312000000000000499e-01
8.306999999999999940e-01
8.366999999999999993e-01
8.350999999999999535e-01
8.253000000000000336e-01
8.335000000000000187e-01
8.366000000000000103e-01
8.326000000000000068e-01
8.538999999999999924e-01
8.502999999999999448e-01
8.519999999999999796e-01
8.429999999999999716e-01
8.411999999999999478e-01
8.264000000000000234e-01
8.141000000000000458e-01
8.125999999999999890e-01
8.046999999999999709e-01
7.931000000000000272e-01
8.072000000000000286e-01
8.103000000000000203e-01
8.131000000000000449e-01
8.286000000000000032e-01
8.248999999999999666e-01
8.357999999999999874e-01
8.525000000000000355e-01
8.629000000000000004e-01
8.907000000000000473e-01
8.881000000000000005e-01
8.981000000000000094e-01
9.089000000000000412e-01
9.110000000000000320e-01
8.983999999999999764e-01
8.882999999999999785e-01
8.818000000000000282e-01
8.789000000000000146e-01
8.525000000000000355e-01
8.437000000000000055e-01
8.456000000000000183e-01
8.429999999999999716e-01
8.269999999999999574e-01
8.165999999999999925e-01
8.094000000000000083e-01
8.174000000000000155e-01
8.060000000000000497e-01
7.909000000000000474e-01
7.823999999999999844e-01
7.794999999999999707e-01
7.698000000000000398e-01
7.653999999999999693e-01
7.627000000000000446e-01
7.632999999999999785e-01
7.594999999999999529e-01
7.841000000000000192e-01
7.943999999999999950e-01
8.087999999999999634e-01
8.064000000000000057e-01
8.104999999999999982e-01
8.215999999999999970e-01
8.233000000000000318e-01
8.175000000000000044e-01
7.989000000000000545e-01
7.627000000000000446e-01
6.993000000000000327e-01
6.391000000000000014e-01
5.699999999999999512e-01
5.056000000000000494e-01
4.360999999999999877e-01
3.916000000000000036e-01
3.765000000000000013e-01
3.750999999999999890e-01
3.687000000000000277e-01
3.679000000000000048e-01
3.992999999999999883e-01
4.186000000000000276e-01
4.447999999999999732e-01
4.514000000000000234e-01
4.716000000000000192e-01
4.867000000000000215e-01
5.183999999999999719e-01
5.112999999999999767e-01
4.964000000000000079e-01
4.953000000000000180e-01
4.945999999999999841e-01
4.924000000000000044e-01
5.168000000000000371e-01
5.062999999999999723e-01
5.113999999999999657e-01
5.425999999999999712e-01
5.665000000000000036e-01
5.957000000000000073e-01
6.027000000000000135e-01
5.948999999999999844e-01
6.114000000000000545e-01
6.242999999999999661e-01
6.056000000000000272e-01
6.173999999999999488e-01
6.098999999999999977e-01
5.967000000000000082e-01
6.020999999999999686e-01
6.054000000000000492e-01
6.221999999999999753e-01
5.996000000000000218e-01
5.724000000000000199e-01
5.390000000000000346e-01
5.336999999999999522e-01
5.463000000000000078e-01
5.318000000000000504e-01
5.381000000000000227e-01
5.565999999999999837e-01
5.453000000000000069e-01
5.319000000000000394e-01
5.048000000000000265e-01
4.994999999999999996e-01
5.194999999999999618e-01
5.300000000000000266e-01
5.259000000000000341e-01
5.374999999999999778e-01
5.895000000000000240e-01
6.034000000000000474e-01
6.148000000000000131e-01
6.007000000000000117e-01
6.137000000000000233e-01
6.260000000000000009e-01
6.405999999999999472e-01
6.562999999999999945e-01
6.660000000000000364e-01
6.818999999999999506e-01
6.957999999999999741e-01
7.197000000000000064e-01
7.386000000000000343e-01
7.570999999999999952e-01
7.623999999999999666e-01
7.714999999999999636e-01
7.026999999999999913e-01
