9.221000000000000307e-01
9.633000000000000451e-01
9.527999999999999803e-01
9.479999999999999538e-01
9.504000000000000226e-01
9.425000000000000044e-01
9.532000000000000473e-01
9.485000000000000098e-01
9.517999999999999794e-01
9.464000000000000190e-01
9.354000000000000092e-01
9.500999999999999446e-01
9.337999999999999634e-01
9.243999999999999995e-01
9.143000000000000016e-01
8.915999999999999481e-01
8.538999999999999924e-01
8.202000000000000401e-01
7.721000000000000085e-01
7.195000000000000284e-01
6.435999999999999499e-01
5.667999999999999705e-01
5.100999999999999979e-01
4.771000000000000241e-01
4.601999999999999980e-01
4.245999999999999774e-01
4.007000000000000006e-01
3.845999999999999974e-01
3.678000000000000158e-01
3.849000000000000199e-01
3.876000000000000001e-01
3.885000000000000120e-01
3.720999999999999863e-01
3.731999999999999762e-01
3.791999999999999815e-01
3.958999999999999742e-01
4.057999999999999940e-01
4.138999999999999901e-01
4.299999999999999933e-01
4.546999999999999931e-01
4.847000000000000197e-01
5.117000000000000437e-01
5.322999999999999954e-01
5.582000000000000295e-01
6.070999999999999730e-01
6.391000000000000014e-01
6.840000000000000524e-01
7.356000000000000316e-01
7.913000000000000034e-01
8.546000000000000263e-01
8.973999999999999755e-01
9.387999999999999678e-01
9.566000000000000059e-01
9.765000000000000346e-01
9.857000000000000206e-01
9.690999999999999615e-01
9.814000000000000501e-01
9.844000000000000528e-01
9.616000000000000103e-01
9.552000000000000490e-01
9.509999999999999565e-01
9.284000000000000030e-01
9.233000000000000096e-01
8.927000000000000490e-01
8.689999999999999947e-01
8.384000000000000341e-01
8.158999999999999586e-01
7.869000000000000439e-01
7.790000000000000258e-01
7.956999999999999629e-01
8.101000000000000423e-01
8.409999999999999698e-01
8.607000000000000206e-01
8.872999999999999776e-01
8.860999999999999988e-01
8.733999999999999542e-01
8.679000000000000048e-01
8.669000000000000039e-01
8.703999999999999515e-01
8.798000000000000265e-01
8.923999999999999710e-01
8.611999999999999655e-01
8.499999999999999778e-01
8.474000000000000421e-01
8.283000000000000362e-01
8.461999999999999522e-01
8.576000000000000290e-01
8.495000000000000329e-01
8.478999999999999870e-01
8.460999999999999632e-01
8.366000000000000103e-01
8.163000000000000256e-01
7.897999999999999465e-01
7.853999999999999870e-01
7.642999999999999794e-01
7.541999999999999815e-01
7.631999999999999895e-01
7.800000000000000266e-01
7.991000000000000325e-01
8.399999999999999689e-01
8.545000000000000373e-01
8.655000000000000471e-01
8.748000000000000220e-01
9.063999999999999835e-01
9.019000000000000350e-01
9.413000000000000256e-01
9.457999999999999741e-01
9.574000000000000288e-01
9.707999999999999963e-01
9.980999999999999872e-01
9.801999999999999602e-01
9.577999999999999847e-01
9.681999999999999496e-01
9.827000000000000179e-01
9.768000000000000016e-01
9.760999999999999677e-01
9.748999999999999888e-01
9.677000000000000046e-01
9.691999999999999504e-01
9.355999999999999872e-01
9.408999999999999586e-01
9.321000000000000396e-01
9.321000000000000396e-01
9.331000000000000405e-01
9.295999999999999819e-01
9.214999999999999858e-01
9.358999999999999542e-01
9.275999999999999801e-01
9.193999999999999950e-01
8.807000000000000384e-01
8.393000000000000460e-01
7.993000000000000105e-01
7.550999999999999934e-01
7.072000000000000508e-01
6.643000000000000016e-01
6.128000000000000114e-01
5.585999999999999854e-01
5.255999999999999561e-01
4.928000000000000158e-01
4.712000000000000077e-01
4.789999999999999813e-01
4.905999999999999805e-01
4.939999999999999947e-01
5.024999999999999467e-01
5.104999999999999538e-01
4.930999999999999828e-01
4.964000000000000079e-01
5.212999999999999856e-01
4.989999999999999991e-01
5.139000000000000234e-01
4.999000000000000110e-01
4.961999999999999744e-01
4.567999999999999838e-01
4.421999999999999820e-01
4.264999999999999902e-01
4.072999999999999954e-01
4.006000000000000116e-01
3.961000000000000076e-01
3.507000000000000117e-01
3.558000000000000052e-01
3.427999999999999936e-01
3.695999999999999841e-01
3.607000000000000206e-01
3.462000000000000077e-01
3.609999999999999876e-01
3.608000000000000096e-01
3.417000000000000037e-01
3.574999999999999845e-01
3.261000000000000010e-01
3.316999999999999948e-01
3.477999999999999980e-01
3.660999999999999810e-01
3.367999999999999883e-01
3.441000000000000170e-01
3.471000000000000196e-01
3.659999999999999920e-01
3.738000000000000211e-01
4.203000000000000069e-01
4.685000000000000275e-01
5.056000000000000494e-01
5.453000000000000069e-01
5.996000000000000218e-01
6.494999999999999662e-01
7.410999999999999810e-01
7.744999999999999662e-01
8.083000000000000185e-01
8.459999999999999742e-01
8.561999999999999611e-01
8.910000000000000142e-01
8.908000000000000362e-01
9.032000000000000028e-01
9.014999999999999680e-01
9.011000000000000121e-01
8.990000000000000213e-01
9.045999999999999597e-01
9.051000000000000156e-01
8.991999999999999993e-01
8.959000000000000297e-01
8.864999999999999547e-01
8.560999999999999721e-01
8.256999999999999895e-01
7.693999999999999728e-01
6.951000000000000512e-01
6.260999999999999899e-01
5.501000000000000334e-01
4.842000000000000193e-01
4.195999999999999730e-01
3.861999999999999877e-01
3.573000000000000065e-01
3.836999999999999855e-01
3.951000000000000068e-01
4.399000000000000132e-01
4.748999999999999888e-01
5.051999999999999824e-01
5.283999999999999808e-01
5.450000000000000400e-01
5.708999999999999631e-01
5.800999999999999490e-01
5.833000000000000407e-01
5.616999999999999771e-01
5.575999999999999845e-01
5.785000000000000142e-01
5.845000000000000195e-01
6.129000000000000004e-01
6.091999999999999638e-01
6.139000000000000012e-01
6.421000000000000041e-01
6.542000000000000037e-01
6.475999999999999535e-01
6.629000000000000448e-01
6.558000000000000496e-01
6.383999999999999675e-01
6.433999999999999719e-01
6.193999999999999506e-01
5.917000000000000037e-01
5.606999999999999762e-01
5.306999999999999496e-01
5.322000000000000064e-01
5.138000000000000345e-01
5.351000000000000201e-01
5.350000000000000311e-01
5.618999999999999551e-01
5.829999999999999627e-01
5.963000000000000522e-01
5.886000000000000121e-01
5.687999999999999723e-01
5.328000000000000513e-01
4.656000000000000139e-01
4.131000000000000227e-01
3.595999999999999752e-01
3.060999999999999832e-01
2.533000000000000251e-01
2.069000000000000006e-01
1.613999999999999879e-01
1.419999999999999873e-01
1.313000000000000000e-01
1.126999999999999946e-01
1.078999999999999959e-01
9.610000000000000486e-02
1.021999999999999992e-01
9.470000000000000639e-02
9.950000000000000511e-02
1.160000000000000059e-01
1.247000000000000053e-01
1.250999999999999890e-01
1.292000000000000093e-01
1.330000000000000071e-01
1.577000000000000068e-01
1.802999999999999881e-01
2.056000000000000050e-01
2.041000000000000036e-01
1.985999999999999988e-01
1.970000000000000084e-01
1.920999999999999930e-01
1.718000000000000083e-01
1.428000000000000103e-01
1.351999999999999869e-01
1.210999999999999993e-01
1.102999999999999953e-01
1.010000000000000064e-01
8.069999999999999396e-02
5.310000000000000137e-02
3.830000000000000071e-02
2.809999999999999998e-02
1.710000000000000062e-02
4.400000000000000265e-03
5.000000000000000104e-03
3.500000000000000073e-03
0.000000000000000000e+00
0.000000000000000000e+00
2.210000000000000159e-02
2.230000000000000038e-02
4.859999999999999737e-02
5.140000000000000124e-02
4.649999999999999967e-02
5.079999999999999793e-02
4.139999999999999930e-02
3.579999999999999849e-02
3.479999999999999760e-02
3.420000000000000123e-02
2.829999999999999877e-02
2.210000000000000159e-02
2.350000000000000006e-02
2.469999999999999973e-02
3.400000000000000244e-02
4.789999999999999813e-02
5.000000000000000278e-02
5.190000000000000169e-02
4.529999999999999999e-02
3.429999999999999716e-02
2.750000000000000014e-02
2.460000000000000034e-02
2.189999999999999933e-02
1.099999999999999936e-02
9.900000000000000813e-03
7.300000000000000065e-03
5.100000000000000366e-03
1.069999999999999944e-02
1.239999999999999956e-02
1.299999999999999940e-02
2.009999999999999981e-02
2.860000000000000042e-02
4.080000000000000293e-02
3.919999999999999873e-02
5.179999999999999882e-02
6.710000000000000686e-02
6.619999999999999496e-02
6.890000000000000291e-02
6.479999999999999649e-02
5.709999999999999798e-02
5.009999999999999870e-02
2.980000000000000010e-02
2.450000000000000094e-02
2.120000000000000009e-02
1.930000000000000118e-02
1.379999999999999977e-02
1.779999999999999985e-02
2.239999999999999977e-02
2.479999999999999913e-02
3.930000000000000160e-02
4.590000000000000330e-02
6.529999999999999694e-02
1.053999999999999937e-01
1.300999999999999934e-01
1.428000000000000103e-01
1.413000000000000089e-01
1.267999999999999960e-01
1.121000000000000052e-01
1.270000000000000018e-01
1.107999999999999957e-01
9.859999999999999321e-02
8.390000000000000235e-02
7.349999999999999589e-02
5.269999999999999685e-02
4.009999999999999676e-02
2.779999999999999832e-02
1.959999999999999937e-02
1.420000000000000082e-02
7.499999999999999722e-03
1.280000000000000061e-02
2.390000000000000110e-02
3.740000000000000269e-02
4.120000000000000051e-02
4.209999999999999853e-02
4.719999999999999890e-02
4.189999999999999974e-02
3.139999999999999736e-02
2.800000000000000058e-02
3.189999999999999780e-02
2.869999999999999982e-02
4.159999999999999809e-02
4.059999999999999720e-02
4.950000000000000233e-02
6.079999999999999988e-02
8.909999999999999865e-02
9.979999999999999982e-02
1.082000000000000045e-01
1.168000000000000010e-01
1.193000000000000033e-01
1.152999999999999997e-01
1.013000000000000012e-01
9.669999999999999429e-02
1.011999999999999983e-01
8.089999999999999969e-02
8.300000000000000433e-02
7.810000000000000275e-02
1.073000000000000065e-01
1.243999999999999967e-01
1.406000000000000028e-01
2.149000000000000077e-01
2.948999999999999955e-01
3.570999999999999730e-01
3.956000000000000072e-01
4.288000000000000145e-01
4.461999999999999855e-01
4.566000000000000059e-01
4.243999999999999995e-01
3.832999999999999741e-01
3.395000000000000240e-01
2.676999999999999935e-01
2.338999999999999968e-01
2.074000000000000010e-01
1.728000000000000091e-01
1.446999999999999953e-01
1.218000000000000055e-01
1.055999999999999994e-01
8.759999999999999731e-02
6.690000000000000113e-02
5.569999999999999951e-02
4.950000000000000233e-02
4.139999999999999930e-02
2.719999999999999848e-02
2.380000000000000171e-02
1.739999999999999880e-02
2.220000000000000098e-02
1.510000000000000057e-02
1.930000000000000118e-02
1.329999999999999932e-02
1.799999999999999864e-02
2.450000000000000094e-02
2.860000000000000042e-02
1.529999999999999936e-02
2.299999999999999961e-02
3.819999999999999785e-02
3.679999999999999938e-02
4.649999999999999967e-02
7.589999999999999525e-02
8.859999999999999820e-02
1.130000000000000032e-01
1.368999999999999939e-01
1.623999999999999888e-01
1.993000000000000049e-01
2.240000000000000047e-01
2.363999999999999990e-01
2.464000000000000079e-01
2.484000000000000097e-01
2.660000000000000142e-01
3.040999999999999814e-01
3.286000000000000032e-01
3.557000000000000162e-01
4.011000000000000121e-01
4.663999999999999813e-01
5.229000000000000314e-01
5.547999999999999599e-01
5.817999999999999838e-01
5.986000000000000210e-01
6.041999999999999593e-01
5.656999999999999806e-01
5.292000000000000037e-01
4.843000000000000083e-01
4.546999999999999931e-01
3.907999999999999807e-01
3.476000000000000201e-01
2.717999999999999861e-01
2.318000000000000060e-01
1.812999999999999889e-01
1.449000000000000010e-01
1.084999999999999992e-01
9.310000000000000220e-02
7.409999999999999920e-02
7.000000000000000666e-02
5.460000000000000270e-02
6.750000000000000444e-02
7.710000000000000187e-02
1.026999999999999996e-01
1.393000000000000071e-01
1.801000000000000101e-01
2.167999999999999927e-01
2.358999999999999986e-01
2.490999999999999881e-01
2.454999999999999960e-01
2.134000000000000064e-01
1.947000000000000119e-01
1.622999999999999998e-01
1.277999999999999969e-01
9.249999999999999889e-02
6.840000000000000246e-02
5.709999999999999798e-02
3.440000000000000002e-02
2.359999999999999945e-02
2.460000000000000034e-02
2.189999999999999933e-02
2.239999999999999977e-02
2.610000000000000167e-02
3.629999999999999893e-02
3.939999999999999752e-02
5.310000000000000137e-02
5.840000000000000052e-02
6.099999999999999867e-02
6.410000000000000420e-02
6.669999999999999540e-02
6.869999999999999718e-02
6.769999999999999629e-02
7.240000000000000602e-02
6.969999999999999807e-02
7.049999999999999323e-02
5.630000000000000282e-02
6.049999999999999822e-02
5.670000000000000040e-02
5.469999999999999862e-02
5.199999999999999761e-02
3.919999999999999873e-02
3.009999999999999828e-02
2.319999999999999840e-02
1.609999999999999973e-02
1.650000000000000078e-02
2.309999999999999901e-02
3.289999999999999869e-02
4.479999999999999954e-02
7.330000000000000404e-02
1.058999999999999941e-01
1.303999999999999881e-01
1.589000000000000135e-01
1.920999999999999930e-01
2.139999999999999958e-01
2.363000000000000100e-01
2.205999999999999905e-01
2.306999999999999884e-01
2.131000000000000116e-01
1.618999999999999884e-01
1.476999999999999980e-01
1.217000000000000026e-01
1.274000000000000132e-01
1.171999999999999986e-01
1.111999999999999933e-01
1.183000000000000024e-01
1.244999999999999996e-01
1.323000000000000009e-01
1.499999999999999944e-01
1.318999999999999895e-01
1.526000000000000134e-01
1.210999999999999993e-01
9.909999999999999365e-02
8.260000000000000675e-02
5.859999999999999931e-02
5.050000000000000322e-02
2.960000000000000131e-02
6.700000000000000226e-03
0.000000000000000000e+00
0.000000000000000000e+00
0.000000000000000000e+00
0.000000000000000000e+00
0.000000000000000000e+00
4.700000000000000185e-03
5.000000000000000104e-04
7.499999999999999722e-03
9.700000000000000289e-03
2.419999999999999929e-02
2.419999999999999929e-02
2.380000000000000171e-02
4.580000000000000043e-02
6.850000000000000533e-02
6.090000000000000274e-02
7.249999999999999500e-02
8.899999999999999578e-02
8.409999999999999420e-02
8.290000000000000147e-02
6.980000000000000093e-02
5.929999999999999855e-02
4.730000000000000177e-02
3.139999999999999736e-02
2.649999999999999925e-02
3.379999999999999671e-02
4.030000000000000249e-02
6.049999999999999822e-02
8.719999999999999973e-02
1.605000000000000038e-01
2.225999999999999923e-01
3.130000000000000004e-01
3.539999999999999813e-01
