6.643000000000000016e-01
6.276000000000000467e-01
5.602000000000000313e-01
4.956999999999999740e-01
4.677999999999999936e-01
4.471999999999999864e-01
4.433000000000000274e-01
4.062000000000000055e-01
3.658000000000000140e-01
2.953000000000000069e-01
2.349999999999999867e-01
1.779000000000000026e-01
1.335000000000000075e-01
1.050999999999999990e-01
8.849999999999999534e-02
8.039999999999999925e-02
8.150000000000000300e-02
8.740000000000000546e-02
7.349999999999999589e-02
6.160000000000000198e-02
5.260000000000000092e-02
4.850000000000000144e-02
3.869999999999999829e-02
2.630000000000000046e-02
2.129999999999999949e-02
1.430000000000000021e-02
2.079999999999999905e-02
2.110000000000000070e-02
4.529999999999999999e-02
6.640000000000000069e-02
6.310000000000000331e-02
7.610000000000000098e-02
8.469999999999999751e-02
1.054999999999999966e-01
1.295000000000000040e-01
1.678000000000000047e-01
2.112999999999999878e-01
2.681000000000000050e-01
3.145999999999999908e-01
3.478999999999999870e-01
4.166000000000000258e-01
4.804999999999999827e-01
5.321000000000000174e-01
5.555999999999999828e-01
5.826000000000000068e-01
5.917999999999999927e-01
6.421000000000000041e-01
6.693999999999999950e-01
7.358000000000000096e-01
7.604999999999999538e-01
7.860000000000000320e-01
7.953999999999999959e-01
8.156999999999999806e-01
8.385000000000000231e-01
8.326000000000000068e-01
8.347999999999999865e-01
8.379999999999999671e-01
8.188999999999999613e-01
8.185000000000000053e-01
8.014000000000000012e-01
7.959000000000000519e-01
8.143000000000000238e-01
8.196999999999999842e-01
8.522999999999999465e-01
8.511999999999999567e-01
8.683999999999999497e-01
8.713999999999999524e-01
8.604000000000000536e-01
8.621999999999999664e-01
8.749000000000000110e-01
8.608999999999999986e-01
8.918000000000000371e-01
8.869000000000000217e-01
9.042000000000000037e-01
9.135999999999999677e-01
9.244999999999999885e-01
9.266999999999999682e-01
9.233999999999999986e-01
9.153000000000000025e-01
9.086999999999999522e-01
9.078000000000000513e-01
8.948000000000000398e-01
8.781999999999999806e-01
8.667000000000000259e-01
8.516000000000000236e-01
8.719999999999999973e-01
8.729000000000000092e-01
8.676000000000000378e-01
8.539999999999999813e-01
8.517000000000000126e-01
8.247999999999999776e-01
7.980000000000000426e-01
7.750000000000000222e-01
7.531999999999999806e-01
7.371999999999999664e-01
7.364000000000000545e-01
7.310999999999999721e-01
7.274000000000000465e-01
7.367000000000000215e-01
7.362999999999999545e-01
7.705999999999999517e-01
7.963999999999999968e-01
7.907999999999999474e-01
7.650000000000000133e-01
7.218999999999999861e-01
6.624999999999999778e-01
5.963000000000000522e-01
5.207000000000000517e-01
4.456999999999999851e-01
3.694000000000000061e-01
3.287999999999999812e-01
2.753999999999999782e-01
2.386000000000000065e-01
2.295999999999999985e-01
1.953000000000000014e-01
1.535999999999999865e-01
1.310000000000000053e-01
1.110000000000000014e-01
8.019999999999999352e-02
6.069999999999999701e-02
4.479999999999999954e-02
1.750000000000000167e-02
1.640000000000000138e-02
1.060000000000000005e-02
4.100000000000000346e-03
7.400000000000000328e-03
2.599999999999999881e-03
4.400000000000000265e-03
8.500000000000000611e-03
1.200000000000000025e-02
3.880000000000000115e-02
4.009999999999999676e-02
3.400000000000000244e-02
2.719999999999999848e-02
2.029999999999999860e-02
1.830000000000000029e-02
1.129999999999999928e-02
2.000000000000000096e-04
1.020000000000000073e-02
1.359999999999999924e-02
1.379999999999999977e-02
1.660000000000000017e-02
2.319999999999999840e-02
3.139999999999999736e-02
4.179999999999999688e-02
4.859999999999999737e-02
6.019999999999999657e-02
7.950000000000000122e-02
6.859999999999999432e-02
5.040000000000000036e-02
5.229999999999999927e-02
5.090000000000000080e-02
5.349999999999999895e-02
6.310000000000000331e-02
5.569999999999999951e-02
5.149999999999999717e-02
5.929999999999999855e-02
7.199999999999999456e-02
8.329999999999999905e-02
8.379999999999999949e-02
7.789999999999999702e-02
8.379999999999999949e-02
6.339999999999999802e-02
5.390000000000000346e-02
3.640000000000000180e-02
2.639999999999999986e-02
2.179999999999999993e-02
9.400000000000000369e-03
1.000000000000000048e-04
0.000000000000000000e+00
3.399999999999999811e-03
5.499999999999999681e-03
1.069999999999999944e-02
1.329999999999999932e-02
1.299999999999999940e-02
2.779999999999999832e-02
2.759999999999999953e-02
1.930000000000000118e-02
1.400000000000000029e-02
9.599999999999999159e-03
8.099999999999999561e-03
3.299999999999999982e-03
8.800000000000000530e-03
7.599999999999999985e-03
3.200000000000000153e-03
0.000000000000000000e+00
0.000000000000000000e+00
5.100000000000000366e-03
4.000000000000000192e-04
0.000000000000000000e+00
0.000000000000000000e+00
5.199999999999999761e-03
4.899999999999999842e-03
4.499999999999999660e-03
1.280000000000000061e-02
6.499999999999999702e-03
4.899999999999999842e-03
2.799999999999999972e-03
0.000000000000000000e+00
7.900000000000000772e-03
1.540000000000000049e-02
2.079999999999999905e-02
2.589999999999999941e-02
3.409999999999999837e-02
4.780000000000000221e-02
6.029999999999999943e-02
5.569999999999999951e-02
5.480000000000000149e-02
4.370000000000000273e-02
4.220000000000000140e-02
3.450000000000000289e-02
2.840000000000000163e-02
1.830000000000000029e-02
8.699999999999999400e-03
6.499999999999999702e-03
1.699999999999999905e-03
3.799999999999999992e-03
1.080000000000000057e-02
1.619999999999999912e-02
6.199999999999999782e-03
2.100000000000000130e-02
3.239999999999999825e-02
2.290000000000000022e-02
1.859999999999999848e-02
2.899999999999999800e-03
1.700000000000000122e-02
1.930000000000000118e-02
3.109999999999999917e-02
3.470000000000000168e-02
2.369999999999999885e-02
2.479999999999999913e-02
3.899999999999999994e-02
4.070000000000000007e-02
5.559999999999999665e-02
8.540000000000000369e-02
1.302999999999999992e-01
1.635999999999999954e-01
1.753000000000000114e-01
1.678999999999999937e-01
1.454000000000000015e-01
1.337000000000000133e-01
1.132999999999999979e-01
9.130000000000000615e-02
6.550000000000000266e-02
4.039999999999999841e-02
2.160000000000000114e-02
5.000000000000000104e-03
2.299999999999999961e-03
2.700000000000000143e-03
3.700000000000000164e-03
1.619999999999999912e-02
1.540000000000000049e-02
2.019999999999999921e-02
3.500000000000000333e-02
4.499999999999999833e-02
3.939999999999999752e-02
6.489999999999999936e-02
8.740000000000000546e-02
9.639999999999999958e-02
1.083999999999999964e-01
1.011999999999999983e-01
1.037000000000000005e-01
1.117999999999999966e-01
1.123999999999999999e-01
1.005000000000000060e-01
1.052000000000000018e-01
9.400000000000000022e-02
8.809999999999999776e-02
8.329999999999999905e-02
8.260000000000000675e-02
8.500000000000000611e-02
7.249999999999999500e-02
6.230000000000000121e-02
4.889999999999999902e-02
5.890000000000000097e-02
5.340000000000000302e-02
6.759999999999999343e-02
8.319999999999999618e-02
1.151999999999999968e-01
1.497999999999999887e-01
1.937000000000000111e-01
2.165999999999999870e-01
2.581999999999999851e-01
2.592999999999999750e-01
2.797000000000000042e-01
3.063000000000000167e-01
3.498999999999999888e-01
3.942999999999999838e-01
4.094999999999999751e-01
4.524000000000000243e-01
5.009000000000000119e-01
5.338000000000000522e-01
5.652000000000000357e-01
5.656999999999999806e-01
5.550000000000000488e-01
5.382000000000000117e-01
5.639999999999999458e-01
5.734000000000000208e-01
5.838999999999999746e-01
5.659999999999999476e-01
4.899999999999999911e-01
