6.924000000000000155e-01
6.372999999999999776e-01
5.578999999999999515e-01
4.631000000000000116e-01
3.682000000000000273e-01
3.276999999999999913e-01
2.846000000000000196e-01
2.401000000000000079e-01
2.049999999999999878e-01
1.754999999999999893e-01
1.259000000000000119e-01
1.398999999999999966e-01
1.052000000000000018e-01
1.092000000000000054e-01
1.259000000000000119e-01
1.380000000000000115e-01
1.217000000000000026e-01
1.011999999999999983e-01
8.160000000000000586e-02
7.140000000000000513e-02
4.200000000000000261e-02
3.479999999999999760e-02
2.989999999999999949e-02
1.039999999999999952e-02
6.199999999999999782e-03
0.000000000000000000e+00
4.199999999999999740e-03
1.129999999999999928e-02
9.100000000000000450e-03
1.619999999999999912e-02
2.790000000000000119e-02
3.420000000000000123e-02
6.400000000000000133e-02
8.160000000000000586e-02
1.073999999999999955e-01
1.406999999999999917e-01
1.695000000000000118e-01
1.920000000000000040e-01
2.063000000000000111e-01
2.074000000000000010e-01
2.036999999999999922e-01
1.827000000000000013e-01
1.534000000000000086e-01
1.242999999999999938e-01
1.053000000000000047e-01
8.849999999999999534e-02
8.110000000000000542e-02
8.100000000000000255e-02
8.730000000000000260e-02
1.190999999999999975e-01
1.401000000000000023e-01
1.479000000000000037e-01
1.476000000000000090e-01
1.564000000000000112e-01
1.744999999999999885e-01
1.869999999999999996e-01
2.127999999999999892e-01
2.267000000000000126e-01
2.484999999999999987e-01
2.781000000000000139e-01
2.783999999999999808e-01
2.881000000000000227e-01
2.919999999999999818e-01
2.897000000000000131e-01
2.798999999999999821e-01
2.621999999999999886e-01
2.308999999999999941e-01
2.263999999999999901e-01
1.756999999999999951e-01
1.615999999999999936e-01
1.527999999999999914e-01
1.275999999999999912e-01
7.839999999999999747e-02
3.839999999999999664e-02
1.370000000000000037e-02
7.400000000000000328e-03
4.000000000000000192e-04
0.000000000000000000e+00
0.000000000000000000e+00
0.000000000000000000e+00
0.000000000000000000e+00
0.000000000000000000e+00
0.000000000000000000e+00
0.000000000000000000e+00
3.799999999999999992e-03
1.420000000000000082e-02
2.740000000000000074e-02
3.729999999999999982e-02
5.090000000000000080e-02
4.420000000000000318e-02
4.340000000000000108e-02
3.780000000000000027e-02
3.950000000000000039e-02
4.560000000000000164e-02
3.799999999999999906e-02
2.860000000000000042e-02
2.809999999999999998e-02
3.400000000000000244e-02
3.860000000000000236e-02
3.400000000000000244e-02
3.090000000000000038e-02
3.300000000000000155e-02
3.450000000000000289e-02
3.529999999999999805e-02
3.570000000000000256e-02
4.850000000000000144e-02
6.149999999999999911e-02
8.500000000000000611e-02
1.048000000000000043e-01
1.497999999999999887e-01
1.885999999999999899e-01
2.306999999999999884e-01
2.671000000000000041e-01
2.766000000000000125e-01
2.898999999999999910e-01
3.194000000000000172e-01
3.042000000000000259e-01
2.762000000000000011e-01
2.094000000000000028e-01
1.386000000000000010e-01
9.959999999999999409e-02
5.410000000000000225e-02
2.680000000000000090e-02
2.529999999999999957e-02
1.190000000000000085e-02
8.200000000000000691e-03
6.000000000000000125e-03
1.329999999999999932e-02
1.499999999999999944e-02
1.000000000000000021e-02
1.009999999999999960e-02
2.949999999999999845e-02
2.910000000000000087e-02
2.500000000000000139e-02
2.220000000000000098e-02
3.099999999999999978e-02
3.009999999999999828e-02
4.599999999999999922e-02
6.940000000000000335e-02
8.369999999999999662e-02
1.081000000000000016e-01
1.105000000000000010e-01
1.155000000000000054e-01
1.132999999999999979e-01
1.130000000000000032e-01
1.019999999999999934e-01
8.680000000000000215e-02
7.000000000000000666e-02
5.179999999999999882e-02
4.030000000000000249e-02
2.179999999999999993e-02
2.189999999999999933e-02
1.490000000000000005e-02
1.110000000000000049e-02
5.499999999999999681e-03
7.900000000000000772e-03
2.599999999999999881e-03
3.000000000000000062e-03
1.199999999999999895e-03
9.199999999999999845e-03
1.450000000000000074e-02
2.100000000000000130e-02
3.049999999999999933e-02
3.760000000000000148e-02
4.649999999999999967e-02
4.789999999999999813e-02
3.450000000000000289e-02
2.069999999999999965e-02
2.120000000000000009e-02
2.309999999999999901e-02
1.469999999999999953e-02
3.099999999999999891e-03
1.000000000000000021e-02
8.000000000000000383e-04
0.000000000000000000e+00
0.000000000000000000e+00
6.400000000000000307e-03
5.700000000000000205e-03
3.399999999999999811e-03
1.009999999999999960e-02
1.849999999999999908e-02
1.310000000000000053e-02
3.899999999999999821e-03
1.600000000000000033e-02
6.599999999999999964e-03
3.700000000000000164e-03
1.080000000000000057e-02
1.319999999999999993e-02
2.120000000000000009e-02
3.440000000000000002e-02
3.459999999999999881e-02
3.969999999999999918e-02
3.470000000000000168e-02
2.949999999999999845e-02
1.629999999999999852e-02
9.499999999999999764e-03
3.299999999999999982e-03
3.200000000000000153e-03
0.000000000000000000e+00
0.000000000000000000e+00
0.000000000000000000e+00
0.000000000000000000e+00
2.000000000000000042e-03
7.199999999999999803e-03
2.309999999999999901e-02
3.910000000000000281e-02
6.489999999999999936e-02
8.089999999999999969e-02
1.130000000000000032e-01
1.320000000000000062e-01
1.487999999999999878e-01
1.431999999999999940e-01
1.265000000000000013e-01
1.116999999999999937e-01
9.229999999999999316e-02
7.839999999999999747e-02
5.670000000000000040e-02
4.590000000000000330e-02
4.490000000000000241e-02
5.330000000000000016e-02
6.289999999999999758e-02
6.379999999999999560e-02
6.859999999999999432e-02
7.069999999999999896e-02
6.460000000000000464e-02
6.149999999999999911e-02
6.569999999999999452e-02
7.119999999999999940e-02
8.359999999999999376e-02
9.450000000000000067e-02
1.187000000000000000e-01
1.408999999999999975e-01
1.983999999999999930e-01
2.705000000000000182e-01
3.335000000000000187e-01
3.583000000000000074e-01
3.912999999999999812e-01
4.153000000000000025e-01
4.087000000000000077e-01
3.862999999999999767e-01
3.694000000000000061e-01
3.427000000000000046e-01
3.280000000000000138e-01
3.060999999999999832e-01
2.841000000000000192e-01
2.661999999999999922e-01
2.581999999999999851e-01
2.142000000000000015e-01
2.038999999999999979e-01
1.842000000000000026e-01
1.673999999999999932e-01
1.416000000000000036e-01
1.140000000000000041e-01
8.500000000000000611e-02
8.540000000000000369e-02
7.040000000000000424e-02
7.679999999999999327e-02
8.129999999999999727e-02
9.979999999999999982e-02
9.740000000000000047e-02
9.829999999999999849e-02
8.459999999999999465e-02
7.109999999999999654e-02
5.739999999999999963e-02
3.930000000000000160e-02
3.269999999999999990e-02
2.939999999999999905e-02
2.949999999999999845e-02
3.230000000000000232e-02
3.039999999999999994e-02
2.460000000000000034e-02
2.110000000000000070e-02
1.870000000000000134e-02
1.859999999999999848e-02
1.729999999999999941e-02
1.039999999999999952e-02
1.439999999999999961e-02
1.700000000000000122e-02
1.519999999999999997e-02
1.469999999999999953e-02
6.000000000000000125e-03
1.319999999999999993e-02
1.119999999999999989e-02
1.420000000000000082e-02
9.900000000000000813e-03
1.299999999999999940e-02
9.499999999999999764e-03
7.599999999999999985e-03
1.129999999999999928e-02
1.510000000000000057e-02
1.319999999999999993e-02
1.430000000000000021e-02
2.390000000000000110e-02
3.090000000000000038e-02
2.280000000000000082e-02
5.899999999999999863e-03
1.490000000000000005e-02
1.190000000000000085e-02
6.599999999999999964e-03
0.000000000000000000e+00
0.000000000000000000e+00
0.000000000000000000e+00
2.799999999999999972e-03
0.000000000000000000e+00
0.000000000000000000e+00
0.000000000000000000e+00
3.099999999999999891e-03
9.199999999999999845e-03
9.900000000000000813e-03
2.239999999999999977e-02
2.949999999999999845e-02
4.420000000000000318e-02
7.059999999999999609e-02
1.214999999999999969e-01
1.562000000000000055e-01
1.681999999999999884e-01
1.648999999999999910e-01
1.464000000000000024e-01
1.152999999999999997e-01
8.859999999999999820e-02
6.829999999999999960e-02
5.299999999999999850e-02
4.390000000000000152e-02
3.980000000000000204e-02
2.639999999999999986e-02
2.819999999999999937e-02
1.880000000000000074e-02
2.220000000000000098e-02
1.890000000000000013e-02
1.349999999999999985e-02
1.310000000000000053e-02
1.159999999999999920e-02
0.000000000000000000e+00
0.000000000000000000e+00
0.000000000000000000e+00
0.000000000000000000e+00
0.000000000000000000e+00
0.000000000000000000e+00
0.000000000000000000e+00
0.000000000000000000e+00
0.000000000000000000e+00
0.000000000000000000e+00
2.700000000000000143e-03
2.599999999999999881e-03
2.690000000000000030e-02
3.710000000000000103e-02
4.059999999999999720e-02
6.539999999999999980e-02
7.770000000000000517e-02
9.810000000000000664e-02
1.302000000000000102e-01
1.708000000000000074e-01
2.086000000000000076e-01
2.265000000000000069e-01
2.963999999999999968e-01
3.488999999999999879e-01
3.764000000000000123e-01
4.395999999999999908e-01
4.717999999999999972e-01
5.082999999999999741e-01
5.143999999999999684e-01
5.202999999999999847e-01
5.020999999999999908e-01
4.485999999999999988e-01
4.178999999999999937e-01
4.182000000000000162e-01
4.002999999999999892e-01
4.012000000000000011e-01
3.483999999999999875e-01
2.692999999999999838e-01
1.842999999999999916e-01
1.210999999999999993e-01
9.049999999999999711e-02
6.619999999999999496e-02
6.320000000000000617e-02
5.840000000000000052e-02
7.109999999999999654e-02
7.389999999999999347e-02
7.280000000000000360e-02
6.679999999999999827e-02
6.569999999999999452e-02
5.890000000000000097e-02
5.920000000000000262e-02
5.369999999999999774e-02
5.170000000000000290e-02
3.889999999999999708e-02
2.900000000000000147e-02
2.529999999999999957e-02
1.580000000000000154e-02
1.559999999999999928e-02
2.290000000000000022e-02
3.239999999999999825e-02
4.660000000000000253e-02
6.300000000000000044e-02
8.580000000000000127e-02
7.240000000000000602e-02
6.279999999999999472e-02
6.969999999999999807e-02
7.140000000000000513e-02
7.459999999999999964e-02
7.149999999999999412e-02
8.709999999999999687e-02
1.154000000000000026e-01
1.363000000000000045e-01
1.673999999999999932e-01
1.913999999999999868e-01
2.566999999999999837e-01
2.806000000000000161e-01
2.827999999999999958e-01
2.620000000000000107e-01
2.112999999999999878e-01
1.748000000000000109e-01
1.361999999999999877e-01
1.006999999999999978e-01
7.190000000000000557e-02
7.290000000000000646e-02
7.019999999999999851e-02
7.380000000000000449e-02
5.029999999999999749e-02
6.339999999999999802e-02
5.790000000000000008e-02
5.559999999999999665e-02
4.870000000000000023e-02
5.059999999999999915e-02
4.340000000000000108e-02
3.679999999999999938e-02
3.509999999999999926e-02
4.630000000000000088e-02
4.839999999999999858e-02
4.189999999999999974e-02
2.719999999999999848e-02
2.179999999999999993e-02
1.310000000000000053e-02
8.600000000000000006e-03
4.000000000000000083e-03
3.599999999999999901e-03
4.300000000000000003e-03
1.290000000000000001e-02
1.000000000000000048e-04
1.119999999999999989e-02
2.450000000000000094e-02
2.779999999999999832e-02
4.100000000000000346e-03
9.499999999999999764e-03
2.790000000000000119e-02
2.860000000000000042e-02
1.629999999999999852e-02
2.160000000000000114e-02
2.179999999999999993e-02
1.909999999999999892e-02
3.839999999999999664e-02
3.339999999999999913e-02
5.759999999999999842e-02
9.769999999999999518e-02
1.526000000000000134e-01
1.998999999999999944e-01
2.431000000000000105e-01
2.846000000000000196e-01
3.355000000000000204e-01
3.924000000000000266e-01
4.349000000000000088e-01
4.945999999999999841e-01
5.614000000000000101e-01
6.219000000000000083e-01
6.649000000000000465e-01
6.833000000000000185e-01
6.975000000000000089e-01
7.046999999999999931e-01
7.035000000000000142e-01
7.198999999999999844e-01
7.063000000000000389e-01
7.137000000000000011e-01
7.419000000000000039e-01
7.593999999999999639e-01
7.639000000000000234e-01
7.903000000000000025e-01
8.167999999999999705e-01
8.310999999999999499e-01
8.454000000000000403e-01
8.286000000000000032e-01
8.498999999999999888e-01
8.866000000000000547e-01
8.902999999999999803e-01
9.125999999999999668e-01
9.534000000000000252e-01
9.718999999999999861e-01
9.664000000000000368e-01
9.841999999999999638e-01
9.755000000000000338e-01
9.677000000000000046e-01
9.983999999999999542e-01
1.000000000000000000e+00
9.868000000000000105e-01
9.920999999999999819e-01
1.000000000000000000e+00
1.000000000000000000e+00
9.965000000000000524e-01
9.899999999999999911e-01
9.932999999999999607e-01
1.000000000000000000e+00
9.916000000000000369e-01
1.000000000000000000e+00
9.963999999999999524e-01
1.000000000000000000e+00
1.000000000000000000e+00
1.000000000000000000e+00
1.000000000000000000e+00
9.810999999999999721e-01
9.874000000000000554e-01
9.872999999999999554e-01
9.981999999999999762e-01
9.957000000000000295e-01
9.943999999999999506e-01
1.000000000000000000e+00
9.959999999999999964e-01
9.922999999999999599e-01
1.000000000000000000e+00
9.983999999999999542e-01
9.989999999999999991e-01
9.991999999999999771e-01
9.949999999999999956e-01
9.932999999999999607e-01
9.909999999999999920e-01
9.851999999999999647e-01
9.798000000000000043e-01
9.828999999999999959e-01
9.922999999999999599e-01
9.919000000000000039e-01
9.842999999999999527e-01
9.925000000000000488e-01
9.883999999999999453e-01
9.872999999999999554e-01
9.910999999999999810e-01
9.949000000000000066e-01
9.928000000000000158e-01
1.000000000000000000e+00
9.864000000000000545e-01
9.909000000000000030e-01
9.859999999999999876e-01
9.936000000000000387e-01
9.922999999999999599e-01
9.929999999999999938e-01
9.979000000000000092e-01
9.842999999999999527e-01
9.923999999999999488e-01
9.929000000000000048e-01
9.929000000000000048e-01
9.921999999999999709e-01
9.917000000000000259e-01
9.916000000000000369e-01
9.912999999999999590e-01
9.921999999999999709e-01
9.855000000000000426e-01
9.850999999999999757e-01
9.828000000000000069e-01
9.874000000000000554e-01
9.868999999999999995e-01
9.838999999999999968e-01
9.688999999999999835e-01
9.910999999999999810e-01
9.888000000000000123e-01
9.892999999999999572e-01
9.920999999999999819e-01
9.882999999999999563e-01
1.000000000000000000e+00
1.000000000000000000e+00
9.963999999999999524e-01
1.000000000000000000e+00
9.985000000000000542e-01
9.997000000000000330e-01
9.907000000000000250e-01
1.000000000000000000e+00
9.995000000000000551e-01
9.993999999999999551e-01
9.908000000000000140e-01
9.868999999999999995e-01
9.918000000000000149e-01
9.981999999999999762e-01
9.953999999999999515e-01
9.851999999999999647e-01
9.846000000000000307e-01
9.865000000000000435e-01
9.757000000000000117e-01
9.857000000000000206e-01
9.888000000000000123e-01
9.953999999999999515e-01
9.899999999999999911e-01
9.839999999999999858e-01
9.829999999999999849e-01
9.864000000000000545e-01
9.800999999999999712e-01
9.801999999999999602e-01
9.866000000000000325e-01
9.932999999999999607e-01
9.961999999999999744e-01
1.000000000000000000e+00
1.000000000000000000e+00
1.000000000000000000e+00
1.000000000000000000e+00
1.000000000000000000e+00
1.000000000000000000e+00
1.000000000000000000e+00
9.844000000000000528e-01
9.830999999999999739e-01
9.864000000000000545e-01
9.958000000000000185e-01
9.888000000000000123e-01
1.000000000000000000e+00
9.943999999999999506e-01
9.949000000000000066e-01
1.000000000000000000e+00
1.000000000000000000e+00
9.893999999999999462e-01
1.000000000000000000e+00
9.962999999999999634e-01
9.698999999999999844e-01
9.699999999999999734e-01
1.000000000000000000e+00
9.980999999999999872e-01
9.951999999999999735e-01
9.949000000000000066e-01
1.000000000000000000e+00
9.875000000000000444e-01
9.657999999999999918e-01
9.790999999999999703e-01
9.618999999999999773e-01
9.835000000000000409e-01
9.893999999999999462e-01
1.000000000000000000e+00
1.000000000000000000e+00
1.000000000000000000e+00
1.000000000000000000e+00
1.000000000000000000e+00
9.930999999999999828e-01
9.921999999999999709e-01
9.861999999999999655e-01
9.764000000000000457e-01
9.651999999999999469e-01
9.943999999999999506e-01
9.919000000000000039e-01
9.978000000000000203e-01
9.952999999999999625e-01
9.899000000000000021e-01
9.639999999999999680e-01
9.927000000000000268e-01
9.971999999999999753e-01
9.995000000000000551e-01
1.000000000000000000e+00
1.000000000000000000e+00
1.000000000000000000e+00
1.000000000000000000e+00
9.990999999999999881e-01
9.847000000000000197e-01
9.822999999999999510e-01
9.748999999999999888e-01
9.687000000000000055e-01
9.537999999999999812e-01
9.236999999999999655e-01
9.357999999999999652e-01
9.245999999999999774e-01
9.104999999999999760e-01
9.127999999999999448e-01
9.042000000000000037e-01
8.838000000000000300e-01
8.723999999999999533e-01
8.721999999999999753e-01
8.435000000000000275e-01
8.137999999999999678e-01
8.215000000000000080e-01
8.292000000000000481e-01
8.458999999999999853e-01
8.322000000000000508e-01
8.733999999999999542e-01
9.042000000000000037e-01
9.032999999999999918e-01
9.371000000000000441e-01
9.240000000000000435e-01
9.717999999999999972e-01
9.725000000000000311e-01
9.725000000000000311e-01
9.715000000000000302e-01
9.910999999999999810e-01
9.827000000000000179e-01
9.916000000000000369e-01
9.889999999999999902e-01
9.972999999999999643e-01
9.903999999999999471e-01
9.988000000000000211e-01
9.958000000000000185e-01
9.875000000000000444e-01
9.941999999999999726e-01
9.926000000000000378e-01
9.977000000000000313e-01
9.970999999999999863e-01
9.983999999999999542e-01
9.948000000000000176e-01
9.883999999999999453e-01
9.961999999999999744e-01
9.935000000000000497e-01
9.957000000000000295e-01
1.000000000000000000e+00
9.880999999999999783e-01
9.816000000000000281e-01
9.826000000000000290e-01
9.827000000000000179e-01
9.840999999999999748e-01
9.687999999999999945e-01
9.807000000000000162e-01
1.000000000000000000e+00
9.829999999999999849e-01
9.927000000000000268e-01
9.989000000000000101e-01
9.761999999999999567e-01
9.966000000000000414e-01
1.000000000000000000e+00
1.000000000000000000e+00
9.887000000000000233e-01
1.000000000000000000e+00
9.952999999999999625e-01
1.000000000000000000e+00
9.970999999999999863e-01
9.879999999999999893e-01
1.000000000000000000e+00
1.000000000000000000e+00
1.000000000000000000e+00
9.970999999999999863e-01
9.936000000000000387e-01
9.958000000000000185e-01
1.000000000000000000e+00
1.000000000000000000e+00
9.922999999999999599e-01
9.979999999999999982e-01
9.965000000000000524e-01
1.000000000000000000e+00
9.922999999999999599e-01
9.953999999999999515e-01
1.000000000000000000e+00
1.000000000000000000e+00
1.000000000000000000e+00
1.000000000000000000e+00
9.980999999999999872e-01
1.000000000000000000e+00
9.993999999999999551e-01
9.951999999999999735e-01
1.000000000000000000e+00
1.000000000000000000e+00
9.993999999999999551e-01
1.000000000000000000e+00
1.000000000000000000e+00
1.000000000000000000e+00
1.000000000000000000e+00
9.988000000000000211e-01
1.000000000000000000e+00
1.000000000000000000e+00
1.000000000000000000e+00
9.996000000000000441e-01
9.992999999999999661e-01
9.990999999999999881e-01
9.926000000000000378e-01
9.856000000000000316e-01
9.922999999999999599e-01
9.996000000000000441e-01
1.000000000000000000e+00
9.748999999999999888e-01
9.899000000000000021e-01
9.844000000000000528e-01
1.000000000000000000e+00
1.000000000000000000e+00
1.000000000000000000e+00
1.000000000000000000e+00
9.897000000000000242e-01
9.858000000000000096e-01
9.931999999999999718e-01
9.828000000000000069e-01
9.887000000000000233e-01
9.893999999999999462e-01
1.000000000000000000e+00
1.000000000000000000e+00
1.000000000000000000e+00
1.000000000000000000e+00
1.000000000000000000e+00
9.991999999999999771e-01
9.728999999999999870e-01
9.826000000000000290e-01
9.840999999999999748e-01
9.764000000000000457e-01
9.824000000000000510e-01
9.743000000000000549e-01
9.746000000000000218e-01
9.716000000000000192e-01
9.755000000000000338e-01
9.658999999999999808e-01
9.617999999999999883e-01
9.658999999999999808e-01
9.846000000000000307e-01
9.756000000000000227e-01
9.700999999999999623e-01
9.695000000000000284e-01
9.683000000000000496e-01
9.664000000000000368e-01
9.669999999999999707e-01
9.595000000000000195e-01
9.636000000000000121e-01
9.586000000000000076e-01
9.423000000000000265e-01
9.320000000000000506e-01
9.042000000000000037e-01
8.212000000000000410e-01
8.174000000000000155e-01
7.609000000000000208e-01
7.147999999999999909e-01
6.774999999999999911e-01
6.239999999999999991e-01
5.862000000000000544e-01
5.671000000000000485e-01
5.460000000000000409e-01
5.041999999999999815e-01
4.572999999999999843e-01
4.300999999999999823e-01
4.439000000000000168e-01
4.002999999999999892e-01
3.623999999999999999e-01
3.270000000000000129e-01
3.569999999999999840e-01
3.406000000000000139e-01
3.634000000000000008e-01
3.437999999999999945e-01
3.483999999999999875e-01
3.382000000000000006e-01
3.305000000000000160e-01
3.103000000000000203e-01
2.908000000000000029e-01
2.924999999999999822e-01
3.266999999999999904e-01
3.425000000000000266e-01
3.331000000000000072e-01
3.462999999999999967e-01
3.431000000000000161e-01
3.235000000000000098e-01
3.410000000000000253e-01
3.115999999999999881e-01
3.276999999999999913e-01
3.096999999999999753e-01
3.071999999999999731e-01
3.108000000000000207e-01
2.778999999999999804e-01
2.722999999999999865e-01
2.551999999999999824e-01
2.447999999999999898e-01
2.288999999999999924e-01
2.068000000000000116e-01
2.492000000000000048e-01
2.381999999999999951e-01
2.416999999999999982e-01
2.675000000000000155e-01
2.671999999999999931e-01
2.750000000000000222e-01
2.983000000000000096e-01
3.159000000000000141e-01
3.290000000000000147e-01
3.109000000000000097e-01
3.155999999999999917e-01
3.277999999999999803e-01
3.093000000000000194e-01
3.076999999999999735e-01
3.444999999999999729e-01
3.719999999999999973e-01
3.588000000000000078e-01
3.648000000000000131e-01
3.990000000000000213e-01
4.339999999999999969e-01
4.268000000000000127e-01
4.416999999999999815e-01
4.699999999999999734e-01
5.011999999999999789e-01
5.018000000000000238e-01
5.276999999999999469e-01
5.749999999999999556e-01
5.447999999999999510e-01
5.432000000000000162e-01
5.413000000000000034e-01
5.412000000000000144e-01
5.194999999999999618e-01
5.175999999999999490e-01
5.178000000000000380e-01
5.422000000000000153e-01
5.854000000000000314e-01
6.409000000000000252e-01
7.102000000000000535e-01
7.744999999999999662e-01
8.115999999999999881e-01
8.318999999999999728e-01
8.602999999999999536e-01
9.346999999999999753e-01
9.525000000000000133e-01
9.625000000000000222e-01
9.847000000000000197e-01
9.911999999999999700e-01
1.000000000000000000e+00
1.000000000000000000e+00
1.000000000000000000e+00
1.000000000000000000e+00
9.929000000000000048e-01
1.000000000000000000e+00
9.920999999999999819e-01
9.979000000000000092e-01
9.798000000000000043e-01
9.822999999999999510e-01
9.867000000000000215e-01
9.780999999999999694e-01
9.798000000000000043e-01
9.727000000000000091e-01
9.851999999999999647e-01
9.812999999999999501e-01
9.838999999999999968e-01
9.829999999999999849e-01
9.821999999999999620e-01
9.691999999999999504e-01
9.616000000000000103e-01
9.600999999999999535e-01
9.493000000000000327e-01
9.492000000000000437e-01
9.193000000000000060e-01
8.791999999999999815e-01
8.002000000000000224e-01
