9.217999999999999527e-01
9.288999999999999480e-01
9.125999999999999668e-01
9.029000000000000359e-01
8.913999999999999702e-01
8.820000000000000062e-01
8.661999999999999700e-01
8.649000000000000021e-01
8.461999999999999522e-01
8.174000000000000155e-01
8.171000000000000485e-01
8.127999999999999670e-01
7.923999999999999932e-01
7.695999999999999508e-01
7.661999999999999922e-01
7.648000000000000353e-01
7.398000000000000131e-01
7.520999999999999908e-01
7.664999999999999591e-01
7.715999999999999526e-01
7.751000000000000112e-01
7.635999999999999455e-01
7.489999999999999991e-01
7.351999999999999647e-01
7.307000000000000162e-01
7.296000000000000263e-01
7.047999999999999821e-01
7.080999999999999517e-01
7.084000000000000297e-01
7.084000000000000297e-01
7.177000000000000046e-01
7.543999999999999595e-01
7.442999999999999616e-01
7.721999999999999975e-01
7.903000000000000025e-01
8.229999999999999538e-01
8.420999999999999597e-01
8.567000000000000171e-01
8.514000000000000457e-01
8.628000000000000114e-01
8.667000000000000259e-01
8.710999999999999854e-01
8.705000000000000515e-01
8.640999999999999792e-01
8.565000000000000391e-01
8.530999999999999694e-01
8.680999999999999828e-01
8.555000000000000382e-01
8.537000000000000144e-01
8.595000000000000417e-01
8.831999999999999851e-01
8.822999999999999732e-01
8.895999999999999464e-01
9.146999999999999575e-01
9.190000000000000391e-01
9.193999999999999950e-01
9.374000000000000110e-01
9.307999999999999607e-01
9.425999999999999934e-01
9.320000000000000506e-01
9.312000000000000277e-01
9.122000000000000108e-01
9.332000000000000295e-01
8.987000000000000544e-01
9.023999999999999799e-01
8.904999999999999583e-01
8.838000000000000300e-01
8.705000000000000515e-01
8.521999999999999575e-01
8.349999999999999645e-01
8.121000000000000441e-01
7.935999999999999721e-01
7.537000000000000366e-01
7.334000000000000519e-01
6.764999999999999902e-01
6.310000000000000053e-01
6.153999999999999471e-01
5.703000000000000291e-01
5.653000000000000247e-01
5.641000000000000458e-01
5.886000000000000121e-01
5.728999999999999648e-01
5.980999999999999650e-01
6.046000000000000263e-01
5.987000000000000099e-01
5.924000000000000377e-01
6.397000000000000464e-01
6.333999999999999631e-01
6.714999999999999858e-01
6.636999999999999567e-01
6.691000000000000281e-01
6.812000000000000277e-01
7.003000000000000336e-01
7.271999999999999575e-01
7.886999999999999567e-01
8.154000000000000137e-01
8.296000000000000041e-01
8.349999999999999645e-01
8.306000000000000050e-01
8.266000000000000014e-01
8.245999999999999996e-01
8.372000000000000552e-01
8.489999999999999769e-01
8.494000000000000439e-01
8.399999999999999689e-01
8.256999999999999895e-01
8.107999999999999652e-01
8.051000000000000378e-01
7.863999999999999879e-01
7.904999999999999805e-01
7.896999999999999575e-01
7.833999999999999853e-01
8.118999999999999551e-01
8.158999999999999586e-01
7.975999999999999757e-01
8.293000000000000371e-01
8.456000000000000183e-01
8.614000000000000545e-01
8.682999999999999607e-01
8.659000000000000030e-01
8.741999999999999771e-01
8.751999999999999780e-01
8.722999999999999643e-01
8.622999999999999554e-01
8.774999999999999467e-01
8.820999999999999952e-01
8.752999999999999670e-01
8.753999999999999559e-01
8.587000000000000188e-01
8.851999999999999869e-01
8.881999999999999895e-01
9.111000000000000210e-01
9.213999999999999968e-01
9.197999999999999510e-01
9.167999999999999483e-01
9.175999999999999712e-01
9.169000000000000483e-01
9.157999999999999474e-01
9.216999999999999638e-01
9.283000000000000140e-01
9.234999999999999876e-01
9.341000000000000414e-01
9.314999999999999947e-01
9.250000000000000444e-01
9.316999999999999726e-01
9.229000000000000536e-01
9.233999999999999986e-01
9.246999999999999664e-01
9.195999999999999730e-01
9.229000000000000536e-01
9.173000000000000043e-01
9.113999999999999879e-01
8.861999999999999877e-01
8.707000000000000295e-01
8.803999999999999604e-01
8.944999999999999618e-01
8.857000000000000428e-01
8.931999999999999940e-01
9.101000000000000201e-01
9.136999999999999567e-01
9.154999999999999805e-01
9.014999999999999680e-01
8.989000000000000323e-01
8.988000000000000433e-01
8.892999999999999794e-01
8.951999999999999957e-01
8.941000000000000059e-01
8.880000000000000115e-01
8.726000000000000423e-01
8.544000000000000483e-01
8.504000000000000448e-01
8.343000000000000416e-01
8.337999999999999856e-01
7.930000000000000382e-01
8.289999999999999591e-01
8.241000000000000547e-01
8.155999999999999917e-01
8.179999999999999494e-01
8.252000000000000446e-01
8.450999999999999623e-01
8.274000000000000243e-01
8.645000000000000462e-01
8.761999999999999789e-01
8.903999999999999693e-01
8.917000000000000481e-01
8.945999999999999508e-01
8.900000000000000133e-01
8.904999999999999583e-01
8.803999999999999604e-01
8.673999999999999488e-01
8.454000000000000403e-01
8.561999999999999611e-01
8.516000000000000236e-01
8.372000000000000552e-01
8.296999999999999931e-01
8.234000000000000208e-01
8.546000000000000263e-01
8.838000000000000300e-01
8.868000000000000327e-01
8.934999999999999609e-01
9.081000000000000183e-01
9.223000000000000087e-01
9.183999999999999941e-01
9.156999999999999584e-01
8.920000000000000151e-01
9.143999999999999906e-01
9.287999999999999590e-01
9.234999999999999876e-01
9.290000000000000480e-01
9.264999999999999902e-01
9.334000000000000075e-01
9.345999999999999863e-01
9.389999999999999458e-01
9.340000000000000524e-01
9.432000000000000384e-01
9.451000000000000512e-01
9.391000000000000458e-01
9.455000000000000071e-01
9.452000000000000401e-01
9.452000000000000401e-01
9.288999999999999480e-01
9.161000000000000254e-01
9.120000000000000329e-01
8.981999999999999984e-01
9.146999999999999575e-01
9.212000000000000188e-01
9.284999999999999920e-01
8.953999999999999737e-01
9.066999999999999504e-01
9.367999999999999661e-01
9.275999999999999801e-01
9.245999999999999774e-01
9.184999999999999831e-01
9.254999999999999893e-01
9.182000000000000162e-01
9.173999999999999932e-01
9.028000000000000469e-01
9.204999999999999849e-01
8.979000000000000314e-01
9.036999999999999478e-01
9.163000000000000034e-01
9.209000000000000519e-01
9.125999999999999668e-01
9.062000000000000055e-01
9.005999999999999561e-01
8.789000000000000146e-01
8.741999999999999771e-01
8.502999999999999448e-01
8.195000000000000062e-01
7.911000000000000254e-01
7.625999999999999446e-01
7.417000000000000259e-01
7.099999999999999645e-01
6.699000000000000510e-01
6.109999999999999876e-01
5.788999999999999702e-01
5.110000000000000098e-01
4.698999999999999844e-01
3.991999999999999993e-01
3.407999999999999918e-01
2.909999999999999809e-01
2.503000000000000225e-01
2.023999999999999966e-01
1.764999999999999902e-01
1.423000000000000098e-01
1.118999999999999995e-01
9.500000000000000111e-02
8.550000000000000655e-02
7.679999999999999327e-02
6.959999999999999520e-02
5.190000000000000169e-02
5.920000000000000262e-02
8.210000000000000631e-02
1.228999999999999954e-01
1.489000000000000046e-01
1.776000000000000079e-01
2.344999999999999862e-01
2.800000000000000266e-01
3.129000000000000115e-01
3.315000000000000169e-01
3.735999999999999877e-01
4.048999999999999821e-01
4.601000000000000090e-01
5.042999999999999705e-01
5.618999999999999551e-01
6.017000000000000126e-01
6.352999999999999758e-01
6.198000000000000176e-01
5.915000000000000258e-01
5.483000000000000096e-01
5.106000000000000538e-01
4.535000000000000142e-01
3.981000000000000094e-01
3.215999999999999970e-01
2.584000000000000186e-01
2.066000000000000059e-01
1.633999999999999897e-01
1.439999999999999891e-01
1.262000000000000066e-01
1.212000000000000022e-01
1.120000000000000023e-01
1.101000000000000034e-01
1.145999999999999935e-01
1.303999999999999881e-01
1.481000000000000094e-01
1.759999999999999898e-01
2.315000000000000113e-01
3.136999999999999789e-01
3.811999999999999833e-01
4.581000000000000072e-01
4.980999999999999872e-01
4.808999999999999941e-01
