9.750999999999999668e-01
9.786000000000000254e-01
9.487999999999999767e-01
9.604000000000000314e-01
9.643000000000000460e-01
9.645000000000000240e-01
9.565000000000000169e-01
9.506000000000000005e-01
9.463000000000000300e-01
9.404000000000000137e-01
9.448999999999999622e-01
9.496999999999999886e-01
9.534000000000000252e-01
9.512000000000000455e-01
9.363000000000000211e-01
9.411000000000000476e-01
9.418999999999999595e-01
9.559999999999999609e-01
9.393000000000000238e-01
9.554000000000000270e-01
9.678999999999999826e-01
9.663000000000000478e-01
9.711999999999999522e-01
9.658999999999999808e-01
9.637999999999999901e-01
9.653000000000000469e-01
9.604000000000000314e-01
9.660999999999999588e-01
9.669999999999999707e-01
9.616999999999999993e-01
9.726000000000000201e-01
9.669999999999999707e-01
9.799999999999999822e-01
9.708999999999999853e-01
9.736000000000000210e-01
9.792999999999999483e-01
9.769999999999999796e-01
9.710999999999999632e-01
9.677000000000000046e-01
9.715000000000000302e-01
9.698999999999999844e-01
9.580999999999999517e-01
9.324999999999999956e-01
8.952999999999999847e-01
8.464000000000000412e-01
7.829000000000000403e-01
7.086999999999999966e-01
6.017000000000000126e-01
4.630000000000000226e-01
3.884000000000000230e-01
3.247999999999999776e-01
2.751000000000000112e-01
2.432999999999999885e-01
2.336999999999999911e-01
2.093000000000000138e-01
1.729999999999999871e-01
1.549999999999999989e-01
1.456000000000000072e-01
1.512000000000000011e-01
1.630000000000000060e-01
1.666999999999999871e-01
1.600000000000000033e-01
1.577000000000000068e-01
1.317000000000000115e-01
1.312000000000000111e-01
1.079999999999999988e-01
8.759999999999999731e-02
8.279999999999999860e-02
7.749999999999999944e-02
6.840000000000000246e-02
7.639999999999999569e-02
6.560000000000000553e-02
6.600000000000000311e-02
6.180000000000000077e-02
5.580000000000000238e-02
5.790000000000000008e-02
4.850000000000000144e-02
3.660000000000000059e-02
4.050000000000000128e-02
2.970000000000000070e-02
2.639999999999999986e-02
1.930000000000000118e-02
1.209999999999999964e-02
2.299999999999999961e-03
4.499999999999999660e-03
1.650000000000000078e-02
1.590000000000000094e-02
2.189999999999999933e-02
1.739999999999999880e-02
2.610000000000000167e-02
2.800000000000000058e-02
2.730000000000000135e-02
2.929999999999999966e-02
3.169999999999999901e-02
3.690000000000000224e-02
3.950000000000000039e-02
4.150000000000000216e-02
5.759999999999999842e-02
8.340000000000000191e-02
1.140999999999999931e-01
1.481999999999999984e-01
1.734999999999999876e-01
1.796999999999999986e-01
1.705000000000000127e-01
1.522000000000000020e-01
1.315999999999999948e-01
1.232000000000000040e-01
9.740000000000000047e-02
7.399999999999999634e-02
5.909999999999999976e-02
6.769999999999999629e-02
6.260000000000000286e-02
5.129999999999999838e-02
6.569999999999999452e-02
6.690000000000000113e-02
8.329999999999999905e-02
8.690000000000000502e-02
9.800000000000000377e-02
1.003000000000000003e-01
9.800000000000000377e-02
1.038000000000000034e-01
1.029000000000000054e-01
9.829999999999999849e-02
9.049999999999999711e-02
8.630000000000000171e-02
8.530000000000000082e-02
9.320000000000000506e-02
9.020000000000000240e-02
9.829999999999999849e-02
9.299999999999999933e-02
9.470000000000000639e-02
9.470000000000000639e-02
9.199999999999999845e-02
7.950000000000000122e-02
7.119999999999999940e-02
6.279999999999999472e-02
6.750000000000000444e-02
6.539999999999999980e-02
6.079999999999999988e-02
6.429999999999999605e-02
5.380000000000000060e-02
5.109999999999999959e-02
4.390000000000000152e-02
3.880000000000000115e-02
4.610000000000000209e-02
5.179999999999999882e-02
6.079999999999999988e-02
5.790000000000000008e-02
7.430000000000000493e-02
4.800000000000000100e-02
2.400000000000000050e-02
1.119999999999999989e-02
1.200000000000000025e-02
1.179999999999999973e-02
8.999999999999999754e-04
1.100000000000000066e-03
6.400000000000000307e-03
2.899999999999999800e-03
2.009999999999999981e-02
1.890000000000000013e-02
3.180000000000000188e-02
3.899999999999999994e-02
4.519999999999999712e-02
6.110000000000000153e-02
6.079999999999999988e-02
7.299999999999999545e-02
7.889999999999999791e-02
8.309999999999999332e-02
1.089999999999999997e-01
1.176999999999999991e-01
1.398000000000000076e-01
1.408000000000000085e-01
1.557999999999999940e-01
1.542999999999999927e-01
1.736000000000000043e-01
1.426000000000000045e-01
1.441000000000000059e-01
1.406000000000000028e-01
1.678000000000000047e-01
1.910000000000000031e-01
2.194000000000000117e-01
2.340000000000000135e-01
2.867000000000000104e-01
2.980999999999999761e-01
3.447999999999999954e-01
3.634999999999999898e-01
3.558999999999999941e-01
3.521000000000000241e-01
3.361999999999999988e-01
3.140000000000000013e-01
2.814999999999999725e-01
2.396000000000000074e-01
1.895999999999999908e-01
1.285000000000000031e-01
7.109999999999999654e-02
4.410000000000000031e-02
2.840000000000000163e-02
1.540000000000000049e-02
1.239999999999999956e-02
2.099999999999999870e-03
0.000000000000000000e+00
4.000000000000000192e-04
3.000000000000000062e-03
0.000000000000000000e+00
0.000000000000000000e+00
0.000000000000000000e+00
0.000000000000000000e+00
0.000000000000000000e+00
1.379999999999999977e-02
2.719999999999999848e-02
4.399999999999999745e-02
6.590000000000000024e-02
8.930000000000000437e-02
1.019000000000000045e-01
1.135000000000000037e-01
1.441999999999999948e-01
1.653999999999999915e-01
1.748000000000000109e-01
1.570999999999999897e-01
1.627000000000000113e-01
1.423000000000000098e-01
1.204999999999999960e-01
1.108999999999999986e-01
9.679999999999999716e-02
1.014000000000000040e-01
8.680000000000000215e-02
7.670000000000000429e-02
9.329999999999999405e-02
8.340000000000000191e-02
9.289999999999999647e-02
7.879999999999999505e-02
7.699999999999999900e-02
8.210000000000000631e-02
7.530000000000000582e-02
7.499999999999999722e-02
7.679999999999999327e-02
6.219999999999999835e-02
3.860000000000000236e-02
3.409999999999999837e-02
3.660000000000000059e-02
4.590000000000000330e-02
5.399999999999999939e-02
5.899999999999999689e-02
7.199999999999999456e-02
7.729999999999999372e-02
8.019999999999999352e-02
8.000000000000000167e-02
8.599999999999999312e-02
8.150000000000000300e-02
7.879999999999999505e-02
7.879999999999999505e-02
8.569999999999999840e-02
7.340000000000000691e-02
7.520000000000000295e-02
7.889999999999999791e-02
9.289999999999999647e-02
1.154000000000000026e-01
1.237000000000000044e-01
1.436000000000000054e-01
1.484000000000000041e-01
1.527000000000000024e-01
1.680999999999999994e-01
1.799999999999999933e-01
1.870999999999999885e-01
1.905999999999999917e-01
1.945999999999999952e-01
1.910999999999999921e-01
1.920000000000000040e-01
2.174999999999999989e-01
2.485999999999999877e-01
2.904999999999999805e-01
3.187999999999999723e-01
3.508000000000000007e-01
4.119999999999999774e-01
4.198999999999999955e-01
4.400000000000000022e-01
4.444000000000000172e-01
4.495999999999999996e-01
4.313000000000000167e-01
4.099999999999999756e-01
3.775000000000000022e-01
3.447000000000000064e-01
2.904999999999999805e-01
2.575000000000000067e-01
2.210000000000000020e-01
2.086000000000000076e-01
1.841000000000000136e-01
1.648999999999999910e-01
1.652000000000000135e-01
1.605000000000000038e-01
1.595000000000000029e-01
1.652000000000000135e-01
1.595999999999999919e-01
1.763000000000000123e-01
2.190999999999999892e-01
2.511999999999999789e-01
3.160999999999999921e-01
3.585999999999999743e-01
4.411999999999999811e-01
4.909000000000000030e-01
6.096000000000000307e-01
6.952000000000000401e-01
7.320999999999999730e-01
7.962000000000000188e-01
8.339999999999999636e-01
8.753999999999999559e-01
8.885999999999999455e-01
9.041000000000000147e-01
9.226999999999999647e-01
9.136999999999999567e-01
8.961000000000000076e-01
8.586000000000000298e-01
8.245000000000000107e-01
7.650000000000000133e-01
7.068999999999999728e-01
6.514999999999999680e-01
6.140999999999999792e-01
5.706999999999999851e-01
5.582000000000000295e-01
4.994999999999999996e-01
4.747999999999999998e-01
4.354999999999999982e-01
4.233000000000000096e-01
4.037999999999999923e-01
4.309999999999999942e-01
4.439000000000000168e-01
4.537999999999999812e-01
4.734999999999999765e-01
5.413999999999999924e-01
5.522000000000000242e-01
5.610000000000000542e-01
5.656999999999999806e-01
5.032999999999999696e-01
4.524000000000000243e-01
4.309000000000000052e-01
3.740999999999999881e-01
3.459999999999999742e-01
3.194000000000000172e-01
3.119999999999999996e-01
3.104000000000000092e-01
2.938000000000000056e-01
2.670000000000000151e-01
2.515000000000000013e-01
2.696000000000000063e-01
2.681999999999999940e-01
2.897000000000000131e-01
3.310000000000000164e-01
3.700999999999999845e-01
4.045000000000000262e-01
4.339000000000000079e-01
4.405000000000000027e-01
4.179999999999999827e-01
4.023999999999999799e-01
3.584999999999999853e-01
2.959999999999999853e-01
2.485999999999999877e-01
2.285999999999999976e-01
2.218999999999999861e-01
2.195000000000000007e-01
2.199000000000000121e-01
2.406999999999999973e-01
2.356000000000000039e-01
2.275000000000000078e-01
2.230000000000000038e-01
2.175999999999999879e-01
2.025000000000000133e-01
2.001999999999999891e-01
2.099000000000000032e-01
2.255000000000000060e-01
2.525999999999999912e-01
2.631000000000000005e-01
2.595000000000000084e-01
2.524000000000000132e-01
2.585000000000000075e-01
2.562999999999999723e-01
2.551999999999999824e-01
2.666999999999999926e-01
2.629000000000000226e-01
2.611999999999999877e-01
2.490999999999999881e-01
2.388000000000000123e-01
2.237999999999999989e-01
2.220000000000000029e-01
2.232999999999999985e-01
2.164000000000000090e-01
2.121999999999999997e-01
2.063000000000000111e-01
2.011999999999999900e-01
1.957000000000000128e-01
1.958999999999999908e-01
1.822999999999999898e-01
1.739999999999999880e-01
1.625999999999999945e-01
1.751999999999999946e-01
1.948999999999999899e-01
2.111000000000000099e-01
2.323000000000000065e-01
2.772000000000000020e-01
3.331999999999999962e-01
4.071000000000000174e-01
4.592999999999999861e-01
5.291000000000000147e-01
6.046000000000000263e-01
6.575999999999999623e-01
7.173000000000000487e-01
7.574999999999999512e-01
8.021000000000000352e-01
8.179999999999999494e-01
8.505000000000000338e-01
8.526000000000000245e-01
8.651999999999999691e-01
8.799000000000000155e-01
8.864999999999999547e-01
8.824999999999999512e-01
8.850999999999999979e-01
8.800000000000000044e-01
8.917000000000000481e-01
8.950000000000000178e-01
9.043999999999999817e-01
9.073999999999999844e-01
9.169000000000000483e-01
9.354000000000000092e-01
9.453000000000000291e-01
9.622000000000000552e-01
9.646000000000000130e-01
9.603000000000000425e-01
9.548999999999999710e-01
8.922999999999999821e-01
8.225000000000000089e-01
