9.698999999999999844e-01
9.498999999999999666e-01
9.377999999999999670e-01
9.203999999999999959e-01
9.075999999999999623e-01
8.888000000000000345e-01
8.430999999999999606e-01
8.166999999999999815e-01
7.723999999999999755e-01
7.540000000000000036e-01
7.571999999999999842e-01
6.937999999999999723e-01
7.043000000000000371e-01
7.115000000000000213e-01
7.097999999999999865e-01
7.056999999999999940e-01
7.007999999999999785e-01
6.939999999999999503e-01
6.770000000000000462e-01
6.479000000000000314e-01
6.364999999999999547e-01
6.237000000000000322e-01
6.195000000000000506e-01
6.078999999999999959e-01
6.028999999999999915e-01
5.904000000000000359e-01
5.886000000000000121e-01
5.644000000000000128e-01
5.113999999999999657e-01
4.996999999999999775e-01
4.909999999999999920e-01
4.712000000000000077e-01
4.620000000000000218e-01
4.648999999999999799e-01
5.017000000000000348e-01
5.242999999999999883e-01
5.469000000000000528e-01
5.545999999999999819e-01
5.774000000000000243e-01
5.891999999999999460e-01
6.062999999999999501e-01
6.211999999999999744e-01
6.321999999999999842e-01
6.636999999999999567e-01
7.056000000000000050e-01
7.068999999999999728e-01
7.354000000000000536e-01
7.298999999999999932e-01
7.458000000000000185e-01
7.629000000000000226e-01
7.450999999999999845e-01
7.621999999999999886e-01
7.759000000000000341e-01
7.965999999999999748e-01
8.070000000000000506e-01
8.124000000000000110e-01
8.246999999999999886e-01
8.448999999999999844e-01
8.606000000000000316e-01
8.735000000000000542e-01
8.672999999999999599e-01
8.706000000000000405e-01
8.639000000000000012e-01
8.689999999999999947e-01
8.395000000000000240e-01
8.423000000000000487e-01
8.066999999999999726e-01
7.914999999999999813e-01
7.405000000000000471e-01
6.814000000000000057e-01
6.097000000000000197e-01
5.762000000000000455e-01
5.253999999999999782e-01
4.727000000000000091e-01
4.107999999999999985e-01
3.513999999999999901e-01
3.326999999999999957e-01
2.963000000000000078e-01
2.836000000000000187e-01
2.619000000000000217e-01
2.346000000000000030e-01
2.134000000000000064e-01
1.985999999999999988e-01
1.789000000000000035e-01
1.617000000000000104e-01
1.617999999999999994e-01
1.479000000000000037e-01
1.516000000000000125e-01
1.527000000000000024e-01
1.411999999999999922e-01
1.381999999999999895e-01
1.238999999999999962e-01
1.078999999999999959e-01
9.429999999999999494e-02
1.078999999999999959e-01
1.267000000000000071e-01
1.305999999999999939e-01
1.814999999999999947e-01
2.403000000000000136e-01
2.948999999999999955e-01
3.371999999999999997e-01
3.736999999999999766e-01
4.697000000000000064e-01
5.514999999999999902e-01
6.159000000000000030e-01
6.439000000000000279e-01
7.417000000000000259e-01
8.221000000000000529e-01
8.269999999999999574e-01
9.054999999999999716e-01
8.828000000000000291e-01
8.828000000000000291e-01
8.595000000000000417e-01
8.540999999999999703e-01
8.608000000000000096e-01
8.552999999999999492e-01
8.616000000000000325e-01
8.639999999999999902e-01
8.869000000000000217e-01
8.802999999999999714e-01
8.919000000000000261e-01
8.951999999999999957e-01
8.951000000000000068e-01
8.964999999999999636e-01
9.098000000000000531e-01
9.090000000000000302e-01
9.200000000000000400e-01
9.314000000000000057e-01
9.438999999999999613e-01
9.435999999999999943e-01
9.579999999999999627e-01
9.229000000000000536e-01
9.207999999999999519e-01
8.910000000000000142e-01
8.427999999999999936e-01
7.816999999999999504e-01
7.278000000000000025e-01
6.620000000000000329e-01
5.749999999999999556e-01
4.938000000000000167e-01
4.036000000000000143e-01
3.543000000000000038e-01
2.927000000000000157e-01
2.556999999999999829e-01
2.356999999999999929e-01
2.174999999999999989e-01
1.932999999999999996e-01
1.681999999999999884e-01
1.552999999999999936e-01
1.472999999999999865e-01
1.580999999999999905e-01
1.683999999999999941e-01
1.855999999999999872e-01
2.169000000000000095e-01
2.361000000000000043e-01
2.457000000000000017e-01
2.321000000000000008e-01
2.099000000000000032e-01
1.653999999999999915e-01
1.471999999999999975e-01
1.260999999999999899e-01
9.829999999999999849e-02
8.050000000000000211e-02
7.580000000000000626e-02
6.759999999999999343e-02
5.129999999999999838e-02
5.079999999999999793e-02
4.909999999999999781e-02
5.419999999999999818e-02
5.269999999999999685e-02
4.680000000000000132e-02
4.649999999999999967e-02
4.039999999999999841e-02
4.560000000000000164e-02
3.849999999999999950e-02
2.840000000000000163e-02
3.130000000000000143e-02
3.139999999999999736e-02
3.150000000000000022e-02
3.150000000000000022e-02
2.989999999999999949e-02
3.640000000000000180e-02
3.370000000000000079e-02
3.559999999999999970e-02
4.819999999999999979e-02
5.600000000000000117e-02
7.900000000000000078e-02
7.889999999999999791e-02
6.719999999999999585e-02
5.569999999999999951e-02
5.559999999999999665e-02
6.069999999999999701e-02
6.210000000000000242e-02
5.929999999999999855e-02
5.530000000000000193e-02
4.279999999999999777e-02
3.049999999999999933e-02
2.029999999999999860e-02
1.880000000000000074e-02
1.650000000000000078e-02
2.060000000000000026e-02
2.340000000000000066e-02
1.009999999999999960e-02
0.000000000000000000e+00
7.599999999999999985e-03
5.000000000000000104e-03
9.299999999999999239e-03
1.510000000000000057e-02
1.650000000000000078e-02
1.640000000000000138e-02
2.610000000000000167e-02
3.189999999999999780e-02
2.400000000000000050e-02
2.390000000000000110e-02
1.389999999999999916e-02
4.000000000000000192e-04
0.000000000000000000e+00
0.000000000000000000e+00
0.000000000000000000e+00
0.000000000000000000e+00
1.230000000000000017e-02
5.599999999999999943e-03
2.050000000000000086e-02
1.729999999999999941e-02
1.899999999999999953e-02
1.559999999999999928e-02
2.270000000000000143e-02
2.520000000000000018e-02
2.869999999999999982e-02
2.829999999999999877e-02
3.830000000000000071e-02
4.399999999999999745e-02
5.480000000000000149e-02
6.919999999999999762e-02
8.419999999999999707e-02
1.018000000000000016e-01
1.248999999999999971e-01
1.489999999999999936e-01
1.691000000000000003e-01
1.824999999999999956e-01
1.965000000000000080e-01
2.151000000000000134e-01
2.549000000000000155e-01
2.686999999999999944e-01
3.080999999999999850e-01
3.032000000000000250e-01
2.903999999999999915e-01
2.686000000000000054e-01
2.511999999999999789e-01
2.474999999999999978e-01
2.383000000000000118e-01
2.260000000000000064e-01
2.122999999999999887e-01
2.144000000000000072e-01
2.343000000000000083e-01
2.636999999999999900e-01
2.889999999999999791e-01
3.286999999999999922e-01
3.846999999999999864e-01
4.406999999999999806e-01
4.902000000000000246e-01
5.495999999999999774e-01
6.015000000000000346e-01
6.524999999999999689e-01
6.918999999999999595e-01
7.437000000000000277e-01
7.875999999999999668e-01
8.356000000000000094e-01
8.728000000000000203e-01
8.820000000000000062e-01
8.851999999999999869e-01
8.958000000000000407e-01
9.030000000000000249e-01
9.050000000000000266e-01
8.994999999999999662e-01
9.055999999999999606e-01
9.129000000000000448e-01
9.330000000000000515e-01
9.219000000000000528e-01
9.247999999999999554e-01
9.344999999999999973e-01
9.124999999999999778e-01
9.114999999999999769e-01
9.112000000000000099e-01
9.245999999999999774e-01
9.297999999999999599e-01
8.972999999999999865e-01
8.864999999999999547e-01
8.730999999999999872e-01
8.548000000000000043e-01
8.345000000000000195e-01
7.923999999999999932e-01
7.536000000000000476e-01
6.894000000000000128e-01
6.378000000000000336e-01
5.959999999999999742e-01
5.254999999999999671e-01
4.855999999999999761e-01
4.343000000000000194e-01
4.294999999999999929e-01
4.183999999999999941e-01
3.980000000000000204e-01
3.816999999999999837e-01
3.452000000000000068e-01
3.472999999999999976e-01
3.068000000000000171e-01
3.116999999999999771e-01
2.904999999999999805e-01
3.022000000000000242e-01
2.848999999999999866e-01
2.844999999999999751e-01
2.494000000000000106e-01
2.464999999999999969e-01
2.267000000000000126e-01
2.101000000000000090e-01
1.877000000000000057e-01
1.620000000000000051e-01
1.605000000000000038e-01
1.398999999999999966e-01
1.428000000000000103e-01
1.459999999999999909e-01
1.605000000000000038e-01
2.094000000000000028e-01
2.411000000000000087e-01
2.444000000000000061e-01
2.787999999999999923e-01
3.048000000000000154e-01
2.883999999999999897e-01
2.928999999999999937e-01
3.135000000000000009e-01
3.301999999999999935e-01
3.559999999999999831e-01
3.562000000000000166e-01
3.820999999999999952e-01
3.980000000000000204e-01
4.164999999999999813e-01
4.092999999999999972e-01
3.935000000000000164e-01
4.051000000000000156e-01
3.880000000000000115e-01
3.820999999999999952e-01
3.950000000000000178e-01
3.966999999999999971e-01
3.946999999999999953e-01
4.048999999999999821e-01
3.932999999999999829e-01
4.038999999999999813e-01
4.129999999999999782e-01
4.002999999999999892e-01
4.334999999999999964e-01
4.521999999999999909e-01
4.547999999999999821e-01
4.994000000000000106e-01
5.102999999999999758e-01
5.079000000000000181e-01
5.181000000000000050e-01
5.141000000000000014e-01
5.013999999999999568e-01
4.985999999999999877e-01
4.964000000000000079e-01
4.890999999999999792e-01
4.752000000000000113e-01
4.578999999999999737e-01
4.699999999999999734e-01
4.600000000000000200e-01
4.524000000000000243e-01
4.650000000000000244e-01
4.727000000000000091e-01
4.628999999999999782e-01
4.924000000000000044e-01
4.946999999999999731e-01
4.981999999999999762e-01
5.056000000000000494e-01
5.076000000000000512e-01
5.260000000000000231e-01
5.279000000000000359e-01
5.313999999999999835e-01
5.496999999999999664e-01
5.577999999999999625e-01
5.576999999999999735e-01
5.705000000000000071e-01
5.819999999999999618e-01
5.951999999999999513e-01
5.806999999999999940e-01
5.602000000000000313e-01
5.535999999999999810e-01
5.371000000000000218e-01
5.237000000000000544e-01
5.269000000000000350e-01
5.107000000000000428e-01
5.009000000000000119e-01
5.054999999999999494e-01
4.736000000000000210e-01
