1.000000000000000000e+00
9.747999999999999998e-01
9.582000000000000517e-01
9.687999999999999945e-01
9.624000000000000332e-01
9.835000000000000409e-01
9.744000000000000439e-01
9.563000000000000389e-01
9.778999999999999915e-01
9.412000000000000366e-01
9.326999999999999735e-01
9.149000000000000465e-01
9.493000000000000327e-01
9.498999999999999666e-01
9.711999999999999522e-01
9.627000000000000002e-01
9.697999999999999954e-01
9.778000000000000025e-01
9.851999999999999647e-01
9.789999999999999813e-01
9.703000000000000513e-01
9.901999999999999691e-01
1.000000000000000000e+00
1.000000000000000000e+00
9.979999999999999982e-01
9.800999999999999712e-01
1.000000000000000000e+00
9.834000000000000519e-01
1.000000000000000000e+00
1.000000000000000000e+00
9.852999999999999536e-01
9.997000000000000330e-01
9.401000000000000467e-01
9.634000000000000341e-01
9.658999999999999808e-01
9.076999999999999513e-01
9.485000000000000098e-01
9.472000000000000419e-01
9.915000000000000480e-01
1.000000000000000000e+00
1.000000000000000000e+00
9.747000000000000108e-01
9.648999999999999799e-01
9.455000000000000071e-01
9.534000000000000252e-01
9.493000000000000327e-01
9.718999999999999861e-01
9.495000000000000107e-01
9.811999999999999611e-01
9.624000000000000332e-01
9.586000000000000076e-01
9.699999999999999734e-01
9.669999999999999707e-01
9.667999999999999927e-01
9.637000000000000011e-01
9.664000000000000368e-01
9.706000000000000183e-01
9.665000000000000258e-01
9.688999999999999835e-01
9.640999999999999570e-01
9.755000000000000338e-01
9.545000000000000151e-01
9.645000000000000240e-01
9.666000000000000147e-01
9.671999999999999487e-01
9.657000000000000028e-01
9.687000000000000055e-01
9.769999999999999796e-01
9.646000000000000130e-01
9.741999999999999549e-01
9.899000000000000021e-01
9.792999999999999483e-01
9.739999999999999769e-01
9.805000000000000382e-01
9.741999999999999549e-01
9.604000000000000314e-01
9.518999999999999684e-01
9.596999999999999975e-01
9.583000000000000407e-01
9.664000000000000368e-01
9.605000000000000204e-01
9.456999999999999851e-01
9.426999999999999824e-01
9.278999999999999471e-01
9.212000000000000188e-01
9.307999999999999607e-01
9.506999999999999895e-01
9.556999999999999940e-01
9.654000000000000359e-01
9.689999999999999725e-01
9.609999999999999654e-01
9.458999999999999631e-01
9.215999999999999748e-01
9.283000000000000140e-01
9.564000000000000279e-01
9.593000000000000416e-01
9.667000000000000037e-01
9.634000000000000341e-01
9.443000000000000282e-01
9.364000000000000101e-01
9.562000000000000499e-01
9.677999999999999936e-01
9.525000000000000133e-01
9.638999999999999790e-01
9.639999999999999680e-01
9.735000000000000320e-01
9.762999999999999456e-01
9.800999999999999712e-01
9.977000000000000313e-01
9.816000000000000281e-01
9.825000000000000400e-01
1.000000000000000000e+00
1.000000000000000000e+00
9.916000000000000369e-01
9.856000000000000316e-01
9.765000000000000346e-01
9.593000000000000416e-01
9.590999999999999526e-01
9.459999999999999520e-01
9.584000000000000297e-01
9.495999999999999996e-01
9.406999999999999806e-01
9.374000000000000110e-01
9.294000000000000039e-01
9.360000000000000542e-01
9.469999999999999529e-01
9.254000000000000004e-01
9.088000000000000522e-01
9.313000000000000167e-01
9.777000000000000135e-01
9.618999999999999773e-01
9.660999999999999588e-01
9.496999999999999886e-01
9.687000000000000055e-01
9.576000000000000068e-01
9.674000000000000377e-01
9.575000000000000178e-01
9.669999999999999707e-01
9.574000000000000288e-01
9.566000000000000059e-01
9.437999999999999723e-01
9.475999999999999979e-01
9.401000000000000467e-01
9.471000000000000529e-01
9.372000000000000330e-01
9.414000000000000146e-01
9.312000000000000277e-01
9.364000000000000101e-01
9.405999999999999917e-01
9.546999999999999931e-01
9.484000000000000208e-01
9.666000000000000147e-01
9.579999999999999627e-01
9.689999999999999725e-01
9.556999999999999940e-01
9.651999999999999469e-01
9.645000000000000240e-01
9.697999999999999954e-01
9.705000000000000293e-01
9.746000000000000218e-01
9.758999999999999897e-01
9.721999999999999531e-01
9.631999999999999451e-01
9.659999999999999698e-01
9.613000000000000433e-01
9.677999999999999936e-01
9.778999999999999915e-01
9.637999999999999901e-01
9.925000000000000488e-01
9.848000000000000087e-01
9.716000000000000192e-01
9.826000000000000290e-01
9.798999999999999932e-01
9.799999999999999822e-01
9.750999999999999668e-01
9.810999999999999721e-01
9.625000000000000222e-01
9.736000000000000210e-01
9.827000000000000179e-01
9.775000000000000355e-01
9.849999999999999867e-01
9.893999999999999462e-01
9.766000000000000236e-01
9.771999999999999575e-01
9.726000000000000201e-01
9.905000000000000471e-01
1.000000000000000000e+00
9.772999999999999465e-01
9.596000000000000085e-01
9.506999999999999895e-01
9.570999999999999508e-01
9.597999999999999865e-01
9.653000000000000469e-01
9.729999999999999760e-01
9.687000000000000055e-01
9.737999999999999989e-01
9.775000000000000355e-01
9.821999999999999620e-01
9.739999999999999769e-01
9.766000000000000236e-01
9.643000000000000460e-01
9.542000000000000481e-01
9.608999999999999764e-01
9.499999999999999556e-01
9.389999999999999458e-01
9.387999999999999678e-01
9.306999999999999718e-01
9.221000000000000307e-01
9.210000000000000409e-01
9.223000000000000087e-01
9.102000000000000091e-01
8.920000000000000151e-01
8.660999999999999810e-01
8.221000000000000529e-01
7.812999999999999945e-01
7.376000000000000334e-01
7.036999999999999922e-01
6.609000000000000430e-01
6.326000000000000512e-01
5.836000000000000076e-01
5.431000000000000272e-01
4.909000000000000030e-01
4.425999999999999934e-01
4.096000000000000196e-01
3.518999999999999906e-01
2.993000000000000105e-01
2.369999999999999885e-01
2.020000000000000129e-01
1.791000000000000092e-01
1.534999999999999976e-01
1.421000000000000041e-01
1.282999999999999974e-01
1.386000000000000010e-01
1.635999999999999954e-01
1.802999999999999881e-01
2.026000000000000023e-01
2.237999999999999989e-01
2.358999999999999986e-01
2.121999999999999997e-01
1.953000000000000014e-01
1.726000000000000034e-01
1.434999999999999887e-01
1.024999999999999939e-01
7.510000000000000009e-02
5.859999999999999931e-02
4.379999999999999866e-02
3.799999999999999906e-02
2.359999999999999945e-02
1.099999999999999936e-02
1.349999999999999985e-02
2.290000000000000022e-02
2.489999999999999852e-02
2.620000000000000107e-02
4.229999999999999732e-02
3.049999999999999933e-02
4.870000000000000023e-02
7.739999999999999658e-02
1.164000000000000035e-01
1.743000000000000105e-01
2.046000000000000041e-01
2.432999999999999885e-01
2.479999999999999982e-01
2.469000000000000083e-01
2.338999999999999968e-01
2.192999999999999949e-01
1.971999999999999864e-01
1.748000000000000109e-01
1.728000000000000091e-01
1.602000000000000091e-01
1.307000000000000106e-01
1.166999999999999982e-01
9.900000000000000466e-02
1.113999999999999990e-01
1.165999999999999953e-01
1.197000000000000008e-01
1.194000000000000061e-01
1.161999999999999977e-01
1.074999999999999983e-01
9.229999999999999316e-02
8.050000000000000211e-02
6.840000000000000246e-02
5.410000000000000225e-02
4.800000000000000100e-02
2.809999999999999998e-02
1.909999999999999892e-02
9.100000000000000450e-03
6.300000000000000044e-03
1.600000000000000033e-02
2.019999999999999921e-02
3.370000000000000079e-02
7.149999999999999412e-02
9.420000000000000595e-02
1.208999999999999936e-01
1.963000000000000023e-01
2.550000000000000044e-01
2.939999999999999836e-01
3.386000000000000121e-01
3.407999999999999918e-01
3.382000000000000006e-01
3.362999999999999878e-01
3.254000000000000226e-01
3.069000000000000061e-01
3.033000000000000140e-01
2.853999999999999870e-01
2.580000000000000071e-01
2.333000000000000074e-01
2.260999999999999954e-01
2.280000000000000082e-01
2.459999999999999964e-01
2.748999999999999777e-01
3.118000000000000216e-01
3.513999999999999901e-01
3.743000000000000216e-01
4.077999999999999958e-01
4.101000000000000201e-01
4.304000000000000048e-01
4.338000000000000189e-01
4.173000000000000043e-01
4.013999999999999790e-01
3.698000000000000176e-01
3.512000000000000122e-01
3.459999999999999742e-01
3.229000000000000203e-01
3.086999999999999744e-01
2.968999999999999972e-01
2.692999999999999838e-01
2.513000000000000234e-01
2.127999999999999892e-01
1.812000000000000000e-01
1.575000000000000011e-01
1.443000000000000116e-01
1.534999999999999976e-01
1.572000000000000064e-01
1.857999999999999929e-01
2.255999999999999950e-01
2.597999999999999754e-01
2.887000000000000122e-01
3.211999999999999855e-01
3.418999999999999817e-01
3.685999999999999832e-01
3.946000000000000063e-01
4.244999999999999885e-01
4.587999999999999856e-01
4.900999999999999801e-01
5.003999999999999559e-01
5.153999999999999693e-01
5.210000000000000187e-01
5.086000000000000520e-01
4.898000000000000131e-01
4.500000000000000111e-01
4.104999999999999760e-01
3.679999999999999938e-01
3.323999999999999733e-01
3.200999999999999956e-01
3.345000000000000195e-01
3.881999999999999895e-01
4.177000000000000157e-01
4.813999999999999946e-01
5.251000000000000112e-01
5.914000000000000368e-01
6.562999999999999945e-01
7.193000000000000504e-01
7.862000000000000099e-01
8.298999999999999710e-01
8.508999999999999897e-01
8.798000000000000265e-01
8.635000000000000453e-01
9.105999999999999650e-01
8.810000000000000053e-01
8.991999999999999993e-01
9.024999999999999689e-01
9.016999999999999460e-01
8.891999999999999904e-01
8.728000000000000203e-01
8.859000000000000208e-01
8.484000000000000430e-01
8.880000000000000115e-01
9.003999999999999782e-01
8.772999999999999687e-01
9.082999999999999963e-01
9.121000000000000218e-01
9.040000000000000258e-01
9.333000000000000185e-01
9.421000000000000485e-01
9.254000000000000004e-01
9.451000000000000512e-01
9.717000000000000082e-01
9.585000000000000187e-01
9.532000000000000473e-01
9.614000000000000323e-01
9.577999999999999847e-01
9.704000000000000403e-01
9.643000000000000460e-01
9.713000000000000522e-01
9.660999999999999588e-01
9.644000000000000350e-01
9.677000000000000046e-01
9.707000000000000073e-01
9.855000000000000426e-01
9.754000000000000448e-01
9.738999999999999879e-01
9.805000000000000382e-01
9.685000000000000275e-01
9.532000000000000473e-01
9.555000000000000160e-01
9.523000000000000353e-01
9.786000000000000254e-01
9.719999999999999751e-01
9.905000000000000471e-01
9.785000000000000364e-01
9.750999999999999668e-01
9.790999999999999703e-01
9.778000000000000025e-01
9.961999999999999744e-01
9.864000000000000545e-01
9.920999999999999819e-01
9.810999999999999721e-01
9.704000000000000403e-01
9.703000000000000513e-01
9.808000000000000052e-01
9.848000000000000087e-01
9.866000000000000325e-01
9.859999999999999876e-01
9.826000000000000290e-01
9.785000000000000364e-01
9.684000000000000385e-01
9.707999999999999963e-01
9.743000000000000549e-01
9.677999999999999936e-01
9.583000000000000407e-01
9.812999999999999501e-01
9.744000000000000439e-01
9.774000000000000465e-01
9.818000000000000060e-01
9.841999999999999638e-01
9.786000000000000254e-01
9.876000000000000334e-01
9.938000000000000167e-01
9.881999999999999673e-01
9.868999999999999995e-01
9.937000000000000277e-01
9.942999999999999616e-01
9.912999999999999590e-01
9.938000000000000167e-01
9.860999999999999766e-01
9.792999999999999483e-01
9.848000000000000087e-01
9.835000000000000409e-01
9.733000000000000540e-01
9.707999999999999963e-01
9.727999999999999980e-01
9.767000000000000126e-01
9.745000000000000329e-01
9.628999999999999782e-01
9.435999999999999943e-01
9.352000000000000313e-01
9.355999999999999872e-01
9.137999999999999456e-01
8.942999999999999838e-01
8.561999999999999611e-01
8.161000000000000476e-01
7.702999999999999847e-01
7.128999999999999782e-01
6.655999999999999694e-01
6.050999999999999712e-01
5.132999999999999785e-01
4.702999999999999958e-01
4.069999999999999729e-01
3.790999999999999925e-01
3.295000000000000151e-01
3.175999999999999934e-01
2.878000000000000003e-01
2.702999999999999847e-01
2.898999999999999910e-01
3.458999999999999853e-01
3.826999999999999846e-01
3.830000000000000071e-01
3.966000000000000081e-01
4.133999999999999897e-01
4.153999999999999915e-01
4.208999999999999964e-01
4.754999999999999782e-01
4.824999999999999845e-01
4.963000000000000189e-01
4.875999999999999779e-01
5.040000000000000036e-01
4.586999999999999966e-01
4.461999999999999855e-01
4.490999999999999992e-01
4.764999999999999791e-01
4.882000000000000228e-01
5.062999999999999723e-01
5.189000000000000279e-01
5.125999999999999446e-01
4.863999999999999990e-01
4.437999999999999723e-01
4.113999999999999879e-01
3.887999999999999790e-01
3.561000000000000276e-01
3.385000000000000231e-01
3.227999999999999758e-01
3.143000000000000238e-01
2.993999999999999995e-01
3.108000000000000207e-01
2.919999999999999818e-01
3.086999999999999744e-01
3.083000000000000185e-01
3.312999999999999834e-01
3.603999999999999981e-01
3.789000000000000146e-01
3.980000000000000204e-01
4.041000000000000147e-01
3.886000000000000010e-01
3.815000000000000058e-01
3.865000000000000102e-01
4.060000000000000275e-01
4.010000000000000231e-01
3.829000000000000181e-01
3.337999999999999856e-01
2.871000000000000218e-01
2.263000000000000012e-01
1.733999999999999986e-01
1.155000000000000054e-01
9.389999999999999736e-02
7.449999999999999678e-02
4.979999999999999705e-02
4.680000000000000132e-02
4.399999999999999745e-02
3.030000000000000054e-02
2.089999999999999844e-02
2.290000000000000022e-02
8.399999999999999481e-03
1.590000000000000094e-02
2.089999999999999844e-02
1.890000000000000013e-02
9.799999999999999684e-03
2.700000000000000143e-03
0.000000000000000000e+00
0.000000000000000000e+00
0.000000000000000000e+00
0.000000000000000000e+00
1.080000000000000057e-02
1.069999999999999944e-02
2.029999999999999860e-02
4.809999999999999692e-02
6.029999999999999943e-02
7.180000000000000271e-02
8.029999999999999638e-02
7.290000000000000646e-02
7.920000000000000651e-02
9.110000000000000042e-02
1.010999999999999954e-01
1.171999999999999986e-01
1.477999999999999869e-01
1.948000000000000009e-01
2.646000000000000019e-01
2.980999999999999761e-01
3.150000000000000022e-01
3.032000000000000250e-01
2.742999999999999883e-01
2.179999999999999993e-01
1.743999999999999995e-01
1.209999999999999964e-01
9.629999999999999671e-02
7.810000000000000275e-02
4.340000000000000108e-02
3.969999999999999918e-02
1.789999999999999925e-02
1.580000000000000154e-02
1.980000000000000163e-02
2.659999999999999865e-02
2.580000000000000002e-02
1.619999999999999912e-02
2.270000000000000143e-02
1.450000000000000074e-02
1.760000000000000106e-02
1.379999999999999977e-02
5.700000000000000205e-03
6.000000000000000125e-03
8.999999999999999320e-03
9.299999999999999239e-03
1.170000000000000033e-02
4.799999999999999580e-03
0.000000000000000000e+00
0.000000000000000000e+00
0.000000000000000000e+00
0.000000000000000000e+00
0.000000000000000000e+00
0.000000000000000000e+00
0.000000000000000000e+00
0.000000000000000000e+00
0.000000000000000000e+00
0.000000000000000000e+00
0.000000000000000000e+00
0.000000000000000000e+00
0.000000000000000000e+00
2.700000000000000143e-03
1.370000000000000037e-02
4.700000000000000011e-02
6.980000000000000093e-02
6.219999999999999835e-02
5.680000000000000326e-02
4.540000000000000285e-02
4.120000000000000051e-02
3.339999999999999913e-02
1.089999999999999997e-02
1.060000000000000005e-02
1.500000000000000031e-03
0.000000000000000000e+00
0.000000000000000000e+00
0.000000000000000000e+00
0.000000000000000000e+00
0.000000000000000000e+00
0.000000000000000000e+00
0.000000000000000000e+00
8.500000000000000611e-03
1.349999999999999985e-02
1.949999999999999997e-02
1.619999999999999912e-02
1.990000000000000102e-02
2.000000000000000042e-03
6.899999999999999883e-03
1.890000000000000013e-02
1.030000000000000013e-02
1.200000000000000025e-02
2.009999999999999981e-02
1.969999999999999876e-02
2.690000000000000030e-02
1.949999999999999997e-02
2.040000000000000147e-02
3.020000000000000115e-02
2.369999999999999885e-02
1.890000000000000013e-02
2.179999999999999993e-02
2.040000000000000147e-02
2.060000000000000026e-02
2.889999999999999861e-02
2.879999999999999921e-02
2.270000000000000143e-02
2.299999999999999961e-02
9.400000000000000369e-03
2.160000000000000114e-02
3.420000000000000123e-02
3.529999999999999805e-02
2.239999999999999977e-02
3.300000000000000155e-02
3.189999999999999780e-02
1.170000000000000033e-02
2.500000000000000139e-02
2.819999999999999937e-02
1.969999999999999876e-02
8.200000000000000691e-03
1.230000000000000017e-02
6.499999999999999702e-03
0.000000000000000000e+00
4.199999999999999740e-03
0.000000000000000000e+00
0.000000000000000000e+00
0.000000000000000000e+00
4.000000000000000083e-03
0.000000000000000000e+00
1.089999999999999997e-02
3.250000000000000111e-02
3.020000000000000115e-02
5.630000000000000282e-02
7.290000000000000646e-02
7.739999999999999658e-02
1.087999999999999939e-01
1.532999999999999918e-01
1.890000000000000013e-01
2.371000000000000052e-01
2.343999999999999972e-01
2.272000000000000131e-01
2.079000000000000015e-01
1.781000000000000083e-01
1.095000000000000001e-01
9.239999999999999603e-02
9.729999999999999760e-02
7.230000000000000315e-02
6.909999999999999476e-02
8.450000000000000566e-02
3.830000000000000071e-02
5.340000000000000302e-02
5.580000000000000238e-02
5.179999999999999882e-02
4.730000000000000177e-02
5.449999999999999983e-02
8.809999999999999776e-02
1.265999999999999903e-01
1.746000000000000052e-01
2.600000000000000089e-01
3.114999999999999991e-01
3.876999999999999891e-01
4.308000000000000163e-01
4.587999999999999856e-01
4.638999999999999790e-01
4.511000000000000010e-01
4.097000000000000086e-01
3.860000000000000098e-01
3.296999999999999931e-01
2.625000000000000111e-01
1.801000000000000101e-01
1.244999999999999996e-01
9.429999999999999494e-02
7.850000000000000033e-02
5.770000000000000129e-02
4.839999999999999858e-02
5.349999999999999895e-02
3.250000000000000111e-02
2.390000000000000110e-02
2.259999999999999856e-02
6.499999999999999702e-03
4.799999999999999580e-03
1.400000000000000029e-02
1.220000000000000077e-02
2.920000000000000026e-02
6.880000000000000004e-02
1.335000000000000075e-01
2.114999999999999936e-01
2.793999999999999817e-01
3.361000000000000099e-01
3.637000000000000233e-01
4.171000000000000263e-01
4.349999999999999978e-01
4.633999999999999786e-01
4.445999999999999952e-01
4.217000000000000193e-01
3.806999999999999829e-01
3.400000000000000244e-01
2.737999999999999878e-01
2.122999999999999887e-01
1.444999999999999896e-01
1.067000000000000032e-01
8.469999999999999751e-02
6.329999999999999516e-02
5.770000000000000129e-02
4.619999999999999801e-02
4.170000000000000095e-02
3.379999999999999671e-02
2.730000000000000135e-02
1.170000000000000033e-02
1.980000000000000163e-02
2.580000000000000002e-02
1.629999999999999852e-02
1.870000000000000134e-02
2.539999999999999897e-02
1.700000000000000122e-02
1.299999999999999940e-02
2.500000000000000139e-02
2.380000000000000171e-02
2.730000000000000135e-02
2.479999999999999913e-02
2.769999999999999893e-02
2.479999999999999913e-02
2.589999999999999941e-02
2.179999999999999993e-02
1.099999999999999936e-02
1.220000000000000077e-02
1.859999999999999848e-02
2.520000000000000018e-02
3.620000000000000301e-02
3.099999999999999978e-02
3.459999999999999881e-02
2.769999999999999893e-02
2.529999999999999957e-02
2.639999999999999986e-02
2.479999999999999913e-02
3.250000000000000111e-02
3.059999999999999873e-02
3.939999999999999752e-02
4.920000000000000068e-02
6.840000000000000246e-02
6.710000000000000686e-02
6.329999999999999516e-02
7.399999999999999634e-02
6.800000000000000488e-02
8.169999999999999485e-02
8.830000000000000349e-02
8.300000000000000433e-02
6.850000000000000533e-02
5.650000000000000161e-02
3.479999999999999760e-02
2.350000000000000006e-02
1.760000000000000106e-02
1.110000000000000049e-02
1.060000000000000005e-02
1.269999999999999948e-02
1.400000000000000029e-02
1.619999999999999912e-02
8.000000000000000167e-03
4.799999999999999580e-03
1.200000000000000025e-02
1.239999999999999956e-02
1.600000000000000077e-03
5.799999999999999600e-03
5.000000000000000104e-03
1.200000000000000025e-02
0.000000000000000000e+00
6.499999999999999702e-03
4.199999999999999740e-03
7.400000000000000328e-03
0.000000000000000000e+00
1.569999999999999868e-02
4.900000000000000189e-02
5.840000000000000052e-02
1.078999999999999959e-01
1.494999999999999940e-01
1.912999999999999978e-01
2.540999999999999925e-01
3.108000000000000207e-01
3.294000000000000261e-01
