9.246999999999999664e-01
9.425000000000000044e-01
9.360000000000000542e-01
9.028000000000000469e-01
8.933999999999999719e-01
8.787000000000000366e-01
8.485000000000000320e-01
8.428999999999999826e-01
8.278999999999999693e-01
8.067999999999999616e-01
7.832000000000000073e-01
7.624999999999999556e-01
7.298999999999999932e-01
6.743000000000000105e-01
6.203999999999999515e-01
5.705000000000000071e-01
5.180000000000000160e-01
4.395000000000000018e-01
3.271000000000000019e-01
2.919999999999999818e-01
2.487000000000000044e-01
2.524000000000000132e-01
2.421000000000000096e-01
2.058000000000000107e-01
2.011999999999999900e-01
1.705000000000000127e-01
1.502000000000000002e-01
1.358999999999999930e-01
1.242000000000000048e-01
1.108999999999999986e-01
9.869999999999999607e-02
9.270000000000000462e-02
8.350000000000000477e-02
7.530000000000000582e-02
6.679999999999999827e-02
5.569999999999999951e-02
5.689999999999999919e-02
6.010000000000000064e-02
5.419999999999999818e-02
6.539999999999999980e-02
8.079999999999999682e-02
1.189999999999999947e-01
1.668999999999999928e-01
2.164000000000000090e-01
2.416000000000000092e-01
2.427999999999999881e-01
2.152000000000000024e-01
1.869000000000000106e-01
1.522999999999999909e-01
1.156999999999999973e-01
6.669999999999999540e-02
3.839999999999999664e-02
3.150000000000000022e-02
1.490000000000000005e-02
9.199999999999999845e-03
1.940000000000000058e-02
2.290000000000000022e-02
4.039999999999999841e-02
6.230000000000000121e-02
7.140000000000000513e-02
9.149999999999999800e-02
1.078999999999999959e-01
1.469999999999999918e-01
1.738000000000000100e-01
2.006999999999999895e-01
2.533000000000000251e-01
3.150999999999999912e-01
3.532000000000000139e-01
4.157000000000000139e-01
4.630000000000000226e-01
4.707999999999999963e-01
4.759999999999999787e-01
4.691000000000000170e-01
4.364999999999999991e-01
3.825000000000000067e-01
3.511000000000000232e-01
3.134000000000000119e-01
3.054000000000000048e-01
3.038000000000000145e-01
2.918999999999999928e-01
2.869999999999999774e-01
3.009000000000000008e-01
3.338999999999999746e-01
3.750999999999999890e-01
4.425999999999999934e-01
5.314999999999999725e-01
5.975000000000000311e-01
6.893000000000000238e-01
7.564999999999999503e-01
7.945999999999999730e-01
8.189999999999999503e-01
8.173000000000000265e-01
8.216999999999999860e-01
8.196999999999999842e-01
8.093000000000000194e-01
8.310999999999999499e-01
8.538000000000000034e-01
8.548999999999999932e-01
8.568999999999999950e-01
8.372000000000000552e-01
8.324000000000000288e-01
8.276000000000000023e-01
8.464000000000000412e-01
8.555000000000000382e-01
8.401999999999999469e-01
8.266999999999999904e-01
8.616000000000000325e-01
8.878000000000000336e-01
8.971000000000000085e-01
9.026999999999999469e-01
9.036999999999999478e-01
8.821999999999999842e-01
8.463000000000000522e-01
8.741999999999999771e-01
8.560999999999999721e-01
8.784999999999999476e-01
8.668000000000000149e-01
8.850999999999999979e-01
9.092999999999999972e-01
8.970000000000000195e-01
8.689999999999999947e-01
9.002999999999999892e-01
9.122999999999999998e-01
9.033999999999999808e-01
8.648000000000000131e-01
8.902999999999999803e-01
9.001000000000000112e-01
8.860999999999999988e-01
9.076999999999999513e-01
9.145999999999999686e-01
9.298999999999999488e-01
9.183000000000000052e-01
9.092000000000000082e-01
9.012000000000000011e-01
8.863999999999999657e-01
8.953999999999999737e-01
8.228999999999999648e-01
8.269999999999999574e-01
8.600999999999999757e-01
8.743999999999999551e-01
8.552999999999999492e-01
8.607000000000000206e-01
8.375000000000000222e-01
8.477999999999999980e-01
8.446000000000000174e-01
8.796000000000000485e-01
8.803999999999999604e-01
8.526000000000000245e-01
8.608999999999999986e-01
8.588000000000000078e-01
8.481999999999999540e-01
8.532999999999999474e-01
8.506000000000000227e-01
8.397000000000000020e-01
7.997999999999999554e-01
7.855999999999999650e-01
7.942000000000000171e-01
8.228999999999999648e-01
8.420999999999999597e-01
8.614000000000000545e-01
8.490999999999999659e-01
8.771999999999999797e-01
8.820000000000000062e-01
8.742999999999999661e-01
8.812999999999999723e-01
8.521999999999999575e-01
8.812999999999999723e-01
8.820999999999999952e-01
8.960000000000000187e-01
9.147999999999999465e-01
9.126999999999999558e-01
9.024999999999999689e-01
8.810999999999999943e-01
9.013999999999999790e-01
9.179000000000000492e-01
9.270000000000000462e-01
9.274000000000000021e-01
9.297999999999999599e-01
9.251000000000000334e-01
9.216999999999999638e-01
9.112999999999999989e-01
9.062999999999999945e-01
8.615000000000000435e-01
8.536000000000000254e-01
9.011000000000000121e-01
9.049000000000000377e-01
9.063999999999999835e-01
9.008000000000000451e-01
9.105999999999999650e-01
9.030000000000000249e-01
9.099000000000000421e-01
9.167999999999999483e-01
9.012999999999999901e-01
9.112999999999999989e-01
9.229000000000000536e-01
9.217999999999999527e-01
9.252000000000000224e-01
9.150000000000000355e-01
9.114999999999999769e-01
9.120000000000000329e-01
9.082000000000000073e-01
9.069000000000000394e-01
9.058000000000000496e-01
9.092000000000000082e-01
8.997000000000000552e-01
9.166999999999999593e-01
8.921000000000000041e-01
8.903999999999999693e-01
8.741999999999999771e-01
8.487000000000000099e-01
7.650000000000000133e-01
