8.457999999999999963e-01
8.551999999999999602e-01
8.247999999999999776e-01
7.937999999999999501e-01
7.715999999999999526e-01
7.671000000000000041e-01
7.829000000000000403e-01
8.113000000000000211e-01
8.299999999999999600e-01
8.242000000000000437e-01
8.749000000000000110e-01
9.122999999999999998e-01
9.186999999999999611e-01
9.273000000000000131e-01
9.317999999999999616e-01
9.325999999999999845e-01
9.382000000000000339e-01
9.275999999999999801e-01
9.306999999999999718e-01
9.375000000000000000e-01
9.321000000000000396e-01
9.332000000000000295e-01
9.412000000000000366e-01
9.416999999999999815e-01
9.407999999999999696e-01
9.333000000000000185e-01
9.316999999999999726e-01
9.256999999999999673e-01
9.298999999999999488e-01
9.266999999999999682e-01
9.326999999999999735e-01
9.374000000000000110e-01
9.273000000000000131e-01
9.310000000000000497e-01
9.341000000000000414e-01
9.246999999999999664e-01
9.294999999999999929e-01
9.291000000000000369e-01
9.155999999999999694e-01
9.183000000000000052e-01
9.235999999999999766e-01
9.118000000000000549e-01
9.155999999999999694e-01
9.136999999999999567e-01
9.114999999999999769e-01
9.294999999999999929e-01
9.164999999999999813e-01
9.262000000000000233e-01
9.257999999999999563e-01
9.243000000000000105e-01
9.210000000000000409e-01
9.330000000000000515e-01
9.425000000000000044e-01
9.164999999999999813e-01
9.327999999999999625e-01
9.241000000000000325e-01
9.300000000000000488e-01
9.283000000000000140e-01
9.292000000000000259e-01
9.223999999999999977e-01
9.409999999999999476e-01
9.592000000000000526e-01
9.600999999999999535e-01
9.495999999999999996e-01
9.563000000000000389e-01
9.415000000000000036e-01
9.449999999999999512e-01
9.557999999999999829e-01
9.284999999999999920e-01
9.300000000000000488e-01
9.254999999999999893e-01
9.256999999999999673e-01
9.243000000000000105e-01
9.363000000000000211e-01
9.243999999999999995e-01
9.345999999999999863e-01
9.273000000000000131e-01
9.281000000000000361e-01
9.290000000000000480e-01
9.335999999999999854e-01
9.342000000000000304e-01
9.345999999999999863e-01
9.395999999999999908e-01
9.529999999999999583e-01
9.406999999999999806e-01
9.347999999999999643e-01
9.267999999999999572e-01
9.385000000000000009e-01
9.367999999999999661e-01
9.418999999999999595e-01
9.455999999999999961e-01
9.393000000000000238e-01
9.318999999999999506e-01
9.452000000000000401e-01
9.200000000000000400e-01
8.981999999999999984e-01
8.952999999999999847e-01
9.002000000000000002e-01
9.140000000000000346e-01
9.124999999999999778e-01
9.257999999999999563e-01
9.374000000000000110e-01
9.348999999999999533e-01
9.348999999999999533e-01
9.354000000000000092e-01
9.377999999999999670e-01
9.378999999999999559e-01
9.281000000000000361e-01
9.340000000000000524e-01
9.296999999999999709e-01
9.367999999999999661e-01
9.377999999999999670e-01
9.391000000000000458e-01
9.388999999999999568e-01
9.348999999999999533e-01
9.426999999999999824e-01
9.394000000000000128e-01
9.370000000000000551e-01
9.354000000000000092e-01
9.315999999999999837e-01
9.322000000000000286e-01
9.267999999999999572e-01
9.441000000000000503e-01
9.315999999999999837e-01
9.254000000000000004e-01
9.425000000000000044e-01
9.252000000000000224e-01
9.062999999999999945e-01
8.854999999999999538e-01
8.827000000000000401e-01
9.054999999999999716e-01
8.880000000000000115e-01
8.929000000000000270e-01
8.872999999999999776e-01
8.727000000000000313e-01
9.015999999999999570e-01
8.742999999999999661e-01
8.690999999999999837e-01
8.377999999999999892e-01
8.118999999999999551e-01
7.503999999999999559e-01
6.686999999999999611e-01
5.463999999999999968e-01
4.419000000000000150e-01
3.179000000000000159e-01
2.313999999999999946e-01
1.333000000000000018e-01
8.490000000000000324e-02
6.370000000000000662e-02
5.199999999999999761e-02
4.839999999999999858e-02
3.679999999999999938e-02
2.790000000000000119e-02
3.009999999999999828e-02
2.910000000000000087e-02
3.470000000000000168e-02
3.819999999999999785e-02
5.120000000000000245e-02
4.120000000000000051e-02
3.910000000000000281e-02
2.740000000000000074e-02
2.570000000000000062e-02
3.180000000000000188e-02
2.450000000000000094e-02
2.759999999999999953e-02
3.379999999999999671e-02
4.669999999999999846e-02
5.059999999999999915e-02
6.729999999999999871e-02
7.520000000000000295e-02
8.269999999999999574e-02
9.450000000000000067e-02
1.087000000000000050e-01
1.073999999999999955e-01
1.160000000000000059e-01
1.257999999999999952e-01
1.190999999999999975e-01
1.082000000000000045e-01
1.040999999999999981e-01
9.869999999999999607e-02
8.450000000000000566e-02
8.219999999999999529e-02
7.779999999999999416e-02
7.939999999999999836e-02
9.740000000000000047e-02
1.125000000000000028e-01
1.370999999999999996e-01
1.398000000000000076e-01
1.446999999999999953e-01
1.489999999999999936e-01
1.645999999999999963e-01
1.774000000000000021e-01
1.955999999999999961e-01
1.995000000000000107e-01
2.036000000000000032e-01
2.058000000000000107e-01
2.051999999999999935e-01
1.917999999999999983e-01
1.832000000000000017e-01
1.718999999999999972e-01
1.703000000000000069e-01
1.633000000000000007e-01
1.655999999999999972e-01
1.703000000000000069e-01
1.986999999999999877e-01
2.207000000000000073e-01
2.487999999999999934e-01
2.616999999999999882e-01
2.671999999999999931e-01
2.515999999999999903e-01
2.701000000000000068e-01
2.661999999999999922e-01
2.656000000000000028e-01
2.396999999999999964e-01
2.374999999999999889e-01
2.444999999999999951e-01
2.197000000000000064e-01
2.142999999999999905e-01
1.998000000000000054e-01
2.157000000000000028e-01
2.144999999999999962e-01
2.172000000000000042e-01
2.164000000000000090e-01
2.403000000000000136e-01
2.194000000000000117e-01
2.021999999999999909e-01
1.872999999999999943e-01
1.834999999999999964e-01
1.814999999999999947e-01
1.892999999999999960e-01
2.016000000000000014e-01
2.439000000000000057e-01
2.878999999999999893e-01
3.350000000000000200e-01
3.952999999999999847e-01
4.812000000000000166e-01
5.188000000000000389e-01
6.048000000000000043e-01
6.300000000000000044e-01
6.464999999999999636e-01
6.774000000000000021e-01
7.090999999999999526e-01
7.469000000000000083e-01
7.791000000000000147e-01
8.042000000000000259e-01
8.386000000000000121e-01
8.804999999999999494e-01
8.887000000000000455e-01
9.075999999999999623e-01
8.977000000000000535e-01
9.085999999999999632e-01
9.039000000000000368e-01
9.249000000000000554e-01
9.405000000000000027e-01
9.344000000000000083e-01
9.254999999999999893e-01
9.441000000000000503e-01
9.553000000000000380e-01
9.458999999999999631e-01
9.704000000000000403e-01
9.885000000000000453e-01
9.767000000000000126e-01
9.693000000000000504e-01
9.717999999999999972e-01
9.687000000000000055e-01
9.697000000000000064e-01
9.699999999999999734e-01
9.738999999999999879e-01
9.937000000000000277e-01
9.882999999999999563e-01
9.887000000000000233e-01
9.837000000000000188e-01
9.764000000000000457e-01
9.673000000000000487e-01
9.683000000000000496e-01
9.707999999999999963e-01
9.798000000000000043e-01
9.834000000000000519e-01
9.667000000000000037e-01
9.546999999999999931e-01
9.606000000000000094e-01
9.724000000000000421e-01
9.736000000000000210e-01
9.631999999999999451e-01
9.639999999999999680e-01
9.643000000000000460e-01
9.606999999999999984e-01
9.412000000000000366e-01
9.512000000000000455e-01
9.576999999999999957e-01
9.393000000000000238e-01
9.042000000000000037e-01
8.929000000000000270e-01
9.081000000000000183e-01
9.232000000000000206e-01
9.433000000000000274e-01
9.667000000000000037e-01
9.584000000000000297e-01
9.758999999999999897e-01
9.631999999999999451e-01
9.495999999999999996e-01
9.396999999999999797e-01
9.344000000000000083e-01
9.365999999999999881e-01
9.425000000000000044e-01
9.351000000000000423e-01
9.295999999999999819e-01
9.204999999999999849e-01
9.183999999999999941e-01
9.254000000000000004e-01
9.176999999999999602e-01
9.018000000000000460e-01
9.054999999999999716e-01
8.811999999999999833e-01
8.741999999999999771e-01
8.719999999999999973e-01
8.777000000000000357e-01
8.693999999999999506e-01
8.729000000000000092e-01
8.381999999999999451e-01
8.567000000000000171e-01
8.649000000000000021e-01
8.757000000000000339e-01
8.858000000000000318e-01
8.913999999999999702e-01
8.967000000000000526e-01
9.121000000000000218e-01
9.081000000000000183e-01
9.113999999999999879e-01
9.064999999999999725e-01
9.147999999999999465e-01
9.236999999999999655e-01
9.295999999999999819e-01
9.314000000000000057e-01
9.235999999999999766e-01
9.242000000000000215e-01
9.073999999999999844e-01
9.206999999999999629e-01
9.162000000000000144e-01
8.997000000000000552e-01
9.078000000000000513e-01
9.226999999999999647e-01
9.435999999999999943e-01
9.478999999999999648e-01
9.735000000000000320e-01
9.794000000000000483e-01
9.845000000000000417e-01
9.737999999999999989e-01
9.756000000000000227e-01
9.871999999999999664e-01
9.969999999999999973e-01
9.933999999999999497e-01
9.870999999999999774e-01
9.829999999999999849e-01
9.891999999999999682e-01
9.839999999999999858e-01
9.796000000000000263e-01
9.918000000000000149e-01
9.854000000000000536e-01
9.778999999999999915e-01
9.932999999999999607e-01
9.955000000000000515e-01
9.987000000000000322e-01
9.806000000000000272e-01
9.680999999999999606e-01
9.754000000000000448e-01
9.932999999999999607e-01
9.667000000000000037e-01
9.657000000000000028e-01
9.658999999999999808e-01
9.570999999999999508e-01
9.495999999999999996e-01
9.495999999999999996e-01
9.332000000000000295e-01
9.129000000000000448e-01
8.960000000000000187e-01
8.743999999999999551e-01
8.567000000000000171e-01
8.443000000000000504e-01
8.346000000000000085e-01
8.377000000000000002e-01
8.330999999999999517e-01
8.369999999999999662e-01
8.672999999999999599e-01
8.762999999999999678e-01
8.888000000000000345e-01
9.041000000000000147e-01
9.108000000000000540e-01
9.102000000000000091e-01
9.313000000000000167e-01
9.555000000000000160e-01
9.681999999999999496e-01
9.598999999999999755e-01
9.331000000000000405e-01
9.638999999999999790e-01
9.718999999999999861e-01
9.627000000000000002e-01
9.647999999999999909e-01
9.741999999999999549e-01
9.774000000000000465e-01
9.769999999999999796e-01
9.756000000000000227e-01
9.779999999999999805e-01
9.805000000000000382e-01
9.850999999999999757e-01
9.916000000000000369e-01
9.906000000000000361e-01
9.889000000000000012e-01
9.846000000000000307e-01
9.929999999999999938e-01
9.996000000000000441e-01
9.916000000000000369e-01
9.838999999999999968e-01
9.728999999999999870e-01
9.754000000000000448e-01
9.871999999999999664e-01
9.714000000000000412e-01
9.284000000000000030e-01
9.193999999999999950e-01
9.491000000000000547e-01
9.565000000000000169e-01
9.492000000000000437e-01
9.633000000000000451e-01
9.748999999999999888e-01
9.832999999999999519e-01
9.849999999999999867e-01
9.839999999999999858e-01
9.864000000000000545e-01
9.841999999999999638e-01
9.835000000000000409e-01
9.847000000000000197e-01
9.913999999999999480e-01
9.879000000000000004e-01
1.000000000000000000e+00
9.920999999999999819e-01
9.979000000000000092e-01
9.901999999999999691e-01
9.932999999999999607e-01
9.953999999999999515e-01
9.909000000000000030e-01
9.850999999999999757e-01
9.771999999999999575e-01
9.845000000000000417e-01
9.673000000000000487e-01
9.810999999999999721e-01
9.950999999999999845e-01
9.844000000000000528e-01
9.874000000000000554e-01
9.835000000000000409e-01
9.586999999999999966e-01
9.219000000000000528e-01
9.538999999999999702e-01
9.354000000000000092e-01
9.328999999999999515e-01
9.603000000000000425e-01
9.657999999999999918e-01
9.869999999999999885e-01
9.854000000000000536e-01
9.704000000000000403e-01
9.506000000000000005e-01
9.354000000000000092e-01
9.312000000000000277e-01
9.452000000000000401e-01
9.660999999999999588e-01
9.734000000000000430e-01
9.808000000000000052e-01
9.829999999999999849e-01
9.847000000000000197e-01
9.807000000000000162e-01
9.821999999999999620e-01
9.802999999999999492e-01
9.734000000000000430e-01
9.838000000000000078e-01
9.929999999999999938e-01
9.801999999999999602e-01
9.730999999999999650e-01
9.762999999999999456e-01
9.781999999999999584e-01
9.828000000000000069e-01
9.547999999999999821e-01
9.514000000000000234e-01
9.494000000000000217e-01
9.532000000000000473e-01
9.517999999999999794e-01
9.570999999999999508e-01
9.758999999999999897e-01
9.895000000000000462e-01
9.835000000000000409e-01
9.698999999999999844e-01
9.492000000000000437e-01
9.475999999999999979e-01
9.566000000000000059e-01
9.653000000000000469e-01
9.602000000000000535e-01
9.665000000000000258e-01
9.799999999999999822e-01
1.000000000000000000e+00
1.000000000000000000e+00
9.949999999999999956e-01
9.790999999999999703e-01
9.405000000000000027e-01
9.332000000000000295e-01
9.468999999999999639e-01
9.725000000000000311e-01
9.676000000000000156e-01
9.631999999999999451e-01
9.567999999999999838e-01
9.414000000000000146e-01
9.315999999999999837e-01
9.422000000000000375e-01
9.284999999999999920e-01
9.300000000000000488e-01
9.389999999999999458e-01
9.584000000000000297e-01
9.675000000000000266e-01
9.669999999999999707e-01
9.733000000000000540e-01
9.660999999999999588e-01
9.595000000000000195e-01
9.650999999999999579e-01
9.533000000000000362e-01
9.399999999999999467e-01
9.365999999999999881e-01
9.093999999999999861e-01
9.167999999999999483e-01
9.172000000000000153e-01
8.997000000000000552e-01
9.164999999999999813e-01
9.102999999999999980e-01
9.186999999999999611e-01
9.111000000000000210e-01
9.126999999999999558e-01
9.012000000000000011e-01
9.002000000000000002e-01
9.065999999999999615e-01
8.727000000000000313e-01
8.538000000000000034e-01
8.129999999999999449e-01
7.842000000000000082e-01
7.672999999999999821e-01
7.571999999999999842e-01
7.419000000000000039e-01
7.338000000000000078e-01
7.012000000000000455e-01
6.515999999999999570e-01
6.847999999999999643e-01
6.870000000000000551e-01
6.834000000000000075e-01
6.792000000000000259e-01
6.401999999999999913e-01
6.207000000000000295e-01
5.901999999999999469e-01
5.654000000000000137e-01
4.980999999999999872e-01
4.254000000000000004e-01
3.704000000000000070e-01
3.040999999999999814e-01
2.635000000000000120e-01
2.046000000000000041e-01
1.507999999999999896e-01
1.190999999999999975e-01
1.087000000000000050e-01
9.420000000000000595e-02
8.240000000000000102e-02
4.089999999999999886e-02
4.939999999999999947e-02
7.729999999999999372e-02
5.260000000000000092e-02
5.439999999999999697e-02
8.649999999999999356e-02
8.260000000000000675e-02
8.179999999999999771e-02
1.093999999999999972e-01
1.228999999999999954e-01
1.648999999999999910e-01
2.303999999999999937e-01
2.384000000000000008e-01
3.827999999999999736e-01
4.954999999999999960e-01
5.503000000000000114e-01
6.453999999999999737e-01
6.340000000000000080e-01
6.818999999999999506e-01
6.830000000000000515e-01
7.063000000000000389e-01
6.945000000000000062e-01
6.331999999999999851e-01
5.905000000000000249e-01
5.442000000000000171e-01
4.966999999999999749e-01
4.519000000000000239e-01
4.224999999999999867e-01
4.013999999999999790e-01
3.613999999999999990e-01
3.247999999999999776e-01
2.847999999999999976e-01
2.480999999999999872e-01
2.305999999999999994e-01
2.474000000000000088e-01
2.250000000000000056e-01
2.235999999999999932e-01
2.278999999999999915e-01
2.561999999999999833e-01
3.071999999999999731e-01
3.387000000000000011e-01
4.068999999999999839e-01
4.637999999999999901e-01
4.819999999999999840e-01
5.181000000000000050e-01
5.739999999999999547e-01
5.796000000000000041e-01
5.732000000000000428e-01
5.455999999999999739e-01
5.060999999999999943e-01
4.616999999999999993e-01
4.506000000000000005e-01
4.275999999999999801e-01
4.244999999999999885e-01
4.541999999999999926e-01
4.811000000000000276e-01
4.717000000000000082e-01
4.894999999999999907e-01
4.858000000000000096e-01
4.840999999999999748e-01
4.586999999999999966e-01
