6.858999999999999542e-01
6.170999999999999819e-01
5.400000000000000355e-01
4.487999999999999767e-01
3.705999999999999850e-01
2.812000000000000055e-01
2.147000000000000020e-01
1.816000000000000114e-01
1.663000000000000034e-01
1.731000000000000039e-01
1.589000000000000135e-01
1.713000000000000078e-01
1.696999999999999897e-01
1.577000000000000068e-01
1.509000000000000064e-01
1.340000000000000080e-01
1.247000000000000053e-01
1.033000000000000029e-01
8.359999999999999376e-02
7.099999999999999367e-02
4.830000000000000265e-02
4.479999999999999954e-02
5.040000000000000036e-02
6.710000000000000686e-02
7.560000000000000053e-02
8.469999999999999751e-02
8.309999999999999332e-02
7.510000000000000009e-02
6.140000000000000319e-02
6.289999999999999758e-02
6.930000000000000049e-02
6.890000000000000291e-02
6.439999999999999891e-02
5.639999999999999875e-02
4.920000000000000068e-02
4.549999999999999878e-02
4.379999999999999866e-02
3.009999999999999828e-02
2.409999999999999989e-02
1.580000000000000154e-02
1.640000000000000138e-02
1.409999999999999969e-02
1.980000000000000163e-02
9.599999999999999159e-03
1.299999999999999940e-02
2.589999999999999941e-02
5.380000000000000060e-02
9.510000000000000397e-02
1.338000000000000023e-01
1.539999999999999980e-01
1.680999999999999994e-01
1.610000000000000042e-01
1.496000000000000107e-01
1.537000000000000033e-01
1.519999999999999962e-01
1.638000000000000012e-01
1.970999999999999974e-01
2.157000000000000028e-01
2.217999999999999972e-01
2.508000000000000229e-01
2.396999999999999964e-01
2.391000000000000070e-01
2.336999999999999911e-01
2.250999999999999945e-01
2.258000000000000007e-01
2.288000000000000034e-01
2.427999999999999881e-01
2.631000000000000005e-01
2.965999999999999748e-01
3.421000000000000152e-01
3.543999999999999928e-01
3.508999999999999897e-01
3.482000000000000095e-01
3.507000000000000117e-01
3.830999999999999961e-01
4.189999999999999836e-01
4.527999999999999803e-01
4.769999999999999796e-01
5.350000000000000311e-01
5.741000000000000547e-01
6.160999999999999810e-01
6.625999999999999668e-01
6.937999999999999723e-01
7.072000000000000508e-01
7.205000000000000293e-01
7.402999999999999581e-01
7.457000000000000295e-01
7.577000000000000401e-01
7.616000000000000547e-01
7.820000000000000284e-01
7.953000000000000069e-01
7.993999999999999995e-01
8.003000000000000114e-01
8.092000000000000304e-01
7.912000000000000144e-01
8.064999999999999947e-01
7.791000000000000147e-01
7.891000000000000236e-01
7.772999999999999909e-01
7.832000000000000073e-01
8.046999999999999709e-01
8.225999999999999979e-01
8.441999999999999504e-01
8.578000000000000069e-01
8.691999999999999726e-01
8.905999999999999472e-01
9.013999999999999790e-01
8.965999999999999526e-01
9.203000000000000069e-01
9.147999999999999465e-01
9.201000000000000290e-01
9.314000000000000057e-01
9.346999999999999753e-01
9.285999999999999810e-01
9.429999999999999494e-01
9.411000000000000476e-01
9.383000000000000229e-01
9.479999999999999538e-01
9.535000000000000142e-01
9.792999999999999483e-01
9.768000000000000016e-01
9.855000000000000426e-01
9.844000000000000528e-01
9.826000000000000290e-01
9.737000000000000099e-01
9.685000000000000275e-01
9.743000000000000549e-01
9.734000000000000430e-01
9.829999999999999849e-01
9.780999999999999694e-01
9.802999999999999492e-01
9.533000000000000362e-01
9.469999999999999529e-01
9.345999999999999863e-01
9.239000000000000545e-01
9.338999999999999524e-01
9.243000000000000105e-01
9.106999999999999540e-01
9.196999999999999620e-01
9.154999999999999805e-01
9.201000000000000290e-01
9.241000000000000325e-01
9.229000000000000536e-01
9.213000000000000078e-01
9.291000000000000369e-01
9.254000000000000004e-01
9.219000000000000528e-01
9.251000000000000334e-01
9.286999999999999700e-01
9.284000000000000030e-01
9.316999999999999726e-01
9.162000000000000144e-01
9.122999999999999998e-01
9.136999999999999567e-01
9.026999999999999469e-01
8.970000000000000195e-01
8.790000000000000036e-01
8.829000000000000181e-01
8.637000000000000233e-01
8.528000000000000025e-01
8.672999999999999599e-01
8.639999999999999902e-01
8.621999999999999664e-01
8.635000000000000453e-01
8.574000000000000510e-01
8.763999999999999568e-01
8.770000000000000018e-01
8.799000000000000155e-01
9.004999999999999671e-01
9.040000000000000258e-01
9.043999999999999817e-01
8.991999999999999993e-01
9.226999999999999647e-01
9.336999999999999744e-01
9.250000000000000444e-01
9.240000000000000435e-01
9.222000000000000197e-01
9.213000000000000078e-01
9.183999999999999941e-01
9.294999999999999929e-01
9.187999999999999501e-01
9.021000000000000130e-01
9.008000000000000451e-01
9.052999999999999936e-01
8.965999999999999526e-01
8.786000000000000476e-01
8.584000000000000519e-01
8.395000000000000240e-01
8.508999999999999897e-01
8.470999999999999641e-01
8.440999999999999615e-01
8.359999999999999654e-01
8.368999999999999773e-01
8.544000000000000483e-01
8.453000000000000513e-01
8.505000000000000338e-01
8.362000000000000544e-01
8.635000000000000453e-01
8.586000000000000298e-01
8.885999999999999455e-01
9.062000000000000055e-01
9.210000000000000409e-01
9.194999999999999840e-01
9.293000000000000149e-01
9.185999999999999721e-01
9.020000000000000240e-01
9.176999999999999602e-01
9.337999999999999634e-01
9.374000000000000110e-01
9.401000000000000467e-01
9.392000000000000348e-01
9.364999999999999991e-01
9.357999999999999652e-01
9.323000000000000176e-01
9.307999999999999607e-01
9.360000000000000542e-01
9.099000000000000421e-01
9.157999999999999474e-01
9.328999999999999515e-01
9.331000000000000405e-01
9.290000000000000480e-01
9.176999999999999602e-01
9.331000000000000405e-01
9.331000000000000405e-01
9.294999999999999929e-01
9.379999999999999449e-01
9.345999999999999863e-01
9.298999999999999488e-01
9.459999999999999520e-01
9.596000000000000085e-01
9.628999999999999782e-01
9.630999999999999561e-01
9.602000000000000535e-01
9.540999999999999481e-01
9.373000000000000220e-01
9.298999999999999488e-01
9.247999999999999554e-01
9.019000000000000350e-01
9.133999999999999897e-01
9.005999999999999561e-01
8.960000000000000187e-01
8.980000000000000204e-01
8.913999999999999702e-01
8.911999999999999922e-01
8.881999999999999895e-01
8.949000000000000288e-01
9.105999999999999650e-01
9.214999999999999858e-01
9.131000000000000227e-01
9.094999999999999751e-01
9.100000000000000311e-01
9.204999999999999849e-01
9.103999999999999870e-01
9.048000000000000487e-01
8.770000000000000018e-01
8.641999999999999682e-01
8.648000000000000131e-01
8.834999999999999520e-01
8.864999999999999547e-01
8.871999999999999886e-01
8.802999999999999714e-01
8.662999999999999590e-01
8.901000000000000023e-01
8.959000000000000297e-01
9.025999999999999579e-01
9.112000000000000099e-01
9.052000000000000046e-01
8.974999999999999645e-01
9.102000000000000091e-01
9.302000000000000268e-01
9.398999999999999577e-01
9.330000000000000515e-01
9.294000000000000039e-01
9.245999999999999774e-01
9.254000000000000004e-01
9.267999999999999572e-01
9.161000000000000254e-01
9.241000000000000325e-01
9.335999999999999854e-01
9.401000000000000467e-01
9.354999999999999982e-01
9.445000000000000062e-01
9.403000000000000247e-01
9.447999999999999732e-01
9.427999999999999714e-01
9.379999999999999449e-01
9.371000000000000441e-01
9.395999999999999908e-01
9.388999999999999568e-01
9.406999999999999806e-01
9.427999999999999714e-01
9.391000000000000458e-01
9.435000000000000053e-01
9.395000000000000018e-01
9.379999999999999449e-01
9.389999999999999458e-01
9.368999999999999551e-01
9.326999999999999735e-01
9.423000000000000265e-01
9.274999999999999911e-01
9.136999999999999567e-01
9.015999999999999570e-01
8.824999999999999512e-01
8.473000000000000531e-01
8.289999999999999591e-01
7.925999999999999712e-01
7.684999999999999609e-01
7.342999999999999527e-01
6.944000000000000172e-01
6.770000000000000462e-01
6.699000000000000510e-01
6.508000000000000451e-01
6.425999999999999490e-01
6.394999999999999574e-01
6.723000000000000087e-01
7.072000000000000508e-01
7.459999999999999964e-01
7.743999999999999773e-01
8.047999999999999599e-01
8.142000000000000348e-01
8.235000000000000098e-01
8.399999999999999689e-01
8.637000000000000233e-01
8.722999999999999643e-01
8.750000000000000000e-01
8.979000000000000314e-01
8.850000000000000089e-01
8.933999999999999719e-01
8.630999999999999783e-01
9.029000000000000359e-01
9.143000000000000016e-01
9.153999999999999915e-01
9.204999999999999849e-01
9.343000000000000194e-01
9.360000000000000542e-01
9.443000000000000282e-01
9.405000000000000027e-01
9.375999999999999890e-01
9.489999999999999547e-01
9.435000000000000053e-01
9.422000000000000375e-01
9.432000000000000384e-01
9.447999999999999732e-01
9.387999999999999678e-01
9.461000000000000520e-01
9.407999999999999696e-01
9.546999999999999931e-01
9.481000000000000538e-01
9.451000000000000512e-01
9.500999999999999446e-01
9.431000000000000494e-01
9.584000000000000297e-01
9.547999999999999821e-01
9.572000000000000508e-01
9.464000000000000190e-01
9.414000000000000146e-01
9.599999999999999645e-01
9.438999999999999613e-01
9.370000000000000551e-01
9.292000000000000259e-01
9.268999999999999462e-01
9.206999999999999629e-01
9.377999999999999670e-01
9.194999999999999840e-01
9.280000000000000471e-01
9.328999999999999515e-01
9.357999999999999652e-01
9.397999999999999687e-01
9.434000000000000163e-01
9.458999999999999631e-01
9.474000000000000199e-01
9.504000000000000226e-01
9.495999999999999996e-01
9.524000000000000243e-01
9.354999999999999982e-01
9.385000000000000009e-01
9.570999999999999508e-01
9.455999999999999961e-01
9.535000000000000142e-01
9.466999999999999860e-01
9.517999999999999794e-01
9.447999999999999732e-01
9.342000000000000304e-01
9.327999999999999625e-01
9.476999999999999869e-01
9.273000000000000131e-01
9.353000000000000203e-01
9.354000000000000092e-01
9.283000000000000140e-01
9.230000000000000426e-01
9.260000000000000453e-01
9.300000000000000488e-01
9.268999999999999462e-01
9.111000000000000210e-01
9.120000000000000329e-01
9.189000000000000501e-01
9.092000000000000082e-01
9.133999999999999897e-01
8.828000000000000291e-01
9.223000000000000087e-01
9.213000000000000078e-01
9.243999999999999995e-01
9.141000000000000236e-01
9.002000000000000002e-01
9.264999999999999902e-01
9.183999999999999941e-01
9.237999999999999545e-01
9.348999999999999533e-01
9.332000000000000295e-01
9.272000000000000242e-01
9.226999999999999647e-01
9.254999999999999893e-01
9.226999999999999647e-01
9.286999999999999700e-01
9.280000000000000471e-01
9.282000000000000250e-01
9.282000000000000250e-01
9.189000000000000501e-01
8.992999999999999883e-01
9.041000000000000147e-01
8.941000000000000059e-01
9.039000000000000368e-01
9.165999999999999703e-01
9.232000000000000206e-01
9.265999999999999792e-01
9.316999999999999726e-01
9.417999999999999705e-01
9.358999999999999542e-01
9.354000000000000092e-01
9.449999999999999512e-01
9.614000000000000323e-01
9.550999999999999490e-01
9.489999999999999547e-01
9.335999999999999854e-01
9.130000000000000338e-01
9.229000000000000536e-01
9.389999999999999458e-01
9.547999999999999821e-01
9.295999999999999819e-01
8.880000000000000115e-01
8.961000000000000076e-01
9.176999999999999602e-01
8.898000000000000353e-01
9.143000000000000016e-01
9.333000000000000185e-01
9.231000000000000316e-01
9.165999999999999703e-01
9.091000000000000192e-01
9.110000000000000320e-01
9.018000000000000460e-01
9.141000000000000236e-01
9.231000000000000316e-01
9.233000000000000096e-01
9.197999999999999510e-01
9.172000000000000153e-01
9.118000000000000549e-01
9.002999999999999892e-01
9.014999999999999680e-01
9.140000000000000346e-01
8.971999999999999975e-01
8.945999999999999508e-01
8.860000000000000098e-01
8.873999999999999666e-01
8.782999999999999696e-01
8.743999999999999551e-01
8.848000000000000309e-01
8.802999999999999714e-01
8.911000000000000032e-01
8.807000000000000384e-01
8.970000000000000195e-01
9.185999999999999721e-01
9.251000000000000334e-01
9.343000000000000194e-01
9.340000000000000524e-01
9.484000000000000208e-01
9.491000000000000547e-01
9.517999999999999794e-01
9.536000000000000032e-01
9.415999999999999925e-01
9.457999999999999741e-01
9.644000000000000350e-01
9.462000000000000410e-01
9.436999999999999833e-01
9.381000000000000449e-01
9.580999999999999517e-01
9.453000000000000291e-01
9.423000000000000265e-01
9.277999999999999581e-01
9.205999999999999739e-01
9.341000000000000414e-01
9.393000000000000238e-01
9.381000000000000449e-01
9.559999999999999609e-01
9.323000000000000176e-01
9.265999999999999792e-01
9.427999999999999714e-01
9.399999999999999467e-01
9.405000000000000027e-01
9.333000000000000185e-01
9.199000000000000510e-01
9.091000000000000192e-01
9.054999999999999716e-01
9.126999999999999558e-01
9.184999999999999831e-01
9.150000000000000355e-01
9.082000000000000073e-01
9.099000000000000421e-01
8.998000000000000442e-01
9.164999999999999813e-01
9.039000000000000368e-01
9.109000000000000430e-01
9.129000000000000448e-01
9.022999999999999909e-01
8.965999999999999526e-01
8.788000000000000256e-01
9.011000000000000121e-01
9.075999999999999623e-01
8.968000000000000416e-01
8.941999999999999948e-01
9.243999999999999995e-01
9.274000000000000021e-01
9.314999999999999947e-01
9.220000000000000417e-01
9.170000000000000373e-01
9.156999999999999584e-01
8.901999999999999913e-01
8.938000000000000389e-01
8.782999999999999696e-01
9.042000000000000037e-01
9.182000000000000162e-01
9.193999999999999950e-01
9.195999999999999730e-01
9.104999999999999760e-01
8.963999999999999746e-01
9.298999999999999488e-01
9.300000000000000488e-01
9.320000000000000506e-01
9.402000000000000357e-01
9.283000000000000140e-01
9.244999999999999885e-01
9.240000000000000435e-01
9.173999999999999932e-01
9.150000000000000355e-01
9.049000000000000377e-01
8.899000000000000243e-01
9.000000000000000222e-01
9.009000000000000341e-01
8.983999999999999764e-01
8.742999999999999661e-01
8.759000000000000119e-01
9.155999999999999694e-01
9.176999999999999602e-01
9.251000000000000334e-01
9.225999999999999757e-01
9.295999999999999819e-01
9.308999999999999497e-01
9.318999999999999506e-01
9.240000000000000435e-01
9.295999999999999819e-01
9.292000000000000259e-01
9.344000000000000083e-01
9.398999999999999577e-01
9.451000000000000512e-01
9.463000000000000300e-01
9.381000000000000449e-01
9.344999999999999973e-01
9.374000000000000110e-01
9.402000000000000357e-01
9.355999999999999872e-01
9.363000000000000211e-01
9.377999999999999670e-01
9.392000000000000348e-01
9.391000000000000458e-01
9.398999999999999577e-01
9.416999999999999815e-01
9.429999999999999494e-01
9.445000000000000062e-01
9.471000000000000529e-01
9.498999999999999666e-01
9.550999999999999490e-01
9.526999999999999913e-01
9.503000000000000336e-01
9.529999999999999583e-01
9.552000000000000490e-01
9.572000000000000508e-01
9.510999999999999455e-01
9.486999999999999877e-01
9.510999999999999455e-01
9.549999999999999600e-01
9.418999999999999595e-01
9.516999999999999904e-01
9.419999999999999485e-01
9.492000000000000437e-01
9.439999999999999503e-01
9.477999999999999758e-01
9.513000000000000345e-01
9.464000000000000190e-01
9.517999999999999794e-01
9.556000000000000050e-01
9.474000000000000199e-01
9.489999999999999547e-01
9.426999999999999824e-01
9.377999999999999670e-01
9.443000000000000282e-01
9.377999999999999670e-01
9.399999999999999467e-01
9.452000000000000401e-01
9.526999999999999913e-01
9.527999999999999803e-01
9.663000000000000478e-01
9.573000000000000398e-01
9.580999999999999517e-01
9.628999999999999782e-01
9.586999999999999966e-01
9.656000000000000139e-01
9.522000000000000464e-01
9.537999999999999812e-01
9.556000000000000050e-01
9.533000000000000362e-01
9.493000000000000327e-01
9.517999999999999794e-01
9.436999999999999833e-01
9.637000000000000011e-01
9.625000000000000222e-01
9.691999999999999504e-01
9.646000000000000130e-01
9.701999999999999513e-01
9.687000000000000055e-01
9.765000000000000346e-01
9.791999999999999593e-01
9.809999999999999831e-01
9.735000000000000320e-01
9.737999999999999989e-01
9.880999999999999783e-01
9.826000000000000290e-01
9.754000000000000448e-01
9.736000000000000210e-01
9.613000000000000433e-01
9.493000000000000327e-01
9.579999999999999627e-01
9.444000000000000172e-01
9.554000000000000270e-01
9.537999999999999812e-01
9.484000000000000208e-01
9.302000000000000268e-01
9.582000000000000517e-01
9.085999999999999632e-01
9.261000000000000343e-01
9.444000000000000172e-01
9.507999999999999785e-01
9.433000000000000274e-01
9.405999999999999917e-01
9.286999999999999700e-01
9.130000000000000338e-01
8.860999999999999988e-01
8.957000000000000517e-01
9.244999999999999885e-01
9.086999999999999522e-01
9.115999999999999659e-01
8.871999999999999886e-01
8.912999999999999812e-01
8.980000000000000204e-01
9.075999999999999623e-01
9.064999999999999725e-01
9.050000000000000266e-01
9.150000000000000355e-01
9.240000000000000435e-01
9.285999999999999810e-01
9.379999999999999449e-01
9.140000000000000346e-01
9.131000000000000227e-01
9.227999999999999536e-01
9.196999999999999620e-01
9.032999999999999918e-01
8.653999999999999471e-01
7.641999999999999904e-01
