9.512000000000000455e-01
9.376999999999999780e-01
9.303000000000000158e-01
8.971999999999999975e-01
8.872999999999999776e-01
8.856000000000000538e-01
8.859000000000000208e-01
8.870000000000000107e-01
8.897000000000000464e-01
8.888000000000000345e-01
8.763999999999999568e-01
8.525000000000000355e-01
8.305000000000000160e-01
8.173000000000000265e-01
7.868000000000000549e-01
7.641999999999999904e-01
7.052000000000000490e-01
7.090999999999999526e-01
6.743999999999999995e-01
6.826999999999999735e-01
6.693000000000000060e-01
6.401999999999999913e-01
6.163999999999999480e-01
6.142999999999999572e-01
5.713000000000000300e-01
5.684000000000000163e-01
6.070999999999999730e-01
6.132999999999999563e-01
6.272999999999999687e-01
6.657999999999999474e-01
6.764000000000000012e-01
6.893000000000000238e-01
7.385000000000000453e-01
7.583999999999999631e-01
7.831000000000000183e-01
7.982000000000000206e-01
8.268999999999999684e-01
8.111000000000000432e-01
8.216999999999999860e-01
8.416000000000000147e-01
8.567000000000000171e-01
8.884999999999999565e-01
8.753999999999999559e-01
8.822999999999999732e-01
8.905999999999999472e-01
8.982999999999999874e-01
8.977000000000000535e-01
8.923999999999999710e-01
8.972999999999999865e-01
9.010000000000000231e-01
8.944999999999999618e-01
8.998000000000000442e-01
8.857000000000000428e-01
8.833999999999999631e-01
8.683999999999999497e-01
8.534000000000000474e-01
8.347999999999999865e-01
8.173000000000000265e-01
7.893999999999999906e-01
7.521999999999999797e-01
7.072000000000000508e-01
6.774999999999999911e-01
6.916999999999999815e-01
6.534999999999999698e-01
6.191999999999999726e-01
5.825000000000000178e-01
5.803000000000000380e-01
5.574000000000000066e-01
5.736999999999999877e-01
5.770999999999999464e-01
5.915000000000000258e-01
5.857999999999999874e-01
6.086000000000000298e-01
6.338000000000000300e-01
6.774999999999999911e-01
7.181999999999999496e-01
7.610000000000000098e-01
7.856999999999999540e-01
8.246999999999999886e-01
8.468999999999999861e-01
8.621999999999999664e-01
8.948000000000000398e-01
8.961000000000000076e-01
9.041000000000000147e-01
9.169000000000000483e-01
9.317999999999999616e-01
9.326999999999999735e-01
9.327999999999999625e-01
9.324999999999999956e-01
9.250000000000000444e-01
9.212000000000000188e-01
9.255999999999999783e-01
8.960000000000000187e-01
8.730999999999999872e-01
8.405000000000000249e-01
8.175000000000000044e-01
7.727000000000000535e-01
7.281999999999999584e-01
7.005000000000000115e-01
6.722000000000000197e-01
6.524999999999999689e-01
6.084000000000000519e-01
5.668999999999999595e-01
5.374999999999999778e-01
4.904999999999999916e-01
4.173000000000000043e-01
3.942999999999999838e-01
3.688000000000000167e-01
3.194000000000000172e-01
2.998000000000000109e-01
2.929999999999999827e-01
2.615999999999999992e-01
2.338000000000000078e-01
2.209000000000000130e-01
2.146000000000000130e-01
2.212000000000000077e-01
2.107999999999999874e-01
2.142000000000000015e-01
2.464999999999999969e-01
3.034000000000000030e-01
3.104000000000000092e-01
3.615999999999999770e-01
4.023999999999999799e-01
4.275999999999999801e-01
4.591999999999999971e-01
4.806000000000000272e-01
5.103999999999999648e-01
5.083999999999999631e-01
4.857000000000000206e-01
4.699999999999999734e-01
4.616000000000000103e-01
4.516999999999999904e-01
4.683999999999999830e-01
4.803999999999999937e-01
5.081999999999999851e-01
5.189000000000000279e-01
5.182999999999999829e-01
5.137000000000000455e-01
5.077000000000000401e-01
5.030000000000000027e-01
4.714999999999999747e-01
4.278000000000000136e-01
3.771999999999999797e-01
3.371999999999999997e-01
3.215000000000000080e-01
3.020999999999999797e-01
2.797999999999999932e-01
2.617999999999999772e-01
2.581999999999999851e-01
2.574000000000000177e-01
2.696999999999999953e-01
2.674000000000000266e-01
2.647999999999999798e-01
2.591999999999999860e-01
2.585999999999999965e-01
2.487999999999999934e-01
2.560000000000000053e-01
2.711000000000000076e-01
2.733999999999999764e-01
3.027000000000000246e-01
3.155000000000000027e-01
3.229000000000000203e-01
3.306999999999999940e-01
3.322999999999999843e-01
3.577000000000000179e-01
3.604999999999999871e-01
3.769000000000000128e-01
4.282000000000000250e-01
4.299999999999999933e-01
4.633999999999999786e-01
4.723999999999999866e-01
4.435000000000000053e-01
4.133000000000000007e-01
3.845000000000000084e-01
3.718000000000000194e-01
3.484999999999999765e-01
2.671999999999999931e-01
1.801000000000000101e-01
1.342000000000000137e-01
9.149999999999999800e-02
7.920000000000000651e-02
5.569999999999999951e-02
3.370000000000000079e-02
2.879999999999999921e-02
1.919999999999999832e-02
1.239999999999999956e-02
5.499999999999999681e-03
0.000000000000000000e+00
0.000000000000000000e+00
0.000000000000000000e+00
0.000000000000000000e+00
0.000000000000000000e+00
0.000000000000000000e+00
0.000000000000000000e+00
5.999999999999999474e-04
8.399999999999999481e-03
1.660000000000000017e-02
2.709999999999999909e-02
2.889999999999999861e-02
2.999999999999999889e-02
4.750000000000000056e-02
5.729999999999999677e-02
7.489999999999999436e-02
7.370000000000000162e-02
8.730000000000000260e-02
6.740000000000000158e-02
6.429999999999999605e-02
5.419999999999999818e-02
5.670000000000000040e-02
4.590000000000000330e-02
3.690000000000000224e-02
2.500000000000000139e-02
1.030000000000000013e-02
1.409999999999999969e-02
0.000000000000000000e+00
0.000000000000000000e+00
1.299999999999999940e-03
1.770000000000000046e-02
2.390000000000000110e-02
3.289999999999999869e-02
4.900000000000000189e-02
5.820000000000000173e-02
6.629999999999999782e-02
6.909999999999999476e-02
7.209999999999999742e-02
6.750000000000000444e-02
5.510000000000000314e-02
4.989999999999999991e-02
4.540000000000000285e-02
4.279999999999999777e-02
5.949999999999999734e-02
5.580000000000000238e-02
4.909999999999999781e-02
4.080000000000000293e-02
4.080000000000000293e-02
3.719999999999999696e-02
3.729999999999999982e-02
3.799999999999999906e-02
3.899999999999999994e-02
3.490000000000000047e-02
3.989999999999999797e-02
4.259999999999999898e-02
5.340000000000000302e-02
5.689999999999999919e-02
6.189999999999999669e-02
7.459999999999999964e-02
8.830000000000000349e-02
8.229999999999999816e-02
8.999999999999999667e-02
1.131999999999999951e-01
1.323999999999999899e-01
1.451000000000000068e-01
1.550999999999999879e-01
1.890999999999999903e-01
1.874000000000000110e-01
1.660999999999999976e-01
1.647000000000000131e-01
1.270000000000000018e-01
1.255999999999999894e-01
1.116000000000000048e-01
1.126000000000000056e-01
1.048000000000000043e-01
8.699999999999999400e-02
8.970000000000000195e-02
8.920000000000000151e-02
9.719999999999999474e-02
8.799999999999999489e-02
8.999999999999999667e-02
9.429999999999999494e-02
9.239999999999999603e-02
8.530000000000000082e-02
8.019999999999999352e-02
7.580000000000000626e-02
7.760000000000000231e-02
7.169999999999999984e-02
7.510000000000000009e-02
9.059999999999999998e-02
1.208000000000000046e-01
1.353999999999999926e-01
1.688999999999999946e-01
2.177000000000000046e-01
2.303999999999999937e-01
2.217999999999999972e-01
2.005000000000000115e-01
1.799999999999999933e-01
1.529999999999999971e-01
1.260999999999999899e-01
1.174000000000000044e-01
1.171999999999999986e-01
1.032000000000000001e-01
1.024999999999999939e-01
1.154000000000000026e-01
1.292000000000000093e-01
1.514000000000000068e-01
1.935999999999999943e-01
2.741999999999999993e-01
3.763000000000000234e-01
4.459000000000000186e-01
4.665000000000000258e-01
4.532999999999999807e-01
