9.213000000000000078e-01
9.515000000000000124e-01
9.474000000000000199e-01
9.197999999999999510e-01
9.177999999999999492e-01
8.833999999999999631e-01
8.479999999999999760e-01
7.906999999999999584e-01
7.339999999999999858e-01
6.510000000000000231e-01
5.815000000000000169e-01
5.180000000000000160e-01
4.536999999999999922e-01
3.851999999999999869e-01
3.186999999999999833e-01
2.424999999999999933e-01
1.613999999999999879e-01
1.102000000000000063e-01
6.959999999999999520e-02
4.220000000000000140e-02
4.549999999999999878e-02
4.259999999999999898e-02
3.790000000000000313e-02
2.790000000000000119e-02
1.720000000000000001e-02
1.290000000000000001e-02
7.300000000000000065e-03
4.000000000000000083e-03
1.600000000000000077e-03
1.590000000000000094e-02
2.170000000000000054e-02
3.320000000000000034e-02
5.269999999999999685e-02
6.809999999999999387e-02
1.023000000000000020e-01
1.040999999999999981e-01
1.050999999999999990e-01
1.115000000000000019e-01
1.265999999999999903e-01
1.517000000000000015e-01
1.799000000000000044e-01
1.590999999999999914e-01
1.436999999999999944e-01
1.246000000000000024e-01
1.018000000000000016e-01
8.909999999999999865e-02
8.019999999999999352e-02
7.430000000000000493e-02
8.269999999999999574e-02
1.016999999999999987e-01
9.589999999999999913e-02
1.089999999999999997e-01
1.332000000000000128e-01
1.744999999999999885e-01
1.981999999999999873e-01
2.132000000000000006e-01
2.223999999999999866e-01
1.826000000000000123e-01
1.570000000000000007e-01
1.328999999999999904e-01
1.137999999999999984e-01
1.005000000000000060e-01
9.669999999999999429e-02
7.839999999999999747e-02
7.149999999999999412e-02
7.130000000000000226e-02
8.060000000000000497e-02
8.089999999999999969e-02
9.660000000000000531e-02
1.134000000000000008e-01
1.280999999999999917e-01
1.613999999999999879e-01
1.976999999999999869e-01
2.310000000000000109e-01
2.775000000000000244e-01
2.932000000000000162e-01
3.270000000000000129e-01
3.627000000000000224e-01
3.603000000000000091e-01
3.541000000000000258e-01
3.574999999999999845e-01
3.585999999999999743e-01
3.794000000000000150e-01
4.174999999999999822e-01
4.371999999999999775e-01
4.203000000000000069e-01
4.258000000000000118e-01
4.331999999999999740e-01
4.250999999999999779e-01
3.956000000000000072e-01
3.744000000000000106e-01
3.444999999999999729e-01
3.000999999999999779e-01
2.416999999999999982e-01
2.096999999999999975e-01
1.945999999999999952e-01
1.875000000000000000e-01
1.991999999999999882e-01
2.003000000000000058e-01
2.439999999999999947e-01
2.711999999999999966e-01
3.356999999999999984e-01
3.637000000000000233e-01
4.345999999999999863e-01
4.934999999999999942e-01
5.217000000000000526e-01
5.515999999999999792e-01
5.896000000000000130e-01
6.180999999999999828e-01
6.183999999999999497e-01
6.385999999999999455e-01
6.703999999999999959e-01
6.943000000000000282e-01
7.277000000000000135e-01
7.782000000000000028e-01
8.073000000000000176e-01
8.614000000000000545e-01
8.661999999999999700e-01
8.655000000000000471e-01
8.463000000000000522e-01
8.515000000000000346e-01
8.404000000000000359e-01
8.360999999999999543e-01
8.051000000000000378e-01
8.112000000000000322e-01
8.070000000000000506e-01
8.132000000000000339e-01
8.021000000000000352e-01
7.990000000000000435e-01
7.842000000000000082e-01
7.913999999999999924e-01
7.931000000000000272e-01
8.053000000000000158e-01
8.248999999999999666e-01
8.224000000000000199e-01
8.325000000000000178e-01
8.559999999999999831e-01
8.630999999999999783e-01
8.709999999999999964e-01
8.793999999999999595e-01
8.850000000000000089e-01
9.061000000000000165e-01
9.181000000000000272e-01
9.202000000000000179e-01
9.169000000000000483e-01
9.076999999999999513e-01
9.061000000000000165e-01
9.082000000000000073e-01
9.048000000000000487e-01
8.899000000000000243e-01
8.764999999999999458e-01
8.829000000000000181e-01
8.633999999999999453e-01
8.680999999999999828e-01
8.568000000000000060e-01
8.597000000000000197e-01
8.386000000000000121e-01
8.276000000000000023e-01
8.433000000000000496e-01
8.531999999999999584e-01
8.314000000000000279e-01
8.108999999999999542e-01
8.385000000000000231e-01
8.519999999999999796e-01
8.651999999999999691e-01
8.791999999999999815e-01
8.944999999999999618e-01
8.970000000000000195e-01
8.910000000000000142e-01
8.971000000000000085e-01
8.938000000000000389e-01
8.891999999999999904e-01
9.102999999999999980e-01
9.010000000000000231e-01
9.126999999999999558e-01
9.003999999999999782e-01
8.968000000000000416e-01
9.147999999999999465e-01
9.145999999999999686e-01
8.978000000000000425e-01
8.998000000000000442e-01
9.004999999999999671e-01
9.211000000000000298e-01
9.099000000000000421e-01
9.106999999999999540e-01
9.161000000000000254e-01
9.196999999999999620e-01
9.214999999999999858e-01
9.221000000000000307e-01
9.051000000000000156e-01
8.934999999999999609e-01
8.854999999999999538e-01
8.931000000000000050e-01
8.970000000000000195e-01
8.991999999999999993e-01
9.032000000000000028e-01
9.055999999999999606e-01
8.955999999999999517e-01
8.985999999999999543e-01
9.010000000000000231e-01
8.923999999999999710e-01
8.780999999999999917e-01
8.879000000000000226e-01
9.119000000000000439e-01
9.157999999999999474e-01
9.109000000000000430e-01
8.929000000000000270e-01
8.937000000000000499e-01
8.908000000000000362e-01
8.937000000000000499e-01
9.048000000000000487e-01
9.205999999999999739e-01
9.246999999999999664e-01
9.210000000000000409e-01
9.229000000000000536e-01
9.284000000000000030e-01
9.265999999999999792e-01
9.366999999999999771e-01
9.427999999999999714e-01
9.461000000000000520e-01
9.344999999999999973e-01
9.358999999999999542e-01
9.174999999999999822e-01
9.022000000000000020e-01
9.234999999999999876e-01
9.254000000000000004e-01
9.331000000000000405e-01
9.254000000000000004e-01
9.183999999999999941e-01
9.026999999999999469e-01
9.042000000000000037e-01
8.993999999999999773e-01
8.915999999999999481e-01
8.880000000000000115e-01
9.035999999999999588e-01
9.022000000000000020e-01
8.970000000000000195e-01
8.979000000000000314e-01
9.023999999999999799e-01
9.229000000000000536e-01
9.273000000000000131e-01
9.206999999999999629e-01
9.277999999999999581e-01
9.300000000000000488e-01
9.347999999999999643e-01
9.239000000000000545e-01
9.427999999999999714e-01
9.565000000000000169e-01
9.437999999999999723e-01
9.465000000000000080e-01
9.435999999999999943e-01
9.457999999999999741e-01
9.506999999999999895e-01
9.492000000000000437e-01
9.528999999999999693e-01
9.536999999999999922e-01
9.509999999999999565e-01
9.597999999999999865e-01
9.538999999999999702e-01
9.537999999999999812e-01
9.383000000000000229e-01
9.493000000000000327e-01
9.576999999999999957e-01
9.270000000000000462e-01
9.495999999999999996e-01
9.314999999999999947e-01
9.258999999999999453e-01
9.119000000000000439e-01
9.294000000000000039e-01
9.394000000000000128e-01
9.374000000000000110e-01
9.307999999999999607e-01
9.076999999999999513e-01
9.103999999999999870e-01
9.061000000000000165e-01
9.109000000000000430e-01
9.239000000000000545e-01
9.012000000000000011e-01
9.044999999999999707e-01
9.092000000000000082e-01
9.092999999999999972e-01
9.030000000000000249e-01
9.147999999999999465e-01
9.245999999999999774e-01
9.240000000000000435e-01
9.271000000000000352e-01
9.039000000000000368e-01
8.883999999999999675e-01
8.415000000000000258e-01
8.157999999999999696e-01
8.326000000000000068e-01
8.650999999999999801e-01
8.483000000000000540e-01
8.295000000000000151e-01
8.494000000000000439e-01
8.536000000000000254e-01
8.147999999999999687e-01
8.012000000000000233e-01
7.991000000000000325e-01
7.486000000000000432e-01
7.338999999999999968e-01
7.023000000000000353e-01
6.814999999999999947e-01
6.834999999999999964e-01
6.757999999999999563e-01
6.978999999999999648e-01
7.195000000000000284e-01
7.783999999999999808e-01
8.038999999999999480e-01
8.199999999999999512e-01
8.539999999999999813e-01
8.615000000000000435e-01
8.943999999999999728e-01
8.884999999999999565e-01
8.984999999999999654e-01
9.239000000000000545e-01
9.244999999999999885e-01
8.942999999999999838e-01
9.301000000000000378e-01
9.454000000000000181e-01
9.525000000000000133e-01
9.625000000000000222e-01
9.700999999999999623e-01
9.683000000000000496e-01
9.707999999999999963e-01
9.634000000000000341e-01
9.667000000000000037e-01
9.769999999999999796e-01
9.700999999999999623e-01
9.563000000000000389e-01
9.473000000000000309e-01
9.227999999999999536e-01
9.433000000000000274e-01
9.502000000000000446e-01
9.607999999999999874e-01
9.589999999999999636e-01
9.449999999999999512e-01
9.230000000000000426e-01
9.157999999999999474e-01
9.223999999999999977e-01
9.022000000000000020e-01
9.181000000000000272e-01
9.271000000000000352e-01
9.346999999999999753e-01
9.276999999999999691e-01
9.257999999999999563e-01
9.239000000000000545e-01
9.385000000000000009e-01
9.422000000000000375e-01
9.366999999999999771e-01
9.350000000000000533e-01
9.485999999999999988e-01
9.468999999999999639e-01
9.444000000000000172e-01
9.547999999999999821e-01
9.502000000000000446e-01
9.506999999999999895e-01
9.540999999999999481e-01
9.707000000000000073e-01
9.613000000000000433e-01
9.567999999999999838e-01
9.455999999999999961e-01
9.330000000000000515e-01
9.234999999999999876e-01
9.416999999999999815e-01
9.282000000000000250e-01
8.408999999999999808e-01
7.671999999999999931e-01
