6.981000000000000538e-01
6.650000000000000355e-01
5.897999999999999909e-01
4.726000000000000201e-01
3.845999999999999974e-01
3.111999999999999766e-01
2.777000000000000024e-01
2.431000000000000105e-01
2.026999999999999913e-01
1.680999999999999994e-01
1.474999999999999922e-01
1.521000000000000130e-01
1.370999999999999996e-01
9.919999999999999651e-02
7.370000000000000162e-02
5.700000000000000205e-02
5.229999999999999927e-02
4.290000000000000063e-02
2.999999999999999889e-02
2.179999999999999993e-02
1.710000000000000062e-02
6.599999999999999964e-03
3.000000000000000062e-03
0.000000000000000000e+00
0.000000000000000000e+00
0.000000000000000000e+00
0.000000000000000000e+00
0.000000000000000000e+00
0.000000000000000000e+00
0.000000000000000000e+00
0.000000000000000000e+00
0.000000000000000000e+00
0.000000000000000000e+00
0.000000000000000000e+00
0.000000000000000000e+00
0.000000000000000000e+00
6.700000000000000226e-03
1.039999999999999952e-02
7.900000000000000772e-03
2.309999999999999901e-02
2.560000000000000123e-02
2.210000000000000159e-02
1.890000000000000013e-02
1.269999999999999948e-02
2.019999999999999921e-02
2.589999999999999941e-02
3.919999999999999873e-02
4.979999999999999705e-02
5.639999999999999875e-02
6.130000000000000032e-02
6.049999999999999822e-02
5.700000000000000205e-02
5.519999999999999907e-02
5.569999999999999951e-02
4.939999999999999947e-02
5.569999999999999951e-02
4.789999999999999813e-02
3.790000000000000313e-02
3.540000000000000091e-02
3.209999999999999659e-02
4.039999999999999841e-02
4.000000000000000083e-02
4.170000000000000095e-02
3.479999999999999760e-02
3.690000000000000224e-02
3.479999999999999760e-02
3.980000000000000204e-02
4.429999999999999910e-02
4.769999999999999934e-02
5.330000000000000016e-02
7.739999999999999658e-02
7.910000000000000364e-02
8.210000000000000631e-02
8.039999999999999925e-02
8.859999999999999820e-02
9.360000000000000264e-02
9.800000000000000377e-02
1.043000000000000038e-01
1.213999999999999940e-01
1.310000000000000053e-01
1.176999999999999991e-01
9.810000000000000664e-02
9.049999999999999711e-02
6.119999999999999746e-02
4.329999999999999821e-02
3.370000000000000079e-02
3.980000000000000204e-02
5.000000000000000278e-02
6.180000000000000077e-02
6.740000000000000158e-02
7.630000000000000671e-02
8.849999999999999534e-02
8.930000000000000437e-02
7.459999999999999964e-02
6.099999999999999867e-02
4.750000000000000056e-02
3.880000000000000115e-02
3.810000000000000192e-02
3.679999999999999938e-02
5.050000000000000322e-02
7.249999999999999500e-02
9.790000000000000091e-02
1.272000000000000075e-01
1.680999999999999994e-01
1.832000000000000017e-01
2.278999999999999915e-01
2.697999999999999843e-01
2.909999999999999809e-01
3.612000000000000210e-01
4.433000000000000274e-01
5.282999999999999918e-01
5.950999999999999623e-01
6.320000000000000062e-01
6.778999999999999471e-01
7.141999999999999460e-01
7.497000000000000330e-01
7.592999999999999750e-01
7.882000000000000117e-01
8.128999999999999559e-01
8.171000000000000485e-01
8.093000000000000194e-01
8.207999999999999741e-01
8.304000000000000270e-01
8.116999999999999771e-01
7.849000000000000421e-01
7.553999999999999604e-01
7.095000000000000195e-01
6.676999999999999602e-01
6.012999999999999456e-01
5.377999999999999448e-01
4.842000000000000193e-01
4.373000000000000220e-01
4.030000000000000249e-01
3.937999999999999834e-01
3.924000000000000266e-01
3.735999999999999877e-01
3.755000000000000004e-01
3.662000000000000255e-01
3.406000000000000139e-01
2.842000000000000082e-01
2.575999999999999956e-01
1.849000000000000088e-01
1.655999999999999972e-01
1.409999999999999865e-01
1.129000000000000004e-01
9.950000000000000511e-02
8.119999999999999440e-02
6.700000000000000400e-02
6.099999999999999867e-02
4.789999999999999813e-02
4.769999999999999934e-02
4.209999999999999853e-02
3.749999999999999861e-02
2.659999999999999865e-02
3.579999999999999849e-02
3.520000000000000212e-02
4.830000000000000265e-02
4.549999999999999878e-02
3.939999999999999752e-02
4.880000000000000310e-02
4.750000000000000056e-02
3.080000000000000099e-02
2.829999999999999877e-02
1.899999999999999953e-02
1.089999999999999997e-02
1.069999999999999944e-02
6.899999999999999883e-03
2.700000000000000143e-03
2.200000000000000133e-03
6.499999999999999702e-03
4.400000000000000265e-03
2.200000000000000133e-03
2.899999999999999800e-03
7.100000000000000408e-03
1.190000000000000085e-02
2.750000000000000014e-02
4.669999999999999846e-02
5.430000000000000104e-02
8.169999999999999485e-02
8.100000000000000255e-02
9.879999999999999893e-02
1.275999999999999912e-01
1.673000000000000043e-01
2.295000000000000095e-01
2.207000000000000073e-01
2.149999999999999967e-01
1.986999999999999877e-01
1.764000000000000012e-01
1.844999999999999973e-01
1.411999999999999922e-01
1.020999999999999963e-01
8.340000000000000191e-02
7.370000000000000162e-02
7.069999999999999896e-02
6.339999999999999802e-02
4.039999999999999841e-02
3.139999999999999736e-02
8.800000000000000530e-03
8.999999999999999320e-03
7.100000000000000408e-03
0.000000000000000000e+00
1.100000000000000066e-03
9.100000000000000450e-03
1.340000000000000045e-02
6.700000000000000226e-03
1.529999999999999936e-02
1.660000000000000017e-02
2.239999999999999977e-02
3.049999999999999933e-02
3.420000000000000123e-02
4.630000000000000088e-02
5.870000000000000218e-02
5.720000000000000084e-02
6.519999999999999407e-02
6.650000000000000355e-02
7.270000000000000073e-02
8.609999999999999598e-02
6.869999999999999718e-02
6.840000000000000246e-02
4.909999999999999781e-02
3.250000000000000111e-02
2.149999999999999828e-02
1.460000000000000013e-02
8.999999999999999320e-03
5.999999999999999474e-04
0.000000000000000000e+00
3.599999999999999901e-03
1.799999999999999951e-03
1.399999999999999986e-03
2.200000000000000133e-03
4.000000000000000083e-03
1.149999999999999981e-02
7.400000000000000328e-03
1.159999999999999920e-02
1.789999999999999925e-02
2.230000000000000038e-02
2.809999999999999998e-02
2.560000000000000123e-02
8.899999999999999925e-03
1.129999999999999928e-02
6.499999999999999702e-03
2.599999999999999881e-03
0.000000000000000000e+00
0.000000000000000000e+00
5.599999999999999943e-03
6.999999999999999929e-04
7.499999999999999722e-03
2.210000000000000159e-02
3.090000000000000038e-02
4.730000000000000177e-02
3.529999999999999805e-02
2.699999999999999969e-02
3.509999999999999926e-02
2.520000000000000018e-02
3.139999999999999736e-02
3.679999999999999938e-02
4.560000000000000164e-02
5.220000000000000334e-02
5.410000000000000225e-02
6.119999999999999746e-02
5.290000000000000258e-02
4.549999999999999878e-02
2.160000000000000114e-02
2.040000000000000147e-02
7.599999999999999985e-03
7.900000000000000772e-03
0.000000000000000000e+00
5.300000000000000024e-03
1.340000000000000045e-02
3.450000000000000289e-02
5.859999999999999931e-02
6.940000000000000335e-02
8.000000000000000167e-02
8.870000000000000107e-02
1.092000000000000054e-01
1.184999999999999942e-01
1.165999999999999953e-01
1.163000000000000006e-01
1.074999999999999983e-01
9.719999999999999474e-02
6.300000000000000044e-02
3.969999999999999918e-02
3.020000000000000115e-02
1.549999999999999989e-02
7.799999999999999642e-03
1.209999999999999964e-02
1.430000000000000021e-02
1.050000000000000065e-02
2.270000000000000143e-02
2.440000000000000155e-02
2.620000000000000107e-02
3.670000000000000345e-02
3.359999999999999792e-02
2.450000000000000094e-02
2.009999999999999981e-02
2.649999999999999925e-02
3.420000000000000123e-02
5.020000000000000157e-02
4.830000000000000265e-02
6.060000000000000109e-02
5.129999999999999838e-02
3.620000000000000301e-02
1.460000000000000013e-02
1.619999999999999912e-02
1.110000000000000049e-02
0.000000000000000000e+00
1.199999999999999895e-03
1.480000000000000066e-02
3.459999999999999881e-02
2.000000000000000042e-02
2.019999999999999921e-02
3.280000000000000276e-02
1.499999999999999944e-02
1.349999999999999985e-02
1.569999999999999868e-02
1.020000000000000073e-02
9.700000000000000289e-03
1.170000000000000033e-02
3.500000000000000073e-03
2.350000000000000006e-02
2.920000000000000026e-02
2.309999999999999901e-02
3.309999999999999748e-02
3.259999999999999704e-02
4.939999999999999947e-02
4.109999999999999765e-02
3.719999999999999696e-02
1.930000000000000118e-02
2.639999999999999986e-02
7.900000000000000772e-03
5.899999999999999863e-03
5.000000000000000104e-04
1.099999999999999936e-02
1.260000000000000009e-02
6.300000000000000044e-03
8.200000000000000691e-03
1.619999999999999912e-02
3.399999999999999811e-03
8.500000000000000611e-03
1.209999999999999964e-02
2.409999999999999989e-02
2.599999999999999881e-02
3.099999999999999978e-02
6.600000000000000311e-02
1.009000000000000036e-01
1.356999999999999873e-01
1.587000000000000077e-01
1.597000000000000086e-01
1.842000000000000026e-01
1.927999999999999992e-01
1.933999999999999886e-01
1.567999999999999949e-01
1.426000000000000045e-01
1.277000000000000079e-01
1.335000000000000075e-01
1.287999999999999978e-01
1.262999999999999956e-01
1.232000000000000040e-01
1.165999999999999953e-01
1.173000000000000015e-01
1.189000000000000057e-01
1.169000000000000039e-01
1.293999999999999873e-01
1.335000000000000075e-01
1.630000000000000060e-01
2.026000000000000023e-01
2.349999999999999867e-01
2.726000000000000090e-01
3.365000000000000213e-01
3.973999999999999755e-01
4.457999999999999741e-01
5.283999999999999808e-01
6.240999999999999881e-01
6.451999999999999957e-01
7.566000000000000503e-01
8.463000000000000522e-01
8.842999999999999750e-01
9.111000000000000210e-01
9.527999999999999803e-01
9.478999999999999648e-01
9.413000000000000256e-01
9.426999999999999824e-01
9.475999999999999979e-01
9.707999999999999963e-01
9.705000000000000293e-01
9.653000000000000469e-01
9.619999999999999662e-01
9.331000000000000405e-01
9.461000000000000520e-01
9.478999999999999648e-01
9.443000000000000282e-01
9.463000000000000300e-01
9.455999999999999961e-01
9.578999999999999737e-01
9.673000000000000487e-01
9.586000000000000076e-01
9.466999999999999860e-01
9.579999999999999627e-01
9.576000000000000068e-01
9.688999999999999835e-01
9.746000000000000218e-01
9.992999999999999661e-01
9.754000000000000448e-01
9.748999999999999888e-01
9.946000000000000396e-01
9.775000000000000355e-01
9.855000000000000426e-01
9.871999999999999664e-01
9.979999999999999982e-01
1.000000000000000000e+00
9.915000000000000480e-01
9.936000000000000387e-01
9.885000000000000453e-01
1.000000000000000000e+00
1.000000000000000000e+00
1.000000000000000000e+00
9.891999999999999682e-01
9.932999999999999607e-01
9.993999999999999551e-01
9.976000000000000423e-01
9.906000000000000361e-01
9.918000000000000149e-01
1.000000000000000000e+00
9.912999999999999590e-01
1.000000000000000000e+00
1.000000000000000000e+00
1.000000000000000000e+00
9.992999999999999661e-01
1.000000000000000000e+00
9.880999999999999783e-01
9.911999999999999700e-01
9.895000000000000462e-01
9.998000000000000220e-01
1.000000000000000000e+00
9.901999999999999691e-01
9.854000000000000536e-01
9.825000000000000400e-01
1.000000000000000000e+00
9.953999999999999515e-01
9.889999999999999902e-01
1.000000000000000000e+00
9.988000000000000211e-01
9.887000000000000233e-01
9.639999999999999680e-01
9.637000000000000011e-01
9.733000000000000540e-01
9.532000000000000473e-01
9.433000000000000274e-01
9.361000000000000432e-01
9.384000000000000119e-01
9.412000000000000366e-01
9.371000000000000441e-01
9.475999999999999979e-01
9.658999999999999808e-01
9.575000000000000178e-01
9.725000000000000311e-01
9.747999999999999998e-01
9.583000000000000407e-01
9.665000000000000258e-01
9.589999999999999636e-01
9.429999999999999494e-01
9.477999999999999758e-01
9.177999999999999492e-01
9.465999999999999970e-01
9.725000000000000311e-01
9.708999999999999853e-01
9.565000000000000169e-01
9.657000000000000028e-01
9.724000000000000421e-01
9.858000000000000096e-01
9.952999999999999625e-01
1.000000000000000000e+00
1.000000000000000000e+00
1.000000000000000000e+00
1.000000000000000000e+00
1.000000000000000000e+00
1.000000000000000000e+00
1.000000000000000000e+00
1.000000000000000000e+00
1.000000000000000000e+00
1.000000000000000000e+00
9.996000000000000441e-01
9.971999999999999753e-01
1.000000000000000000e+00
9.973999999999999533e-01
1.000000000000000000e+00
1.000000000000000000e+00
1.000000000000000000e+00
9.871999999999999664e-01
9.936000000000000387e-01
1.000000000000000000e+00
1.000000000000000000e+00
9.921999999999999709e-01
9.857000000000000206e-01
9.980999999999999872e-01
1.000000000000000000e+00
9.920999999999999819e-01
1.000000000000000000e+00
1.000000000000000000e+00
9.956000000000000405e-01
9.903999999999999471e-01
9.949999999999999956e-01
1.000000000000000000e+00
1.000000000000000000e+00
1.000000000000000000e+00
9.970999999999999863e-01
1.000000000000000000e+00
1.000000000000000000e+00
1.000000000000000000e+00
1.000000000000000000e+00
1.000000000000000000e+00
1.000000000000000000e+00
1.000000000000000000e+00
1.000000000000000000e+00
1.000000000000000000e+00
1.000000000000000000e+00
1.000000000000000000e+00
1.000000000000000000e+00
1.000000000000000000e+00
1.000000000000000000e+00
1.000000000000000000e+00
1.000000000000000000e+00
1.000000000000000000e+00
1.000000000000000000e+00
1.000000000000000000e+00
1.000000000000000000e+00
1.000000000000000000e+00
1.000000000000000000e+00
1.000000000000000000e+00
1.000000000000000000e+00
9.982999999999999652e-01
9.980999999999999872e-01
9.989000000000000101e-01
9.960999999999999854e-01
1.000000000000000000e+00
9.766000000000000236e-01
9.801999999999999602e-01
9.889999999999999902e-01
9.889000000000000012e-01
9.807000000000000162e-01
9.951999999999999735e-01
9.880999999999999783e-01
1.000000000000000000e+00
9.967000000000000304e-01
1.000000000000000000e+00
1.000000000000000000e+00
1.000000000000000000e+00
1.000000000000000000e+00
1.000000000000000000e+00
1.000000000000000000e+00
1.000000000000000000e+00
1.000000000000000000e+00
1.000000000000000000e+00
1.000000000000000000e+00
1.000000000000000000e+00
1.000000000000000000e+00
1.000000000000000000e+00
1.000000000000000000e+00
9.961999999999999744e-01
9.927000000000000268e-01
9.772999999999999465e-01
9.691999999999999504e-01
9.780999999999999694e-01
9.727999999999999980e-01
9.627000000000000002e-01
9.681999999999999496e-01
9.765000000000000346e-01
9.714000000000000412e-01
9.718999999999999861e-01
9.845000000000000417e-01
9.889000000000000012e-01
1.000000000000000000e+00
1.000000000000000000e+00
9.938000000000000167e-01
1.000000000000000000e+00
9.957000000000000295e-01
1.000000000000000000e+00
1.000000000000000000e+00
1.000000000000000000e+00
1.000000000000000000e+00
1.000000000000000000e+00
1.000000000000000000e+00
1.000000000000000000e+00
1.000000000000000000e+00
1.000000000000000000e+00
1.000000000000000000e+00
1.000000000000000000e+00
1.000000000000000000e+00
1.000000000000000000e+00
1.000000000000000000e+00
1.000000000000000000e+00
1.000000000000000000e+00
1.000000000000000000e+00
1.000000000000000000e+00
1.000000000000000000e+00
1.000000000000000000e+00
1.000000000000000000e+00
1.000000000000000000e+00
1.000000000000000000e+00
1.000000000000000000e+00
9.990999999999999881e-01
1.000000000000000000e+00
1.000000000000000000e+00
1.000000000000000000e+00
1.000000000000000000e+00
1.000000000000000000e+00
1.000000000000000000e+00
1.000000000000000000e+00
1.000000000000000000e+00
9.982999999999999652e-01
9.915000000000000480e-01
9.941999999999999726e-01
1.000000000000000000e+00
1.000000000000000000e+00
1.000000000000000000e+00
1.000000000000000000e+00
1.000000000000000000e+00
1.000000000000000000e+00
1.000000000000000000e+00
1.000000000000000000e+00
1.000000000000000000e+00
1.000000000000000000e+00
1.000000000000000000e+00
9.942999999999999616e-01
1.000000000000000000e+00
1.000000000000000000e+00
1.000000000000000000e+00
1.000000000000000000e+00
1.000000000000000000e+00
9.959999999999999964e-01
1.000000000000000000e+00
9.993999999999999551e-01
1.000000000000000000e+00
9.852999999999999536e-01
9.839999999999999858e-01
9.701999999999999513e-01
9.814000000000000501e-01
9.758000000000000007e-01
9.888000000000000123e-01
9.939999999999999947e-01
9.888000000000000123e-01
9.889999999999999902e-01
9.989999999999999991e-01
9.979000000000000092e-01
9.925000000000000488e-01
9.870999999999999774e-01
9.949999999999999956e-01
9.985000000000000542e-01
9.969999999999999973e-01
1.000000000000000000e+00
1.000000000000000000e+00
1.000000000000000000e+00
1.000000000000000000e+00
1.000000000000000000e+00
1.000000000000000000e+00
1.000000000000000000e+00
1.000000000000000000e+00
9.932999999999999607e-01
1.000000000000000000e+00
9.999000000000000110e-01
9.948000000000000176e-01
1.000000000000000000e+00
1.000000000000000000e+00
1.000000000000000000e+00
1.000000000000000000e+00
1.000000000000000000e+00
1.000000000000000000e+00
1.000000000000000000e+00
9.999000000000000110e-01
1.000000000000000000e+00
1.000000000000000000e+00
9.963999999999999524e-01
1.000000000000000000e+00
1.000000000000000000e+00
1.000000000000000000e+00
1.000000000000000000e+00
1.000000000000000000e+00
9.966000000000000414e-01
1.000000000000000000e+00
1.000000000000000000e+00
1.000000000000000000e+00
1.000000000000000000e+00
1.000000000000000000e+00
9.900999999999999801e-01
1.000000000000000000e+00
1.000000000000000000e+00
9.998000000000000220e-01
9.955000000000000515e-01
9.840999999999999748e-01
9.688999999999999835e-01
9.687000000000000055e-01
9.660999999999999588e-01
9.273000000000000131e-01
9.045999999999999597e-01
8.702999999999999625e-01
7.923999999999999932e-01
7.098999999999999755e-01
6.723000000000000087e-01
6.215000000000000524e-01
5.618999999999999551e-01
5.038000000000000256e-01
4.610000000000000209e-01
4.197000000000000175e-01
3.877999999999999781e-01
3.471000000000000196e-01
3.181999999999999829e-01
2.701999999999999957e-01
2.209000000000000130e-01
1.685999999999999999e-01
1.486999999999999988e-01
1.489999999999999936e-01
1.521000000000000130e-01
1.678000000000000047e-01
1.700000000000000122e-01
1.804000000000000048e-01
1.746000000000000052e-01
1.957000000000000128e-01
2.376000000000000056e-01
2.842000000000000082e-01
3.139000000000000123e-01
3.657000000000000250e-01
3.523999999999999910e-01
3.577000000000000179e-01
3.711999999999999744e-01
3.953999999999999737e-01
3.985000000000000209e-01
4.248000000000000109e-01
4.205999999999999739e-01
4.526999999999999913e-01
5.112999999999999767e-01
5.290000000000000258e-01
5.827999999999999847e-01
6.209999999999999964e-01
5.948999999999999844e-01
5.417999999999999483e-01
5.012999999999999678e-01
4.932000000000000273e-01
4.460000000000000075e-01
4.101000000000000201e-01
3.317999999999999838e-01
3.532000000000000139e-01
3.275000000000000133e-01
2.918999999999999928e-01
2.929999999999999827e-01
2.612999999999999767e-01
2.612999999999999767e-01
2.444999999999999951e-01
2.210999999999999910e-01
2.156000000000000139e-01
2.033999999999999975e-01
2.058999999999999997e-01
2.099999999999999922e-01
2.303999999999999937e-01
2.687999999999999834e-01
3.165999999999999925e-01
3.523000000000000020e-01
3.991999999999999993e-01
4.519000000000000239e-01
4.884000000000000008e-01
5.212999999999999856e-01
5.489000000000000545e-01
6.743999999999999995e-01
6.848999999999999533e-01
7.617000000000000437e-01
8.306999999999999940e-01
8.949000000000000288e-01
9.224999999999999867e-01
9.514000000000000234e-01
9.686000000000000165e-01
9.779999999999999805e-01
9.875000000000000444e-01
9.691999999999999504e-01
9.516999999999999904e-01
9.573000000000000398e-01
9.595000000000000195e-01
9.569999999999999618e-01
9.342000000000000304e-01
9.525000000000000133e-01
9.677999999999999936e-01
9.733000000000000540e-01
9.525000000000000133e-01
9.639999999999999680e-01
9.697000000000000064e-01
9.768999999999999906e-01
9.784000000000000474e-01
9.841999999999999638e-01
9.841999999999999638e-01
9.764000000000000457e-01
9.831999999999999629e-01
9.761999999999999567e-01
9.765000000000000346e-01
9.795000000000000373e-01
9.535000000000000142e-01
9.183999999999999941e-01
8.928000000000000380e-01
8.346999999999999975e-01
