9.384000000000000119e-01
9.187999999999999501e-01
8.920000000000000151e-01
8.823999999999999622e-01
8.589999999999999858e-01
8.483000000000000540e-01
8.335000000000000187e-01
8.238999999999999657e-01
8.060000000000000497e-01
8.002000000000000224e-01
7.561999999999999833e-01
7.168999999999999817e-01
6.802000000000000268e-01
6.351999999999999869e-01
6.178000000000000158e-01
6.159999999999999920e-01
6.169999999999999929e-01
6.512000000000000011e-01
6.320999999999999952e-01
7.264000000000000457e-01
7.770000000000000240e-01
7.993999999999999995e-01
8.289999999999999591e-01
8.528999999999999915e-01
9.160000000000000364e-01
9.222000000000000197e-01
9.161000000000000254e-01
9.325999999999999845e-01
9.469999999999999529e-01
9.443000000000000282e-01
9.663000000000000478e-01
9.467999999999999750e-01
9.405999999999999917e-01
9.510999999999999455e-01
9.577999999999999847e-01
9.536000000000000032e-01
9.596999999999999975e-01
9.452000000000000401e-01
9.634000000000000341e-01
9.555000000000000160e-01
9.433000000000000274e-01
9.405999999999999917e-01
9.481000000000000538e-01
9.454000000000000181e-01
9.343000000000000194e-01
9.421000000000000485e-01
9.307999999999999607e-01
9.383000000000000229e-01
9.435999999999999943e-01
9.433000000000000274e-01
9.426999999999999824e-01
9.485999999999999988e-01
9.468999999999999639e-01
9.445000000000000062e-01
9.394000000000000128e-01
9.485000000000000098e-01
9.665000000000000258e-01
9.600999999999999535e-01
9.799999999999999822e-01
9.750999999999999668e-01
9.616999999999999993e-01
9.563000000000000389e-01
9.544000000000000261e-01
9.641999999999999460e-01
9.719999999999999751e-01
9.713000000000000522e-01
9.730999999999999650e-01
9.741999999999999549e-01
9.814000000000000501e-01
9.743000000000000549e-01
9.750999999999999668e-01
9.768999999999999906e-01
9.736000000000000210e-01
9.640999999999999570e-01
9.584000000000000297e-01
9.455000000000000071e-01
9.230000000000000426e-01
9.046999999999999487e-01
9.041000000000000147e-01
9.042999999999999927e-01
9.114999999999999769e-01
9.085999999999999632e-01
9.285999999999999810e-01
9.078000000000000513e-01
9.260000000000000453e-01
9.413000000000000256e-01
9.428999999999999604e-01
9.522000000000000464e-01
9.532000000000000473e-01
9.558999999999999719e-01
9.451000000000000512e-01
9.419999999999999485e-01
9.468999999999999639e-01
9.568999999999999728e-01
9.666000000000000147e-01
9.590999999999999526e-01
9.543000000000000371e-01
9.483000000000000318e-01
9.468999999999999639e-01
9.560999999999999499e-01
9.661999999999999478e-01
9.408999999999999586e-01
9.449999999999999512e-01
9.508999999999999675e-01
9.464000000000000190e-01
9.549999999999999600e-01
9.472000000000000419e-01
9.354000000000000092e-01
9.300000000000000488e-01
9.274999999999999911e-01
9.239000000000000545e-01
9.197999999999999510e-01
9.163000000000000034e-01
9.322000000000000286e-01
9.321000000000000396e-01
9.274999999999999911e-01
9.368999999999999551e-01
9.342000000000000304e-01
9.291000000000000369e-01
9.425999999999999934e-01
9.282000000000000250e-01
9.436999999999999833e-01
9.637000000000000011e-01
9.546999999999999931e-01
9.378999999999999559e-01
9.306999999999999718e-01
9.220000000000000417e-01
9.081000000000000183e-01
9.022999999999999909e-01
9.135999999999999677e-01
9.122000000000000108e-01
9.074999999999999734e-01
8.903999999999999693e-01
8.928000000000000380e-01
8.980000000000000204e-01
9.131000000000000227e-01
8.873999999999999666e-01
9.008000000000000451e-01
9.022000000000000020e-01
8.947000000000000508e-01
9.125999999999999668e-01
9.157999999999999474e-01
8.921999999999999931e-01
8.932999999999999829e-01
8.871999999999999886e-01
8.965999999999999526e-01
9.031000000000000139e-01
9.217999999999999527e-01
9.193000000000000060e-01
9.153999999999999915e-01
9.127999999999999448e-01
9.176999999999999602e-01
9.302000000000000268e-01
9.133000000000000007e-01
9.379999999999999449e-01
9.163000000000000034e-01
9.342000000000000304e-01
9.231000000000000316e-01
9.404000000000000137e-01
9.209000000000000519e-01
9.337999999999999634e-01
9.241000000000000325e-01
9.266999999999999682e-01
9.459999999999999520e-01
9.477999999999999758e-01
9.385000000000000009e-01
9.300000000000000488e-01
9.332000000000000295e-01
9.325999999999999845e-01
9.411000000000000476e-01
9.493000000000000327e-01
9.276999999999999691e-01
9.139000000000000457e-01
9.056999999999999496e-01
8.977000000000000535e-01
9.012000000000000011e-01
9.038000000000000478e-01
8.930000000000000160e-01
9.131000000000000227e-01
9.085999999999999632e-01
9.140000000000000346e-01
9.026999999999999469e-01
8.910000000000000142e-01
8.953999999999999737e-01
8.911000000000000032e-01
8.933999999999999719e-01
9.133999999999999897e-01
9.050000000000000266e-01
9.102999999999999980e-01
9.157999999999999474e-01
9.210000000000000409e-01
9.313000000000000167e-01
9.233000000000000096e-01
9.240000000000000435e-01
9.192000000000000171e-01
9.207999999999999519e-01
9.233000000000000096e-01
9.174999999999999822e-01
9.203999999999999959e-01
9.166999999999999593e-01
9.064999999999999725e-01
8.814999999999999503e-01
8.820000000000000062e-01
8.872999999999999776e-01
8.881999999999999895e-01
8.790000000000000036e-01
8.742999999999999661e-01
8.881000000000000005e-01
8.860000000000000098e-01
8.749000000000000110e-01
8.537000000000000144e-01
8.788000000000000256e-01
8.840000000000000080e-01
8.767000000000000348e-01
8.703999999999999515e-01
8.625000000000000444e-01
8.705000000000000515e-01
8.675000000000000488e-01
8.800000000000000044e-01
8.899000000000000243e-01
8.830999999999999961e-01
8.529999999999999805e-01
8.605000000000000426e-01
8.621999999999999664e-01
8.618999999999999995e-01
8.655000000000000471e-01
8.658000000000000140e-01
8.602999999999999536e-01
8.640999999999999792e-01
8.695000000000000506e-01
9.033999999999999808e-01
8.970000000000000195e-01
8.907000000000000473e-01
8.699000000000000066e-01
8.839000000000000190e-01
8.988000000000000433e-01
8.989000000000000323e-01
8.912999999999999812e-01
8.999000000000000332e-01
8.980000000000000204e-01
9.065999999999999615e-01
9.288999999999999480e-01
9.266999999999999682e-01
9.347999999999999643e-01
9.272000000000000242e-01
9.256999999999999673e-01
9.314000000000000057e-01
9.284000000000000030e-01
9.124999999999999778e-01
9.255999999999999783e-01
9.304000000000000048e-01
9.189000000000000501e-01
9.290000000000000480e-01
9.445000000000000062e-01
9.347999999999999643e-01
9.351000000000000423e-01
9.301000000000000378e-01
9.396999999999999797e-01
9.435999999999999943e-01
9.428999999999999604e-01
9.556000000000000050e-01
9.519999999999999574e-01
9.556999999999999940e-01
9.409999999999999476e-01
9.441000000000000503e-01
9.494000000000000217e-01
9.405000000000000027e-01
9.291000000000000369e-01
9.415999999999999925e-01
9.284999999999999920e-01
9.210000000000000409e-01
9.229000000000000536e-01
9.171000000000000263e-01
9.395999999999999908e-01
9.293000000000000149e-01
9.207999999999999519e-01
9.317999999999999616e-01
9.395999999999999908e-01
9.264000000000000012e-01
9.318999999999999506e-01
9.278999999999999471e-01
9.336999999999999744e-01
9.378999999999999559e-01
9.375000000000000000e-01
9.318999999999999506e-01
9.337999999999999634e-01
9.304000000000000048e-01
9.203000000000000069e-01
9.032000000000000028e-01
9.035999999999999588e-01
9.183999999999999941e-01
9.236999999999999655e-01
9.088000000000000522e-01
9.164999999999999813e-01
9.360000000000000542e-01
9.272000000000000242e-01
9.157999999999999474e-01
9.209000000000000519e-01
9.177999999999999492e-01
9.155999999999999694e-01
9.134999999999999787e-01
8.887000000000000455e-01
8.980000000000000204e-01
8.929000000000000270e-01
8.915999999999999481e-01
8.897000000000000464e-01
8.903999999999999693e-01
8.680999999999999828e-01
8.793999999999999595e-01
8.618999999999999995e-01
8.549999999999999822e-01
8.447000000000000064e-01
8.347999999999999865e-01
8.239999999999999547e-01
8.117999999999999661e-01
8.072000000000000286e-01
7.883999999999999897e-01
7.977999999999999536e-01
7.840000000000000302e-01
7.963000000000000078e-01
8.277999999999999803e-01
8.272000000000000464e-01
8.465000000000000302e-01
8.660999999999999810e-01
8.629000000000000004e-01
8.688000000000000167e-01
8.847000000000000419e-01
8.908000000000000362e-01
8.939000000000000279e-01
8.907000000000000473e-01
9.038000000000000478e-01
9.049000000000000377e-01
8.948000000000000398e-01
8.933999999999999719e-01
8.841999999999999860e-01
8.891000000000000014e-01
8.898000000000000353e-01
8.917000000000000481e-01
8.928000000000000380e-01
8.787000000000000366e-01
8.987000000000000544e-01
9.065999999999999615e-01
9.231000000000000316e-01
9.353000000000000203e-01
9.495999999999999996e-01
9.477999999999999758e-01
9.612000000000000544e-01
9.528999999999999693e-01
9.552000000000000490e-01
9.482000000000000428e-01
9.446999999999999842e-01
9.451000000000000512e-01
9.498999999999999666e-01
9.444000000000000172e-01
9.476999999999999869e-01
9.394000000000000128e-01
9.462000000000000410e-01
9.484000000000000208e-01
9.500999999999999446e-01
9.463000000000000300e-01
9.536999999999999922e-01
9.465999999999999970e-01
9.467999999999999750e-01
9.449999999999999512e-01
9.456999999999999851e-01
9.495000000000000107e-01
9.546999999999999931e-01
9.758999999999999897e-01
9.718999999999999861e-01
9.631999999999999451e-01
9.539999999999999591e-01
9.482000000000000428e-01
9.439999999999999503e-01
9.338999999999999524e-01
9.394000000000000128e-01
9.317999999999999616e-01
9.315999999999999837e-01
9.192000000000000171e-01
9.234999999999999876e-01
9.185999999999999721e-01
9.268999999999999462e-01
9.294000000000000039e-01
9.408999999999999586e-01
9.353000000000000203e-01
9.328999999999999515e-01
9.402000000000000357e-01
9.421000000000000485e-01
9.449999999999999512e-01
9.497999999999999776e-01
9.414000000000000146e-01
9.254999999999999893e-01
9.251000000000000334e-01
9.166999999999999593e-01
9.089000000000000412e-01
9.005999999999999561e-01
8.945999999999999508e-01
8.854999999999999538e-01
8.743999999999999551e-01
8.759000000000000119e-01
8.671999999999999709e-01
8.718000000000000194e-01
8.824999999999999512e-01
8.922999999999999821e-01
9.050000000000000266e-01
9.102000000000000091e-01
9.224999999999999867e-01
9.384000000000000119e-01
9.442000000000000393e-01
9.526999999999999913e-01
9.613000000000000433e-01
9.595000000000000195e-01
9.610999999999999543e-01
9.708999999999999853e-01
9.651999999999999469e-01
9.661999999999999478e-01
9.596000000000000085e-01
9.432000000000000384e-01
9.576000000000000068e-01
9.481000000000000538e-01
9.500999999999999446e-01
9.497999999999999776e-01
9.522000000000000464e-01
9.457999999999999741e-01
9.457999999999999741e-01
9.493000000000000327e-01
9.479999999999999538e-01
9.535000000000000142e-01
9.457999999999999741e-01
9.305999999999999828e-01
9.139000000000000457e-01
8.771999999999999797e-01
8.466000000000000192e-01
7.914999999999999813e-01
6.846999999999999753e-01
5.598999999999999533e-01
4.309999999999999942e-01
3.186999999999999833e-01
2.439999999999999947e-01
1.960999999999999965e-01
1.441000000000000059e-01
1.279000000000000137e-01
1.226000000000000006e-01
1.320000000000000062e-01
1.464000000000000024e-01
1.701000000000000012e-01
2.084000000000000019e-01
2.446000000000000119e-01
2.505000000000000004e-01
2.553000000000000269e-01
2.698999999999999733e-01
2.564000000000000168e-01
2.421999999999999986e-01
2.280999999999999972e-01
2.278999999999999915e-01
2.064999999999999891e-01
2.074000000000000010e-01
1.983000000000000040e-01
1.907999999999999974e-01
1.841000000000000136e-01
1.834999999999999964e-01
1.796999999999999986e-01
1.953999999999999904e-01
2.053999999999999992e-01
1.927000000000000102e-01
1.902000000000000079e-01
1.668000000000000038e-01
1.529000000000000081e-01
1.406000000000000028e-01
1.237000000000000044e-01
1.131999999999999951e-01
9.900000000000000466e-02
7.729999999999999372e-02
4.619999999999999801e-02
2.089999999999999844e-02
4.899999999999999842e-03
4.000000000000000083e-03
3.299999999999999982e-03
1.699999999999999905e-03
0.000000000000000000e+00
0.000000000000000000e+00
0.000000000000000000e+00
9.400000000000000369e-03
1.710000000000000062e-02
2.589999999999999941e-02
5.149999999999999717e-02
5.720000000000000084e-02
5.249999999999999806e-02
5.619999999999999996e-02
3.490000000000000047e-02
3.549999999999999684e-02
3.330000000000000321e-02
2.750000000000000014e-02
2.230000000000000038e-02
1.980000000000000163e-02
1.650000000000000078e-02
2.189999999999999933e-02
1.739999999999999880e-02
1.510000000000000057e-02
1.830000000000000029e-02
1.640000000000000138e-02
2.690000000000000030e-02
4.150000000000000216e-02
4.780000000000000221e-02
6.690000000000000113e-02
8.970000000000000195e-02
9.229999999999999316e-02
9.819999999999999563e-02
9.229999999999999316e-02
8.709999999999999687e-02
7.359999999999999876e-02
7.739999999999999658e-02
6.550000000000000266e-02
6.569999999999999452e-02
6.090000000000000274e-02
5.129999999999999838e-02
4.830000000000000265e-02
4.510000000000000120e-02
4.469999999999999668e-02
4.309999999999999942e-02
4.299999999999999656e-02
4.630000000000000088e-02
4.700000000000000011e-02
5.179999999999999882e-02
6.379999999999999560e-02
1.034999999999999948e-01
1.203999999999999931e-01
1.796000000000000096e-01
2.053999999999999992e-01
2.715000000000000191e-01
3.136999999999999789e-01
3.149000000000000132e-01
