9.668999999999999817e-01
9.106999999999999540e-01
8.780999999999999917e-01
8.076999999999999735e-01
7.521999999999999797e-01
7.024000000000000243e-01
6.756999999999999673e-01
6.485999999999999543e-01
6.696999999999999620e-01
6.398000000000000353e-01
6.074000000000000510e-01
5.763000000000000345e-01
5.649999999999999467e-01
5.796000000000000041e-01
6.338000000000000300e-01
6.356000000000000538e-01
6.613999999999999879e-01
6.432999999999999829e-01
5.963000000000000522e-01
5.674000000000000155e-01
5.459000000000000519e-01
5.709999999999999520e-01
5.524999999999999911e-01
5.750999999999999446e-01
5.452000000000000179e-01
5.802000000000000490e-01
5.735999999999999988e-01
6.085000000000000409e-01
6.743999999999999995e-01
6.279000000000000137e-01
6.382999999999999785e-01
6.710000000000000409e-01
6.781000000000000361e-01
6.848999999999999533e-01
6.901000000000000467e-01
6.792000000000000259e-01
6.966999999999999860e-01
7.244000000000000439e-01
7.949000000000000510e-01
8.249999999999999556e-01
8.647000000000000242e-01
9.270000000000000462e-01
9.153999999999999915e-01
8.549999999999999822e-01
8.637000000000000233e-01
8.155000000000000027e-01
8.470999999999999641e-01
8.526000000000000245e-01
8.453000000000000513e-01
8.606000000000000316e-01
8.716000000000000414e-01
8.518999999999999906e-01
8.680999999999999828e-01
8.569999999999999840e-01
8.768000000000000238e-01
8.535000000000000364e-01
8.368999999999999773e-01
7.870000000000000329e-01
7.438000000000000167e-01
7.195000000000000284e-01
7.006000000000000005e-01
6.758999999999999453e-01
6.712000000000000188e-01
6.653000000000000025e-01
6.716999999999999638e-01
6.755999999999999783e-01
6.837999999999999634e-01
7.106999999999999984e-01
7.231999999999999540e-01
7.539000000000000146e-01
8.194000000000000172e-01
9.140000000000000346e-01
9.500999999999999446e-01
9.745000000000000329e-01
9.718999999999999861e-01
9.801999999999999602e-01
1.000000000000000000e+00
1.000000000000000000e+00
1.000000000000000000e+00
1.000000000000000000e+00
1.000000000000000000e+00
1.000000000000000000e+00
9.946000000000000396e-01
1.000000000000000000e+00
9.859999999999999876e-01
9.937000000000000277e-01
9.796000000000000263e-01
1.000000000000000000e+00
9.809999999999999831e-01
9.973999999999999533e-01
9.636000000000000121e-01
9.717999999999999972e-01
9.816000000000000281e-01
9.522000000000000464e-01
9.744000000000000439e-01
9.844000000000000528e-01
9.398999999999999577e-01
9.519999999999999574e-01
9.402000000000000357e-01
9.367999999999999661e-01
9.570999999999999508e-01
9.295999999999999819e-01
9.210000000000000409e-01
9.024999999999999689e-01
8.978000000000000425e-01
8.948000000000000398e-01
8.928000000000000380e-01
9.160000000000000364e-01
9.297999999999999599e-01
9.324000000000000066e-01
9.343000000000000194e-01
9.274000000000000021e-01
9.447999999999999732e-01
9.627999999999999892e-01
9.707000000000000073e-01
9.897000000000000242e-01
1.000000000000000000e+00
1.000000000000000000e+00
1.000000000000000000e+00
1.000000000000000000e+00
1.000000000000000000e+00
1.000000000000000000e+00
1.000000000000000000e+00
9.989000000000000101e-01
1.000000000000000000e+00
1.000000000000000000e+00
9.922999999999999599e-01
1.000000000000000000e+00
1.000000000000000000e+00
9.871999999999999664e-01
9.857000000000000206e-01
9.631999999999999451e-01
9.613000000000000433e-01
9.557999999999999829e-01
9.056999999999999496e-01
8.985999999999999543e-01
8.711999999999999744e-01
8.633999999999999453e-01
8.542999999999999483e-01
8.457000000000000073e-01
8.316999999999999948e-01
8.015999999999999792e-01
7.879000000000000448e-01
7.607000000000000428e-01
7.395000000000000462e-01
6.996999999999999886e-01
6.401999999999999913e-01
5.713000000000000300e-01
5.345999999999999641e-01
4.733999999999999875e-01
4.339000000000000079e-01
4.107999999999999985e-01
3.871999999999999886e-01
4.050000000000000266e-01
3.901999999999999913e-01
3.478999999999999870e-01
3.738000000000000211e-01
3.442999999999999949e-01
3.638000000000000123e-01
3.659000000000000030e-01
3.654999999999999916e-01
3.643000000000000127e-01
3.734000000000000097e-01
3.701999999999999735e-01
3.613999999999999990e-01
3.574999999999999845e-01
3.570999999999999730e-01
3.713000000000000189e-01
3.834000000000000186e-01
3.785999999999999921e-01
3.629999999999999893e-01
3.607000000000000206e-01
3.275000000000000133e-01
3.129000000000000115e-01
2.827000000000000068e-01
2.560999999999999943e-01
2.364999999999999880e-01
2.361999999999999933e-01
1.900999999999999912e-01
1.584000000000000130e-01
1.330999999999999961e-01
1.325999999999999956e-01
1.300000000000000044e-01
1.050999999999999990e-01
1.150000000000000050e-01
8.640000000000000457e-02
6.859999999999999432e-02
9.489999999999999825e-02
6.819999999999999674e-02
4.870000000000000023e-02
3.930000000000000160e-02
5.390000000000000346e-02
4.080000000000000293e-02
4.610000000000000209e-02
5.050000000000000322e-02
5.500000000000000028e-02
6.809999999999999387e-02
9.329999999999999405e-02
1.203000000000000042e-01
1.426999999999999935e-01
1.786000000000000087e-01
2.378000000000000114e-01
2.822999999999999954e-01
3.242999999999999772e-01
4.168000000000000038e-01
5.122999999999999776e-01
5.895000000000000240e-01
6.863000000000000211e-01
7.457000000000000295e-01
7.861000000000000210e-01
8.264000000000000234e-01
8.538999999999999924e-01
8.707000000000000295e-01
8.789000000000000146e-01
8.951999999999999957e-01
9.225999999999999757e-01
9.461000000000000520e-01
9.717999999999999972e-01
9.794000000000000483e-01
9.717000000000000082e-01
9.730999999999999650e-01
9.842999999999999527e-01
9.782999999999999474e-01
9.845000000000000417e-01
9.915000000000000480e-01
9.778999999999999915e-01
9.550999999999999490e-01
9.675000000000000266e-01
9.794000000000000483e-01
9.898000000000000131e-01
9.876000000000000334e-01
1.000000000000000000e+00
9.949999999999999956e-01
9.728999999999999870e-01
9.519999999999999574e-01
9.170000000000000373e-01
8.927000000000000490e-01
8.746000000000000441e-01
8.340999999999999526e-01
8.187999999999999723e-01
7.657000000000000473e-01
7.478000000000000203e-01
7.211999999999999522e-01
6.879999999999999449e-01
7.224000000000000421e-01
7.211999999999999522e-01
7.524999999999999467e-01
7.634999999999999565e-01
7.795999999999999597e-01
8.046999999999999709e-01
8.004000000000000004e-01
7.920000000000000373e-01
7.946999999999999620e-01
7.932000000000000162e-01
8.133000000000000229e-01
8.348999999999999755e-01
8.637000000000000233e-01
8.719000000000000083e-01
8.747000000000000330e-01
8.607000000000000206e-01
8.368999999999999773e-01
8.012000000000000233e-01
7.589000000000000190e-01
6.912000000000000366e-01
6.240999999999999881e-01
5.757999999999999785e-01
5.628999999999999559e-01
5.523000000000000131e-01
5.318000000000000504e-01
5.263999999999999790e-01
5.711000000000000520e-01
5.666999999999999815e-01
5.433000000000000052e-01
5.746999999999999886e-01
5.989999999999999769e-01
6.817999999999999616e-01
7.135000000000000231e-01
8.364000000000000323e-01
8.814999999999999503e-01
9.215999999999999748e-01
9.054999999999999716e-01
9.121000000000000218e-01
9.196999999999999620e-01
9.819999999999999840e-01
9.716000000000000192e-01
9.727000000000000091e-01
9.825000000000000400e-01
1.000000000000000000e+00
1.000000000000000000e+00
1.000000000000000000e+00
9.990999999999999881e-01
9.756000000000000227e-01
9.818999999999999950e-01
9.961999999999999744e-01
9.865000000000000435e-01
9.870999999999999774e-01
9.922999999999999599e-01
9.928000000000000158e-01
9.888000000000000123e-01
9.975000000000000533e-01
9.979999999999999982e-01
9.915000000000000480e-01
1.000000000000000000e+00
1.000000000000000000e+00
9.986000000000000432e-01
1.000000000000000000e+00
1.000000000000000000e+00
1.000000000000000000e+00
1.000000000000000000e+00
1.000000000000000000e+00
1.000000000000000000e+00
1.000000000000000000e+00
9.975000000000000533e-01
1.000000000000000000e+00
9.859999999999999876e-01
9.945000000000000506e-01
1.000000000000000000e+00
1.000000000000000000e+00
1.000000000000000000e+00
1.000000000000000000e+00
1.000000000000000000e+00
1.000000000000000000e+00
1.000000000000000000e+00
1.000000000000000000e+00
9.996000000000000441e-01
1.000000000000000000e+00
1.000000000000000000e+00
1.000000000000000000e+00
1.000000000000000000e+00
1.000000000000000000e+00
1.000000000000000000e+00
9.969999999999999973e-01
9.986000000000000432e-01
9.807000000000000162e-01
9.855000000000000426e-01
9.916000000000000369e-01
9.992999999999999661e-01
9.817000000000000171e-01
9.923999999999999488e-01
9.945000000000000506e-01
1.000000000000000000e+00
9.982999999999999652e-01
9.992999999999999661e-01
9.951999999999999735e-01
9.770999999999999686e-01
1.000000000000000000e+00
9.967000000000000304e-01
9.929000000000000048e-01
9.940999999999999837e-01
9.977000000000000313e-01
9.916000000000000369e-01
1.000000000000000000e+00
9.969000000000000083e-01
9.906000000000000361e-01
9.963999999999999524e-01
9.774000000000000465e-01
9.744000000000000439e-01
9.834000000000000519e-01
9.804000000000000492e-01
9.818000000000000060e-01
9.841999999999999638e-01
9.975000000000000533e-01
1.000000000000000000e+00
1.000000000000000000e+00
1.000000000000000000e+00
1.000000000000000000e+00
1.000000000000000000e+00
1.000000000000000000e+00
1.000000000000000000e+00
1.000000000000000000e+00
1.000000000000000000e+00
9.955000000000000515e-01
9.700999999999999623e-01
9.791999999999999593e-01
9.982999999999999652e-01
9.943999999999999506e-01
1.000000000000000000e+00
9.985000000000000542e-01
9.983999999999999542e-01
1.000000000000000000e+00
9.915000000000000480e-01
9.769999999999999796e-01
9.817000000000000171e-01
9.844000000000000528e-01
1.000000000000000000e+00
9.815000000000000391e-01
9.795000000000000373e-01
9.714000000000000412e-01
9.695000000000000284e-01
9.615000000000000213e-01
9.687000000000000055e-01
9.392000000000000348e-01
9.664000000000000368e-01
9.641999999999999460e-01
9.734000000000000430e-01
9.350000000000000533e-01
9.493000000000000327e-01
9.542000000000000481e-01
9.407999999999999696e-01
9.578999999999999737e-01
9.748999999999999888e-01
9.899999999999999911e-01
9.840999999999999748e-01
9.697000000000000064e-01
9.493000000000000327e-01
9.308999999999999497e-01
9.478999999999999648e-01
9.576999999999999957e-01
9.556000000000000050e-01
9.699999999999999734e-01
9.711999999999999522e-01
9.709999999999999742e-01
9.687999999999999945e-01
9.858000000000000096e-01
9.705000000000000293e-01
9.913999999999999480e-01
9.703000000000000513e-01
9.798999999999999932e-01
9.720999999999999641e-01
9.485999999999999988e-01
9.459999999999999520e-01
9.809999999999999831e-01
9.667000000000000037e-01
9.761999999999999567e-01
9.835000000000000409e-01
9.828999999999999959e-01
9.827000000000000179e-01
9.816000000000000281e-01
9.790999999999999703e-01
9.765000000000000346e-01
9.755000000000000338e-01
9.762999999999999456e-01
9.774000000000000465e-01
9.874000000000000554e-01
9.893999999999999462e-01
9.927000000000000268e-01
9.969000000000000083e-01
1.000000000000000000e+00
1.000000000000000000e+00
1.000000000000000000e+00
1.000000000000000000e+00
1.000000000000000000e+00
9.993999999999999551e-01
1.000000000000000000e+00
1.000000000000000000e+00
9.946000000000000396e-01
1.000000000000000000e+00
1.000000000000000000e+00
1.000000000000000000e+00
1.000000000000000000e+00
1.000000000000000000e+00
1.000000000000000000e+00
1.000000000000000000e+00
1.000000000000000000e+00
1.000000000000000000e+00
1.000000000000000000e+00
1.000000000000000000e+00
1.000000000000000000e+00
1.000000000000000000e+00
9.951999999999999735e-01
9.952999999999999625e-01
1.000000000000000000e+00
1.000000000000000000e+00
1.000000000000000000e+00
1.000000000000000000e+00
1.000000000000000000e+00
1.000000000000000000e+00
1.000000000000000000e+00
9.922999999999999599e-01
1.000000000000000000e+00
1.000000000000000000e+00
1.000000000000000000e+00
1.000000000000000000e+00
1.000000000000000000e+00
9.949999999999999956e-01
1.000000000000000000e+00
9.990999999999999881e-01
9.869999999999999885e-01
1.000000000000000000e+00
1.000000000000000000e+00
1.000000000000000000e+00
1.000000000000000000e+00
1.000000000000000000e+00
1.000000000000000000e+00
9.996000000000000441e-01
1.000000000000000000e+00
1.000000000000000000e+00
1.000000000000000000e+00
1.000000000000000000e+00
1.000000000000000000e+00
1.000000000000000000e+00
1.000000000000000000e+00
1.000000000000000000e+00
1.000000000000000000e+00
1.000000000000000000e+00
9.959999999999999964e-01
1.000000000000000000e+00
1.000000000000000000e+00
1.000000000000000000e+00
1.000000000000000000e+00
1.000000000000000000e+00
1.000000000000000000e+00
1.000000000000000000e+00
1.000000000000000000e+00
9.834000000000000519e-01
9.906000000000000361e-01
9.836000000000000298e-01
9.887000000000000233e-01
9.903999999999999471e-01
9.928000000000000158e-01
9.860999999999999766e-01
1.000000000000000000e+00
9.889000000000000012e-01
9.726000000000000201e-01
9.825000000000000400e-01
9.809999999999999831e-01
9.845000000000000417e-01
9.925000000000000488e-01
9.896000000000000352e-01
9.889000000000000012e-01
9.899999999999999911e-01
9.918000000000000149e-01
1.000000000000000000e+00
1.000000000000000000e+00
9.988000000000000211e-01
1.000000000000000000e+00
1.000000000000000000e+00
1.000000000000000000e+00
9.797000000000000153e-01
9.950999999999999845e-01
9.978000000000000203e-01
9.969999999999999973e-01
9.799999999999999822e-01
9.701999999999999513e-01
9.929999999999999938e-01
1.000000000000000000e+00
9.784000000000000474e-01
9.807000000000000162e-01
9.960999999999999854e-01
1.000000000000000000e+00
1.000000000000000000e+00
1.000000000000000000e+00
1.000000000000000000e+00
1.000000000000000000e+00
9.949999999999999956e-01
9.837000000000000188e-01
9.816000000000000281e-01
9.788999999999999924e-01
9.768000000000000016e-01
9.757000000000000117e-01
9.858999999999999986e-01
9.966000000000000414e-01
9.985000000000000542e-01
9.955000000000000515e-01
9.915000000000000480e-01
9.965000000000000524e-01
9.968000000000000194e-01
1.000000000000000000e+00
1.000000000000000000e+00
1.000000000000000000e+00
1.000000000000000000e+00
1.000000000000000000e+00
9.978000000000000203e-01
9.896000000000000352e-01
9.978000000000000203e-01
1.000000000000000000e+00
1.000000000000000000e+00
1.000000000000000000e+00
1.000000000000000000e+00
1.000000000000000000e+00
9.903999999999999471e-01
9.938000000000000167e-01
9.778999999999999915e-01
9.916000000000000369e-01
9.941999999999999726e-01
9.820999999999999730e-01
9.781999999999999584e-01
9.726000000000000201e-01
9.747000000000000108e-01
9.778999999999999915e-01
9.778999999999999915e-01
9.752999999999999448e-01
9.616000000000000103e-01
9.497999999999999776e-01
9.566999999999999948e-01
9.565000000000000169e-01
9.503000000000000336e-01
9.292000000000000259e-01
9.095999999999999641e-01
8.850000000000000089e-01
8.818000000000000282e-01
8.787000000000000366e-01
8.780000000000000027e-01
8.531999999999999584e-01
8.730999999999999872e-01
8.925999999999999490e-01
9.326999999999999735e-01
9.323000000000000176e-01
9.422000000000000375e-01
9.353000000000000203e-01
9.518999999999999684e-01
9.597999999999999865e-01
9.535000000000000142e-01
9.526000000000000023e-01
9.524000000000000243e-01
9.464000000000000190e-01
9.406999999999999806e-01
9.079000000000000403e-01
9.018000000000000460e-01
8.964999999999999636e-01
8.857000000000000428e-01
8.981000000000000094e-01
8.817000000000000393e-01
8.689999999999999947e-01
9.005999999999999561e-01
8.917000000000000481e-01
9.009000000000000341e-01
9.465999999999999970e-01
9.382000000000000339e-01
9.445000000000000062e-01
9.518999999999999684e-01
9.616999999999999993e-01
9.845000000000000417e-01
9.865000000000000435e-01
9.935000000000000497e-01
1.000000000000000000e+00
9.921999999999999709e-01
1.000000000000000000e+00
1.000000000000000000e+00
9.956000000000000405e-01
9.828999999999999959e-01
9.818000000000000060e-01
9.784000000000000474e-01
9.758000000000000007e-01
9.880999999999999783e-01
9.856000000000000316e-01
9.937000000000000277e-01
9.858000000000000096e-01
9.959999999999999964e-01
9.948000000000000176e-01
9.957000000000000295e-01
1.000000000000000000e+00
1.000000000000000000e+00
9.877000000000000224e-01
9.961999999999999744e-01
9.872999999999999554e-01
9.861999999999999655e-01
9.861999999999999655e-01
9.885000000000000453e-01
9.972999999999999643e-01
9.948000000000000176e-01
9.931999999999999718e-01
1.000000000000000000e+00
1.000000000000000000e+00
1.000000000000000000e+00
1.000000000000000000e+00
1.000000000000000000e+00
9.976000000000000423e-01
9.908000000000000140e-01
9.925000000000000488e-01
9.878000000000000114e-01
9.872999999999999554e-01
1.000000000000000000e+00
9.789999999999999813e-01
9.765000000000000346e-01
9.868999999999999995e-01
9.781999999999999584e-01
9.868000000000000105e-01
9.848000000000000087e-01
9.911999999999999700e-01
9.989000000000000101e-01
9.902999999999999581e-01
9.978000000000000203e-01
9.789999999999999813e-01
9.881999999999999673e-01
9.845000000000000417e-01
9.778000000000000025e-01
9.889999999999999902e-01
1.000000000000000000e+00
1.000000000000000000e+00
9.966000000000000414e-01
9.939000000000000057e-01
9.905000000000000471e-01
9.781999999999999584e-01
9.795000000000000373e-01
9.891999999999999682e-01
1.000000000000000000e+00
1.000000000000000000e+00
1.000000000000000000e+00
1.000000000000000000e+00
1.000000000000000000e+00
1.000000000000000000e+00
9.991999999999999771e-01
1.000000000000000000e+00
1.000000000000000000e+00
1.000000000000000000e+00
1.000000000000000000e+00
1.000000000000000000e+00
1.000000000000000000e+00
1.000000000000000000e+00
1.000000000000000000e+00
1.000000000000000000e+00
1.000000000000000000e+00
1.000000000000000000e+00
1.000000000000000000e+00
1.000000000000000000e+00
1.000000000000000000e+00
1.000000000000000000e+00
1.000000000000000000e+00
1.000000000000000000e+00
1.000000000000000000e+00
1.000000000000000000e+00
1.000000000000000000e+00
1.000000000000000000e+00
1.000000000000000000e+00
1.000000000000000000e+00
1.000000000000000000e+00
1.000000000000000000e+00
1.000000000000000000e+00
1.000000000000000000e+00
1.000000000000000000e+00
1.000000000000000000e+00
1.000000000000000000e+00
1.000000000000000000e+00
1.000000000000000000e+00
1.000000000000000000e+00
1.000000000000000000e+00
1.000000000000000000e+00
1.000000000000000000e+00
1.000000000000000000e+00
1.000000000000000000e+00
1.000000000000000000e+00
1.000000000000000000e+00
1.000000000000000000e+00
1.000000000000000000e+00
1.000000000000000000e+00
1.000000000000000000e+00
1.000000000000000000e+00
1.000000000000000000e+00
1.000000000000000000e+00
1.000000000000000000e+00
1.000000000000000000e+00
1.000000000000000000e+00
9.875000000000000444e-01
9.768999999999999906e-01
9.665000000000000258e-01
9.698999999999999844e-01
9.602000000000000535e-01
9.173000000000000043e-01
9.277999999999999581e-01
9.230000000000000426e-01
9.050000000000000266e-01
8.939000000000000279e-01
8.732999999999999652e-01
8.245000000000000107e-01
8.322000000000000508e-01
8.088999999999999524e-01
7.687000000000000499e-01
7.163000000000000478e-01
6.733000000000000096e-01
6.574999999999999734e-01
5.809999999999999609e-01
5.310000000000000275e-01
5.165999999999999481e-01
4.717000000000000082e-01
4.341999999999999749e-01
4.068999999999999839e-01
4.138000000000000012e-01
4.257000000000000228e-01
4.588999999999999746e-01
4.514000000000000234e-01
4.677999999999999936e-01
5.245999999999999552e-01
5.463000000000000078e-01
5.715999999999999970e-01
6.055000000000000382e-01
6.454999999999999627e-01
6.772000000000000242e-01
6.917999999999999705e-01
7.095000000000000195e-01
7.122000000000000552e-01
7.327000000000000179e-01
7.507000000000000339e-01
7.187999999999999945e-01
6.684999999999999831e-01
6.324999999999999512e-01
6.210999999999999854e-01
5.988999999999999879e-01
5.571000000000000396e-01
4.956999999999999740e-01
4.289000000000000035e-01
3.733000000000000207e-01
2.963999999999999968e-01
2.484000000000000097e-01
2.048000000000000098e-01
1.700000000000000122e-01
1.448000000000000120e-01
1.287999999999999978e-01
1.342000000000000137e-01
1.366999999999999882e-01
1.378999999999999948e-01
1.496000000000000107e-01
1.340999999999999970e-01
1.078000000000000069e-01
9.329999999999999405e-02
8.580000000000000127e-02
8.429999999999999993e-02
8.509999999999999509e-02
8.909999999999999865e-02
1.040999999999999981e-01
1.092000000000000054e-01
1.269000000000000128e-01
1.313000000000000000e-01
1.487999999999999878e-01
1.628999999999999893e-01
1.638000000000000012e-01
1.655999999999999972e-01
1.620000000000000051e-01
1.315999999999999948e-01
9.349999999999999978e-02
5.580000000000000238e-02
3.059999999999999873e-02
1.980000000000000163e-02
1.149999999999999981e-02
7.900000000000000772e-03
8.899999999999999925e-03
6.499999999999999702e-03
1.129999999999999928e-02
1.609999999999999973e-02
1.779999999999999985e-02
2.390000000000000110e-02
2.900000000000000147e-02
4.189999999999999974e-02
5.140000000000000124e-02
7.019999999999999851e-02
8.780000000000000304e-02
9.579999999999999627e-02
1.082000000000000045e-01
1.055999999999999994e-01
1.039999999999999952e-01
1.063999999999999946e-01
1.181999999999999995e-01
1.322000000000000119e-01
1.468000000000000138e-01
1.642000000000000126e-01
1.917999999999999983e-01
2.049999999999999878e-01
2.129999999999999949e-01
2.325000000000000122e-01
2.419999999999999929e-01
2.456000000000000127e-01
2.475999999999999868e-01
2.550000000000000044e-01
2.953999999999999959e-01
3.418999999999999817e-01
3.630999999999999783e-01
4.114999999999999769e-01
4.651000000000000134e-01
5.140000000000000124e-01
5.207000000000000517e-01
5.237000000000000544e-01
5.099000000000000199e-01
4.838000000000000078e-01
4.586000000000000076e-01
3.850999999999999979e-01
2.928999999999999937e-01
2.278000000000000025e-01
1.436999999999999944e-01
6.640000000000000069e-02
3.470000000000000168e-02
2.680000000000000090e-02
2.709999999999999909e-02
2.089999999999999844e-02
1.789999999999999925e-02
1.890000000000000013e-02
1.839999999999999969e-02
1.770000000000000046e-02
1.650000000000000078e-02
2.029999999999999860e-02
2.520000000000000018e-02
3.090000000000000038e-02
3.969999999999999918e-02
5.090000000000000080e-02
6.719999999999999585e-02
7.939999999999999836e-02
6.710000000000000686e-02
6.350000000000000089e-02
5.979999999999999899e-02
6.230000000000000121e-02
5.659999999999999754e-02
7.099999999999999367e-02
7.230000000000000315e-02
7.330000000000000404e-02
6.919999999999999762e-02
5.659999999999999754e-02
4.009999999999999676e-02
2.570000000000000062e-02
8.899999999999999925e-03
1.500000000000000031e-03
1.500000000000000031e-03
0.000000000000000000e+00
0.000000000000000000e+00
4.700000000000000185e-03
5.300000000000000024e-03
2.409999999999999989e-02
2.230000000000000038e-02
4.270000000000000184e-02
5.399999999999999939e-02
8.820000000000000062e-02
1.226000000000000006e-01
1.499000000000000055e-01
2.058999999999999997e-01
2.285999999999999976e-01
2.676999999999999935e-01
3.008000000000000118e-01
3.033000000000000140e-01
3.074000000000000066e-01
3.035999999999999810e-01
3.185999999999999943e-01
3.299000000000000266e-01
3.372999999999999887e-01
3.518000000000000016e-01
3.613000000000000100e-01
3.633000000000000118e-01
3.457000000000000073e-01
3.235999999999999988e-01
3.109000000000000097e-01
3.020999999999999797e-01
3.054000000000000048e-01
3.151999999999999802e-01
3.168000000000000260e-01
2.987000000000000210e-01
2.864999999999999769e-01
2.569000000000000172e-01
2.338999999999999968e-01
2.097999999999999865e-01
1.978000000000000036e-01
1.971999999999999864e-01
2.023999999999999966e-01
2.132000000000000006e-01
2.466000000000000136e-01
2.671000000000000041e-01
3.009000000000000008e-01
3.256999999999999895e-01
3.353999999999999759e-01
3.785999999999999921e-01
3.986999999999999988e-01
3.938999999999999724e-01
3.886000000000000010e-01
3.439999999999999725e-01
2.993999999999999995e-01
2.523000000000000242e-01
1.726999999999999924e-01
1.277999999999999969e-01
8.519999999999999796e-02
5.960000000000000020e-02
4.800000000000000100e-02
4.220000000000000140e-02
4.440000000000000197e-02
4.750000000000000056e-02
4.719999999999999890e-02
4.519999999999999712e-02
3.740000000000000269e-02
3.529999999999999805e-02
2.630000000000000046e-02
2.429999999999999868e-02
2.330000000000000127e-02
1.439999999999999961e-02
1.030000000000000013e-02
1.400000000000000029e-02
1.319999999999999993e-02
8.600000000000000006e-03
6.499999999999999702e-03
8.099999999999999561e-03
1.439999999999999961e-02
1.529999999999999936e-02
1.490000000000000005e-02
1.159999999999999920e-02
2.800000000000000058e-02
4.549999999999999878e-02
5.569999999999999951e-02
5.190000000000000169e-02
4.870000000000000023e-02
3.509999999999999926e-02
4.370000000000000273e-02
3.790000000000000313e-02
4.469999999999999668e-02
4.120000000000000051e-02
4.399999999999999745e-02
4.750000000000000056e-02
4.250000000000000305e-02
4.989999999999999991e-02
5.519999999999999907e-02
6.119999999999999746e-02
4.100000000000000172e-02
3.059999999999999873e-02
2.989999999999999949e-02
1.629999999999999852e-02
2.350000000000000006e-02
2.440000000000000155e-02
2.920000000000000026e-02
4.880000000000000310e-02
5.680000000000000326e-02
7.389999999999999347e-02
7.860000000000000320e-02
1.058000000000000052e-01
1.221000000000000002e-01
1.174999999999999933e-01
1.130000000000000032e-01
9.400000000000000022e-02
6.869999999999999718e-02
5.670000000000000040e-02
4.710000000000000298e-02
3.259999999999999704e-02
2.900000000000000147e-02
3.450000000000000289e-02
1.480000000000000066e-02
0.000000000000000000e+00
1.039999999999999952e-02
8.999999999999999754e-04
7.700000000000000247e-03
1.190000000000000085e-02
1.640000000000000138e-02
1.190000000000000085e-02
1.439999999999999961e-02
1.529999999999999936e-02
2.570000000000000062e-02
2.939999999999999905e-02
3.420000000000000123e-02
6.099999999999999867e-02
7.439999999999999392e-02
1.156999999999999973e-01
1.375000000000000111e-01
1.544999999999999984e-01
1.477999999999999869e-01
1.259000000000000119e-01
1.091000000000000025e-01
7.299999999999999545e-02
5.449999999999999983e-02
4.019999999999999962e-02
3.150000000000000022e-02
2.429999999999999868e-02
2.500000000000000139e-02
3.039999999999999994e-02
3.670000000000000345e-02
5.589999999999999830e-02
6.700000000000000400e-02
8.580000000000000127e-02
8.640000000000000457e-02
7.399999999999999634e-02
6.350000000000000089e-02
5.020000000000000157e-02
4.220000000000000140e-02
5.079999999999999793e-02
4.880000000000000310e-02
3.969999999999999918e-02
3.160000000000000309e-02
1.919999999999999832e-02
1.149999999999999981e-02
1.349999999999999985e-02
9.199999999999999845e-03
3.500000000000000073e-03
2.000000000000000042e-03
5.400000000000000286e-03
0.000000000000000000e+00
0.000000000000000000e+00
8.999999999999999754e-04
3.399999999999999811e-03
1.399999999999999986e-03
8.399999999999999481e-03
4.199999999999999740e-03
1.290000000000000001e-02
1.200000000000000025e-02
4.170000000000000095e-02
8.290000000000000147e-02
1.406999999999999917e-01
2.121000000000000107e-01
2.654000000000000248e-01
3.412999999999999923e-01
4.289999999999999925e-01
4.648999999999999799e-01
5.427999999999999492e-01
6.267000000000000348e-01
7.050999999999999490e-01
7.829000000000000403e-01
8.497000000000000108e-01
8.874999999999999556e-01
9.163000000000000034e-01
9.080000000000000293e-01
8.963999999999999746e-01
8.406000000000000139e-01
7.622999999999999776e-01
6.252999999999999670e-01
5.383999999999999897e-01
4.199999999999999845e-01
3.623000000000000109e-01
2.923999999999999932e-01
2.313000000000000056e-01
1.854000000000000092e-01
1.454000000000000015e-01
1.360000000000000098e-01
1.267000000000000071e-01
1.204999999999999960e-01
1.175999999999999962e-01
1.060999999999999999e-01
9.769999999999999518e-02
8.190000000000000058e-02
6.400000000000000133e-02
5.330000000000000016e-02
3.590000000000000135e-02
3.389999999999999958e-02
2.110000000000000070e-02
2.029999999999999860e-02
1.580000000000000154e-02
1.480000000000000066e-02
1.750000000000000167e-02
3.009999999999999828e-02
3.080000000000000099e-02
4.929999999999999660e-02
7.920000000000000651e-02
1.507000000000000006e-01
1.869999999999999996e-01
2.472000000000000031e-01
2.919999999999999818e-01
2.879999999999999782e-01
3.266000000000000014e-01
3.693000000000000171e-01
4.541999999999999926e-01
5.129000000000000226e-01
5.537999999999999590e-01
5.757999999999999785e-01
5.618999999999999551e-01
5.185999999999999499e-01
4.823000000000000065e-01
4.319000000000000061e-01
3.720999999999999863e-01
3.528000000000000025e-01
2.958999999999999964e-01
2.596999999999999864e-01
1.953000000000000014e-01
1.872000000000000053e-01
1.600999999999999923e-01
9.840000000000000135e-02
5.109999999999999959e-02
3.400000000000000244e-02
2.089999999999999844e-02
1.190000000000000085e-02
1.200000000000000025e-02
8.600000000000000006e-03
5.700000000000000205e-03
1.799999999999999951e-03
3.399999999999999811e-03
6.100000000000000387e-03
5.000000000000000104e-03
4.100000000000000346e-03
0.000000000000000000e+00
5.400000000000000286e-03
4.700000000000000185e-03
4.499999999999999660e-03
0.000000000000000000e+00
0.000000000000000000e+00
6.999999999999999929e-04
0.000000000000000000e+00
0.000000000000000000e+00
0.000000000000000000e+00
0.000000000000000000e+00
0.000000000000000000e+00
4.300000000000000003e-03
5.000000000000000104e-03
1.060000000000000005e-02
2.029999999999999860e-02
1.340000000000000045e-02
1.859999999999999848e-02
1.770000000000000046e-02
1.179999999999999973e-02
1.370000000000000037e-02
0.000000000000000000e+00
4.799999999999999580e-03
2.500000000000000052e-03
4.000000000000000083e-03
0.000000000000000000e+00
0.000000000000000000e+00
2.000000000000000096e-04
1.899999999999999996e-03
8.500000000000000611e-03
0.000000000000000000e+00
1.030000000000000013e-02
5.899999999999999863e-03
3.200000000000000153e-03
0.000000000000000000e+00
2.799999999999999972e-03
0.000000000000000000e+00
6.100000000000000387e-03
3.399999999999999811e-03
0.000000000000000000e+00
0.000000000000000000e+00
0.000000000000000000e+00
0.000000000000000000e+00
0.000000000000000000e+00
0.000000000000000000e+00
6.999999999999999929e-04
0.000000000000000000e+00
0.000000000000000000e+00
0.000000000000000000e+00
0.000000000000000000e+00
1.899999999999999996e-03
6.499999999999999702e-03
8.800000000000000530e-03
1.319999999999999993e-02
2.319999999999999840e-02
5.580000000000000238e-02
6.759999999999999343e-02
7.299999999999999545e-02
7.349999999999999589e-02
6.769999999999999629e-02
5.220000000000000334e-02
4.680000000000000132e-02
4.229999999999999732e-02
6.149999999999999911e-02
3.039999999999999994e-02
2.510000000000000078e-02
1.700000000000000122e-02
6.599999999999999964e-03
6.499999999999999702e-03
0.000000000000000000e+00
0.000000000000000000e+00
3.000000000000000062e-03
0.000000000000000000e+00
0.000000000000000000e+00
0.000000000000000000e+00
0.000000000000000000e+00
0.000000000000000000e+00
0.000000000000000000e+00
0.000000000000000000e+00
0.000000000000000000e+00
0.000000000000000000e+00
0.000000000000000000e+00
0.000000000000000000e+00
0.000000000000000000e+00
0.000000000000000000e+00
0.000000000000000000e+00
8.099999999999999561e-03
1.609999999999999973e-02
3.470000000000000168e-02
2.630000000000000046e-02
4.329999999999999821e-02
7.069999999999999896e-02
1.288999999999999868e-01
1.464999999999999913e-01
1.844000000000000083e-01
2.089000000000000024e-01
2.283000000000000029e-01
2.285000000000000087e-01
2.013999999999999957e-01
1.889000000000000123e-01
1.562000000000000055e-01
1.320000000000000062e-01
9.379999999999999449e-02
6.809999999999999387e-02
5.460000000000000270e-02
4.059999999999999720e-02
2.949999999999999845e-02
2.699999999999999969e-02
7.000000000000000146e-03
6.700000000000000226e-03
2.599999999999999881e-03
3.599999999999999901e-03
0.000000000000000000e+00
0.000000000000000000e+00
0.000000000000000000e+00
0.000000000000000000e+00
0.000000000000000000e+00
0.000000000000000000e+00
0.000000000000000000e+00
0.000000000000000000e+00
0.000000000000000000e+00
5.700000000000000205e-03
8.500000000000000611e-03
1.859999999999999848e-02
3.429999999999999716e-02
3.690000000000000224e-02
4.200000000000000261e-02
5.160000000000000003e-02
4.139999999999999930e-02
3.599999999999999728e-02
2.460000000000000034e-02
2.759999999999999953e-02
1.600000000000000033e-02
8.399999999999999481e-03
7.700000000000000247e-03
1.669999999999999957e-02
1.450000000000000074e-02
1.060000000000000005e-02
2.040000000000000147e-02
1.230000000000000017e-02
6.199999999999999782e-03
1.870000000000000134e-02
3.070000000000000159e-02
5.340000000000000302e-02
6.289999999999999758e-02
5.619999999999999996e-02
6.950000000000000622e-02
7.430000000000000493e-02
9.400000000000000022e-02
1.174999999999999933e-01
1.160999999999999949e-01
1.726000000000000034e-01
2.156000000000000139e-01
2.520000000000000018e-01
2.923000000000000043e-01
3.286000000000000032e-01
3.623999999999999999e-01
4.027999999999999914e-01
4.118999999999999884e-01
4.324999999999999956e-01
4.550000000000000155e-01
4.618999999999999773e-01
4.529000000000000248e-01
4.547999999999999821e-01
4.260999999999999788e-01
4.158000000000000029e-01
3.588000000000000078e-01
2.763999999999999790e-01
2.059999999999999887e-01
1.507999999999999896e-01
1.156999999999999973e-01
7.610000000000000098e-02
4.719999999999999890e-02
3.599999999999999728e-02
2.330000000000000127e-02
1.940000000000000058e-02
2.380000000000000171e-02
2.779999999999999832e-02
3.379999999999999671e-02
4.159999999999999809e-02
4.290000000000000063e-02
4.680000000000000132e-02
3.910000000000000281e-02
3.839999999999999664e-02
3.479999999999999760e-02
3.150000000000000022e-02
2.709999999999999909e-02
2.639999999999999986e-02
3.219999999999999946e-02
2.580000000000000002e-02
3.690000000000000224e-02
4.250000000000000305e-02
6.500000000000000222e-02
8.500000000000000611e-02
8.709999999999999687e-02
6.959999999999999520e-02
5.920000000000000262e-02
5.240000000000000213e-02
4.420000000000000318e-02
2.730000000000000135e-02
2.809999999999999998e-02
3.039999999999999994e-02
4.370000000000000273e-02
6.160000000000000198e-02
7.969999999999999307e-02
1.009000000000000036e-01
1.247999999999999943e-01
1.388000000000000067e-01
1.484000000000000041e-01
1.491000000000000103e-01
1.572999999999999954e-01
1.577000000000000068e-01
1.769000000000000017e-01
2.093000000000000138e-01
2.484000000000000097e-01
2.998999999999999999e-01
3.387999999999999901e-01
3.991999999999999993e-01
4.717000000000000082e-01
5.512000000000000233e-01
6.120999999999999774e-01
6.612000000000000099e-01
6.838999999999999524e-01
6.592999999999999972e-01
5.951999999999999513e-01
