8.239999999999999547e-01
8.657000000000000250e-01
8.560999999999999721e-01
8.356999999999999984e-01
8.030000000000000471e-01
7.500999999999999890e-01
7.000999999999999446e-01
6.291999999999999815e-01
5.715000000000000080e-01
5.129000000000000226e-01
4.621000000000000107e-01
3.906999999999999917e-01
3.385000000000000231e-01
2.711999999999999966e-01
2.265999999999999959e-01
1.935999999999999943e-01
1.671999999999999875e-01
1.734999999999999876e-01
1.905000000000000027e-01
1.917999999999999983e-01
1.955000000000000071e-01
2.505999999999999894e-01
2.802999999999999936e-01
2.882000000000000117e-01
3.062000000000000277e-01
3.568000000000000060e-01
4.189999999999999836e-01
4.621999999999999997e-01
5.463999999999999968e-01
5.794000000000000261e-01
5.880999999999999561e-01
6.310999999999999943e-01
6.735999999999999766e-01
7.124000000000000332e-01
7.324000000000000510e-01
7.508000000000000229e-01
7.992000000000000215e-01
8.225000000000000089e-01
8.389999999999999680e-01
8.532999999999999474e-01
8.629999999999999893e-01
8.655000000000000471e-01
8.632999999999999563e-01
8.689999999999999947e-01
8.676000000000000378e-01
8.881000000000000005e-01
8.689999999999999947e-01
8.723999999999999533e-01
8.870999999999999996e-01
8.975999999999999535e-01
8.921000000000000041e-01
8.861999999999999877e-01
8.981999999999999984e-01
8.871999999999999886e-01
8.918000000000000371e-01
8.973999999999999755e-01
8.953999999999999737e-01
8.984999999999999654e-01
9.014999999999999680e-01
9.009000000000000341e-01
8.937000000000000499e-01
9.025999999999999579e-01
9.021000000000000130e-01
8.924999999999999600e-01
8.888000000000000345e-01
9.066999999999999504e-01
9.035999999999999588e-01
9.005999999999999561e-01
9.139000000000000457e-01
9.060000000000000275e-01
9.174999999999999822e-01
9.159000000000000474e-01
9.202000000000000179e-01
9.149000000000000465e-01
9.274999999999999911e-01
9.294000000000000039e-01
9.312000000000000277e-01
9.222000000000000197e-01
9.318999999999999506e-01
9.433000000000000274e-01
9.334000000000000075e-01
9.241000000000000325e-01
9.284999999999999920e-01
9.376999999999999780e-01
9.330000000000000515e-01
9.368999999999999551e-01
9.422000000000000375e-01
9.314000000000000057e-01
9.382000000000000339e-01
9.252000000000000224e-01
9.274999999999999911e-01
9.200000000000000400e-01
9.278999999999999471e-01
9.091000000000000192e-01
8.927000000000000490e-01
8.864999999999999547e-01
8.777000000000000357e-01
8.697000000000000286e-01
8.647000000000000242e-01
8.698000000000000176e-01
8.790000000000000036e-01
8.729999999999999982e-01
8.824999999999999512e-01
8.900000000000000133e-01
8.750000000000000000e-01
8.580999999999999739e-01
8.606000000000000316e-01
8.425000000000000266e-01
8.314000000000000279e-01
8.701999999999999735e-01
8.998000000000000442e-01
8.910000000000000142e-01
9.109000000000000430e-01
9.288999999999999480e-01
9.343000000000000194e-01
9.314000000000000057e-01
9.358999999999999542e-01
9.366999999999999771e-01
9.461000000000000520e-01
9.639999999999999680e-01
9.475000000000000089e-01
9.499999999999999556e-01
9.463000000000000300e-01
9.423000000000000265e-01
9.515000000000000124e-01
9.404000000000000137e-01
9.415999999999999925e-01
9.434000000000000163e-01
9.271000000000000352e-01
9.254999999999999893e-01
9.232000000000000206e-01
9.216999999999999638e-01
9.516000000000000014e-01
9.335999999999999854e-01
9.311000000000000387e-01
9.348999999999999533e-01
9.366999999999999771e-01
9.252000000000000224e-01
9.331000000000000405e-01
9.254000000000000004e-01
9.256999999999999673e-01
9.143000000000000016e-01
9.034999999999999698e-01
9.197999999999999510e-01
9.304000000000000048e-01
9.321000000000000396e-01
9.340000000000000524e-01
9.137999999999999456e-01
9.363000000000000211e-01
9.219000000000000528e-01
9.039000000000000368e-01
9.130000000000000338e-01
9.293000000000000149e-01
9.314999999999999947e-01
9.142000000000000126e-01
9.116999999999999549e-01
9.140000000000000346e-01
9.120000000000000329e-01
9.221000000000000307e-01
9.164999999999999813e-01
8.961999999999999966e-01
8.840999999999999970e-01
8.892999999999999794e-01
8.899000000000000243e-01
8.911999999999999922e-01
8.954999999999999627e-01
9.093999999999999861e-01
9.174999999999999822e-01
9.295999999999999819e-01
9.366999999999999771e-01
9.324999999999999956e-01
9.414000000000000146e-01
9.294999999999999929e-01
9.257999999999999563e-01
9.321000000000000396e-01
9.181000000000000272e-01
9.254999999999999893e-01
9.205999999999999739e-01
9.153999999999999915e-01
9.024999999999999689e-01
8.910000000000000142e-01
8.894999999999999574e-01
8.907000000000000473e-01
9.019000000000000350e-01
9.130000000000000338e-01
9.123999999999999888e-01
9.145999999999999686e-01
9.246999999999999664e-01
9.256999999999999673e-01
9.262000000000000233e-01
9.247999999999999554e-01
9.355999999999999872e-01
9.257999999999999563e-01
9.236999999999999655e-01
9.086999999999999522e-01
9.147999999999999465e-01
9.243999999999999995e-01
8.945999999999999508e-01
9.185999999999999721e-01
9.250000000000000444e-01
9.177999999999999492e-01
9.324000000000000066e-01
9.284000000000000030e-01
9.249000000000000554e-01
9.154999999999999805e-01
9.322000000000000286e-01
9.225999999999999757e-01
9.276999999999999691e-01
9.041000000000000147e-01
9.204999999999999849e-01
9.300000000000000488e-01
9.233999999999999986e-01
9.456999999999999851e-01
9.327999999999999625e-01
9.361000000000000432e-01
9.395999999999999908e-01
9.375000000000000000e-01
9.408999999999999586e-01
9.330000000000000515e-01
9.295999999999999819e-01
9.195999999999999730e-01
9.294000000000000039e-01
9.099000000000000421e-01
9.239000000000000545e-01
9.285999999999999810e-01
9.442000000000000393e-01
9.272000000000000242e-01
9.254000000000000004e-01
9.200000000000000400e-01
9.294000000000000039e-01
9.318999999999999506e-01
9.202000000000000179e-01
9.595000000000000195e-01
9.499999999999999556e-01
9.308999999999999497e-01
9.362000000000000322e-01
9.139000000000000457e-01
9.334000000000000075e-01
9.454000000000000181e-01
9.298999999999999488e-01
9.258999999999999453e-01
9.203999999999999959e-01
9.554000000000000270e-01
9.524000000000000243e-01
9.455000000000000071e-01
9.396999999999999797e-01
9.370000000000000551e-01
9.456999999999999851e-01
9.244999999999999885e-01
9.140000000000000346e-01
9.295999999999999819e-01
9.342000000000000304e-01
9.441000000000000503e-01
9.454000000000000181e-01
9.462000000000000410e-01
9.424000000000000155e-01
9.370000000000000551e-01
9.477999999999999758e-01
9.320000000000000506e-01
9.375999999999999890e-01
9.287999999999999590e-01
9.394000000000000128e-01
9.184999999999999831e-01
9.220000000000000417e-01
9.222000000000000197e-01
9.126999999999999558e-01
8.833999999999999631e-01
8.621999999999999664e-01
8.388999999999999790e-01
7.983999999999999986e-01
7.664999999999999591e-01
7.233000000000000540e-01
7.116000000000000103e-01
6.814999999999999947e-01
6.761000000000000343e-01
6.609000000000000430e-01
6.212999999999999634e-01
5.626999999999999780e-01
4.829999999999999849e-01
4.192000000000000171e-01
3.764000000000000123e-01
3.289000000000000257e-01
2.861000000000000210e-01
2.591999999999999860e-01
2.369999999999999885e-01
2.262000000000000122e-01
2.116999999999999993e-01
1.968000000000000027e-01
1.847999999999999921e-01
1.809000000000000052e-01
1.796000000000000096e-01
1.673999999999999932e-01
1.648000000000000020e-01
1.628000000000000003e-01
1.449000000000000010e-01
1.366999999999999882e-01
1.260999999999999899e-01
1.069999999999999979e-01
9.669999999999999429e-02
9.160000000000000087e-02
8.240000000000000102e-02
8.279999999999999860e-02
7.080000000000000182e-02
7.030000000000000138e-02
8.300000000000000433e-02
1.010999999999999954e-01
1.267999999999999960e-01
1.507999999999999896e-01
2.142999999999999905e-01
2.431999999999999995e-01
2.771000000000000130e-01
3.080999999999999850e-01
2.958000000000000074e-01
2.926000000000000267e-01
3.028000000000000136e-01
2.950999999999999734e-01
2.827000000000000068e-01
2.786000000000000143e-01
2.792999999999999927e-01
2.992000000000000215e-01
2.974999999999999867e-01
3.079000000000000070e-01
3.271999999999999909e-01
3.281000000000000028e-01
3.351000000000000090e-01
3.487999999999999989e-01
3.402000000000000024e-01
3.008000000000000118e-01
3.080999999999999850e-01
2.706000000000000072e-01
2.422999999999999876e-01
1.753000000000000114e-01
1.203999999999999931e-01
8.129999999999999727e-02
6.239999999999999714e-02
3.729999999999999982e-02
2.949999999999999845e-02
1.409999999999999969e-02
5.799999999999999600e-03
0.000000000000000000e+00
0.000000000000000000e+00
0.000000000000000000e+00
0.000000000000000000e+00
0.000000000000000000e+00
0.000000000000000000e+00
1.199999999999999895e-03
1.600000000000000077e-03
1.089999999999999997e-02
3.320000000000000034e-02
4.529999999999999999e-02
4.560000000000000164e-02
3.740000000000000269e-02
4.730000000000000177e-02
4.780000000000000221e-02
2.980000000000000010e-02
2.769999999999999893e-02
3.670000000000000345e-02
4.070000000000000007e-02
4.340000000000000108e-02
5.009999999999999870e-02
7.699999999999999900e-02
8.970000000000000195e-02
1.013000000000000012e-01
1.144000000000000017e-01
1.575000000000000011e-01
1.741999999999999937e-01
2.353000000000000091e-01
2.882000000000000117e-01
3.714999999999999969e-01
4.852000000000000202e-01
5.655999999999999917e-01
6.408000000000000362e-01
6.847999999999999643e-01
7.193000000000000504e-01
7.452999999999999625e-01
7.809000000000000385e-01
8.028999999999999471e-01
8.284000000000000252e-01
8.597000000000000197e-01
8.853999999999999648e-01
9.073999999999999844e-01
9.089000000000000412e-01
9.179000000000000492e-01
9.220000000000000417e-01
9.314999999999999947e-01
9.346999999999999753e-01
9.377999999999999670e-01
9.355999999999999872e-01
9.397999999999999687e-01
9.395000000000000018e-01
9.364000000000000101e-01
9.264999999999999902e-01
9.197999999999999510e-01
9.012000000000000011e-01
8.863999999999999657e-01
8.780999999999999917e-01
8.647000000000000242e-01
8.576000000000000290e-01
8.444000000000000394e-01
8.323000000000000398e-01
8.511999999999999567e-01
8.386000000000000121e-01
8.576000000000000290e-01
8.645000000000000462e-01
8.721999999999999753e-01
9.112999999999999989e-01
9.194999999999999840e-01
9.217999999999999527e-01
9.304000000000000048e-01
9.386999999999999789e-01
9.256999999999999673e-01
9.283000000000000140e-01
9.375999999999999890e-01
9.381000000000000449e-01
9.350000000000000533e-01
9.373000000000000220e-01
9.297999999999999599e-01
9.253000000000000114e-01
9.153000000000000025e-01
9.177999999999999492e-01
9.167999999999999483e-01
9.038000000000000478e-01
8.769000000000000128e-01
8.911999999999999922e-01
9.181000000000000272e-01
9.324000000000000066e-01
9.378999999999999559e-01
9.404000000000000137e-01
9.483000000000000318e-01
9.513000000000000345e-01
9.475000000000000089e-01
9.422000000000000375e-01
9.528999999999999693e-01
9.379999999999999449e-01
9.434000000000000163e-01
9.344999999999999973e-01
9.285999999999999810e-01
9.167999999999999483e-01
9.084999999999999742e-01
8.857000000000000428e-01
8.498999999999999888e-01
8.142000000000000348e-01
7.923000000000000043e-01
7.700000000000000178e-01
7.282999999999999474e-01
6.454999999999999627e-01
5.918999999999999817e-01
5.500000000000000444e-01
5.289000000000000368e-01
5.066000000000000503e-01
4.938000000000000167e-01
5.038000000000000256e-01
5.474999999999999867e-01
5.855000000000000204e-01
5.762000000000000455e-01
6.116000000000000325e-01
6.573999999999999844e-01
6.834000000000000075e-01
6.994000000000000217e-01
7.139999999999999680e-01
7.167000000000000037e-01
7.393999999999999462e-01
7.427000000000000268e-01
7.587000000000000410e-01
7.812999999999999945e-01
7.871000000000000218e-01
7.883000000000000007e-01
7.925999999999999712e-01
8.082000000000000295e-01
8.154000000000000137e-01
8.233000000000000318e-01
8.300999999999999490e-01
8.480999999999999650e-01
8.487000000000000099e-01
8.366000000000000103e-01
8.117999999999999661e-01
8.042000000000000259e-01
7.789000000000000368e-01
7.604999999999999538e-01
7.552999999999999714e-01
7.600000000000000089e-01
7.623999999999999666e-01
8.073000000000000176e-01
8.231000000000000538e-01
8.016999999999999682e-01
7.268000000000000016e-01
