8.856000000000000538e-01
9.284000000000000030e-01
9.295999999999999819e-01
9.351000000000000423e-01
9.434000000000000163e-01
9.578999999999999737e-01
9.616000000000000103e-01
9.755000000000000338e-01
9.527999999999999803e-01
9.628999999999999782e-01
9.528999999999999693e-01
9.609999999999999654e-01
9.507999999999999785e-01
9.626000000000000112e-01
9.500999999999999446e-01
9.573000000000000398e-01
9.481000000000000538e-01
9.647000000000000020e-01
9.506000000000000005e-01
9.667999999999999927e-01
9.584000000000000297e-01
9.660999999999999588e-01
9.622000000000000552e-01
9.757000000000000117e-01
9.572000000000000508e-01
9.664000000000000368e-01
9.667000000000000037e-01
9.749999999999999778e-01
9.791999999999999593e-01
9.731999999999999540e-01
9.696000000000000174e-01
9.776000000000000245e-01
9.826000000000000290e-01
9.650999999999999579e-01
9.637999999999999901e-01
9.646000000000000130e-01
9.683000000000000496e-01
9.595000000000000195e-01
9.453000000000000291e-01
9.592000000000000526e-01
9.461000000000000520e-01
9.257999999999999563e-01
9.493000000000000327e-01
9.195999999999999730e-01
8.852999999999999758e-01
8.789000000000000146e-01
8.510999999999999677e-01
8.064999999999999947e-01
7.877999999999999448e-01
7.306000000000000272e-01
6.562999999999999945e-01
5.878999999999999782e-01
5.392000000000000126e-01
4.747999999999999998e-01
4.389000000000000123e-01
4.079999999999999738e-01
3.603999999999999981e-01
3.343999999999999750e-01
2.906000000000000250e-01
2.511999999999999789e-01
2.182000000000000051e-01
1.796000000000000096e-01
1.348999999999999921e-01
8.369999999999999662e-02
4.229999999999999732e-02
1.870000000000000134e-02
1.030000000000000013e-02
6.799999999999999621e-03
1.089999999999999997e-02
5.599999999999999943e-03
1.310000000000000053e-02
1.110000000000000049e-02
1.540000000000000049e-02
3.230000000000000232e-02
4.440000000000000197e-02
3.629999999999999893e-02
4.540000000000000285e-02
4.719999999999999890e-02
5.120000000000000245e-02
4.290000000000000063e-02
3.980000000000000204e-02
3.910000000000000281e-02
4.959999999999999826e-02
5.659999999999999754e-02
7.059999999999999609e-02
7.499999999999999722e-02
7.290000000000000646e-02
6.519999999999999407e-02
5.689999999999999919e-02
4.179999999999999688e-02
3.350000000000000200e-02
3.549999999999999684e-02
3.160000000000000309e-02
3.930000000000000160e-02
3.969999999999999918e-02
3.289999999999999869e-02
2.790000000000000119e-02
1.909999999999999892e-02
1.899999999999999953e-02
1.679999999999999896e-02
1.089999999999999997e-02
9.499999999999999764e-03
7.499999999999999722e-03
4.799999999999999580e-03
6.799999999999999621e-03
6.100000000000000387e-03
1.340000000000000045e-02
3.389999999999999958e-02
4.549999999999999878e-02
5.179999999999999882e-02
5.040000000000000036e-02
4.850000000000000144e-02
4.519999999999999712e-02
4.610000000000000209e-02
5.260000000000000092e-02
4.259999999999999898e-02
5.120000000000000245e-02
6.779999999999999916e-02
1.023000000000000020e-01
1.223999999999999949e-01
1.637000000000000122e-01
2.313999999999999946e-01
2.822000000000000064e-01
3.356999999999999984e-01
4.035000000000000253e-01
4.709999999999999742e-01
5.718999999999999639e-01
6.414999999999999591e-01
7.320999999999999730e-01
8.076999999999999735e-01
8.326000000000000068e-01
8.837000000000000410e-01
9.243000000000000105e-01
9.471000000000000529e-01
9.576000000000000068e-01
9.636000000000000121e-01
9.757000000000000117e-01
9.802999999999999492e-01
9.787000000000000144e-01
9.757000000000000117e-01
9.718999999999999861e-01
9.748999999999999888e-01
9.799999999999999822e-01
9.728999999999999870e-01
9.800999999999999712e-01
9.788000000000000034e-01
9.765000000000000346e-01
9.744000000000000439e-01
9.715000000000000302e-01
9.705000000000000293e-01
9.725000000000000311e-01
9.767000000000000126e-01
9.706000000000000183e-01
9.755000000000000338e-01
9.744000000000000439e-01
9.717000000000000082e-01
9.778000000000000025e-01
9.628999999999999782e-01
9.696000000000000174e-01
9.715000000000000302e-01
9.674000000000000377e-01
9.600999999999999535e-01
9.683000000000000496e-01
9.547999999999999821e-01
9.627000000000000002e-01
9.650999999999999579e-01
9.598999999999999755e-01
9.664000000000000368e-01
9.638999999999999790e-01
9.547999999999999821e-01
9.602000000000000535e-01
9.395000000000000018e-01
9.444000000000000172e-01
9.407999999999999696e-01
9.327999999999999625e-01
9.343000000000000194e-01
9.199000000000000510e-01
9.035999999999999588e-01
8.739999999999999991e-01
8.377000000000000002e-01
8.202000000000000401e-01
7.694999999999999618e-01
7.509000000000000119e-01
7.553999999999999604e-01
7.374000000000000554e-01
7.613999999999999657e-01
7.572999999999999732e-01
7.602999999999999758e-01
7.537000000000000366e-01
7.600000000000000089e-01
7.596000000000000529e-01
7.548000000000000265e-01
7.692999999999999838e-01
7.698000000000000398e-01
7.572999999999999732e-01
7.557000000000000384e-01
7.476000000000000423e-01
7.452999999999999625e-01
7.547000000000000375e-01
7.500000000000000000e-01
7.754999999999999671e-01
7.855999999999999650e-01
7.944999999999999840e-01
8.458999999999999853e-01
8.562999999999999501e-01
8.729999999999999982e-01
8.881999999999999895e-01
9.046999999999999487e-01
9.127999999999999448e-01
9.306999999999999718e-01
9.300000000000000488e-01
9.314000000000000057e-01
9.375000000000000000e-01
9.375000000000000000e-01
9.435000000000000053e-01
9.383000000000000229e-01
9.402000000000000357e-01
9.437999999999999723e-01
9.506999999999999895e-01
9.475000000000000089e-01
9.494000000000000217e-01
9.520999999999999464e-01
9.456999999999999851e-01
9.506999999999999895e-01
9.464000000000000190e-01
9.307999999999999607e-01
9.366999999999999771e-01
9.338999999999999524e-01
9.326999999999999735e-01
9.401000000000000467e-01
9.346999999999999753e-01
9.396999999999999797e-01
9.350000000000000533e-01
9.375000000000000000e-01
9.250000000000000444e-01
9.261000000000000343e-01
9.314000000000000057e-01
9.335999999999999854e-01
9.313000000000000167e-01
9.214999999999999858e-01
9.196999999999999620e-01
9.278999999999999471e-01
9.389999999999999458e-01
9.425999999999999934e-01
9.439999999999999503e-01
9.512000000000000455e-01
9.536999999999999922e-01
9.426999999999999824e-01
9.548999999999999710e-01
9.419999999999999485e-01
9.425999999999999934e-01
9.413000000000000256e-01
9.256999999999999673e-01
9.215999999999999748e-01
9.317999999999999616e-01
9.254000000000000004e-01
9.392000000000000348e-01
9.442000000000000393e-01
9.495000000000000107e-01
9.435999999999999943e-01
9.463000000000000300e-01
9.401000000000000467e-01
9.264999999999999902e-01
9.237999999999999545e-01
9.304000000000000048e-01
9.399999999999999467e-01
9.543000000000000371e-01
9.550999999999999490e-01
9.547999999999999821e-01
9.586999999999999966e-01
9.565000000000000169e-01
9.620999999999999552e-01
9.563000000000000389e-01
9.554000000000000270e-01
9.670999999999999597e-01
9.647999999999999909e-01
9.673000000000000487e-01
9.609999999999999654e-01
9.493000000000000327e-01
9.314999999999999947e-01
9.333000000000000185e-01
9.479999999999999538e-01
9.386999999999999789e-01
9.335999999999999854e-01
9.249000000000000554e-01
9.160000000000000364e-01
9.143000000000000016e-01
9.154999999999999805e-01
9.301000000000000378e-01
9.082999999999999963e-01
8.858000000000000318e-01
8.612999999999999545e-01
8.167999999999999705e-01
7.388000000000000123e-01
6.787999999999999590e-01
6.576999999999999513e-01
5.365999999999999659e-01
4.479000000000000203e-01
3.558999999999999941e-01
3.104000000000000092e-01
2.470999999999999863e-01
1.965999999999999970e-01
1.748999999999999999e-01
1.529999999999999971e-01
1.233999999999999958e-01
1.097000000000000058e-01
9.279999999999999361e-02
7.080000000000000182e-02
7.230000000000000315e-02
4.329999999999999821e-02
3.830000000000000071e-02
2.000000000000000042e-02
1.069999999999999944e-02
1.480000000000000066e-02
6.300000000000000044e-03
6.999999999999999929e-04
1.389999999999999916e-02
1.499999999999999944e-02
9.900000000000000813e-03
1.319999999999999993e-02
1.660000000000000017e-02
8.399999999999999481e-03
1.660000000000000017e-02
3.509999999999999926e-02
3.520000000000000212e-02
5.790000000000000008e-02
7.349999999999999589e-02
8.930000000000000437e-02
1.019000000000000045e-01
1.293999999999999873e-01
1.615999999999999936e-01
1.683999999999999941e-01
1.872999999999999943e-01
2.023000000000000076e-01
2.227999999999999980e-01
2.494999999999999996e-01
2.777000000000000024e-01
3.217999999999999750e-01
3.521000000000000241e-01
3.799000000000000155e-01
3.879000000000000226e-01
3.961999999999999966e-01
4.022999999999999909e-01
3.966000000000000081e-01
3.775000000000000022e-01
3.708000000000000185e-01
3.186999999999999833e-01
3.045999999999999819e-01
2.800000000000000266e-01
2.472000000000000031e-01
2.189000000000000112e-01
1.875000000000000000e-01
1.691999999999999893e-01
1.565999999999999892e-01
1.471999999999999975e-01
1.107000000000000067e-01
9.349999999999999978e-02
9.199999999999999845e-02
8.599999999999999312e-02
7.190000000000000557e-02
7.140000000000000513e-02
5.790000000000000008e-02
6.130000000000000032e-02
5.870000000000000218e-02
5.469999999999999862e-02
6.400000000000000133e-02
5.650000000000000161e-02
5.650000000000000161e-02
8.089999999999999969e-02
8.709999999999999687e-02
1.034999999999999948e-01
1.043000000000000038e-01
1.145999999999999935e-01
1.300999999999999934e-01
1.360000000000000098e-01
1.627000000000000113e-01
1.842999999999999916e-01
1.940999999999999948e-01
2.076000000000000068e-01
2.497000000000000053e-01
2.722999999999999865e-01
3.045999999999999819e-01
3.670999999999999819e-01
4.218999999999999972e-01
4.647000000000000020e-01
5.209000000000000297e-01
6.140999999999999792e-01
7.147999999999999909e-01
7.682999999999999829e-01
7.856999999999999540e-01
8.419999999999999707e-01
8.690999999999999837e-01
8.565000000000000391e-01
8.651999999999999691e-01
8.854999999999999538e-01
9.020000000000000240e-01
9.093999999999999861e-01
9.314000000000000057e-01
9.321000000000000396e-01
9.547999999999999821e-01
9.553000000000000380e-01
9.665000000000000258e-01
9.629999999999999671e-01
9.720999999999999641e-01
9.476999999999999869e-01
9.354000000000000092e-01
9.422000000000000375e-01
9.509999999999999565e-01
9.523000000000000353e-01
9.587999999999999856e-01
9.391000000000000458e-01
9.374000000000000110e-01
9.093999999999999861e-01
9.183000000000000052e-01
8.628000000000000114e-01
8.648000000000000131e-01
9.166999999999999593e-01
9.364999999999999991e-01
9.455999999999999961e-01
9.486999999999999877e-01
9.558999999999999719e-01
9.362000000000000322e-01
9.476999999999999869e-01
9.557999999999999829e-01
9.533000000000000362e-01
9.575000000000000178e-01
9.629999999999999671e-01
9.643000000000000460e-01
9.647999999999999909e-01
9.635000000000000231e-01
9.562000000000000499e-01
9.484000000000000208e-01
9.429999999999999494e-01
9.689999999999999725e-01
9.535000000000000142e-01
9.674000000000000377e-01
9.681999999999999496e-01
9.583000000000000407e-01
9.523000000000000353e-01
9.466999999999999860e-01
9.173999999999999932e-01
9.165999999999999703e-01
9.469999999999999529e-01
9.651999999999999469e-01
9.536000000000000032e-01
9.547999999999999821e-01
9.700999999999999623e-01
9.625000000000000222e-01
9.647000000000000020e-01
9.608999999999999764e-01
9.313000000000000167e-01
9.717999999999999972e-01
9.754000000000000448e-01
9.933999999999999497e-01
9.988000000000000211e-01
9.948000000000000176e-01
9.965000000000000524e-01
1.000000000000000000e+00
9.878000000000000114e-01
1.000000000000000000e+00
1.000000000000000000e+00
9.817000000000000171e-01
9.495999999999999996e-01
9.650999999999999579e-01
9.733000000000000540e-01
9.680999999999999606e-01
9.451000000000000512e-01
9.586999999999999966e-01
9.540999999999999481e-01
9.584000000000000297e-01
9.643000000000000460e-01
9.482000000000000428e-01
9.104999999999999760e-01
9.292000000000000259e-01
9.264999999999999902e-01
9.477999999999999758e-01
9.622000000000000552e-01
9.549999999999999600e-01
9.294000000000000039e-01
9.008000000000000451e-01
8.982999999999999874e-01
9.245999999999999774e-01
9.320000000000000506e-01
9.455000000000000071e-01
9.458999999999999631e-01
9.452000000000000401e-01
9.342000000000000304e-01
9.516000000000000014e-01
9.445000000000000062e-01
9.203000000000000069e-01
9.328999999999999515e-01
9.285999999999999810e-01
9.340000000000000524e-01
9.466999999999999860e-01
9.298999999999999488e-01
9.170000000000000373e-01
9.355999999999999872e-01
9.596000000000000085e-01
9.532000000000000473e-01
9.503000000000000336e-01
9.532000000000000473e-01
9.471000000000000529e-01
9.469999999999999529e-01
9.491000000000000547e-01
9.431000000000000494e-01
9.442000000000000393e-01
9.556000000000000050e-01
9.535000000000000142e-01
9.635000000000000231e-01
9.688999999999999835e-01
9.667000000000000037e-01
9.711999999999999522e-01
9.721999999999999531e-01
9.738999999999999879e-01
9.526000000000000023e-01
9.421000000000000485e-01
9.405999999999999917e-01
9.184999999999999831e-01
9.388999999999999568e-01
9.576000000000000068e-01
9.304000000000000048e-01
9.549999999999999600e-01
9.700999999999999623e-01
9.688999999999999835e-01
9.717999999999999972e-01
9.802999999999999492e-01
9.595000000000000195e-01
9.580999999999999517e-01
9.429999999999999494e-01
9.254000000000000004e-01
9.433000000000000274e-01
9.414000000000000146e-01
9.332000000000000295e-01
9.288999999999999480e-01
9.447999999999999732e-01
9.316999999999999726e-01
9.437999999999999723e-01
9.415000000000000036e-01
9.292000000000000259e-01
9.092999999999999972e-01
9.326999999999999735e-01
9.417999999999999705e-01
9.468999999999999639e-01
9.421000000000000485e-01
9.389999999999999458e-01
9.290000000000000480e-01
9.333000000000000185e-01
9.119000000000000439e-01
9.330000000000000515e-01
9.244999999999999885e-01
9.406999999999999806e-01
9.481000000000000538e-01
9.295999999999999819e-01
9.332000000000000295e-01
8.989000000000000323e-01
9.078000000000000513e-01
8.990000000000000213e-01
9.049000000000000377e-01
9.140000000000000346e-01
8.888000000000000345e-01
9.014999999999999680e-01
9.214999999999999858e-01
9.123999999999999888e-01
9.085999999999999632e-01
9.225999999999999757e-01
9.364999999999999991e-01
9.445999999999999952e-01
9.342000000000000304e-01
9.455999999999999961e-01
9.426999999999999824e-01
9.294000000000000039e-01
9.108000000000000540e-01
9.306999999999999718e-01
9.389999999999999458e-01
9.635000000000000231e-01
9.585000000000000187e-01
9.537999999999999812e-01
9.670999999999999597e-01
9.565000000000000169e-01
9.562000000000000499e-01
9.568999999999999728e-01
9.513000000000000345e-01
9.434000000000000163e-01
9.513000000000000345e-01
9.473000000000000309e-01
9.406999999999999806e-01
9.436999999999999833e-01
9.500999999999999446e-01
9.510999999999999455e-01
9.458999999999999631e-01
9.408999999999999586e-01
9.383000000000000229e-01
9.592000000000000526e-01
9.474000000000000199e-01
9.492000000000000437e-01
9.255999999999999783e-01
9.415000000000000036e-01
9.445999999999999952e-01
9.454000000000000181e-01
9.377999999999999670e-01
9.528999999999999693e-01
9.372000000000000330e-01
9.395999999999999908e-01
9.395000000000000018e-01
9.284000000000000030e-01
9.311000000000000387e-01
9.113999999999999879e-01
9.227999999999999536e-01
9.268999999999999462e-01
9.401000000000000467e-01
9.556999999999999940e-01
9.510999999999999455e-01
9.449999999999999512e-01
9.593000000000000416e-01
9.569999999999999618e-01
9.603000000000000425e-01
9.582000000000000517e-01
9.657000000000000028e-01
9.619999999999999662e-01
9.627000000000000002e-01
9.626000000000000112e-01
9.455000000000000071e-01
9.623000000000000442e-01
9.509999999999999565e-01
9.550999999999999490e-01
9.514000000000000234e-01
9.653000000000000469e-01
9.473000000000000309e-01
9.613000000000000433e-01
9.546000000000000041e-01
9.375999999999999890e-01
9.256999999999999673e-01
9.034999999999999698e-01
9.191000000000000281e-01
9.063999999999999835e-01
9.088000000000000522e-01
9.173999999999999932e-01
9.136999999999999567e-01
9.125999999999999668e-01
9.043999999999999817e-01
8.921000000000000041e-01
8.875999999999999446e-01
8.673999999999999488e-01
8.570999999999999730e-01
8.445000000000000284e-01
8.428999999999999826e-01
8.375000000000000222e-01
8.554000000000000492e-01
8.948000000000000398e-01
8.853999999999999648e-01
9.406999999999999806e-01
9.534000000000000252e-01
9.610999999999999543e-01
9.524000000000000243e-01
9.054999999999999716e-01
9.479999999999999538e-01
9.506000000000000005e-01
9.500999999999999446e-01
9.496999999999999886e-01
9.222000000000000197e-01
9.427999999999999714e-01
9.588999999999999746e-01
9.560999999999999499e-01
9.555000000000000160e-01
9.536000000000000032e-01
9.536999999999999922e-01
9.466999999999999860e-01
9.123999999999999888e-01
8.806000000000000494e-01
8.869000000000000217e-01
9.076999999999999513e-01
9.384000000000000119e-01
9.536000000000000032e-01
9.355999999999999872e-01
9.489999999999999547e-01
9.499999999999999556e-01
9.381000000000000449e-01
9.338999999999999524e-01
9.446999999999999842e-01
9.528999999999999693e-01
9.476999999999999869e-01
9.465000000000000080e-01
9.595000000000000195e-01
9.446999999999999842e-01
9.542000000000000481e-01
9.607999999999999874e-01
9.445999999999999952e-01
9.213000000000000078e-01
9.395000000000000018e-01
9.697999999999999954e-01
9.583000000000000407e-01
9.627000000000000002e-01
9.666000000000000147e-01
9.596000000000000085e-01
9.582000000000000517e-01
9.629999999999999671e-01
9.553000000000000380e-01
9.795000000000000373e-01
9.651999999999999469e-01
9.635000000000000231e-01
9.640999999999999570e-01
9.412000000000000366e-01
9.476999999999999869e-01
9.461000000000000520e-01
9.435000000000000053e-01
9.572000000000000508e-01
9.559999999999999609e-01
9.464000000000000190e-01
9.304999999999999938e-01
9.336999999999999744e-01
9.303000000000000158e-01
9.446999999999999842e-01
9.488999999999999657e-01
9.558999999999999719e-01
9.519999999999999574e-01
9.544000000000000261e-01
9.588999999999999746e-01
9.535000000000000142e-01
9.587999999999999856e-01
9.554000000000000270e-01
9.756000000000000227e-01
9.663000000000000478e-01
9.710999999999999632e-01
9.607999999999999874e-01
9.594000000000000306e-01
9.658999999999999808e-01
9.549999999999999600e-01
9.524000000000000243e-01
9.416999999999999815e-01
9.504000000000000226e-01
9.594000000000000306e-01
9.667000000000000037e-01
9.623000000000000442e-01
9.644000000000000350e-01
9.564000000000000279e-01
9.669999999999999707e-01
9.595000000000000195e-01
9.487999999999999767e-01
9.597999999999999865e-01
9.709999999999999742e-01
9.622000000000000552e-01
9.654000000000000359e-01
9.713000000000000522e-01
9.746000000000000218e-01
9.725000000000000311e-01
9.708999999999999853e-01
9.790999999999999703e-01
9.758999999999999897e-01
9.699999999999999734e-01
9.779999999999999805e-01
9.657999999999999918e-01
9.586000000000000076e-01
9.655000000000000249e-01
9.536999999999999922e-01
9.489999999999999547e-01
9.505000000000000115e-01
9.499999999999999556e-01
9.311000000000000387e-01
9.039000000000000368e-01
8.909000000000000252e-01
8.850999999999999979e-01
8.643999999999999462e-01
8.565000000000000391e-01
8.590999999999999748e-01
8.033000000000000140e-01
7.014000000000000234e-01
