9.284999999999999920e-01
9.413000000000000256e-01
9.375000000000000000e-01
9.323000000000000176e-01
9.446999999999999842e-01
9.399999999999999467e-01
9.357999999999999652e-01
9.356999999999999762e-01
9.223000000000000087e-01
9.256999999999999673e-01
9.399999999999999467e-01
9.367999999999999661e-01
9.296999999999999709e-01
9.227999999999999536e-01
9.247999999999999554e-01
9.194999999999999840e-01
9.283000000000000140e-01
9.303000000000000158e-01
9.331000000000000405e-01
9.417999999999999705e-01
9.387999999999999678e-01
9.418999999999999595e-01
9.497999999999999776e-01
9.461000000000000520e-01
9.478999999999999648e-01
9.401000000000000467e-01
9.374000000000000110e-01
9.415000000000000036e-01
9.233999999999999986e-01
9.261000000000000343e-01
9.348999999999999533e-01
9.458999999999999631e-01
9.456999999999999851e-01
9.497999999999999776e-01
9.469999999999999529e-01
9.370000000000000551e-01
9.452000000000000401e-01
9.383000000000000229e-01
9.361000000000000432e-01
9.411000000000000476e-01
9.442000000000000393e-01
9.406999999999999806e-01
9.464000000000000190e-01
9.558999999999999719e-01
9.491000000000000547e-01
9.592000000000000526e-01
9.663000000000000478e-01
9.683000000000000496e-01
9.639999999999999680e-01
9.628999999999999782e-01
9.585000000000000187e-01
9.517999999999999794e-01
9.463000000000000300e-01
9.516000000000000014e-01
9.446999999999999842e-01
9.387999999999999678e-01
9.353000000000000203e-01
9.472000000000000419e-01
9.294000000000000039e-01
9.396999999999999797e-01
9.281000000000000361e-01
9.308999999999999497e-01
9.323000000000000176e-01
9.246999999999999664e-01
9.366999999999999771e-01
9.351000000000000423e-01
9.307999999999999607e-01
9.535000000000000142e-01
9.404000000000000137e-01
9.291000000000000369e-01
9.207999999999999519e-01
9.172000000000000153e-01
9.393000000000000238e-01
9.340000000000000524e-01
9.388999999999999568e-01
9.351000000000000423e-01
9.384000000000000119e-01
9.374000000000000110e-01
9.373000000000000220e-01
9.433000000000000274e-01
9.326999999999999735e-01
9.272000000000000242e-01
9.291000000000000369e-01
9.139000000000000457e-01
8.924999999999999600e-01
8.830000000000000071e-01
8.796000000000000485e-01
8.660999999999999810e-01
8.618000000000000105e-01
8.296000000000000041e-01
8.199999999999999512e-01
8.223000000000000309e-01
8.178999999999999604e-01
7.956999999999999629e-01
7.679000000000000270e-01
7.558000000000000274e-01
7.049999999999999600e-01
7.016000000000000014e-01
6.825999999999999845e-01
6.856999999999999762e-01
6.838999999999999524e-01
7.060999999999999499e-01
7.590999999999999970e-01
7.433999999999999497e-01
7.784999999999999698e-01
8.315000000000000169e-01
8.366999999999999993e-01
8.403000000000000469e-01
8.498999999999999888e-01
8.778000000000000247e-01
8.924999999999999600e-01
9.147999999999999465e-01
9.161000000000000254e-01
9.125999999999999668e-01
9.260000000000000453e-01
9.326999999999999735e-01
9.092000000000000082e-01
9.039000000000000368e-01
8.993999999999999773e-01
8.883999999999999675e-01
8.702999999999999625e-01
8.399999999999999689e-01
8.157999999999999696e-01
7.870000000000000329e-01
7.741000000000000103e-01
7.510999999999999899e-01
7.430999999999999828e-01
7.445000000000000506e-01
7.173000000000000487e-01
7.598000000000000309e-01
7.821000000000000174e-01
8.100000000000000533e-01
8.336000000000000076e-01
8.757000000000000339e-01
8.958000000000000407e-01
9.096999999999999531e-01
9.280000000000000471e-01
9.351000000000000423e-01
9.371000000000000441e-01
9.506999999999999895e-01
9.495000000000000107e-01
9.495000000000000107e-01
9.734000000000000430e-01
9.556999999999999940e-01
9.604000000000000314e-01
9.678999999999999826e-01
9.697999999999999954e-01
9.617999999999999883e-01
9.768999999999999906e-01
9.726000000000000201e-01
9.764000000000000457e-01
9.673000000000000487e-01
9.790999999999999703e-01
9.715000000000000302e-01
9.696000000000000174e-01
9.677000000000000046e-01
9.734000000000000430e-01
9.751999999999999558e-01
9.807000000000000162e-01
9.741999999999999549e-01
9.750999999999999668e-01
9.755000000000000338e-01
9.698999999999999844e-01
9.524000000000000243e-01
9.398999999999999577e-01
9.314999999999999947e-01
9.356999999999999762e-01
9.297999999999999599e-01
9.233999999999999986e-01
9.170000000000000373e-01
9.230000000000000426e-01
9.202000000000000179e-01
8.924999999999999600e-01
8.787000000000000366e-01
8.575000000000000400e-01
8.477999999999999980e-01
8.544000000000000483e-01
8.481999999999999540e-01
8.529999999999999805e-01
8.491999999999999549e-01
8.483000000000000540e-01
8.532999999999999474e-01
8.182000000000000384e-01
7.856999999999999540e-01
7.675999999999999490e-01
7.768000000000000460e-01
7.694999999999999618e-01
7.751000000000000112e-01
7.711999999999999966e-01
7.635999999999999455e-01
7.401999999999999691e-01
7.317000000000000171e-01
7.261999999999999567e-01
7.184000000000000385e-01
6.997999999999999776e-01
6.542999999999999927e-01
6.481000000000000094e-01
6.289000000000000146e-01
6.343999999999999639e-01
6.465999999999999526e-01
6.175000000000000488e-01
5.907000000000000028e-01
5.725000000000000089e-01
5.667999999999999705e-01
6.060999999999999721e-01
6.218000000000000194e-01
6.149000000000000021e-01
6.167000000000000259e-01
6.114000000000000545e-01
6.058999999999999941e-01
5.905000000000000249e-01
5.874000000000000332e-01
5.695999999999999952e-01
5.533000000000000140e-01
5.311000000000000165e-01
5.393999999999999906e-01
5.641000000000000458e-01
5.820999999999999508e-01
6.038000000000000034e-01
6.274999999999999467e-01
6.471000000000000085e-01
7.127999999999999892e-01
7.302999999999999492e-01
8.235000000000000098e-01
8.791999999999999815e-01
8.857000000000000428e-01
8.884999999999999565e-01
8.903999999999999693e-01
9.002000000000000002e-01
9.365999999999999881e-01
9.360000000000000542e-01
9.464000000000000190e-01
9.523000000000000353e-01
9.448999999999999622e-01
9.546000000000000041e-01
9.392000000000000348e-01
9.468999999999999639e-01
9.308999999999999497e-01
9.237999999999999545e-01
9.472000000000000419e-01
9.358999999999999542e-01
9.405999999999999917e-01
9.494000000000000217e-01
9.475999999999999979e-01
9.466999999999999860e-01
9.516000000000000014e-01
9.505000000000000115e-01
9.546000000000000041e-01
9.577999999999999847e-01
9.687000000000000055e-01
9.449999999999999512e-01
9.530999999999999472e-01
9.425999999999999934e-01
9.471000000000000529e-01
9.469999999999999529e-01
9.455999999999999961e-01
9.465999999999999970e-01
9.504000000000000226e-01
9.545000000000000151e-01
9.550999999999999490e-01
9.566000000000000059e-01
9.520999999999999464e-01
9.506000000000000005e-01
9.529999999999999583e-01
9.534000000000000252e-01
9.530999999999999472e-01
9.592000000000000526e-01
9.477999999999999758e-01
9.554000000000000270e-01
9.525000000000000133e-01
9.563000000000000389e-01
9.627000000000000002e-01
9.613000000000000433e-01
9.636000000000000121e-01
9.569999999999999618e-01
9.653000000000000469e-01
9.552000000000000490e-01
9.613000000000000433e-01
9.628999999999999782e-01
9.548999999999999710e-01
9.674000000000000377e-01
9.559999999999999609e-01
9.507999999999999785e-01
9.534000000000000252e-01
9.474000000000000199e-01
9.564000000000000279e-01
9.575000000000000178e-01
9.583000000000000407e-01
9.517999999999999794e-01
9.616999999999999993e-01
9.618999999999999773e-01
9.545000000000000151e-01
9.516000000000000014e-01
9.584000000000000297e-01
9.510999999999999455e-01
9.437999999999999723e-01
9.506000000000000005e-01
9.444000000000000172e-01
9.387999999999999678e-01
9.403000000000000247e-01
9.366999999999999771e-01
9.404000000000000137e-01
9.375000000000000000e-01
9.315999999999999837e-01
9.421000000000000485e-01
9.354999999999999982e-01
9.484000000000000208e-01
9.554000000000000270e-01
9.534000000000000252e-01
9.600999999999999535e-01
9.700999999999999623e-01
9.592000000000000526e-01
9.526000000000000023e-01
9.559999999999999609e-01
9.461000000000000520e-01
9.441000000000000503e-01
9.418999999999999595e-01
9.464000000000000190e-01
9.461000000000000520e-01
9.364999999999999991e-01
9.424000000000000155e-01
9.435999999999999943e-01
9.396999999999999797e-01
9.360000000000000542e-01
9.204999999999999849e-01
9.135999999999999677e-01
9.288999999999999480e-01
9.348999999999999533e-01
9.327999999999999625e-01
9.589999999999999636e-01
9.699999999999999734e-01
9.749999999999999778e-01
9.862999999999999545e-01
9.710999999999999632e-01
9.754000000000000448e-01
9.746000000000000218e-01
9.660999999999999588e-01
9.648999999999999799e-01
9.707999999999999963e-01
9.597999999999999865e-01
9.582000000000000517e-01
9.513000000000000345e-01
9.634000000000000341e-01
9.683000000000000496e-01
9.723000000000000531e-01
9.809999999999999831e-01
9.661999999999999478e-01
9.680999999999999606e-01
9.730999999999999650e-01
9.670999999999999597e-01
9.717000000000000082e-01
9.684000000000000385e-01
9.707000000000000073e-01
9.727999999999999980e-01
9.664000000000000368e-01
9.718999999999999861e-01
9.654000000000000359e-01
9.730999999999999650e-01
9.805000000000000382e-01
9.817000000000000171e-01
9.838999999999999968e-01
9.740999999999999659e-01
9.919999999999999929e-01
9.602000000000000535e-01
9.677999999999999936e-01
9.590999999999999526e-01
9.659999999999999698e-01
9.689999999999999725e-01
9.733000000000000540e-01
9.633000000000000451e-01
9.941999999999999726e-01
9.688999999999999835e-01
9.822999999999999510e-01
9.743000000000000549e-01
9.628999999999999782e-01
9.701999999999999513e-01
9.675000000000000266e-01
9.596000000000000085e-01
9.650999999999999579e-01
9.620999999999999552e-01
9.645000000000000240e-01
9.678999999999999826e-01
9.624000000000000332e-01
9.650999999999999579e-01
9.676000000000000156e-01
9.725000000000000311e-01
9.655000000000000249e-01
9.605000000000000204e-01
9.617999999999999883e-01
9.604000000000000314e-01
9.649999999999999689e-01
9.536999999999999922e-01
9.523000000000000353e-01
9.597999999999999865e-01
9.472000000000000419e-01
9.792999999999999483e-01
9.916000000000000369e-01
9.828999999999999959e-01
9.598999999999999755e-01
9.740999999999999659e-01
9.539999999999999591e-01
9.498999999999999666e-01
9.543000000000000371e-01
9.731999999999999540e-01
9.659999999999999698e-01
9.640999999999999570e-01
9.580999999999999517e-01
9.576000000000000068e-01
9.646000000000000130e-01
9.667000000000000037e-01
9.557999999999999829e-01
9.604000000000000314e-01
9.666000000000000147e-01
9.543000000000000371e-01
9.579999999999999627e-01
9.615000000000000213e-01
9.597999999999999865e-01
9.654000000000000359e-01
9.686000000000000165e-01
9.616000000000000103e-01
9.705000000000000293e-01
9.644000000000000350e-01
9.685000000000000275e-01
9.564000000000000279e-01
9.619999999999999662e-01
9.630999999999999561e-01
9.574000000000000288e-01
9.566000000000000059e-01
9.657999999999999918e-01
9.637999999999999901e-01
9.657000000000000028e-01
9.670999999999999597e-01
9.677999999999999936e-01
9.534000000000000252e-01
9.661999999999999478e-01
9.543000000000000371e-01
9.583000000000000407e-01
9.532000000000000473e-01
9.600999999999999535e-01
9.505000000000000115e-01
9.574000000000000288e-01
9.451000000000000512e-01
9.467999999999999750e-01
9.326999999999999735e-01
9.342000000000000304e-01
9.408999999999999586e-01
9.389999999999999458e-01
9.516000000000000014e-01
9.525000000000000133e-01
9.548999999999999710e-01
9.513000000000000345e-01
9.513000000000000345e-01
9.616999999999999993e-01
9.533000000000000362e-01
9.529999999999999583e-01
9.481000000000000538e-01
9.485999999999999988e-01
9.476999999999999869e-01
9.421000000000000485e-01
9.503000000000000336e-01
9.610999999999999543e-01
9.554000000000000270e-01
9.498999999999999666e-01
9.506000000000000005e-01
9.471000000000000529e-01
9.503000000000000336e-01
9.498999999999999666e-01
9.397999999999999687e-01
9.322000000000000286e-01
9.340000000000000524e-01
9.324000000000000066e-01
9.323000000000000176e-01
9.308999999999999497e-01
9.314000000000000057e-01
9.364999999999999991e-01
9.306999999999999718e-01
9.507999999999999785e-01
9.435000000000000053e-01
9.328999999999999515e-01
9.332000000000000295e-01
9.227999999999999536e-01
9.141000000000000236e-01
9.139000000000000457e-01
8.915999999999999481e-01
9.137999999999999456e-01
8.992999999999999883e-01
9.086999999999999522e-01
8.991999999999999993e-01
9.035999999999999588e-01
8.941000000000000059e-01
8.952999999999999847e-01
9.123999999999999888e-01
9.109000000000000430e-01
9.022999999999999909e-01
9.022999999999999909e-01
9.292000000000000259e-01
9.461000000000000520e-01
9.457999999999999741e-01
9.549999999999999600e-01
9.506000000000000005e-01
9.419999999999999485e-01
9.625000000000000222e-01
9.514000000000000234e-01
9.567999999999999838e-01
9.597999999999999865e-01
9.522000000000000464e-01
9.408999999999999586e-01
9.455999999999999961e-01
9.421000000000000485e-01
9.462000000000000410e-01
9.458999999999999631e-01
9.465999999999999970e-01
9.516999999999999904e-01
9.516000000000000014e-01
9.578999999999999737e-01
9.509999999999999565e-01
9.416999999999999815e-01
9.689999999999999725e-01
9.664000000000000368e-01
9.557999999999999829e-01
9.592000000000000526e-01
9.719999999999999751e-01
9.637000000000000011e-01
9.508999999999999675e-01
9.472000000000000419e-01
9.472000000000000419e-01
9.474000000000000199e-01
9.475999999999999979e-01
9.275999999999999801e-01
9.408999999999999586e-01
9.282000000000000250e-01
9.187999999999999501e-01
9.022999999999999909e-01
9.106999999999999540e-01
9.052000000000000046e-01
9.122000000000000108e-01
8.994999999999999662e-01
8.935999999999999499e-01
9.070000000000000284e-01
9.149000000000000465e-01
8.890000000000000124e-01
9.028000000000000469e-01
9.052999999999999936e-01
8.902999999999999803e-01
9.156999999999999584e-01
9.134999999999999787e-01
9.092999999999999972e-01
9.202000000000000179e-01
9.229000000000000536e-01
9.250000000000000444e-01
9.284999999999999920e-01
9.313000000000000167e-01
9.336999999999999744e-01
9.365999999999999881e-01
9.405999999999999917e-01
9.492000000000000437e-01
9.449999999999999512e-01
9.514000000000000234e-01
9.567999999999999838e-01
9.615000000000000213e-01
9.516999999999999904e-01
9.469999999999999529e-01
9.405999999999999917e-01
9.313000000000000167e-01
9.407999999999999696e-01
9.355999999999999872e-01
9.243000000000000105e-01
9.139000000000000457e-01
9.096999999999999531e-01
8.990000000000000213e-01
8.672999999999999599e-01
8.368999999999999773e-01
7.933000000000000052e-01
7.782000000000000028e-01
7.421999999999999709e-01
7.096000000000000085e-01
6.881000000000000449e-01
6.659000000000000474e-01
6.289000000000000146e-01
6.231999999999999762e-01
5.852000000000000535e-01
5.587999999999999634e-01
5.270000000000000240e-01
4.989000000000000101e-01
4.598999999999999755e-01
4.173999999999999932e-01
4.210999999999999743e-01
3.754000000000000115e-01
3.761999999999999789e-01
3.699999999999999956e-01
3.619999999999999885e-01
3.619999999999999885e-01
3.365000000000000213e-01
3.189000000000000168e-01
2.893999999999999906e-01
2.441000000000000114e-01
2.106999999999999984e-01
1.731000000000000039e-01
1.217000000000000026e-01
9.619999999999999385e-02
7.960000000000000409e-02
6.569999999999999452e-02
6.239999999999999714e-02
5.090000000000000080e-02
4.189999999999999974e-02
5.120000000000000245e-02
5.190000000000000169e-02
6.300000000000000044e-02
6.969999999999999807e-02
8.250000000000000389e-02
9.950000000000000511e-02
1.078000000000000069e-01
1.208999999999999936e-01
1.223999999999999949e-01
1.195999999999999980e-01
1.199000000000000066e-01
1.458000000000000129e-01
1.786000000000000087e-01
2.094999999999999918e-01
2.497000000000000053e-01
3.378999999999999782e-01
3.778000000000000247e-01
4.262000000000000233e-01
4.596999999999999975e-01
4.830999999999999739e-01
5.191000000000000059e-01
5.304999999999999716e-01
5.689999999999999503e-01
6.081999999999999629e-01
6.576999999999999513e-01
6.630000000000000338e-01
6.968999999999999639e-01
6.972000000000000419e-01
6.822000000000000286e-01
6.493999999999999773e-01
6.686999999999999611e-01
6.394999999999999574e-01
6.579000000000000403e-01
6.800000000000000488e-01
6.671000000000000263e-01
7.004000000000000226e-01
7.252999999999999448e-01
7.485000000000000542e-01
7.762000000000000011e-01
7.924999999999999822e-01
7.914999999999999813e-01
8.137999999999999678e-01
8.193000000000000282e-01
8.047999999999999599e-01
8.124000000000000110e-01
8.097999999999999643e-01
8.135000000000000009e-01
7.870000000000000329e-01
7.510000000000000009e-01
7.047999999999999821e-01
6.098000000000000087e-01
4.929999999999999938e-01
3.397000000000000020e-01
2.553000000000000269e-01
1.761999999999999955e-01
1.333999999999999908e-01
1.158000000000000002e-01
1.003000000000000003e-01
8.440000000000000280e-02
8.740000000000000546e-02
7.850000000000000033e-02
7.939999999999999836e-02
7.610000000000000098e-02
8.400000000000000522e-02
1.019999999999999934e-01
1.229999999999999982e-01
1.547999999999999932e-01
1.769999999999999907e-01
2.144000000000000072e-01
2.556999999999999829e-01
3.060999999999999832e-01
3.836999999999999855e-01
4.328000000000000180e-01
4.852000000000000202e-01
5.235999999999999543e-01
5.302999999999999936e-01
5.259000000000000341e-01
4.743999999999999884e-01
