9.287999999999999590e-01
9.612000000000000544e-01
9.626000000000000112e-01
9.409999999999999476e-01
9.478999999999999648e-01
9.612000000000000544e-01
9.492000000000000437e-01
9.446999999999999842e-01
9.546999999999999931e-01
9.609999999999999654e-01
9.618999999999999773e-01
9.508999999999999675e-01
9.566000000000000059e-01
9.559999999999999609e-01
9.492000000000000437e-01
9.443000000000000282e-01
9.484000000000000208e-01
9.526999999999999913e-01
9.576000000000000068e-01
9.612000000000000544e-01
9.592000000000000526e-01
9.647999999999999909e-01
9.620999999999999552e-01
9.670999999999999597e-01
9.762999999999999456e-01
9.782999999999999474e-01
9.811999999999999611e-01
9.807000000000000162e-01
9.818999999999999950e-01
9.693000000000000504e-01
9.785000000000000364e-01
9.589999999999999636e-01
9.609999999999999654e-01
9.667000000000000037e-01
9.462000000000000410e-01
9.655000000000000249e-01
9.606999999999999984e-01
9.473000000000000309e-01
9.415000000000000036e-01
9.663000000000000478e-01
9.835000000000000409e-01
9.768999999999999906e-01
9.900999999999999801e-01
1.000000000000000000e+00
9.921999999999999709e-01
9.799999999999999822e-01
9.860999999999999766e-01
9.812999999999999501e-01
9.867000000000000215e-01
9.830999999999999739e-01
9.888000000000000123e-01
9.939999999999999947e-01
9.966000000000000414e-01
1.000000000000000000e+00
1.000000000000000000e+00
1.000000000000000000e+00
1.000000000000000000e+00
1.000000000000000000e+00
1.000000000000000000e+00
9.892999999999999572e-01
9.825000000000000400e-01
9.893999999999999462e-01
9.864000000000000545e-01
9.776000000000000245e-01
9.820999999999999730e-01
9.717999999999999972e-01
9.832999999999999519e-01
9.737000000000000099e-01
9.691999999999999504e-01
9.775000000000000355e-01
9.723000000000000531e-01
9.683000000000000496e-01
9.619999999999999662e-01
9.697999999999999954e-01
9.364999999999999991e-01
9.364000000000000101e-01
9.234999999999999876e-01
8.837000000000000410e-01
8.423000000000000487e-01
7.842000000000000082e-01
6.918999999999999595e-01
5.901999999999999469e-01
5.022999999999999687e-01
4.346999999999999753e-01
3.498999999999999888e-01
2.456000000000000127e-01
1.743999999999999995e-01
1.275999999999999912e-01
9.229999999999999316e-02
7.459999999999999964e-02
6.270000000000000573e-02
3.849999999999999950e-02
4.590000000000000330e-02
4.510000000000000120e-02
5.770000000000000129e-02
9.070000000000000284e-02
1.116000000000000048e-01
1.132999999999999979e-01
9.690000000000000002e-02
7.820000000000000562e-02
7.119999999999999940e-02
6.940000000000000335e-02
5.920000000000000262e-02
5.680000000000000326e-02
5.870000000000000218e-02
6.950000000000000622e-02
8.240000000000000102e-02
9.510000000000000397e-02
9.829999999999999849e-02
8.830000000000000349e-02
6.930000000000000049e-02
5.430000000000000104e-02
4.150000000000000216e-02
2.949999999999999845e-02
2.639999999999999986e-02
3.740000000000000269e-02
3.760000000000000148e-02
3.830000000000000071e-02
3.930000000000000160e-02
3.160000000000000309e-02
3.150000000000000022e-02
2.999999999999999889e-02
3.080000000000000099e-02
4.100000000000000172e-02
5.179999999999999882e-02
6.199999999999999956e-02
7.140000000000000513e-02
8.640000000000000457e-02
8.530000000000000082e-02
8.409999999999999420e-02
8.540000000000000369e-02
8.699999999999999400e-02
8.350000000000000477e-02
7.570000000000000340e-02
6.579999999999999738e-02
5.000000000000000278e-02
4.170000000000000095e-02
4.050000000000000128e-02
3.099999999999999978e-02
3.559999999999999970e-02
4.700000000000000011e-02
6.149999999999999911e-02
6.199999999999999956e-02
7.099999999999999367e-02
8.269999999999999574e-02
9.379999999999999449e-02
1.146999999999999964e-01
1.512000000000000011e-01
1.791999999999999982e-01
2.030000000000000138e-01
2.531999999999999806e-01
2.944999999999999840e-01
2.963000000000000078e-01
3.010999999999999788e-01
2.970999999999999752e-01
2.867000000000000104e-01
2.757000000000000006e-01
2.505000000000000004e-01
2.285999999999999976e-01
2.018000000000000071e-01
1.842000000000000026e-01
1.625000000000000056e-01
1.759000000000000008e-01
1.620000000000000051e-01
1.516000000000000125e-01
1.376999999999999891e-01
1.170999999999999958e-01
1.016999999999999987e-01
9.690000000000000002e-02
9.769999999999999518e-02
8.780000000000000304e-02
7.950000000000000122e-02
6.850000000000000533e-02
6.119999999999999746e-02
5.650000000000000161e-02
5.589999999999999830e-02
7.649999999999999856e-02
8.669999999999999929e-02
1.108999999999999986e-01
1.213999999999999940e-01
1.353000000000000036e-01
1.433000000000000107e-01
1.456000000000000072e-01
1.464999999999999913e-01
1.458000000000000129e-01
1.587000000000000077e-01
1.719999999999999862e-01
1.771999999999999964e-01
1.724999999999999867e-01
1.845999999999999863e-01
1.769999999999999907e-01
1.728000000000000091e-01
1.652000000000000135e-01
1.476999999999999980e-01
1.247000000000000053e-01
1.174999999999999933e-01
1.165999999999999953e-01
1.238999999999999962e-01
1.262000000000000066e-01
1.333000000000000018e-01
1.391000000000000014e-01
1.484999999999999931e-01
1.595999999999999919e-01
1.917000000000000093e-01
2.315000000000000113e-01
2.901000000000000245e-01
3.276999999999999913e-01
4.124999999999999778e-01
5.050000000000000044e-01
5.611000000000000432e-01
6.713999999999999968e-01
7.166000000000000147e-01
7.539000000000000146e-01
7.895999999999999686e-01
8.091000000000000414e-01
8.106999999999999762e-01
8.123000000000000220e-01
8.072000000000000286e-01
7.931000000000000272e-01
7.581999999999999851e-01
7.130999999999999561e-01
6.653999999999999915e-01
6.160999999999999810e-01
5.804000000000000270e-01
5.256999999999999451e-01
4.692000000000000060e-01
4.188000000000000056e-01
3.815000000000000058e-01
3.541000000000000258e-01
3.220000000000000084e-01
3.185000000000000053e-01
3.271999999999999909e-01
3.300000000000000155e-01
3.260000000000000120e-01
3.084000000000000075e-01
2.731999999999999984e-01
2.414999999999999925e-01
2.270000000000000073e-01
2.071000000000000063e-01
1.839000000000000079e-01
1.751999999999999946e-01
1.514999999999999958e-01
1.121999999999999942e-01
9.890000000000000180e-02
9.299999999999999933e-02
8.179999999999999771e-02
7.929999999999999549e-02
8.240000000000000102e-02
7.749999999999999944e-02
7.059999999999999609e-02
6.629999999999999782e-02
7.209999999999999742e-02
6.890000000000000291e-02
6.370000000000000662e-02
8.480000000000000038e-02
6.779999999999999916e-02
8.970000000000000195e-02
9.560000000000000442e-02
8.580000000000000127e-02
9.450000000000000067e-02
9.700000000000000289e-02
7.080000000000000182e-02
6.959999999999999520e-02
5.779999999999999721e-02
5.809999999999999887e-02
5.360000000000000181e-02
5.850000000000000339e-02
4.649999999999999967e-02
4.850000000000000144e-02
5.390000000000000346e-02
4.449999999999999789e-02
6.660000000000000642e-02
6.079999999999999988e-02
5.829999999999999766e-02
3.740000000000000269e-02
4.519999999999999712e-02
2.249999999999999917e-02
1.559999999999999928e-02
0.000000000000000000e+00
3.700000000000000164e-03
0.000000000000000000e+00
0.000000000000000000e+00
0.000000000000000000e+00
8.399999999999999481e-03
3.399999999999999811e-03
2.639999999999999986e-02
1.980000000000000163e-02
2.440000000000000155e-02
5.360000000000000181e-02
5.820000000000000173e-02
7.090000000000000469e-02
8.749999999999999445e-02
8.319999999999999618e-02
9.400000000000000022e-02
1.028000000000000025e-01
1.226000000000000006e-01
1.280000000000000027e-01
1.351999999999999869e-01
1.463000000000000134e-01
1.653999999999999915e-01
2.044999999999999873e-01
2.494999999999999996e-01
2.852999999999999980e-01
3.227999999999999758e-01
4.010000000000000231e-01
4.511999999999999900e-01
5.144999999999999574e-01
5.494999999999999885e-01
5.706999999999999851e-01
5.959999999999999742e-01
6.534999999999999698e-01
7.017999999999999794e-01
7.723999999999999755e-01
8.254000000000000226e-01
8.560999999999999721e-01
9.001000000000000112e-01
9.008000000000000451e-01
9.028000000000000469e-01
9.103999999999999870e-01
9.308999999999999497e-01
9.434000000000000163e-01
9.489999999999999547e-01
9.473000000000000309e-01
9.429999999999999494e-01
9.522000000000000464e-01
9.568999999999999728e-01
9.659999999999999698e-01
9.655000000000000249e-01
9.837000000000000188e-01
9.778000000000000025e-01
9.829999999999999849e-01
9.770999999999999686e-01
9.919999999999999929e-01
9.785000000000000364e-01
9.645000000000000240e-01
9.778999999999999915e-01
9.776000000000000245e-01
9.780999999999999694e-01
9.731999999999999540e-01
9.798999999999999932e-01
9.817000000000000171e-01
9.747000000000000108e-01
9.815000000000000391e-01
9.698999999999999844e-01
9.714000000000000412e-01
9.844000000000000528e-01
9.697000000000000064e-01
9.587999999999999856e-01
9.508999999999999675e-01
9.375000000000000000e-01
9.102999999999999980e-01
9.013999999999999790e-01
8.913999999999999702e-01
8.866000000000000547e-01
8.934999999999999609e-01
8.942999999999999838e-01
8.964999999999999636e-01
9.039000000000000368e-01
9.048000000000000487e-01
8.989000000000000323e-01
8.788000000000000256e-01
8.589999999999999858e-01
8.715000000000000524e-01
8.215000000000000080e-01
8.395000000000000240e-01
7.975999999999999757e-01
7.413999999999999480e-01
6.671000000000000263e-01
5.900999999999999579e-01
4.808000000000000052e-01
3.614999999999999880e-01
2.660000000000000142e-01
2.001000000000000001e-01
1.479000000000000037e-01
1.195999999999999980e-01
9.510000000000000397e-02
5.940000000000000141e-02
4.209999999999999853e-02
2.009999999999999981e-02
1.770000000000000046e-02
1.890000000000000013e-02
2.259999999999999856e-02
3.540000000000000091e-02
3.409999999999999837e-02
2.879999999999999921e-02
2.860000000000000042e-02
1.990000000000000102e-02
1.549999999999999989e-02
5.300000000000000024e-03
6.400000000000000307e-03
4.000000000000000192e-04
6.000000000000000125e-03
6.300000000000000044e-03
3.700000000000000164e-03
5.999999999999999474e-04
3.899999999999999821e-03
8.999999999999999320e-03
1.200000000000000025e-02
1.200000000000000025e-02
2.750000000000000014e-02
1.190000000000000085e-02
4.199999999999999740e-03
5.199999999999999761e-03
1.389999999999999916e-02
1.559999999999999928e-02
2.460000000000000034e-02
4.030000000000000249e-02
3.559999999999999970e-02
3.119999999999999857e-02
2.699999999999999969e-02
2.249999999999999917e-02
1.959999999999999937e-02
1.839999999999999969e-02
1.830000000000000029e-02
1.319999999999999993e-02
1.529999999999999936e-02
1.469999999999999953e-02
1.329999999999999932e-02
7.000000000000000146e-03
1.009999999999999960e-02
8.600000000000000006e-03
3.700000000000000164e-03
0.000000000000000000e+00
3.000000000000000062e-03
8.999999999999999754e-04
1.399999999999999986e-03
5.999999999999999474e-04
1.000000000000000021e-03
1.299999999999999940e-02
2.929999999999999966e-02
4.760000000000000342e-02
7.760000000000000231e-02
8.569999999999999840e-02
1.021999999999999992e-01
1.137999999999999984e-01
1.010000000000000064e-01
9.189999999999999558e-02
8.050000000000000211e-02
6.590000000000000024e-02
5.700000000000000205e-02
4.639999999999999680e-02
4.170000000000000095e-02
5.260000000000000092e-02
6.990000000000000380e-02
7.169999999999999984e-02
9.239999999999999603e-02
9.080000000000000571e-02
7.299999999999999545e-02
5.850000000000000339e-02
3.699999999999999817e-02
2.970000000000000070e-02
1.940000000000000058e-02
1.679999999999999896e-02
2.110000000000000070e-02
2.069999999999999965e-02
2.719999999999999848e-02
2.500000000000000139e-02
1.619999999999999912e-02
1.770000000000000046e-02
1.590000000000000094e-02
1.699999999999999905e-03
0.000000000000000000e+00
0.000000000000000000e+00
0.000000000000000000e+00
0.000000000000000000e+00
0.000000000000000000e+00
0.000000000000000000e+00
3.500000000000000073e-03
1.030000000000000013e-02
2.149999999999999828e-02
2.549999999999999836e-02
3.670000000000000345e-02
2.419999999999999929e-02
1.140000000000000041e-02
2.239999999999999977e-02
3.219999999999999946e-02
4.159999999999999809e-02
3.760000000000000148e-02
4.750000000000000056e-02
4.299999999999999656e-02
4.200000000000000261e-02
4.379999999999999866e-02
2.139999999999999888e-02
1.179999999999999973e-02
7.300000000000000065e-03
0.000000000000000000e+00
0.000000000000000000e+00
0.000000000000000000e+00
0.000000000000000000e+00
1.299999999999999940e-03
1.609999999999999973e-02
4.619999999999999801e-02
8.609999999999999598e-02
1.004000000000000031e-01
1.150999999999999940e-01
1.497999999999999887e-01
2.579000000000000181e-01
2.787999999999999923e-01
3.392999999999999905e-01
4.127000000000000113e-01
5.026000000000000467e-01
5.655999999999999917e-01
6.536999999999999478e-01
7.255000000000000338e-01
8.044000000000000039e-01
8.710999999999999854e-01
9.372000000000000330e-01
9.436999999999999833e-01
9.584000000000000297e-01
9.731999999999999540e-01
9.768999999999999906e-01
9.901999999999999691e-01
9.939999999999999947e-01
9.909999999999999920e-01
9.979999999999999982e-01
9.936000000000000387e-01
1.000000000000000000e+00
9.949000000000000066e-01
9.890999999999999792e-01
1.000000000000000000e+00
9.893999999999999462e-01
9.922999999999999599e-01
9.838000000000000078e-01
9.969000000000000083e-01
9.986000000000000432e-01
9.972999999999999643e-01
1.000000000000000000e+00
1.000000000000000000e+00
9.991999999999999771e-01
9.940999999999999837e-01
9.892999999999999572e-01
9.976000000000000423e-01
9.788000000000000034e-01
9.805000000000000382e-01
9.351000000000000423e-01
9.548999999999999710e-01
9.660999999999999588e-01
9.708999999999999853e-01
9.507999999999999785e-01
9.764000000000000457e-01
9.827000000000000179e-01
9.872999999999999554e-01
9.895000000000000462e-01
9.728999999999999870e-01
9.861999999999999655e-01
1.000000000000000000e+00
9.689999999999999725e-01
9.951999999999999735e-01
9.912999999999999590e-01
1.000000000000000000e+00
9.915000000000000480e-01
1.000000000000000000e+00
9.991999999999999771e-01
9.958000000000000185e-01
1.000000000000000000e+00
1.000000000000000000e+00
9.933999999999999497e-01
9.946000000000000396e-01
9.816000000000000281e-01
9.777000000000000135e-01
9.554000000000000270e-01
9.475999999999999979e-01
9.445999999999999952e-01
9.432000000000000384e-01
9.306999999999999718e-01
9.143999999999999906e-01
9.059000000000000385e-01
8.826000000000000512e-01
8.580999999999999739e-01
8.289999999999999591e-01
8.165000000000000036e-01
8.303000000000000380e-01
8.280999999999999472e-01
8.273000000000000353e-01
8.398999999999999799e-01
8.665000000000000480e-01
8.797000000000000375e-01
9.002000000000000002e-01
9.342000000000000304e-01
9.283000000000000140e-01
9.415999999999999925e-01
9.479999999999999538e-01
9.474000000000000199e-01
9.529999999999999583e-01
9.903999999999999471e-01
9.946000000000000396e-01
9.972999999999999643e-01
1.000000000000000000e+00
1.000000000000000000e+00
9.905000000000000471e-01
9.851999999999999647e-01
9.952999999999999625e-01
9.962999999999999634e-01
9.975000000000000533e-01
1.000000000000000000e+00
9.923999999999999488e-01
1.000000000000000000e+00
1.000000000000000000e+00
1.000000000000000000e+00
1.000000000000000000e+00
9.704000000000000403e-01
9.876000000000000334e-01
9.885000000000000453e-01
9.835000000000000409e-01
9.802999999999999492e-01
9.899000000000000021e-01
9.715000000000000302e-01
9.747999999999999998e-01
9.644000000000000350e-01
9.678999999999999826e-01
9.755000000000000338e-01
9.680999999999999606e-01
9.640999999999999570e-01
9.767000000000000126e-01
9.707000000000000073e-01
9.657999999999999918e-01
9.717999999999999972e-01
9.597999999999999865e-01
9.631999999999999451e-01
9.425999999999999934e-01
9.189000000000000501e-01
8.598999999999999977e-01
