8.943999999999999728e-01
9.693000000000000504e-01
9.666000000000000147e-01
9.526000000000000023e-01
9.462000000000000410e-01
9.513000000000000345e-01
9.639999999999999680e-01
9.545000000000000151e-01
9.576999999999999957e-01
9.647999999999999909e-01
9.442000000000000393e-01
9.429999999999999494e-01
9.328999999999999515e-01
9.253000000000000114e-01
9.101000000000000201e-01
9.001000000000000112e-01
8.856000000000000538e-01
8.706000000000000405e-01
8.629000000000000004e-01
8.541999999999999593e-01
8.608000000000000096e-01
8.619999999999999885e-01
8.753999999999999559e-01
8.870000000000000107e-01
8.903999999999999693e-01
8.903999999999999693e-01
9.014999999999999680e-01
9.133999999999999897e-01
9.161000000000000254e-01
9.130000000000000338e-01
9.101000000000000201e-01
9.222000000000000197e-01
9.171000000000000263e-01
9.133999999999999897e-01
9.175999999999999712e-01
9.073999999999999844e-01
8.925999999999999490e-01
9.052999999999999936e-01
9.106999999999999540e-01
9.194999999999999840e-01
9.223000000000000087e-01
9.052000000000000046e-01
8.909000000000000252e-01
8.903999999999999693e-01
8.924999999999999600e-01
9.019000000000000350e-01
9.079000000000000403e-01
9.131000000000000227e-01
9.151000000000000245e-01
9.358999999999999542e-01
9.399999999999999467e-01
9.371000000000000441e-01
9.372000000000000330e-01
9.356999999999999762e-01
9.360000000000000542e-01
9.447999999999999732e-01
9.411000000000000476e-01
9.458999999999999631e-01
9.579999999999999627e-01
9.411000000000000476e-01
9.386999999999999789e-01
9.429999999999999494e-01
9.385000000000000009e-01
9.465999999999999970e-01
9.454000000000000181e-01
9.443000000000000282e-01
9.455000000000000071e-01
9.464000000000000190e-01
9.364999999999999991e-01
9.493000000000000327e-01
9.346999999999999753e-01
9.368999999999999551e-01
9.250000000000000444e-01
9.274000000000000021e-01
9.284000000000000030e-01
9.376999999999999780e-01
9.385999999999999899e-01
9.425000000000000044e-01
9.356999999999999762e-01
9.392000000000000348e-01
9.386999999999999789e-01
9.446999999999999842e-01
9.343000000000000194e-01
9.376999999999999780e-01
9.348999999999999533e-01
9.345999999999999863e-01
9.297999999999999599e-01
9.338999999999999524e-01
9.242000000000000215e-01
9.291000000000000369e-01
9.347999999999999643e-01
9.253000000000000114e-01
9.213000000000000078e-01
9.239000000000000545e-01
9.202000000000000179e-01
9.151000000000000245e-01
9.141000000000000236e-01
9.147999999999999465e-01
9.203000000000000069e-01
9.071000000000000174e-01
9.125999999999999668e-01
9.095999999999999641e-01
9.157999999999999474e-01
9.033999999999999808e-01
9.052999999999999936e-01
9.014999999999999680e-01
9.094999999999999751e-01
8.970000000000000195e-01
8.652999999999999581e-01
8.617000000000000215e-01
8.740999999999999881e-01
8.897000000000000464e-01
9.061000000000000165e-01
8.832999999999999741e-01
9.080000000000000293e-01
9.179000000000000492e-01
9.236999999999999655e-01
9.290000000000000480e-01
9.325999999999999845e-01
9.137999999999999456e-01
9.112000000000000099e-01
8.862999999999999767e-01
8.993999999999999773e-01
9.082999999999999963e-01
9.072000000000000064e-01
9.042999999999999927e-01
9.024999999999999689e-01
9.144999999999999796e-01
9.221000000000000307e-01
9.384000000000000119e-01
9.345999999999999863e-01
9.387999999999999678e-01
9.493000000000000327e-01
9.484000000000000208e-01
9.341000000000000414e-01
9.317999999999999616e-01
9.341000000000000414e-01
9.433000000000000274e-01
9.312000000000000277e-01
9.345999999999999863e-01
9.403000000000000247e-01
9.523000000000000353e-01
9.524000000000000243e-01
9.478999999999999648e-01
9.575000000000000178e-01
9.476999999999999869e-01
9.583000000000000407e-01
9.526000000000000023e-01
9.504000000000000226e-01
9.486999999999999877e-01
9.408999999999999586e-01
9.423000000000000265e-01
9.405000000000000027e-01
9.449999999999999512e-01
9.475000000000000089e-01
9.553000000000000380e-01
9.638999999999999790e-01
9.477999999999999758e-01
9.514000000000000234e-01
9.413000000000000256e-01
9.439999999999999503e-01
9.451000000000000512e-01
9.454000000000000181e-01
9.473000000000000309e-01
9.358999999999999542e-01
9.535000000000000142e-01
9.387999999999999678e-01
9.389999999999999458e-01
9.334000000000000075e-01
9.351000000000000423e-01
9.366999999999999771e-01
9.367999999999999661e-01
9.379999999999999449e-01
9.432000000000000384e-01
9.517999999999999794e-01
9.475999999999999979e-01
9.361000000000000432e-01
9.586999999999999966e-01
9.547999999999999821e-01
9.297999999999999599e-01
9.264999999999999902e-01
9.375000000000000000e-01
9.415999999999999925e-01
9.504000000000000226e-01
9.564000000000000279e-01
9.537999999999999812e-01
9.617999999999999883e-01
9.455000000000000071e-01
9.425000000000000044e-01
9.457999999999999741e-01
9.459999999999999520e-01
9.330000000000000515e-01
9.368999999999999551e-01
9.195999999999999730e-01
9.154999999999999805e-01
9.153999999999999915e-01
9.052000000000000046e-01
9.082999999999999963e-01
9.024999999999999689e-01
9.051000000000000156e-01
9.024999999999999689e-01
8.860999999999999988e-01
9.023999999999999799e-01
9.011000000000000121e-01
9.124999999999999778e-01
9.229000000000000536e-01
9.258999999999999453e-01
9.254000000000000004e-01
9.282000000000000250e-01
9.282000000000000250e-01
9.453000000000000291e-01
9.328999999999999515e-01
9.293000000000000149e-01
9.354000000000000092e-01
9.473000000000000309e-01
9.249000000000000554e-01
9.274999999999999911e-01
9.275999999999999801e-01
9.254000000000000004e-01
9.314000000000000057e-01
9.385999999999999899e-01
9.497999999999999776e-01
9.373000000000000220e-01
9.199000000000000510e-01
9.220000000000000417e-01
9.280000000000000471e-01
9.112000000000000099e-01
9.174999999999999822e-01
9.312000000000000277e-01
9.368999999999999551e-01
9.432000000000000384e-01
9.271000000000000352e-01
9.123999999999999888e-01
9.154999999999999805e-01
9.255999999999999783e-01
9.261000000000000343e-01
9.171000000000000263e-01
9.375000000000000000e-01
9.361000000000000432e-01
9.273000000000000131e-01
9.271000000000000352e-01
9.334000000000000075e-01
9.494000000000000217e-01
9.536000000000000032e-01
9.529999999999999583e-01
9.500999999999999446e-01
9.663000000000000478e-01
9.735000000000000320e-01
9.622000000000000552e-01
9.604000000000000314e-01
9.606000000000000094e-01
9.602000000000000535e-01
9.633000000000000451e-01
9.754000000000000448e-01
9.718999999999999861e-01
9.706000000000000183e-01
9.733000000000000540e-01
9.805000000000000382e-01
9.778000000000000025e-01
9.734000000000000430e-01
9.614000000000000323e-01
9.631999999999999451e-01
9.721999999999999531e-01
9.690999999999999615e-01
9.569999999999999618e-01
9.404000000000000137e-01
9.384000000000000119e-01
9.469999999999999529e-01
9.555000000000000160e-01
9.576999999999999957e-01
9.574000000000000288e-01
9.436999999999999833e-01
9.405999999999999917e-01
9.163999999999999924e-01
9.295999999999999819e-01
9.365999999999999881e-01
9.496999999999999886e-01
9.315999999999999837e-01
9.314999999999999947e-01
9.222000000000000197e-01
9.161000000000000254e-01
9.415999999999999925e-01
9.131000000000000227e-01
9.271000000000000352e-01
9.363000000000000211e-01
9.556000000000000050e-01
9.419999999999999485e-01
9.350000000000000533e-01
9.442000000000000393e-01
9.517999999999999794e-01
9.342000000000000304e-01
9.234999999999999876e-01
9.330000000000000515e-01
9.363000000000000211e-01
9.434000000000000163e-01
9.428999999999999604e-01
9.526000000000000023e-01
9.536999999999999922e-01
9.275999999999999801e-01
9.063999999999999835e-01
9.303000000000000158e-01
9.374000000000000110e-01
9.472000000000000419e-01
9.443000000000000282e-01
9.325999999999999845e-01
9.187999999999999501e-01
9.245999999999999774e-01
9.321000000000000396e-01
9.496999999999999886e-01
9.455999999999999961e-01
9.456999999999999851e-01
9.514000000000000234e-01
9.564000000000000279e-01
9.547999999999999821e-01
9.544000000000000261e-01
9.596000000000000085e-01
9.495999999999999996e-01
9.445999999999999952e-01
9.507999999999999785e-01
9.565000000000000169e-01
9.498999999999999666e-01
9.459999999999999520e-01
9.447999999999999732e-01
9.467999999999999750e-01
9.537999999999999812e-01
9.332000000000000295e-01
9.489999999999999547e-01
9.485000000000000098e-01
9.532000000000000473e-01
9.533000000000000362e-01
9.554000000000000270e-01
9.625000000000000222e-01
9.569999999999999618e-01
9.631999999999999451e-01
9.602000000000000535e-01
9.385000000000000009e-01
9.402000000000000357e-01
9.200000000000000400e-01
9.089000000000000412e-01
9.179000000000000492e-01
9.224999999999999867e-01
9.213000000000000078e-01
9.354999999999999982e-01
9.389999999999999458e-01
9.293000000000000149e-01
9.247999999999999554e-01
9.426999999999999824e-01
9.326999999999999735e-01
9.342000000000000304e-01
9.372000000000000330e-01
9.405000000000000027e-01
9.220000000000000417e-01
9.220000000000000417e-01
9.174999999999999822e-01
9.167999999999999483e-01
9.181000000000000272e-01
9.181000000000000272e-01
9.205999999999999739e-01
9.321000000000000396e-01
9.215999999999999748e-01
9.078000000000000513e-01
9.120000000000000329e-01
9.113999999999999879e-01
9.181000000000000272e-01
8.945999999999999508e-01
8.813999999999999613e-01
8.816000000000000503e-01
8.881000000000000005e-01
8.902999999999999803e-01
8.904999999999999583e-01
8.783999999999999586e-01
8.929000000000000270e-01
9.092999999999999972e-01
9.071000000000000174e-01
9.112999999999999989e-01
9.206999999999999629e-01
9.324999999999999956e-01
9.489999999999999547e-01
9.597999999999999865e-01
9.714000000000000412e-01
9.637000000000000011e-01
9.594000000000000306e-01
9.612000000000000544e-01
9.589999999999999636e-01
9.483000000000000318e-01
9.499999999999999556e-01
9.386999999999999789e-01
9.458999999999999631e-01
9.502000000000000446e-01
9.443000000000000282e-01
9.432000000000000384e-01
9.532000000000000473e-01
9.523000000000000353e-01
9.476999999999999869e-01
9.522000000000000464e-01
9.442000000000000393e-01
9.482000000000000428e-01
9.629999999999999671e-01
9.542000000000000481e-01
9.519999999999999574e-01
9.520999999999999464e-01
9.577999999999999847e-01
9.556999999999999940e-01
9.495000000000000107e-01
9.425999999999999934e-01
9.347999999999999643e-01
9.364000000000000101e-01
9.290000000000000480e-01
9.277999999999999581e-01
9.227999999999999536e-01
9.166999999999999593e-01
9.100000000000000311e-01
8.941000000000000059e-01
8.848000000000000309e-01
8.628000000000000114e-01
8.560999999999999721e-01
8.501999999999999558e-01
8.270999999999999464e-01
8.138999999999999568e-01
7.932000000000000162e-01
7.711999999999999966e-01
7.415000000000000480e-01
7.389999999999999902e-01
6.935000000000000053e-01
6.756999999999999673e-01
6.258000000000000229e-01
5.735999999999999988e-01
5.140000000000000124e-01
4.561999999999999944e-01
4.089999999999999747e-01
3.689999999999999947e-01
3.321000000000000063e-01
2.964999999999999858e-01
2.639000000000000234e-01
2.533000000000000251e-01
2.295000000000000095e-01
2.179999999999999993e-01
1.970999999999999974e-01
2.061999999999999944e-01
2.013000000000000067e-01
2.147000000000000020e-01
2.255000000000000060e-01
2.187000000000000055e-01
2.242999999999999994e-01
2.132000000000000006e-01
2.033999999999999975e-01
2.056000000000000050e-01
1.869999999999999996e-01
1.781999999999999973e-01
1.680999999999999994e-01
1.519000000000000072e-01
1.403999999999999970e-01
1.227000000000000035e-01
9.819999999999999563e-02
9.329999999999999405e-02
8.369999999999999662e-02
7.689999999999999614e-02
9.420000000000000595e-02
9.239999999999999603e-02
1.052000000000000018e-01
1.019999999999999934e-01
9.500000000000000111e-02
8.160000000000000586e-02
9.210000000000000131e-02
1.111000000000000043e-01
1.057000000000000023e-01
1.127999999999999975e-01
1.049999999999999961e-01
1.088999999999999968e-01
8.959999999999999909e-02
8.089999999999999969e-02
9.400000000000000022e-02
8.930000000000000437e-02
9.669999999999999429e-02
1.210999999999999993e-01
1.608999999999999875e-01
1.877000000000000057e-01
2.378000000000000114e-01
3.380000000000000226e-01
3.977999999999999869e-01
4.670000000000000262e-01
5.547999999999999599e-01
6.066000000000000281e-01
6.858999999999999542e-01
7.851000000000000201e-01
8.578999999999999959e-01
8.984999999999999654e-01
9.209000000000000519e-01
9.318999999999999506e-01
9.373000000000000220e-01
9.432000000000000384e-01
9.422000000000000375e-01
9.449999999999999512e-01
9.392000000000000348e-01
9.392000000000000348e-01
9.288999999999999480e-01
9.163999999999999924e-01
9.155999999999999694e-01
9.176999999999999602e-01
9.149000000000000465e-01
9.028000000000000469e-01
8.890000000000000124e-01
8.556000000000000272e-01
8.300999999999999490e-01
8.081000000000000405e-01
7.667000000000000481e-01
6.943000000000000282e-01
6.493999999999999773e-01
5.901999999999999469e-01
5.741000000000000547e-01
5.667999999999999705e-01
5.423999999999999932e-01
5.446999999999999620e-01
5.843000000000000416e-01
6.278000000000000247e-01
6.581000000000000183e-01
6.659000000000000474e-01
6.784000000000000030e-01
6.852000000000000313e-01
6.703999999999999959e-01
6.506999999999999451e-01
6.337000000000000410e-01
6.094000000000000528e-01
5.943000000000000504e-01
5.590000000000000524e-01
5.097000000000000419e-01
4.857000000000000206e-01
4.618999999999999773e-01
4.369999999999999996e-01
4.345999999999999863e-01
4.229999999999999871e-01
4.102000000000000091e-01
4.222000000000000197e-01
4.501999999999999891e-01
4.885999999999999788e-01
5.154999999999999583e-01
5.620000000000000551e-01
5.777999999999999803e-01
6.412999999999999812e-01
6.912000000000000366e-01
7.460999999999999854e-01
7.910000000000000364e-01
8.294000000000000261e-01
8.578000000000000069e-01
8.757000000000000339e-01
8.872999999999999776e-01
9.089000000000000412e-01
9.176999999999999602e-01
9.139000000000000457e-01
9.281000000000000361e-01
9.229000000000000536e-01
9.267999999999999572e-01
9.175999999999999712e-01
9.167999999999999483e-01
9.086999999999999522e-01
9.074999999999999734e-01
9.132000000000000117e-01
9.254000000000000004e-01
9.247999999999999554e-01
9.268999999999999462e-01
9.205999999999999739e-01
9.294999999999999929e-01
9.356999999999999762e-01
9.418999999999999595e-01
9.445000000000000062e-01
9.486999999999999877e-01
9.431000000000000494e-01
9.397999999999999687e-01
9.338999999999999524e-01
9.376999999999999780e-01
9.324999999999999956e-01
9.282000000000000250e-01
9.121000000000000218e-01
9.060000000000000275e-01
9.092999999999999972e-01
9.111000000000000210e-01
9.079000000000000403e-01
9.001000000000000112e-01
8.989000000000000323e-01
8.781999999999999806e-01
8.944999999999999618e-01
8.972999999999999865e-01
9.023999999999999799e-01
9.111000000000000210e-01
9.109000000000000430e-01
9.110000000000000320e-01
9.189000000000000501e-01
9.251000000000000334e-01
9.354999999999999982e-01
9.478999999999999648e-01
9.475999999999999979e-01
9.568999999999999728e-01
9.577999999999999847e-01
9.606999999999999984e-01
9.536000000000000032e-01
9.592000000000000526e-01
9.495999999999999996e-01
9.548999999999999710e-01
9.572000000000000508e-01
9.563000000000000389e-01
9.576000000000000068e-01
9.548999999999999710e-01
9.575000000000000178e-01
9.614000000000000323e-01
9.619999999999999662e-01
9.614000000000000323e-01
9.452000000000000401e-01
9.518999999999999684e-01
9.522000000000000464e-01
9.427999999999999714e-01
9.394000000000000128e-01
9.427999999999999714e-01
9.354999999999999982e-01
9.337999999999999634e-01
9.342000000000000304e-01
9.610999999999999543e-01
9.444000000000000172e-01
9.649999999999999689e-01
9.629999999999999671e-01
9.539999999999999591e-01
9.452000000000000401e-01
9.304000000000000048e-01
9.503000000000000336e-01
9.536000000000000032e-01
9.543000000000000371e-01
9.634000000000000341e-01
9.731999999999999540e-01
9.646000000000000130e-01
9.543000000000000371e-01
9.536000000000000032e-01
9.586999999999999966e-01
9.576000000000000068e-01
9.499999999999999556e-01
9.522000000000000464e-01
9.529999999999999583e-01
9.500999999999999446e-01
9.497999999999999776e-01
9.474000000000000199e-01
9.528999999999999693e-01
9.428999999999999604e-01
9.437999999999999723e-01
9.358999999999999542e-01
9.254000000000000004e-01
9.063999999999999835e-01
9.082000000000000073e-01
8.974999999999999645e-01
8.080000000000000515e-01
