8.696000000000000396e-01
8.207999999999999741e-01
7.697000000000000508e-01
7.054000000000000270e-01
6.469000000000000306e-01
5.614000000000000101e-01
5.064999999999999503e-01
4.743999999999999884e-01
4.492999999999999772e-01
4.284999999999999920e-01
4.242000000000000215e-01
4.129999999999999782e-01
4.097000000000000086e-01
3.975000000000000200e-01
3.910000000000000142e-01
3.598000000000000087e-01
3.341999999999999971e-01
2.868999999999999884e-01
2.431999999999999995e-01
2.061999999999999944e-01
1.653000000000000025e-01
1.481999999999999984e-01
1.456000000000000072e-01
1.537000000000000033e-01
1.559000000000000108e-01
1.610000000000000042e-01
1.479999999999999927e-01
1.391000000000000014e-01
1.218000000000000055e-01
1.147999999999999993e-01
1.147999999999999993e-01
1.101000000000000034e-01
1.033000000000000029e-01
9.410000000000000309e-02
9.479999999999999538e-02
8.859999999999999820e-02
9.489999999999999825e-02
8.409999999999999420e-02
7.729999999999999372e-02
6.779999999999999916e-02
7.109999999999999654e-02
7.049999999999999323e-02
8.980000000000000482e-02
9.790000000000000091e-02
1.300000000000000044e-01
1.681999999999999884e-01
2.189000000000000112e-01
2.737999999999999878e-01
3.125999999999999890e-01
3.396000000000000130e-01
3.700999999999999845e-01
3.733000000000000207e-01
3.810999999999999943e-01
4.172000000000000153e-01
4.237000000000000210e-01
4.324000000000000066e-01
4.789999999999999813e-01
5.107000000000000428e-01
5.256999999999999451e-01
5.542000000000000259e-01
5.463000000000000078e-01
5.785000000000000142e-01
5.785000000000000142e-01
5.900999999999999579e-01
6.319000000000000172e-01
6.581000000000000183e-01
6.725999999999999757e-01
7.219999999999999751e-01
7.385000000000000453e-01
7.664999999999999591e-01
8.064999999999999947e-01
8.237999999999999767e-01
8.374000000000000332e-01
8.348999999999999755e-01
8.309999999999999609e-01
8.216999999999999860e-01
8.270999999999999464e-01
8.209999999999999520e-01
8.114999999999999991e-01
7.990000000000000435e-01
7.741999999999999993e-01
7.734999999999999654e-01
7.856999999999999540e-01
7.811000000000000165e-01
7.755999999999999561e-01
7.611999999999999877e-01
7.498000000000000220e-01
7.477000000000000313e-01
7.496000000000000441e-01
7.461999999999999744e-01
7.552999999999999714e-01
7.593999999999999639e-01
7.720000000000000195e-01
7.782000000000000028e-01
7.735999999999999543e-01
7.691000000000000059e-01
7.660000000000000142e-01
7.851000000000000201e-01
7.967999999999999527e-01
8.146999999999999797e-01
8.349999999999999645e-01
8.505000000000000338e-01
8.651999999999999691e-01
8.787000000000000366e-01
8.899000000000000243e-01
8.959000000000000297e-01
9.133000000000000007e-01
9.312000000000000277e-01
9.234999999999999876e-01
9.175999999999999712e-01
9.270000000000000462e-01
9.258999999999999453e-01
9.346999999999999753e-01
9.384000000000000119e-01
9.473000000000000309e-01
9.548999999999999710e-01
9.553000000000000380e-01
9.765000000000000346e-01
9.756000000000000227e-01
9.696000000000000174e-01
9.645000000000000240e-01
9.512000000000000455e-01
9.500999999999999446e-01
9.577999999999999847e-01
9.616000000000000103e-01
9.626000000000000112e-01
9.693000000000000504e-01
9.686000000000000165e-01
9.760999999999999677e-01
9.697999999999999954e-01
9.756000000000000227e-01
9.747999999999999998e-01
9.721999999999999531e-01
9.657999999999999918e-01
9.703000000000000513e-01
9.578999999999999737e-01
9.648999999999999799e-01
9.566999999999999948e-01
9.697999999999999954e-01
9.564000000000000279e-01
9.597999999999999865e-01
9.579999999999999627e-01
9.648999999999999799e-01
9.708999999999999853e-01
9.679999999999999716e-01
9.716000000000000192e-01
9.731999999999999540e-01
9.628999999999999782e-01
9.749999999999999778e-01
9.615000000000000213e-01
9.608999999999999764e-01
9.567999999999999838e-01
9.737000000000000099e-01
9.673000000000000487e-01
9.725000000000000311e-01
9.761999999999999567e-01
9.696000000000000174e-01
9.996000000000000441e-01
1.000000000000000000e+00
9.907000000000000250e-01
9.952999999999999625e-01
9.989000000000000101e-01
9.851999999999999647e-01
9.898000000000000131e-01
9.890999999999999792e-01
9.821999999999999620e-01
9.800999999999999712e-01
9.782999999999999474e-01
1.000000000000000000e+00
1.000000000000000000e+00
9.945000000000000506e-01
9.808000000000000052e-01
9.716000000000000192e-01
9.737999999999999989e-01
9.539999999999999591e-01
9.595000000000000195e-01
9.629999999999999671e-01
9.610999999999999543e-01
9.556000000000000050e-01
9.549999999999999600e-01
9.526999999999999913e-01
9.538999999999999702e-01
9.543000000000000371e-01
9.729999999999999760e-01
9.622000000000000552e-01
9.619999999999999662e-01
9.633000000000000451e-01
9.680999999999999606e-01
9.707000000000000073e-01
9.680999999999999606e-01
9.667999999999999927e-01
9.568999999999999728e-01
9.384000000000000119e-01
9.388999999999999568e-01
9.391000000000000458e-01
9.363000000000000211e-01
9.302000000000000268e-01
9.373000000000000220e-01
9.291000000000000369e-01
9.209000000000000519e-01
9.121000000000000218e-01
9.041000000000000147e-01
9.220000000000000417e-01
9.235999999999999766e-01
9.065999999999999615e-01
9.002000000000000002e-01
9.022999999999999909e-01
8.981000000000000094e-01
9.122000000000000108e-01
9.137999999999999456e-01
9.010000000000000231e-01
9.033999999999999808e-01
9.099000000000000421e-01
9.304000000000000048e-01
9.171000000000000263e-01
9.130000000000000338e-01
9.247999999999999554e-01
9.255999999999999783e-01
8.922999999999999821e-01
9.210000000000000409e-01
9.437999999999999723e-01
9.396999999999999797e-01
9.311000000000000387e-01
9.327999999999999625e-01
9.347999999999999643e-01
9.416999999999999815e-01
9.405000000000000027e-01
9.334000000000000075e-01
9.414000000000000146e-01
9.458999999999999631e-01
9.493000000000000327e-01
9.564000000000000279e-01
9.396999999999999797e-01
9.509999999999999565e-01
9.495000000000000107e-01
9.328999999999999515e-01
9.223999999999999977e-01
9.004999999999999671e-01
9.050000000000000266e-01
8.882999999999999785e-01
8.958000000000000407e-01
9.265999999999999792e-01
9.152000000000000135e-01
8.972999999999999865e-01
8.848000000000000309e-01
9.085999999999999632e-01
8.921000000000000041e-01
9.126999999999999558e-01
9.149000000000000465e-01
9.231000000000000316e-01
9.364000000000000101e-01
9.469999999999999529e-01
9.405000000000000027e-01
9.491000000000000547e-01
9.414000000000000146e-01
9.326999999999999735e-01
9.286999999999999700e-01
9.194999999999999840e-01
9.190000000000000391e-01
9.313000000000000167e-01
9.353000000000000203e-01
9.451000000000000512e-01
9.267999999999999572e-01
9.323000000000000176e-01
9.398999999999999577e-01
9.461000000000000520e-01
9.483000000000000318e-01
9.375000000000000000e-01
9.246999999999999664e-01
9.494000000000000217e-01
9.532000000000000473e-01
9.443000000000000282e-01
9.434000000000000163e-01
9.375999999999999890e-01
9.443000000000000282e-01
9.620999999999999552e-01
9.517999999999999794e-01
9.539999999999999591e-01
9.454000000000000181e-01
9.643000000000000460e-01
9.364000000000000101e-01
9.404000000000000137e-01
9.233999999999999986e-01
9.150000000000000355e-01
9.263000000000000123e-01
9.328999999999999515e-01
9.324999999999999956e-01
9.386999999999999789e-01
9.382000000000000339e-01
9.409999999999999476e-01
9.326999999999999735e-01
9.324000000000000066e-01
9.375999999999999890e-01
9.473000000000000309e-01
9.245999999999999774e-01
9.206999999999999629e-01
9.429999999999999494e-01
9.553000000000000380e-01
9.578999999999999737e-01
9.550999999999999490e-01
9.582000000000000517e-01
9.455000000000000071e-01
9.370000000000000551e-01
9.244999999999999885e-01
9.186999999999999611e-01
8.914999999999999591e-01
8.661999999999999700e-01
8.712999999999999634e-01
8.429999999999999716e-01
8.275000000000000133e-01
8.033000000000000140e-01
7.985999999999999766e-01
7.645999999999999464e-01
7.379999999999999893e-01
7.159999999999999698e-01
6.967999999999999750e-01
6.860000000000000542e-01
6.899999999999999467e-01
7.220999999999999641e-01
7.502999999999999670e-01
8.206999999999999851e-01
8.661999999999999700e-01
8.922999999999999821e-01
9.033999999999999808e-01
9.143999999999999906e-01
9.151000000000000245e-01
9.240000000000000435e-01
9.231000000000000316e-01
9.092999999999999972e-01
9.021000000000000130e-01
8.965999999999999526e-01
9.016999999999999460e-01
9.176999999999999602e-01
9.149000000000000465e-01
9.274999999999999911e-01
9.102999999999999980e-01
9.204999999999999849e-01
9.081000000000000183e-01
9.528999999999999693e-01
9.576000000000000068e-01
9.510999999999999455e-01
9.584000000000000297e-01
9.618999999999999773e-01
9.636000000000000121e-01
9.848000000000000087e-01
9.715000000000000302e-01
9.667000000000000037e-01
9.582000000000000517e-01
9.416999999999999815e-01
9.564000000000000279e-01
9.586000000000000076e-01
9.737000000000000099e-01
9.671999999999999487e-01
9.630999999999999561e-01
9.593000000000000416e-01
9.619999999999999662e-01
9.523000000000000353e-01
9.331000000000000405e-01
9.465000000000000080e-01
9.546999999999999931e-01
9.589999999999999636e-01
9.659999999999999698e-01
9.671999999999999487e-01
9.548999999999999710e-01
9.433000000000000274e-01
9.204999999999999849e-01
9.334000000000000075e-01
9.438999999999999613e-01
9.364999999999999991e-01
9.388999999999999568e-01
9.502000000000000446e-01
9.316999999999999726e-01
9.304999999999999938e-01
9.203999999999999959e-01
9.312000000000000277e-01
9.172000000000000153e-01
9.069000000000000394e-01
9.137999999999999456e-01
9.260000000000000453e-01
9.254999999999999893e-01
9.202000000000000179e-01
9.234999999999999876e-01
9.197999999999999510e-01
9.183999999999999941e-01
9.280000000000000471e-01
9.216999999999999638e-01
9.249000000000000554e-01
9.233000000000000096e-01
9.195999999999999730e-01
9.155999999999999694e-01
9.139000000000000457e-01
9.043999999999999817e-01
8.973999999999999755e-01
8.997000000000000552e-01
8.850999999999999979e-01
8.840000000000000080e-01
8.777000000000000357e-01
8.797000000000000375e-01
8.822999999999999732e-01
8.998000000000000442e-01
8.846000000000000529e-01
8.860000000000000098e-01
8.762999999999999678e-01
8.629999999999999893e-01
8.600999999999999757e-01
8.589999999999999858e-01
8.615000000000000435e-01
8.599999999999999867e-01
8.614000000000000545e-01
8.540999999999999703e-01
8.581999999999999629e-01
8.693999999999999506e-01
8.608999999999999986e-01
8.356000000000000094e-01
8.364000000000000323e-01
8.718000000000000194e-01
8.819000000000000172e-01
8.649000000000000021e-01
8.666000000000000369e-01
8.659999999999999920e-01
8.924999999999999600e-01
9.048000000000000487e-01
8.921999999999999931e-01
9.098000000000000531e-01
9.267999999999999572e-01
9.125999999999999668e-01
9.285999999999999810e-01
9.370000000000000551e-01
9.399999999999999467e-01
9.341000000000000414e-01
9.415999999999999925e-01
9.342000000000000304e-01
9.160000000000000364e-01
9.002999999999999892e-01
9.130000000000000338e-01
9.193999999999999950e-01
9.301000000000000378e-01
9.432000000000000384e-01
9.340000000000000524e-01
9.316999999999999726e-01
9.307999999999999607e-01
9.328999999999999515e-01
9.553000000000000380e-01
9.656000000000000139e-01
9.668999999999999817e-01
9.743000000000000549e-01
9.710999999999999632e-01
9.641999999999999460e-01
9.570999999999999508e-01
9.344999999999999973e-01
8.738000000000000211e-01
7.802000000000000046e-01
