9.285999999999999810e-01
9.599999999999999645e-01
9.497999999999999776e-01
9.494000000000000217e-01
9.555000000000000160e-01
9.518999999999999684e-01
9.555000000000000160e-01
9.512000000000000455e-01
9.413000000000000256e-01
9.327999999999999625e-01
9.207999999999999519e-01
9.006999999999999451e-01
8.859000000000000208e-01
8.769000000000000128e-01
8.829000000000000181e-01
8.798000000000000265e-01
9.009000000000000341e-01
9.031000000000000139e-01
9.174999999999999822e-01
9.203999999999999959e-01
9.283000000000000140e-01
9.310000000000000497e-01
9.283000000000000140e-01
9.125999999999999668e-01
8.878000000000000336e-01
8.768000000000000238e-01
8.528000000000000025e-01
8.168999999999999595e-01
7.795999999999999597e-01
7.306000000000000272e-01
6.411999999999999922e-01
5.728999999999999648e-01
5.215999999999999526e-01
4.729999999999999760e-01
4.238999999999999990e-01
3.523999999999999910e-01
2.761000000000000121e-01
2.253000000000000003e-01
2.028999999999999970e-01
1.915999999999999925e-01
1.418999999999999984e-01
1.082999999999999935e-01
9.510000000000000397e-02
7.979999999999999594e-02
6.779999999999999916e-02
6.640000000000000069e-02
6.909999999999999476e-02
8.400000000000000522e-02
9.160000000000000087e-02
9.420000000000000595e-02
8.369999999999999662e-02
7.760000000000000231e-02
8.640000000000000457e-02
7.689999999999999614e-02
7.660000000000000142e-02
9.239999999999999603e-02
9.239999999999999603e-02
9.070000000000000284e-02
9.600000000000000200e-02
1.000000000000000056e-01
9.669999999999999429e-02
8.659999999999999643e-02
7.380000000000000449e-02
6.840000000000000246e-02
7.240000000000000602e-02
6.400000000000000133e-02
3.370000000000000079e-02
3.769999999999999740e-02
2.860000000000000042e-02
2.860000000000000042e-02
1.980000000000000163e-02
1.529999999999999936e-02
1.220000000000000077e-02
2.520000000000000018e-02
3.099999999999999978e-02
2.610000000000000167e-02
2.110000000000000070e-02
5.090000000000000080e-02
6.489999999999999936e-02
5.779999999999999721e-02
8.820000000000000062e-02
1.116000000000000048e-01
1.328000000000000014e-01
1.637000000000000122e-01
1.791999999999999982e-01
1.529999999999999971e-01
1.287000000000000088e-01
1.000000000000000056e-01
6.750000000000000444e-02
5.380000000000000060e-02
3.570000000000000256e-02
2.829999999999999877e-02
2.139999999999999888e-02
3.080000000000000099e-02
2.740000000000000074e-02
2.680000000000000090e-02
2.299999999999999961e-02
2.139999999999999888e-02
2.259999999999999856e-02
3.009999999999999828e-02
3.169999999999999901e-02
2.699999999999999969e-02
3.980000000000000204e-02
5.419999999999999818e-02
6.250000000000000000e-02
5.750000000000000250e-02
4.460000000000000075e-02
3.209999999999999659e-02
3.090000000000000038e-02
1.710000000000000062e-02
1.849999999999999908e-02
9.299999999999999239e-03
1.370000000000000037e-02
2.599999999999999881e-02
5.449999999999999983e-02
8.300000000000000433e-02
1.093999999999999972e-01
1.595999999999999919e-01
2.310999999999999999e-01
2.452000000000000013e-01
3.407999999999999918e-01
3.286000000000000032e-01
3.794000000000000150e-01
4.577999999999999847e-01
5.151999999999999913e-01
5.371000000000000218e-01
5.907000000000000028e-01
6.493999999999999773e-01
6.801000000000000378e-01
6.904000000000000137e-01
7.127999999999999892e-01
7.201999999999999513e-01
7.177000000000000046e-01
7.058999999999999719e-01
7.090999999999999526e-01
6.800000000000000488e-01
6.556999999999999496e-01
6.319000000000000172e-01
6.274999999999999467e-01
6.034000000000000474e-01
5.978999999999999870e-01
5.909999999999999698e-01
5.826000000000000068e-01
5.776999999999999913e-01
5.551000000000000378e-01
5.366999999999999549e-01
5.179000000000000270e-01
5.211999999999999966e-01
5.345999999999999641e-01
5.302999999999999936e-01
5.214999999999999636e-01
4.944000000000000061e-01
4.793999999999999928e-01
4.557999999999999829e-01
4.154999999999999805e-01
3.634999999999999898e-01
3.114999999999999991e-01
2.731999999999999984e-01
2.104999999999999927e-01
1.877999999999999947e-01
1.504999999999999949e-01
1.200999999999999984e-01
8.390000000000000235e-02
7.929999999999999549e-02
7.389999999999999347e-02
6.329999999999999516e-02
6.010000000000000064e-02
4.780000000000000221e-02
4.649999999999999967e-02
3.830000000000000071e-02
4.429999999999999910e-02
5.310000000000000137e-02
5.779999999999999721e-02
8.290000000000000147e-02
7.169999999999999984e-02
8.490000000000000324e-02
9.539999999999999869e-02
1.066000000000000003e-01
1.187000000000000000e-01
1.116999999999999937e-01
9.859999999999999321e-02
8.450000000000000566e-02
5.879999999999999810e-02
2.129999999999999949e-02
1.000000000000000021e-02
7.300000000000000065e-03
5.300000000000000024e-03
5.199999999999999761e-03
8.099999999999999561e-03
1.020000000000000073e-02
9.199999999999999845e-03
1.650000000000000078e-02
2.299999999999999961e-02
3.250000000000000111e-02
3.769999999999999740e-02
5.040000000000000036e-02
5.079999999999999793e-02
4.689999999999999725e-02
4.279999999999999777e-02
3.629999999999999893e-02
2.790000000000000119e-02
1.179999999999999973e-02
2.799999999999999972e-03
8.300000000000000086e-03
5.799999999999999600e-03
5.999999999999999474e-04
0.000000000000000000e+00
4.300000000000000003e-03
7.599999999999999985e-03
6.100000000000000387e-03
1.149999999999999981e-02
5.300000000000000024e-03
8.699999999999999400e-03
4.499999999999999660e-03
2.019999999999999921e-02
3.389999999999999958e-02
2.189999999999999933e-02
1.420000000000000082e-02
1.590000000000000094e-02
1.580000000000000154e-02
2.170000000000000054e-02
1.600000000000000033e-02
1.000000000000000048e-04
1.209999999999999964e-02
1.430000000000000021e-02
1.930000000000000118e-02
1.990000000000000102e-02
1.559999999999999928e-02
1.750000000000000167e-02
1.919999999999999832e-02
1.409999999999999969e-02
1.020000000000000073e-02
0.000000000000000000e+00
0.000000000000000000e+00
1.299999999999999940e-03
4.899999999999999842e-03
9.499999999999999764e-03
1.119999999999999989e-02
2.160000000000000114e-02
1.799999999999999864e-02
9.799999999999999684e-03
3.799999999999999992e-03
6.700000000000000226e-03
2.879999999999999921e-02
3.690000000000000224e-02
3.200000000000000067e-02
3.780000000000000027e-02
3.359999999999999792e-02
3.629999999999999893e-02
3.690000000000000224e-02
4.139999999999999930e-02
3.699999999999999817e-02
3.450000000000000289e-02
4.070000000000000007e-02
4.569999999999999757e-02
4.700000000000000011e-02
3.930000000000000160e-02
2.860000000000000042e-02
1.789999999999999925e-02
2.249999999999999917e-02
1.370000000000000037e-02
4.400000000000000265e-03
1.590000000000000094e-02
1.919999999999999832e-02
1.430000000000000021e-02
1.439999999999999961e-02
1.089999999999999997e-02
7.599999999999999985e-03
1.510000000000000057e-02
1.020000000000000073e-02
1.450000000000000074e-02
1.549999999999999989e-02
1.030000000000000013e-02
1.700000000000000122e-02
1.880000000000000074e-02
3.219999999999999946e-02
3.620000000000000301e-02
4.410000000000000031e-02
5.990000000000000185e-02
8.649999999999999356e-02
9.099999999999999756e-02
9.149999999999999800e-02
8.260000000000000675e-02
7.789999999999999702e-02
7.159999999999999698e-02
6.890000000000000291e-02
5.639999999999999875e-02
5.430000000000000104e-02
4.710000000000000298e-02
3.169999999999999901e-02
1.940000000000000058e-02
1.089999999999999997e-02
3.599999999999999901e-03
9.299999999999999239e-03
1.060000000000000005e-02
1.969999999999999876e-02
2.019999999999999921e-02
2.819999999999999937e-02
4.680000000000000132e-02
4.909999999999999781e-02
5.680000000000000326e-02
4.760000000000000342e-02
4.499999999999999833e-02
4.760000000000000342e-02
5.800000000000000294e-02
6.379999999999999560e-02
6.959999999999999520e-02
7.299999999999999545e-02
7.320000000000000118e-02
7.049999999999999323e-02
6.809999999999999387e-02
6.339999999999999802e-02
5.539999999999999786e-02
4.889999999999999902e-02
4.460000000000000075e-02
4.019999999999999962e-02
3.509999999999999926e-02
4.270000000000000184e-02
5.589999999999999830e-02
7.510000000000000009e-02
8.300000000000000433e-02
9.850000000000000422e-02
9.320000000000000506e-02
9.229999999999999316e-02
1.044999999999999957e-01
1.214999999999999969e-01
1.214999999999999969e-01
1.102999999999999953e-01
1.100000000000000006e-01
1.202000000000000013e-01
1.237000000000000044e-01
1.401000000000000023e-01
1.393000000000000071e-01
1.155000000000000054e-01
9.579999999999999627e-02
8.210000000000000631e-02
7.950000000000000122e-02
7.040000000000000424e-02
7.119999999999999940e-02
5.859999999999999931e-02
4.929999999999999660e-02
3.189999999999999780e-02
2.299999999999999961e-02
1.499999999999999944e-02
9.199999999999999845e-03
1.600000000000000077e-03
0.000000000000000000e+00
0.000000000000000000e+00
3.399999999999999811e-03
0.000000000000000000e+00
0.000000000000000000e+00
2.700000000000000143e-03
1.020000000000000073e-02
1.009999999999999960e-02
1.340000000000000045e-02
3.509999999999999926e-02
6.239999999999999714e-02
6.069999999999999701e-02
6.980000000000000093e-02
7.610000000000000098e-02
8.240000000000000102e-02
9.329999999999999405e-02
9.959999999999999409e-02
1.072000000000000036e-01
1.190999999999999975e-01
1.283999999999999864e-01
1.055999999999999994e-01
9.379999999999999449e-02
8.150000000000000300e-02
8.279999999999999860e-02
6.940000000000000335e-02
7.340000000000000691e-02
7.359999999999999876e-02
7.169999999999999984e-02
7.799999999999999989e-02
7.049999999999999323e-02
6.110000000000000153e-02
5.609999999999999709e-02
4.490000000000000241e-02
4.100000000000000172e-02
3.280000000000000276e-02
3.339999999999999913e-02
3.119999999999999857e-02
2.989999999999999949e-02
3.219999999999999946e-02
3.400000000000000244e-02
4.590000000000000330e-02
4.399999999999999745e-02
6.310000000000000331e-02
7.820000000000000562e-02
1.044000000000000067e-01
1.176999999999999991e-01
1.708999999999999964e-01
1.993000000000000049e-01
2.141000000000000125e-01
2.154999999999999971e-01
2.230999999999999928e-01
2.132000000000000006e-01
2.245999999999999941e-01
2.477999999999999925e-01
2.740000000000000213e-01
3.301999999999999935e-01
3.437999999999999945e-01
3.718000000000000194e-01
3.770000000000000018e-01
4.101000000000000201e-01
4.525000000000000133e-01
4.727999999999999980e-01
4.758000000000000007e-01
5.362000000000000099e-01
5.652000000000000357e-01
5.786999999999999922e-01
6.280999999999999917e-01
6.791000000000000369e-01
6.893000000000000238e-01
7.157000000000000028e-01
7.174000000000000377e-01
7.274000000000000465e-01
7.557000000000000384e-01
7.509000000000000119e-01
7.389999999999999902e-01
7.690000000000000169e-01
7.877999999999999448e-01
8.219999999999999529e-01
8.528000000000000025e-01
8.877000000000000446e-01
8.988000000000000433e-01
9.254999999999999893e-01
9.314999999999999947e-01
9.348999999999999533e-01
9.518999999999999684e-01
9.643000000000000460e-01
9.602000000000000535e-01
9.587999999999999856e-01
9.502000000000000446e-01
9.469999999999999529e-01
9.434000000000000163e-01
9.308999999999999497e-01
9.072999999999999954e-01
9.160000000000000364e-01
9.048000000000000487e-01
9.399999999999999467e-01
9.572000000000000508e-01
9.629999999999999671e-01
9.707000000000000073e-01
9.569999999999999618e-01
9.602000000000000535e-01
9.536999999999999922e-01
9.630999999999999561e-01
9.777000000000000135e-01
9.787000000000000144e-01
9.892999999999999572e-01
9.861999999999999655e-01
9.849999999999999867e-01
9.443000000000000282e-01
9.552000000000000490e-01
9.504000000000000226e-01
9.406999999999999806e-01
9.451000000000000512e-01
9.775000000000000355e-01
9.829999999999999849e-01
9.919000000000000039e-01
9.861999999999999655e-01
9.948000000000000176e-01
9.808999999999999941e-01
9.599999999999999645e-01
9.698999999999999844e-01
9.835000000000000409e-01
9.940999999999999837e-01
1.000000000000000000e+00
9.812999999999999501e-01
9.857000000000000206e-01
9.997000000000000330e-01
9.818000000000000060e-01
9.709999999999999742e-01
9.661999999999999478e-01
9.837000000000000188e-01
9.768000000000000016e-01
9.776000000000000245e-01
9.816000000000000281e-01
9.768999999999999906e-01
9.820999999999999730e-01
9.658999999999999808e-01
9.681999999999999496e-01
9.706000000000000183e-01
9.586000000000000076e-01
9.678999999999999826e-01
9.728999999999999870e-01
9.739999999999999769e-01
9.634000000000000341e-01
9.677999999999999936e-01
9.685000000000000275e-01
9.637999999999999901e-01
9.747999999999999998e-01
9.759999999999999787e-01
9.778999999999999915e-01
9.728999999999999870e-01
9.491000000000000547e-01
9.495000000000000107e-01
9.673000000000000487e-01
9.665000000000000258e-01
9.496999999999999886e-01
9.435000000000000053e-01
9.389999999999999458e-01
9.286999999999999700e-01
9.101000000000000201e-01
9.090000000000000302e-01
8.779000000000000137e-01
8.627000000000000224e-01
8.529999999999999805e-01
8.471999999999999531e-01
8.506000000000000227e-01
8.370999999999999552e-01
8.050000000000000488e-01
7.996999999999999664e-01
8.098999999999999533e-01
8.253000000000000336e-01
8.279999999999999583e-01
8.208999999999999631e-01
8.354000000000000314e-01
8.629000000000000004e-01
8.889000000000000234e-01
9.092999999999999972e-01
9.348999999999999533e-01
9.457999999999999741e-01
9.555000000000000160e-01
9.801999999999999602e-01
9.801999999999999602e-01
9.945000000000000506e-01
1.000000000000000000e+00
9.967000000000000304e-01
9.938000000000000167e-01
1.000000000000000000e+00
9.891999999999999682e-01
9.991999999999999771e-01
9.973999999999999533e-01
1.000000000000000000e+00
1.000000000000000000e+00
1.000000000000000000e+00
9.847000000000000197e-01
9.897000000000000242e-01
9.790999999999999703e-01
9.834000000000000519e-01
9.860999999999999766e-01
9.861999999999999655e-01
9.852999999999999536e-01
9.737999999999999989e-01
9.807000000000000162e-01
9.866000000000000325e-01
9.710999999999999632e-01
9.777000000000000135e-01
9.714000000000000412e-01
9.746000000000000218e-01
9.808999999999999941e-01
9.850999999999999757e-01
9.906000000000000361e-01
9.716000000000000192e-01
9.755000000000000338e-01
9.661999999999999478e-01
9.404000000000000137e-01
9.360000000000000542e-01
9.418999999999999595e-01
9.215999999999999748e-01
9.105999999999999650e-01
9.028000000000000469e-01
8.652999999999999581e-01
8.363000000000000433e-01
8.066999999999999726e-01
7.534999999999999476e-01
6.985000000000000098e-01
6.536999999999999478e-01
5.934000000000000385e-01
5.775000000000000133e-01
5.173999999999999710e-01
4.648999999999999799e-01
4.529000000000000248e-01
3.988999999999999768e-01
3.815999999999999948e-01
3.521000000000000241e-01
3.780999999999999917e-01
3.688000000000000167e-01
3.422999999999999932e-01
3.323999999999999733e-01
3.435000000000000275e-01
3.335000000000000187e-01
3.151999999999999802e-01
3.128000000000000225e-01
3.583000000000000074e-01
3.719000000000000083e-01
4.064999999999999725e-01
4.485000000000000098e-01
5.302999999999999936e-01
5.658999999999999586e-01
6.317000000000000393e-01
7.056999999999999940e-01
7.883999999999999897e-01
8.147999999999999687e-01
8.363000000000000433e-01
9.254999999999999893e-01
9.350000000000000533e-01
9.596999999999999975e-01
9.848000000000000087e-01
9.962999999999999634e-01
9.989000000000000101e-01
9.921999999999999709e-01
9.908000000000000140e-01
1.000000000000000000e+00
1.000000000000000000e+00
9.929999999999999938e-01
9.971999999999999753e-01
9.997000000000000330e-01
9.957000000000000295e-01
9.891999999999999682e-01
9.831999999999999629e-01
9.882999999999999563e-01
9.787000000000000144e-01
9.739999999999999769e-01
9.838000000000000078e-01
9.889000000000000012e-01
9.909999999999999920e-01
9.989999999999999991e-01
9.988000000000000211e-01
1.000000000000000000e+00
9.960999999999999854e-01
9.845000000000000417e-01
9.828000000000000069e-01
9.726000000000000201e-01
9.710999999999999632e-01
9.666000000000000147e-01
9.683000000000000496e-01
9.657999999999999918e-01
9.612000000000000544e-01
9.453000000000000291e-01
9.426999999999999824e-01
9.338999999999999524e-01
9.261000000000000343e-01
9.082999999999999963e-01
8.829000000000000181e-01
8.453000000000000513e-01
7.571999999999999842e-01
