1.000000000000000000e+00
1.000000000000000000e+00
9.786000000000000254e-01
9.825000000000000400e-01
9.916000000000000369e-01
9.796000000000000263e-01
9.945000000000000506e-01
9.887000000000000233e-01
9.939000000000000057e-01
9.960999999999999854e-01
9.961999999999999744e-01
9.850999999999999757e-01
9.799999999999999822e-01
9.718999999999999861e-01
9.870999999999999774e-01
9.622000000000000552e-01
9.675000000000000266e-01
9.654000000000000359e-01
9.737000000000000099e-01
9.653000000000000469e-01
9.664000000000000368e-01
9.526999999999999913e-01
9.465999999999999970e-01
9.217999999999999527e-01
9.173999999999999932e-01
8.830999999999999961e-01
8.487000000000000099e-01
8.018999999999999462e-01
7.507000000000000339e-01
7.176000000000000156e-01
6.913000000000000256e-01
6.538000000000000478e-01
6.293999999999999595e-01
6.169999999999999929e-01
6.251999999999999780e-01
6.189000000000000057e-01
5.867999999999999883e-01
6.150999999999999801e-01
6.357000000000000428e-01
6.877999999999999670e-01
7.481999999999999762e-01
7.956999999999999629e-01
8.544000000000000483e-01
9.016999999999999460e-01
9.326999999999999735e-01
9.391000000000000458e-01
9.301000000000000378e-01
9.302000000000000268e-01
8.904999999999999583e-01
8.797000000000000375e-01
8.747000000000000330e-01
8.608999999999999986e-01
8.669999999999999929e-01
8.458999999999999853e-01
8.633999999999999453e-01
8.568000000000000060e-01
8.720999999999999863e-01
8.498999999999999888e-01
8.649999999999999911e-01
8.723999999999999533e-01
8.903999999999999693e-01
9.022999999999999909e-01
9.187999999999999501e-01
9.494000000000000217e-01
9.425000000000000044e-01
9.370000000000000551e-01
9.194999999999999840e-01
9.020000000000000240e-01
8.883999999999999675e-01
8.491999999999999549e-01
7.940000000000000391e-01
7.241999999999999549e-01
6.733999999999999986e-01
5.967999999999999972e-01
5.197000000000000508e-01
4.324000000000000066e-01
3.650999999999999801e-01
2.837000000000000077e-01
2.500000000000000000e-01
2.265999999999999959e-01
2.104000000000000037e-01
1.872999999999999943e-01
1.685999999999999999e-01
1.593999999999999861e-01
1.514999999999999958e-01
1.401000000000000023e-01
1.479000000000000037e-01
1.285999999999999921e-01
1.083999999999999964e-01
1.264000000000000123e-01
1.854999999999999982e-01
2.177999999999999936e-01
2.758999999999999786e-01
3.392999999999999905e-01
3.609999999999999876e-01
3.867999999999999772e-01
4.334999999999999964e-01
4.623999999999999777e-01
4.806000000000000272e-01
4.974999999999999978e-01
4.924999999999999933e-01
4.959999999999999964e-01
5.102999999999999758e-01
5.117000000000000437e-01
4.786000000000000254e-01
4.474000000000000199e-01
4.415999999999999925e-01
3.971999999999999975e-01
3.881999999999999895e-01
3.951000000000000068e-01
3.729999999999999982e-01
3.906000000000000028e-01
3.733000000000000207e-01
3.693000000000000171e-01
3.662000000000000255e-01
3.503999999999999893e-01
3.351000000000000090e-01
2.706000000000000072e-01
2.528000000000000247e-01
2.207999999999999963e-01
2.228999999999999870e-01
2.026999999999999913e-01
2.154000000000000081e-01
2.356000000000000039e-01
2.346000000000000030e-01
2.570999999999999952e-01
2.666000000000000036e-01
2.901000000000000245e-01
3.043000000000000149e-01
2.936000000000000276e-01
2.918000000000000038e-01
2.919999999999999818e-01
2.848999999999999866e-01
2.822999999999999954e-01
2.782999999999999918e-01
2.757000000000000006e-01
2.290000000000000091e-01
2.005000000000000115e-01
1.784999999999999920e-01
1.655000000000000082e-01
1.565000000000000002e-01
1.607999999999999985e-01
1.819999999999999951e-01
2.003999999999999948e-01
2.086000000000000076e-01
2.200000000000000011e-01
2.016999999999999904e-01
1.958000000000000018e-01
1.892999999999999960e-01
1.753000000000000114e-01
1.554999999999999993e-01
1.383999999999999952e-01
1.388000000000000067e-01
1.562999999999999945e-01
1.746000000000000052e-01
1.950999999999999956e-01
1.998999999999999944e-01
1.900000000000000022e-01
2.026999999999999913e-01
2.164999999999999980e-01
2.326000000000000012e-01
2.464999999999999969e-01
2.748999999999999777e-01
2.901000000000000245e-01
3.317999999999999838e-01
3.851999999999999869e-01
4.416999999999999815e-01
4.879999999999999893e-01
5.143999999999999684e-01
5.181999999999999940e-01
5.040000000000000036e-01
4.918000000000000149e-01
4.746000000000000218e-01
4.395000000000000018e-01
3.935000000000000164e-01
3.487999999999999989e-01
3.332999999999999852e-01
3.178000000000000269e-01
3.166999999999999815e-01
3.004000000000000004e-01
2.832999999999999963e-01
2.700000000000000178e-01
2.351000000000000034e-01
2.044999999999999873e-01
1.786999999999999977e-01
1.411000000000000032e-01
1.247999999999999943e-01
9.919999999999999651e-02
8.379999999999999949e-02
7.589999999999999525e-02
7.270000000000000073e-02
9.310000000000000220e-02
1.218000000000000055e-01
1.572000000000000064e-01
1.817000000000000004e-01
2.479000000000000092e-01
3.190000000000000058e-01
3.690999999999999837e-01
3.997999999999999887e-01
4.166000000000000258e-01
4.244999999999999885e-01
4.133999999999999897e-01
3.809000000000000163e-01
3.312999999999999834e-01
2.811000000000000165e-01
2.535000000000000031e-01
2.316999999999999893e-01
2.240000000000000047e-01
2.286999999999999866e-01
2.300000000000000100e-01
2.548000000000000265e-01
3.043000000000000149e-01
3.426000000000000156e-01
4.242000000000000215e-01
4.864999999999999880e-01
5.350000000000000311e-01
5.899999999999999689e-01
6.222999999999999643e-01
6.677999999999999492e-01
7.026000000000000023e-01
7.364000000000000545e-01
7.685999999999999499e-01
7.770000000000000240e-01
7.942000000000000171e-01
8.110000000000000542e-01
8.529999999999999805e-01
8.912999999999999812e-01
8.826000000000000512e-01
8.889000000000000234e-01
8.878000000000000336e-01
8.658000000000000140e-01
8.427999999999999936e-01
8.036999999999999700e-01
7.883999999999999897e-01
7.738000000000000433e-01
7.694999999999999618e-01
7.425000000000000488e-01
7.122000000000000552e-01
6.673000000000000043e-01
5.979999999999999760e-01
5.279000000000000359e-01
4.581000000000000072e-01
3.776999999999999802e-01
3.241999999999999882e-01
3.054999999999999938e-01
2.914999999999999813e-01
2.889999999999999791e-01
2.649000000000000243e-01
2.615999999999999992e-01
2.348999999999999977e-01
2.308000000000000052e-01
2.379000000000000004e-01
2.817000000000000060e-01
3.504999999999999782e-01
4.134999999999999787e-01
4.680000000000000271e-01
4.975999999999999868e-01
5.019000000000000128e-01
5.362999999999999989e-01
5.621000000000000441e-01
5.336999999999999522e-01
4.938000000000000167e-01
4.229999999999999871e-01
3.266999999999999904e-01
2.839999999999999747e-01
2.245999999999999941e-01
1.718000000000000083e-01
1.539999999999999980e-01
1.380000000000000115e-01
1.241000000000000020e-01
1.108999999999999986e-01
9.260000000000000175e-02
8.279999999999999860e-02
7.699999999999999900e-02
6.859999999999999432e-02
6.439999999999999891e-02
4.950000000000000233e-02
5.899999999999999689e-02
6.019999999999999657e-02
6.850000000000000533e-02
7.539999999999999480e-02
6.539999999999999980e-02
6.590000000000000024e-02
7.620000000000000384e-02
8.799999999999999489e-02
7.699999999999999900e-02
6.790000000000000202e-02
6.969999999999999807e-02
8.609999999999999598e-02
9.470000000000000639e-02
1.229999999999999982e-01
1.565000000000000002e-01
2.126000000000000112e-01
2.651999999999999913e-01
2.938999999999999946e-01
3.280000000000000138e-01
3.562000000000000166e-01
3.439999999999999725e-01
3.337999999999999856e-01
3.473999999999999866e-01
3.556000000000000272e-01
3.736999999999999766e-01
4.117000000000000104e-01
4.278000000000000136e-01
4.451999999999999846e-01
4.554000000000000270e-01
4.823999999999999955e-01
5.050000000000000044e-01
5.440000000000000391e-01
5.867999999999999883e-01
6.360000000000000098e-01
6.887999999999999678e-01
7.390999999999999792e-01
8.155999999999999917e-01
9.030000000000000249e-01
9.312000000000000277e-01
9.569999999999999618e-01
9.762999999999999456e-01
9.834000000000000519e-01
9.862999999999999545e-01
9.893999999999999462e-01
1.000000000000000000e+00
9.802999999999999492e-01
9.950999999999999845e-01
9.910999999999999810e-01
1.000000000000000000e+00
1.000000000000000000e+00
1.000000000000000000e+00
1.000000000000000000e+00
1.000000000000000000e+00
9.993999999999999551e-01
1.000000000000000000e+00
9.785000000000000364e-01
9.939999999999999947e-01
9.876000000000000334e-01
9.866000000000000325e-01
9.939000000000000057e-01
1.000000000000000000e+00
9.923999999999999488e-01
9.879000000000000004e-01
9.966000000000000414e-01
9.820999999999999730e-01
9.949000000000000066e-01
9.848999999999999977e-01
9.826000000000000290e-01
9.859999999999999876e-01
9.955000000000000515e-01
9.983999999999999542e-01
1.000000000000000000e+00
9.990999999999999881e-01
9.946000000000000396e-01
9.812999999999999501e-01
9.955000000000000515e-01
9.968000000000000194e-01
1.000000000000000000e+00
1.000000000000000000e+00
9.916000000000000369e-01
9.828999999999999959e-01
9.956000000000000405e-01
9.929000000000000048e-01
9.961999999999999744e-01
1.000000000000000000e+00
1.000000000000000000e+00
1.000000000000000000e+00
1.000000000000000000e+00
1.000000000000000000e+00
1.000000000000000000e+00
1.000000000000000000e+00
1.000000000000000000e+00
1.000000000000000000e+00
1.000000000000000000e+00
1.000000000000000000e+00
1.000000000000000000e+00
1.000000000000000000e+00
1.000000000000000000e+00
1.000000000000000000e+00
1.000000000000000000e+00
9.910999999999999810e-01
9.811999999999999611e-01
9.717999999999999972e-01
9.720999999999999641e-01
9.681999999999999496e-01
9.724000000000000421e-01
9.747999999999999998e-01
9.764000000000000457e-01
9.769999999999999796e-01
9.915000000000000480e-01
9.879999999999999893e-01
9.893999999999999462e-01
9.883999999999999453e-01
9.936000000000000387e-01
9.862999999999999545e-01
9.818999999999999950e-01
9.856000000000000316e-01
9.890999999999999792e-01
9.768000000000000016e-01
9.782999999999999474e-01
9.788999999999999924e-01
9.785000000000000364e-01
9.646000000000000130e-01
9.799999999999999822e-01
9.649999999999999689e-01
9.707000000000000073e-01
9.727000000000000091e-01
9.647999999999999909e-01
9.676000000000000156e-01
9.664000000000000368e-01
9.645000000000000240e-01
9.665000000000000258e-01
9.758999999999999897e-01
9.808000000000000052e-01
9.768000000000000016e-01
9.795000000000000373e-01
9.765000000000000346e-01
9.856000000000000316e-01
9.902999999999999581e-01
9.969000000000000083e-01
9.951999999999999735e-01
9.854000000000000536e-01
9.908000000000000140e-01
9.951999999999999735e-01
9.866000000000000325e-01
9.818999999999999950e-01
9.740999999999999659e-01
9.820999999999999730e-01
9.827000000000000179e-01
9.770999999999999686e-01
9.818999999999999950e-01
9.861999999999999655e-01
9.869999999999999885e-01
9.806000000000000272e-01
9.909000000000000030e-01
9.861999999999999655e-01
9.868999999999999995e-01
9.970999999999999863e-01
1.000000000000000000e+00
1.000000000000000000e+00
9.963999999999999524e-01
9.919000000000000039e-01
1.000000000000000000e+00
9.920999999999999819e-01
9.880999999999999783e-01
9.891999999999999682e-01
9.891999999999999682e-01
9.949000000000000066e-01
9.980999999999999872e-01
1.000000000000000000e+00
1.000000000000000000e+00
1.000000000000000000e+00
1.000000000000000000e+00
1.000000000000000000e+00
9.991999999999999771e-01
1.000000000000000000e+00
9.930999999999999828e-01
1.000000000000000000e+00
1.000000000000000000e+00
1.000000000000000000e+00
1.000000000000000000e+00
1.000000000000000000e+00
1.000000000000000000e+00
1.000000000000000000e+00
1.000000000000000000e+00
9.951999999999999735e-01
9.926000000000000378e-01
1.000000000000000000e+00
1.000000000000000000e+00
1.000000000000000000e+00
1.000000000000000000e+00
1.000000000000000000e+00
1.000000000000000000e+00
1.000000000000000000e+00
1.000000000000000000e+00
1.000000000000000000e+00
1.000000000000000000e+00
1.000000000000000000e+00
1.000000000000000000e+00
1.000000000000000000e+00
1.000000000000000000e+00
1.000000000000000000e+00
1.000000000000000000e+00
1.000000000000000000e+00
1.000000000000000000e+00
1.000000000000000000e+00
9.891999999999999682e-01
1.000000000000000000e+00
9.859999999999999876e-01
9.983999999999999542e-01
1.000000000000000000e+00
1.000000000000000000e+00
1.000000000000000000e+00
1.000000000000000000e+00
1.000000000000000000e+00
1.000000000000000000e+00
1.000000000000000000e+00
1.000000000000000000e+00
1.000000000000000000e+00
1.000000000000000000e+00
9.920999999999999819e-01
9.617999999999999883e-01
9.385999999999999899e-01
9.185999999999999721e-01
9.166999999999999593e-01
9.181000000000000272e-01
8.947000000000000508e-01
8.894999999999999574e-01
8.475000000000000311e-01
8.045999999999999819e-01
7.695999999999999508e-01
7.409000000000000030e-01
7.113000000000000433e-01
6.608000000000000540e-01
6.270000000000000018e-01
6.398000000000000353e-01
6.349000000000000199e-01
6.478000000000000425e-01
6.764999999999999902e-01
7.010999999999999455e-01
6.982000000000000428e-01
6.627999999999999448e-01
6.278000000000000247e-01
5.914000000000000368e-01
5.335999999999999632e-01
4.598999999999999755e-01
3.649000000000000021e-01
2.903000000000000025e-01
2.508000000000000229e-01
2.102999999999999869e-01
1.967000000000000137e-01
1.811000000000000110e-01
1.829000000000000070e-01
1.700000000000000122e-01
1.635000000000000064e-01
1.486999999999999988e-01
1.345999999999999974e-01
1.223000000000000059e-01
1.102999999999999953e-01
9.579999999999999627e-02
8.079999999999999682e-02
7.249999999999999500e-02
8.530000000000000082e-02
1.005999999999999950e-01
1.145999999999999935e-01
1.178000000000000019e-01
1.280999999999999917e-01
1.456999999999999962e-01
1.633999999999999897e-01
1.847000000000000031e-01
2.111000000000000099e-01
2.296999999999999875e-01
2.381000000000000061e-01
2.612999999999999767e-01
2.827999999999999958e-01
3.027000000000000246e-01
3.178000000000000269e-01
3.420000000000000262e-01
3.648000000000000131e-01
3.736999999999999766e-01
3.845999999999999974e-01
4.219999999999999862e-01
4.759999999999999787e-01
5.386999999999999567e-01
5.977999999999999980e-01
6.774999999999999911e-01
7.579000000000000181e-01
7.841000000000000192e-01
7.761000000000000121e-01
7.802000000000000046e-01
7.630000000000000115e-01
7.362999999999999545e-01
6.945000000000000062e-01
6.623999999999999888e-01
6.610000000000000320e-01
6.782000000000000250e-01
7.147999999999999909e-01
7.522999999999999687e-01
7.704999999999999627e-01
8.748000000000000220e-01
9.201000000000000290e-01
9.646000000000000130e-01
9.875000000000000444e-01
9.999000000000000110e-01
1.000000000000000000e+00
1.000000000000000000e+00
1.000000000000000000e+00
1.000000000000000000e+00
1.000000000000000000e+00
1.000000000000000000e+00
1.000000000000000000e+00
1.000000000000000000e+00
1.000000000000000000e+00
1.000000000000000000e+00
1.000000000000000000e+00
1.000000000000000000e+00
9.818999999999999950e-01
9.476999999999999869e-01
8.989000000000000323e-01
8.377000000000000002e-01
7.326000000000000290e-01
6.551000000000000156e-01
5.663000000000000256e-01
4.823999999999999955e-01
4.494000000000000217e-01
3.936000000000000054e-01
3.242999999999999772e-01
3.010999999999999788e-01
2.913000000000000034e-01
2.644000000000000239e-01
2.348999999999999977e-01
2.031999999999999917e-01
1.832999999999999907e-01
1.396000000000000019e-01
1.019999999999999934e-01
8.799999999999999489e-02
8.050000000000000211e-02
8.550000000000000655e-02
8.260000000000000675e-02
7.099999999999999367e-02
5.550000000000000072e-02
4.700000000000000011e-02
2.840000000000000163e-02
1.679999999999999896e-02
9.299999999999999239e-03
0.000000000000000000e+00
0.000000000000000000e+00
0.000000000000000000e+00
0.000000000000000000e+00
0.000000000000000000e+00
4.000000000000000083e-03
0.000000000000000000e+00
1.050000000000000065e-02
2.869999999999999982e-02
2.460000000000000034e-02
6.809999999999999387e-02
8.440000000000000280e-02
1.250999999999999890e-01
1.501000000000000112e-01
1.554999999999999993e-01
1.617999999999999994e-01
1.769000000000000017e-01
1.847000000000000031e-01
1.746000000000000052e-01
1.812999999999999889e-01
2.031000000000000028e-01
2.114000000000000046e-01
2.275000000000000078e-01
2.666000000000000036e-01
3.200999999999999956e-01
3.750999999999999890e-01
4.667999999999999927e-01
6.001999999999999558e-01
7.136000000000000121e-01
8.663999999999999480e-01
9.308999999999999497e-01
9.585000000000000187e-01
1.000000000000000000e+00
9.958000000000000185e-01
1.000000000000000000e+00
1.000000000000000000e+00
1.000000000000000000e+00
1.000000000000000000e+00
9.909999999999999920e-01
9.687000000000000055e-01
9.609999999999999654e-01
9.305999999999999828e-01
8.969000000000000306e-01
8.638000000000000123e-01
8.193000000000000282e-01
7.721999999999999975e-01
7.076000000000000068e-01
6.877999999999999670e-01
6.156000000000000361e-01
5.656999999999999806e-01
5.533000000000000140e-01
5.154999999999999583e-01
4.698999999999999844e-01
4.259000000000000008e-01
3.770999999999999908e-01
3.709999999999999964e-01
3.360000000000000209e-01
2.950999999999999734e-01
2.421999999999999986e-01
2.119000000000000050e-01
1.633000000000000007e-01
1.145000000000000046e-01
7.430000000000000493e-02
6.130000000000000032e-02
6.040000000000000230e-02
5.779999999999999721e-02
5.569999999999999951e-02
7.459999999999999964e-02
9.660000000000000531e-02
1.050999999999999990e-01
1.448000000000000120e-01
1.899000000000000132e-01
2.255000000000000060e-01
2.528000000000000247e-01
2.461000000000000132e-01
2.321000000000000008e-01
2.482000000000000040e-01
2.250000000000000056e-01
2.084000000000000019e-01
1.930999999999999939e-01
1.577000000000000068e-01
1.401000000000000023e-01
1.163000000000000006e-01
8.970000000000000195e-02
6.809999999999999387e-02
4.479999999999999954e-02
4.719999999999999890e-02
4.739999999999999769e-02
3.250000000000000111e-02
2.139999999999999888e-02
1.629999999999999852e-02
1.159999999999999920e-02
1.190000000000000085e-02
5.300000000000000024e-03
8.699999999999999400e-03
1.230000000000000017e-02
9.400000000000000369e-03
1.409999999999999969e-02
1.319999999999999993e-02
9.299999999999999239e-03
4.700000000000000185e-03
4.899999999999999842e-03
1.100000000000000066e-03
0.000000000000000000e+00
1.500000000000000031e-03
4.599999999999999922e-03
1.359999999999999924e-02
1.689999999999999836e-02
3.919999999999999873e-02
6.329999999999999516e-02
1.068999999999999950e-01
1.160999999999999949e-01
1.170000000000000068e-01
1.208000000000000046e-01
1.439999999999999891e-01
1.325999999999999956e-01
1.199000000000000066e-01
1.076000000000000012e-01
9.149999999999999800e-02
9.629999999999999671e-02
9.349999999999999978e-02
6.779999999999999916e-02
5.800000000000000294e-02
4.549999999999999878e-02
4.619999999999999801e-02
3.760000000000000148e-02
4.279999999999999777e-02
3.939999999999999752e-02
4.240000000000000019e-02
4.200000000000000261e-02
5.029999999999999749e-02
4.669999999999999846e-02
3.280000000000000276e-02
2.750000000000000014e-02
1.280000000000000061e-02
7.599999999999999985e-03
1.100000000000000066e-03
2.399999999999999790e-03
7.499999999999999722e-03
1.600000000000000033e-02
2.299999999999999961e-02
3.370000000000000079e-02
2.670000000000000151e-02
5.340000000000000302e-02
4.920000000000000068e-02
6.560000000000000553e-02
6.719999999999999585e-02
7.889999999999999791e-02
1.024999999999999939e-01
1.277000000000000079e-01
1.350999999999999979e-01
1.441000000000000059e-01
1.625000000000000056e-01
1.569000000000000117e-01
1.302000000000000102e-01
1.087999999999999939e-01
9.020000000000000240e-02
8.630000000000000171e-02
7.510000000000000009e-02
8.550000000000000655e-02
9.360000000000000264e-02
1.096000000000000030e-01
1.405000000000000138e-01
1.698999999999999955e-01
1.864999999999999991e-01
2.218999999999999861e-01
2.586999999999999855e-01
3.084000000000000075e-01
3.489999999999999769e-01
3.770000000000000018e-01
3.968999999999999750e-01
4.243999999999999995e-01
4.532999999999999807e-01
4.585000000000000187e-01
4.426999999999999824e-01
4.388000000000000234e-01
4.299000000000000044e-01
4.259999999999999898e-01
4.007000000000000006e-01
3.719000000000000083e-01
3.375000000000000222e-01
3.371000000000000107e-01
3.553000000000000047e-01
3.830999999999999961e-01
4.297000000000000264e-01
4.809999999999999831e-01
5.404999999999999805e-01
6.207000000000000295e-01
7.365000000000000435e-01
8.159999999999999476e-01
8.843999999999999639e-01
9.361000000000000432e-01
9.596000000000000085e-01
9.603000000000000425e-01
9.810999999999999721e-01
9.950999999999999845e-01
9.980999999999999872e-01
1.000000000000000000e+00
1.000000000000000000e+00
1.000000000000000000e+00
1.000000000000000000e+00
1.000000000000000000e+00
1.000000000000000000e+00
1.000000000000000000e+00
1.000000000000000000e+00
1.000000000000000000e+00
1.000000000000000000e+00
1.000000000000000000e+00
1.000000000000000000e+00
1.000000000000000000e+00
1.000000000000000000e+00
1.000000000000000000e+00
1.000000000000000000e+00
1.000000000000000000e+00
1.000000000000000000e+00
1.000000000000000000e+00
1.000000000000000000e+00
1.000000000000000000e+00
1.000000000000000000e+00
9.965000000000000524e-01
9.818000000000000060e-01
9.755000000000000338e-01
9.816000000000000281e-01
9.687999999999999945e-01
9.576999999999999957e-01
9.330000000000000515e-01
9.405000000000000027e-01
9.514000000000000234e-01
9.772999999999999465e-01
9.655000000000000249e-01
9.711999999999999522e-01
9.794000000000000483e-01
9.639999999999999680e-01
9.795000000000000373e-01
9.989999999999999991e-01
1.000000000000000000e+00
1.000000000000000000e+00
1.000000000000000000e+00
9.841999999999999638e-01
9.963999999999999524e-01
9.978000000000000203e-01
9.979000000000000092e-01
1.000000000000000000e+00
1.000000000000000000e+00
1.000000000000000000e+00
1.000000000000000000e+00
1.000000000000000000e+00
1.000000000000000000e+00
1.000000000000000000e+00
1.000000000000000000e+00
1.000000000000000000e+00
1.000000000000000000e+00
1.000000000000000000e+00
1.000000000000000000e+00
1.000000000000000000e+00
1.000000000000000000e+00
1.000000000000000000e+00
1.000000000000000000e+00
1.000000000000000000e+00
1.000000000000000000e+00
1.000000000000000000e+00
1.000000000000000000e+00
1.000000000000000000e+00
1.000000000000000000e+00
1.000000000000000000e+00
1.000000000000000000e+00
1.000000000000000000e+00
1.000000000000000000e+00
9.870999999999999774e-01
9.775000000000000355e-01
9.838999999999999968e-01
9.851999999999999647e-01
9.796000000000000263e-01
9.641999999999999460e-01
9.738999999999999879e-01
9.689999999999999725e-01
9.808000000000000052e-01
9.829999999999999849e-01
9.857000000000000206e-01
9.867000000000000215e-01
1.000000000000000000e+00
9.973999999999999533e-01
1.000000000000000000e+00
1.000000000000000000e+00
1.000000000000000000e+00
1.000000000000000000e+00
9.895000000000000462e-01
1.000000000000000000e+00
1.000000000000000000e+00
9.998000000000000220e-01
1.000000000000000000e+00
9.876000000000000334e-01
9.935000000000000497e-01
9.980999999999999872e-01
9.822999999999999510e-01
9.724000000000000421e-01
9.731999999999999540e-01
9.516000000000000014e-01
9.114999999999999769e-01
8.870999999999999996e-01
8.107999999999999652e-01
7.975999999999999757e-01
7.769000000000000350e-01
7.204000000000000403e-01
6.654999999999999805e-01
6.037000000000000144e-01
6.022999999999999465e-01
5.780999999999999472e-01
5.675000000000000044e-01
5.600000000000000533e-01
5.649999999999999467e-01
5.803000000000000380e-01
6.059999999999999831e-01
6.060999999999999721e-01
6.186000000000000387e-01
6.454999999999999627e-01
7.018999999999999684e-01
6.964000000000000190e-01
7.388000000000000123e-01
7.634999999999999565e-01
7.556000000000000494e-01
7.704999999999999627e-01
7.922000000000000153e-01
8.496000000000000218e-01
8.647000000000000242e-01
9.183000000000000052e-01
9.458999999999999631e-01
9.600999999999999535e-01
9.861999999999999655e-01
1.000000000000000000e+00
1.000000000000000000e+00
1.000000000000000000e+00
1.000000000000000000e+00
1.000000000000000000e+00
1.000000000000000000e+00
1.000000000000000000e+00
1.000000000000000000e+00
1.000000000000000000e+00
1.000000000000000000e+00
1.000000000000000000e+00
1.000000000000000000e+00
9.832999999999999519e-01
1.000000000000000000e+00
1.000000000000000000e+00
1.000000000000000000e+00
1.000000000000000000e+00
1.000000000000000000e+00
1.000000000000000000e+00
1.000000000000000000e+00
1.000000000000000000e+00
1.000000000000000000e+00
1.000000000000000000e+00
1.000000000000000000e+00
1.000000000000000000e+00
1.000000000000000000e+00
1.000000000000000000e+00
9.899999999999999911e-01
9.620999999999999552e-01
9.435999999999999943e-01
9.105999999999999650e-01
8.839000000000000190e-01
8.698000000000000176e-01
8.324000000000000288e-01
8.288999999999999702e-01
8.288999999999999702e-01
7.543999999999999595e-01
7.511999999999999789e-01
7.428000000000000158e-01
7.139999999999999680e-01
7.006999999999999895e-01
7.013000000000000345e-01
6.791000000000000369e-01
6.449000000000000288e-01
6.494999999999999662e-01
6.630000000000000338e-01
6.511000000000000121e-01
6.281999999999999806e-01
6.287000000000000366e-01
6.142999999999999572e-01
5.473999999999999977e-01
5.360000000000000320e-01
5.118000000000000327e-01
4.941999999999999726e-01
4.540000000000000147e-01
4.109999999999999765e-01
3.386000000000000121e-01
2.336999999999999911e-01
1.328000000000000014e-01
6.829999999999999960e-02
4.359999999999999987e-02
2.850000000000000103e-02
3.059999999999999873e-02
2.840000000000000163e-02
3.950000000000000039e-02
4.059999999999999720e-02
4.479999999999999954e-02
4.750000000000000056e-02
5.369999999999999774e-02
6.079999999999999988e-02
8.490000000000000324e-02
1.203999999999999931e-01
1.338000000000000023e-01
1.952000000000000124e-01
2.243999999999999884e-01
2.442999999999999894e-01
2.326000000000000012e-01
2.636000000000000010e-01
2.409000000000000030e-01
2.416000000000000092e-01
2.101000000000000090e-01
1.680000000000000104e-01
1.366999999999999882e-01
1.121999999999999942e-01
1.044000000000000067e-01
8.100000000000000255e-02
6.310000000000000331e-02
5.619999999999999996e-02
4.320000000000000229e-02
2.649999999999999925e-02
1.669999999999999957e-02
1.859999999999999848e-02
5.400000000000000286e-03
1.799999999999999951e-03
3.599999999999999901e-03
0.000000000000000000e+00
0.000000000000000000e+00
0.000000000000000000e+00
5.999999999999999474e-04
7.700000000000000247e-03
2.570000000000000062e-02
4.800000000000000100e-02
8.329999999999999905e-02
1.224999999999999978e-01
1.398999999999999966e-01
1.501000000000000112e-01
1.529999999999999971e-01
1.565000000000000002e-01
1.665999999999999981e-01
1.857000000000000040e-01
2.102999999999999869e-01
2.121999999999999997e-01
2.071000000000000063e-01
2.220999999999999919e-01
2.406999999999999973e-01
2.606999999999999873e-01
3.015999999999999792e-01
3.318999999999999728e-01
3.956000000000000072e-01
4.066000000000000170e-01
4.638999999999999790e-01
5.193999999999999728e-01
5.813000000000000389e-01
5.859999999999999654e-01
6.348000000000000309e-01
6.761000000000000343e-01
7.187999999999999945e-01
7.452999999999999625e-01
7.514999999999999458e-01
7.997999999999999554e-01
7.681000000000000050e-01
