8.947000000000000508e-01
9.385000000000000009e-01
9.407999999999999696e-01
9.423000000000000265e-01
9.314999999999999947e-01
9.336999999999999744e-01
9.422000000000000375e-01
9.444000000000000172e-01
9.363000000000000211e-01
9.285999999999999810e-01
9.133999999999999897e-01
9.004999999999999671e-01
9.112999999999999989e-01
9.034999999999999698e-01
8.978000000000000425e-01
8.979000000000000314e-01
8.979000000000000314e-01
8.999000000000000332e-01
9.029000000000000359e-01
9.035999999999999588e-01
9.095999999999999641e-01
9.104999999999999760e-01
9.109000000000000430e-01
8.993999999999999773e-01
8.944999999999999618e-01
8.843999999999999639e-01
8.706000000000000405e-01
8.706000000000000405e-01
8.793999999999999595e-01
8.921999999999999931e-01
8.829000000000000181e-01
8.968000000000000416e-01
8.933999999999999719e-01
8.840999999999999970e-01
8.899000000000000243e-01
8.817000000000000393e-01
8.717000000000000304e-01
8.667000000000000259e-01
8.325000000000000178e-01
8.052000000000000268e-01
7.517000000000000348e-01
7.046000000000000041e-01
6.642000000000000126e-01
5.956000000000000183e-01
5.411000000000000254e-01
5.048000000000000265e-01
4.573999999999999733e-01
4.151000000000000245e-01
3.427000000000000046e-01
3.103000000000000203e-01
3.000999999999999779e-01
2.560000000000000053e-01
2.248999999999999888e-01
2.185999999999999888e-01
2.311999999999999889e-01
2.071000000000000063e-01
1.796000000000000096e-01
1.766999999999999960e-01
1.501000000000000112e-01
1.446000000000000063e-01
1.454000000000000015e-01
1.438000000000000111e-01
1.613999999999999879e-01
1.598999999999999866e-01
1.781999999999999973e-01
1.942000000000000115e-01
2.154999999999999971e-01
1.842000000000000026e-01
1.794999999999999929e-01
1.660999999999999976e-01
1.647000000000000131e-01
1.716000000000000025e-01
1.726999999999999924e-01
2.001000000000000001e-01
2.349999999999999867e-01
2.449999999999999956e-01
2.637999999999999790e-01
2.622999999999999776e-01
2.514000000000000123e-01
2.331000000000000016e-01
2.204000000000000126e-01
2.059999999999999887e-01
1.983999999999999930e-01
1.978000000000000036e-01
1.950000000000000067e-01
2.016000000000000014e-01
2.172000000000000042e-01
2.426000000000000101e-01
2.743999999999999773e-01
3.161999999999999811e-01
3.518999999999999906e-01
3.810000000000000053e-01
4.006000000000000116e-01
3.744999999999999996e-01
3.698000000000000176e-01
3.537000000000000144e-01
3.426000000000000156e-01
3.237999999999999767e-01
2.970999999999999752e-01
2.655000000000000138e-01
2.472000000000000031e-01
2.464000000000000079e-01
2.549000000000000155e-01
2.682999999999999829e-01
2.808999999999999830e-01
3.053000000000000158e-01
3.160000000000000031e-01
3.184000000000000163e-01
3.361999999999999988e-01
3.412999999999999923e-01
3.649000000000000021e-01
3.825000000000000067e-01
4.018999999999999795e-01
4.042999999999999927e-01
3.811999999999999833e-01
3.946000000000000063e-01
4.017000000000000015e-01
3.804000000000000159e-01
3.790999999999999925e-01
3.508000000000000007e-01
3.627000000000000224e-01
3.523999999999999910e-01
3.728000000000000203e-01
3.673000000000000154e-01
3.780000000000000027e-01
3.827999999999999736e-01
3.965000000000000191e-01
4.093999999999999861e-01
3.986999999999999988e-01
4.042000000000000037e-01
4.107000000000000095e-01
4.169999999999999818e-01
4.188000000000000056e-01
4.124999999999999778e-01
4.058999999999999830e-01
4.390000000000000013e-01
4.696000000000000174e-01
4.974000000000000088e-01
5.545999999999999819e-01
6.016000000000000236e-01
6.774999999999999911e-01
7.443999999999999506e-01
7.596000000000000529e-01
7.965999999999999748e-01
8.484000000000000430e-01
8.831999999999999851e-01
9.112999999999999989e-01
9.252000000000000224e-01
9.366999999999999771e-01
9.475000000000000089e-01
9.502000000000000446e-01
9.556000000000000050e-01
9.576000000000000068e-01
9.495999999999999996e-01
9.449999999999999512e-01
9.458999999999999631e-01
9.306999999999999718e-01
9.284000000000000030e-01
9.093999999999999861e-01
9.084999999999999742e-01
8.984999999999999654e-01
9.099000000000000421e-01
9.156999999999999584e-01
9.100000000000000311e-01
9.169000000000000483e-01
9.180000000000000382e-01
9.264999999999999902e-01
9.375000000000000000e-01
9.373000000000000220e-01
9.438999999999999613e-01
9.465999999999999970e-01
9.425000000000000044e-01
9.351000000000000423e-01
9.382000000000000339e-01
9.324000000000000066e-01
9.197999999999999510e-01
9.219000000000000528e-01
9.321000000000000396e-01
9.409999999999999476e-01
9.485000000000000098e-01
9.527999999999999803e-01
9.395999999999999908e-01
9.280000000000000471e-01
9.142000000000000126e-01
9.014999999999999680e-01
8.970000000000000195e-01
8.963999999999999746e-01
9.001000000000000112e-01
8.939000000000000279e-01
9.041000000000000147e-01
9.147999999999999465e-01
9.135999999999999677e-01
9.113999999999999879e-01
9.160000000000000364e-01
9.052000000000000046e-01
9.114999999999999769e-01
9.402000000000000357e-01
9.283000000000000140e-01
9.210000000000000409e-01
9.153999999999999915e-01
9.161000000000000254e-01
9.034999999999999698e-01
8.943999999999999728e-01
9.054999999999999716e-01
8.837000000000000410e-01
8.931000000000000050e-01
9.053999999999999826e-01
9.051000000000000156e-01
9.116999999999999549e-01
9.089000000000000412e-01
8.964999999999999636e-01
8.788000000000000256e-01
8.751999999999999780e-01
8.816000000000000503e-01
8.843999999999999639e-01
8.820000000000000062e-01
8.821999999999999842e-01
8.739000000000000101e-01
8.791999999999999815e-01
8.781999999999999806e-01
8.646000000000000352e-01
8.779000000000000137e-01
8.937000000000000499e-01
8.989000000000000323e-01
8.987000000000000544e-01
9.026999999999999469e-01
9.145999999999999686e-01
9.061000000000000165e-01
9.167999999999999483e-01
9.154999999999999805e-01
9.232000000000000206e-01
9.324999999999999956e-01
9.394000000000000128e-01
9.384000000000000119e-01
9.411000000000000476e-01
9.366999999999999771e-01
9.355999999999999872e-01
9.372000000000000330e-01
9.404000000000000137e-01
9.336999999999999744e-01
9.333000000000000185e-01
9.317999999999999616e-01
9.132000000000000117e-01
9.021000000000000130e-01
8.977000000000000535e-01
8.662999999999999590e-01
8.548999999999999932e-01
8.548000000000000043e-01
8.605000000000000426e-01
8.527000000000000135e-01
8.609999999999999876e-01
8.600999999999999757e-01
8.554000000000000492e-01
8.517000000000000126e-01
8.447000000000000064e-01
8.548000000000000043e-01
8.538999999999999924e-01
8.562999999999999501e-01
8.528999999999999915e-01
8.340999999999999526e-01
8.228999999999999648e-01
7.972000000000000197e-01
7.503999999999999559e-01
7.280999999999999694e-01
6.954000000000000181e-01
6.452999999999999847e-01
5.941999999999999504e-01
5.726999999999999869e-01
5.534000000000000030e-01
5.409000000000000474e-01
5.133999999999999675e-01
5.060999999999999943e-01
5.120000000000000107e-01
5.407999999999999474e-01
5.554000000000000048e-01
5.668999999999999595e-01
5.552000000000000268e-01
5.754000000000000226e-01
5.795000000000000151e-01
6.149000000000000021e-01
6.881000000000000449e-01
7.289999999999999813e-01
7.841000000000000192e-01
8.252000000000000446e-01
8.413000000000000478e-01
8.636000000000000343e-01
8.670999999999999819e-01
8.738000000000000211e-01
8.800000000000000044e-01
8.788000000000000256e-01
8.813999999999999613e-01
8.705000000000000515e-01
8.740999999999999881e-01
8.924999999999999600e-01
8.870000000000000107e-01
8.902999999999999803e-01
8.909000000000000252e-01
8.967000000000000526e-01
9.103999999999999870e-01
9.036999999999999478e-01
9.029000000000000359e-01
9.126999999999999558e-01
9.166999999999999593e-01
9.205999999999999739e-01
9.213000000000000078e-01
9.215999999999999748e-01
9.194999999999999840e-01
8.993999999999999773e-01
9.251000000000000334e-01
9.206999999999999629e-01
9.290000000000000480e-01
9.357999999999999652e-01
9.335999999999999854e-01
9.366999999999999771e-01
9.355999999999999872e-01
9.210000000000000409e-01
9.308999999999999497e-01
9.385999999999999899e-01
9.387999999999999678e-01
9.384000000000000119e-01
9.358999999999999542e-01
9.307999999999999607e-01
9.283000000000000140e-01
9.223000000000000087e-01
9.103999999999999870e-01
9.132000000000000117e-01
9.121000000000000218e-01
8.930000000000000160e-01
8.885999999999999455e-01
8.890000000000000124e-01
8.877000000000000446e-01
8.895999999999999464e-01
8.939000000000000279e-01
9.124999999999999778e-01
9.291000000000000369e-01
9.222000000000000197e-01
9.143000000000000016e-01
9.216999999999999638e-01
9.181000000000000272e-01
9.116999999999999549e-01
9.172000000000000153e-01
9.173000000000000043e-01
9.311000000000000387e-01
9.363000000000000211e-01
9.336999999999999744e-01
9.368999999999999551e-01
9.276999999999999691e-01
9.316999999999999726e-01
9.314999999999999947e-01
9.239000000000000545e-01
9.201000000000000290e-01
9.171000000000000263e-01
9.172000000000000153e-01
9.173000000000000043e-01
9.122000000000000108e-01
9.231000000000000316e-01
9.124999999999999778e-01
8.998000000000000442e-01
8.756000000000000449e-01
8.712999999999999634e-01
8.639000000000000012e-01
8.691999999999999726e-01
8.739999999999999991e-01
8.769000000000000128e-01
8.778000000000000247e-01
8.716000000000000414e-01
8.809000000000000163e-01
8.930000000000000160e-01
9.014999999999999680e-01
8.947000000000000508e-01
9.112999999999999989e-01
9.032999999999999918e-01
9.378999999999999559e-01
9.281000000000000361e-01
9.360000000000000542e-01
9.431000000000000494e-01
9.504000000000000226e-01
9.482000000000000428e-01
9.524000000000000243e-01
9.542000000000000481e-01
9.354999999999999982e-01
9.312000000000000277e-01
9.088000000000000522e-01
9.213999999999999968e-01
9.252000000000000224e-01
9.374000000000000110e-01
9.356999999999999762e-01
9.308999999999999497e-01
9.237999999999999545e-01
9.325999999999999845e-01
9.306999999999999718e-01
9.236999999999999655e-01
9.176999999999999602e-01
9.164999999999999813e-01
9.061000000000000165e-01
9.122000000000000108e-01
9.230000000000000426e-01
9.200000000000000400e-01
9.234999999999999876e-01
9.169000000000000483e-01
9.069000000000000394e-01
9.098000000000000531e-01
9.206999999999999629e-01
9.270000000000000462e-01
9.425000000000000044e-01
9.469999999999999529e-01
9.446999999999999842e-01
9.407999999999999696e-01
9.354999999999999982e-01
9.364999999999999991e-01
9.322000000000000286e-01
9.502000000000000446e-01
9.297999999999999599e-01
9.262000000000000233e-01
9.328999999999999515e-01
9.334999999999999964e-01
9.270000000000000462e-01
9.330000000000000515e-01
9.393000000000000238e-01
9.475999999999999979e-01
9.293000000000000149e-01
9.328999999999999515e-01
9.423000000000000265e-01
9.365999999999999881e-01
9.402000000000000357e-01
9.344000000000000083e-01
9.233000000000000096e-01
9.277999999999999581e-01
9.216999999999999638e-01
9.105999999999999650e-01
9.060000000000000275e-01
9.074999999999999734e-01
8.972999999999999865e-01
9.046999999999999487e-01
9.043999999999999817e-01
9.052999999999999936e-01
9.203999999999999959e-01
9.233000000000000096e-01
9.271000000000000352e-01
9.397999999999999687e-01
9.362000000000000322e-01
9.313000000000000167e-01
9.262000000000000233e-01
9.209000000000000519e-01
9.437999999999999723e-01
9.411000000000000476e-01
9.412000000000000366e-01
9.395000000000000018e-01
9.310000000000000497e-01
9.408999999999999586e-01
9.166999999999999593e-01
9.401000000000000467e-01
9.382000000000000339e-01
9.473000000000000309e-01
9.485000000000000098e-01
9.495999999999999996e-01
9.557999999999999829e-01
9.494000000000000217e-01
9.472000000000000419e-01
9.465999999999999970e-01
9.539999999999999591e-01
9.506999999999999895e-01
9.421000000000000485e-01
9.495000000000000107e-01
9.402000000000000357e-01
9.071000000000000174e-01
9.286999999999999700e-01
9.153000000000000025e-01
9.235999999999999766e-01
9.324999999999999956e-01
9.167999999999999483e-01
9.296999999999999709e-01
9.256999999999999673e-01
9.464000000000000190e-01
9.377999999999999670e-01
9.370000000000000551e-01
9.286999999999999700e-01
9.334999999999999964e-01
9.145999999999999686e-01
9.216999999999999638e-01
9.147999999999999465e-01
9.226999999999999647e-01
8.997000000000000552e-01
9.150000000000000355e-01
9.207999999999999519e-01
9.404000000000000137e-01
9.384000000000000119e-01
9.381000000000000449e-01
9.325999999999999845e-01
9.334999999999999964e-01
9.331000000000000405e-01
9.376999999999999780e-01
9.413000000000000256e-01
9.310000000000000497e-01
9.271000000000000352e-01
9.161000000000000254e-01
9.093999999999999861e-01
9.058000000000000496e-01
8.893999999999999684e-01
8.695000000000000506e-01
8.312000000000000499e-01
8.128999999999999559e-01
7.690000000000000169e-01
7.432999999999999607e-01
7.040999999999999481e-01
6.713000000000000078e-01
6.374999999999999556e-01
6.329000000000000181e-01
6.273999999999999577e-01
6.266000000000000458e-01
6.523999999999999799e-01
6.676999999999999602e-01
6.513999999999999790e-01
