8.880000000000000115e-01
8.732999999999999652e-01
8.468999999999999861e-01
8.031000000000000361e-01
7.900000000000000355e-01
7.704999999999999627e-01
7.629000000000000226e-01
7.470999999999999863e-01
7.231999999999999540e-01
7.052000000000000490e-01
6.777999999999999581e-01
6.536999999999999478e-01
6.352999999999999758e-01
6.337000000000000410e-01
6.364999999999999547e-01
6.600000000000000311e-01
7.110999999999999543e-01
7.450999999999999845e-01
7.904999999999999805e-01
8.208999999999999631e-01
8.256999999999999895e-01
8.407999999999999918e-01
8.308999999999999719e-01
8.054000000000000048e-01
7.969000000000000528e-01
7.802000000000000046e-01
7.365000000000000435e-01
6.987999999999999767e-01
6.294999999999999485e-01
5.329000000000000403e-01
5.008000000000000229e-01
4.143999999999999906e-01
3.212999999999999745e-01
2.446000000000000119e-01
2.001000000000000001e-01
1.754000000000000004e-01
1.236000000000000015e-01
8.770000000000000018e-02
5.190000000000000169e-02
4.809999999999999692e-02
4.159999999999999809e-02
3.749999999999999861e-02
2.500000000000000139e-02
2.340000000000000066e-02
1.230000000000000017e-02
9.299999999999999239e-03
8.800000000000000530e-03
1.959999999999999937e-02
2.790000000000000119e-02
2.869999999999999982e-02
1.940000000000000058e-02
2.610000000000000167e-02
3.289999999999999869e-02
2.970000000000000070e-02
3.429999999999999716e-02
3.350000000000000200e-02
3.280000000000000276e-02
2.819999999999999937e-02
1.700000000000000122e-02
5.700000000000000205e-03
4.499999999999999660e-03
1.329999999999999932e-02
2.129999999999999949e-02
2.069999999999999965e-02
2.280000000000000082e-02
4.209999999999999853e-02
4.340000000000000108e-02
4.490000000000000241e-02
4.250000000000000305e-02
4.499999999999999833e-02
2.649999999999999925e-02
5.000000000000000104e-03
1.500000000000000031e-03
0.000000000000000000e+00
0.000000000000000000e+00
0.000000000000000000e+00
0.000000000000000000e+00
0.000000000000000000e+00
1.000000000000000021e-03
5.499999999999999681e-03
4.799999999999999580e-03
4.899999999999999842e-03
4.000000000000000192e-04
1.000000000000000048e-04
2.700000000000000143e-03
1.100000000000000066e-03
0.000000000000000000e+00
0.000000000000000000e+00
0.000000000000000000e+00
0.000000000000000000e+00
0.000000000000000000e+00
0.000000000000000000e+00
0.000000000000000000e+00
0.000000000000000000e+00
0.000000000000000000e+00
4.000000000000000192e-04
8.699999999999999400e-03
1.499999999999999944e-02
1.880000000000000074e-02
2.699999999999999969e-02
2.390000000000000110e-02
2.680000000000000090e-02
2.199999999999999872e-02
1.969999999999999876e-02
3.579999999999999849e-02
4.340000000000000108e-02
4.809999999999999692e-02
4.639999999999999680e-02
4.689999999999999725e-02
5.000000000000000278e-02
4.819999999999999979e-02
5.510000000000000314e-02
4.560000000000000164e-02
3.620000000000000301e-02
3.830000000000000071e-02
3.969999999999999918e-02
3.579999999999999849e-02
3.649999999999999772e-02
4.959999999999999826e-02
4.189999999999999974e-02
4.379999999999999866e-02
5.059999999999999915e-02
6.629999999999999782e-02
6.410000000000000420e-02
7.199999999999999456e-02
7.119999999999999940e-02
7.870000000000000606e-02
9.030000000000000526e-02
1.096000000000000030e-01
1.158000000000000002e-01
1.189999999999999947e-01
1.059999999999999970e-01
9.080000000000000571e-02
6.379999999999999560e-02
4.259999999999999898e-02
2.999999999999999889e-02
2.440000000000000155e-02
2.040000000000000147e-02
1.969999999999999876e-02
1.569999999999999868e-02
3.039999999999999994e-02
4.050000000000000128e-02
3.980000000000000204e-02
3.490000000000000047e-02
5.009999999999999870e-02
7.489999999999999436e-02
8.400000000000000522e-02
9.479999999999999538e-02
1.024000000000000049e-01
1.006999999999999978e-01
8.849999999999999534e-02
7.280000000000000360e-02
5.510000000000000314e-02
3.540000000000000091e-02
2.529999999999999957e-02
2.620000000000000107e-02
1.969999999999999876e-02
3.690000000000000224e-02
3.409999999999999837e-02
4.420000000000000318e-02
5.020000000000000157e-02
4.479999999999999954e-02
3.690000000000000224e-02
4.420000000000000318e-02
6.019999999999999657e-02
8.269999999999999574e-02
9.529999999999999583e-02
1.026999999999999996e-01
1.292999999999999983e-01
1.582000000000000073e-01
1.922000000000000097e-01
2.288000000000000034e-01
2.510999999999999899e-01
3.014999999999999902e-01
3.835000000000000075e-01
4.435000000000000053e-01
5.701000000000000512e-01
6.758999999999999453e-01
7.522999999999999687e-01
7.600999999999999979e-01
8.675000000000000488e-01
8.991000000000000103e-01
9.224999999999999867e-01
9.254000000000000004e-01
9.284999999999999920e-01
9.429999999999999494e-01
9.414000000000000146e-01
9.439999999999999503e-01
9.357999999999999652e-01
9.324999999999999956e-01
9.233999999999999986e-01
9.312000000000000277e-01
9.186999999999999611e-01
9.284000000000000030e-01
9.126999999999999558e-01
9.298999999999999488e-01
9.245999999999999774e-01
9.249000000000000554e-01
9.143000000000000016e-01
8.884999999999999565e-01
8.489999999999999769e-01
7.980000000000000426e-01
7.288999999999999924e-01
6.521000000000000130e-01
6.092999999999999527e-01
5.843000000000000416e-01
5.615999999999999881e-01
5.483000000000000096e-01
5.574999999999999956e-01
5.951999999999999513e-01
6.283999999999999586e-01
7.117999999999999883e-01
7.463999999999999524e-01
8.372000000000000552e-01
8.517000000000000126e-01
8.954999999999999627e-01
9.362000000000000322e-01
9.677999999999999936e-01
9.729999999999999760e-01
9.745000000000000329e-01
9.798999999999999932e-01
9.775000000000000355e-01
9.911999999999999700e-01
9.831999999999999629e-01
9.806000000000000272e-01
9.736000000000000210e-01
9.661999999999999478e-01
9.567999999999999838e-01
9.680999999999999606e-01
9.714000000000000412e-01
9.717999999999999972e-01
9.677000000000000046e-01
9.643000000000000460e-01
9.683000000000000496e-01
9.775000000000000355e-01
9.667000000000000037e-01
9.768999999999999906e-01
9.730999999999999650e-01
9.845000000000000417e-01
9.847000000000000197e-01
9.919000000000000039e-01
9.975000000000000533e-01
1.000000000000000000e+00
1.000000000000000000e+00
9.965000000000000524e-01
9.798999999999999932e-01
9.734000000000000430e-01
9.806000000000000272e-01
9.901999999999999691e-01
9.910999999999999810e-01
9.895000000000000462e-01
9.791999999999999593e-01
9.651999999999999469e-01
9.667999999999999927e-01
9.677999999999999936e-01
9.505000000000000115e-01
9.403000000000000247e-01
9.414000000000000146e-01
9.395000000000000018e-01
9.409999999999999476e-01
9.315999999999999837e-01
9.295999999999999819e-01
9.336999999999999744e-01
9.413000000000000256e-01
9.424000000000000155e-01
9.399999999999999467e-01
9.370000000000000551e-01
9.398999999999999577e-01
9.274999999999999911e-01
9.418999999999999595e-01
9.384000000000000119e-01
9.328999999999999515e-01
9.419999999999999485e-01
9.442000000000000393e-01
9.606000000000000094e-01
9.351000000000000423e-01
9.137999999999999456e-01
9.568999999999999728e-01
9.596999999999999975e-01
9.613000000000000433e-01
9.614000000000000323e-01
9.628999999999999782e-01
9.681999999999999496e-01
9.603000000000000425e-01
9.552000000000000490e-01
9.605000000000000204e-01
9.584000000000000297e-01
9.495999999999999996e-01
9.408999999999999586e-01
9.399999999999999467e-01
9.435000000000000053e-01
9.363000000000000211e-01
9.356999999999999762e-01
9.435000000000000053e-01
9.486999999999999877e-01
9.512000000000000455e-01
9.493000000000000327e-01
9.564000000000000279e-01
9.556000000000000050e-01
9.486999999999999877e-01
9.495000000000000107e-01
9.395999999999999908e-01
9.362000000000000322e-01
9.395999999999999908e-01
9.233999999999999986e-01
9.293000000000000149e-01
9.232000000000000206e-01
9.385000000000000009e-01
9.163999999999999924e-01
9.358999999999999542e-01
9.351000000000000423e-01
9.203000000000000069e-01
9.631999999999999451e-01
9.574000000000000288e-01
9.677999999999999936e-01
9.496999999999999886e-01
9.395000000000000018e-01
9.191000000000000281e-01
9.494000000000000217e-01
9.481000000000000538e-01
9.494000000000000217e-01
9.471000000000000529e-01
9.334999999999999964e-01
9.196999999999999620e-01
8.981000000000000094e-01
8.657000000000000250e-01
8.925999999999999490e-01
8.729000000000000092e-01
8.940000000000000169e-01
9.186999999999999611e-01
9.322000000000000286e-01
9.304999999999999938e-01
9.393000000000000238e-01
9.113999999999999879e-01
9.240000000000000435e-01
9.281000000000000361e-01
9.175999999999999712e-01
9.243000000000000105e-01
9.182000000000000162e-01
9.264999999999999902e-01
9.337999999999999634e-01
9.281000000000000361e-01
9.356999999999999762e-01
9.347999999999999643e-01
9.459999999999999520e-01
9.428999999999999604e-01
9.438999999999999613e-01
9.445999999999999952e-01
9.452000000000000401e-01
9.347999999999999643e-01
9.431000000000000494e-01
9.306999999999999718e-01
9.370000000000000551e-01
9.558999999999999719e-01
9.519999999999999574e-01
9.518999999999999684e-01
9.421000000000000485e-01
9.403000000000000247e-01
9.599999999999999645e-01
9.583000000000000407e-01
9.395999999999999908e-01
9.293000000000000149e-01
9.574000000000000288e-01
9.653000000000000469e-01
9.568999999999999728e-01
9.616999999999999993e-01
9.758999999999999897e-01
9.631999999999999451e-01
9.234999999999999876e-01
9.317999999999999616e-01
9.156999999999999584e-01
9.127999999999999448e-01
9.223999999999999977e-01
9.082999999999999963e-01
9.086999999999999522e-01
9.203999999999999959e-01
9.389999999999999458e-01
9.486999999999999877e-01
9.603000000000000425e-01
9.644000000000000350e-01
9.546999999999999931e-01
9.465999999999999970e-01
9.471000000000000529e-01
9.634000000000000341e-01
9.494000000000000217e-01
9.530999999999999472e-01
9.491000000000000547e-01
9.476999999999999869e-01
9.583000000000000407e-01
9.659999999999999698e-01
9.598999999999999755e-01
9.588999999999999746e-01
9.595000000000000195e-01
9.573000000000000398e-01
9.553000000000000380e-01
9.598999999999999755e-01
9.655000000000000249e-01
9.661999999999999478e-01
9.737000000000000099e-01
9.562000000000000499e-01
9.397999999999999687e-01
9.344999999999999973e-01
9.302000000000000268e-01
9.321000000000000396e-01
9.402000000000000357e-01
9.383000000000000229e-01
9.437999999999999723e-01
9.325999999999999845e-01
9.516999999999999904e-01
9.486999999999999877e-01
9.377999999999999670e-01
9.305999999999999828e-01
9.233999999999999986e-01
9.392000000000000348e-01
9.272000000000000242e-01
9.343000000000000194e-01
9.306999999999999718e-01
9.251000000000000334e-01
9.338999999999999524e-01
9.344999999999999973e-01
9.375999999999999890e-01
9.314999999999999947e-01
9.377999999999999670e-01
9.417999999999999705e-01
9.608999999999999764e-01
9.886000000000000343e-01
9.832999999999999519e-01
9.758000000000000007e-01
9.660999999999999588e-01
9.708999999999999853e-01
9.625000000000000222e-01
9.709999999999999742e-01
9.759999999999999787e-01
9.649999999999999689e-01
1.000000000000000000e+00
9.761999999999999567e-01
9.896000000000000352e-01
9.752999999999999448e-01
9.808999999999999941e-01
9.870999999999999774e-01
9.775000000000000355e-01
9.798000000000000043e-01
9.640999999999999570e-01
9.489999999999999547e-01
9.515000000000000124e-01
9.535000000000000142e-01
9.554000000000000270e-01
9.489999999999999547e-01
9.566000000000000059e-01
9.667000000000000037e-01
9.575000000000000178e-01
9.328999999999999515e-01
9.273000000000000131e-01
9.588999999999999746e-01
9.815000000000000391e-01
9.403000000000000247e-01
9.528999999999999693e-01
9.215999999999999748e-01
9.631999999999999451e-01
9.302000000000000268e-01
9.304999999999999938e-01
9.142000000000000126e-01
9.564000000000000279e-01
9.414000000000000146e-01
9.109000000000000430e-01
9.221000000000000307e-01
9.431000000000000494e-01
9.214999999999999858e-01
9.280000000000000471e-01
9.215999999999999748e-01
9.042999999999999927e-01
9.139000000000000457e-01
9.265999999999999792e-01
9.453000000000000291e-01
9.226999999999999647e-01
9.283000000000000140e-01
9.355999999999999872e-01
9.443000000000000282e-01
9.154999999999999805e-01
9.209000000000000519e-01
9.274999999999999911e-01
9.346999999999999753e-01
9.223999999999999977e-01
9.112000000000000099e-01
9.094999999999999751e-01
9.068000000000000504e-01
9.082999999999999963e-01
8.685000000000000497e-01
8.840000000000000080e-01
9.175999999999999712e-01
9.383000000000000229e-01
9.648999999999999799e-01
9.543000000000000371e-01
9.633000000000000451e-01
9.627999999999999892e-01
9.570999999999999508e-01
9.554000000000000270e-01
9.532000000000000473e-01
9.375000000000000000e-01
9.669999999999999707e-01
9.828999999999999959e-01
9.879000000000000004e-01
9.917000000000000259e-01
9.864000000000000545e-01
9.838000000000000078e-01
9.930999999999999828e-01
9.875000000000000444e-01
9.737000000000000099e-01
9.133999999999999897e-01
9.149000000000000465e-01
9.473000000000000309e-01
9.565000000000000169e-01
9.421000000000000485e-01
9.384000000000000119e-01
8.987000000000000544e-01
9.120000000000000329e-01
9.189000000000000501e-01
9.368999999999999551e-01
9.358999999999999542e-01
9.580999999999999517e-01
9.446999999999999842e-01
9.428999999999999604e-01
9.209000000000000519e-01
9.192000000000000171e-01
9.365999999999999881e-01
9.090000000000000302e-01
9.343000000000000194e-01
9.395999999999999908e-01
9.633000000000000451e-01
9.583000000000000407e-01
9.462000000000000410e-01
9.241000000000000325e-01
9.510999999999999455e-01
9.627999999999999892e-01
9.719999999999999751e-01
9.448999999999999622e-01
9.495000000000000107e-01
9.455000000000000071e-01
9.596999999999999975e-01
9.618999999999999773e-01
9.760999999999999677e-01
9.671999999999999487e-01
9.650999999999999579e-01
9.795000000000000373e-01
9.755000000000000338e-01
9.684000000000000385e-01
9.860999999999999766e-01
9.826000000000000290e-01
9.953999999999999515e-01
9.901999999999999691e-01
9.819999999999999840e-01
9.802999999999999492e-01
9.660999999999999588e-01
9.499999999999999556e-01
9.613000000000000433e-01
9.714000000000000412e-01
9.665000000000000258e-01
9.728999999999999870e-01
9.679999999999999716e-01
9.553000000000000380e-01
9.570999999999999508e-01
9.637000000000000011e-01
9.637000000000000011e-01
9.575000000000000178e-01
9.663000000000000478e-01
9.520999999999999464e-01
9.383000000000000229e-01
9.163000000000000034e-01
9.024999999999999689e-01
9.298999999999999488e-01
9.394000000000000128e-01
9.287999999999999590e-01
9.464000000000000190e-01
9.558999999999999719e-01
9.449999999999999512e-01
9.433000000000000274e-01
9.364999999999999991e-01
9.482000000000000428e-01
9.395999999999999908e-01
9.267999999999999572e-01
9.170000000000000373e-01
9.613000000000000433e-01
9.708999999999999853e-01
9.761999999999999567e-01
9.779999999999999805e-01
9.845000000000000417e-01
9.858000000000000096e-01
9.683000000000000496e-01
9.780999999999999694e-01
9.747999999999999998e-01
9.735000000000000320e-01
9.754000000000000448e-01
9.756000000000000227e-01
9.730999999999999650e-01
9.667000000000000037e-01
9.693000000000000504e-01
9.660999999999999588e-01
9.679999999999999716e-01
9.656000000000000139e-01
9.647999999999999909e-01
9.674000000000000377e-01
9.756000000000000227e-01
9.721999999999999531e-01
9.730999999999999650e-01
9.624000000000000332e-01
9.748999999999999888e-01
9.688999999999999835e-01
9.677999999999999936e-01
9.657000000000000028e-01
9.639999999999999680e-01
9.434000000000000163e-01
9.301000000000000378e-01
9.336999999999999744e-01
9.354000000000000092e-01
9.351000000000000423e-01
9.383000000000000229e-01
9.333000000000000185e-01
9.203999999999999959e-01
9.062000000000000055e-01
9.062000000000000055e-01
9.012000000000000011e-01
8.959000000000000297e-01
8.957000000000000517e-01
9.000000000000000222e-01
8.977000000000000535e-01
9.263000000000000123e-01
9.251000000000000334e-01
9.276999999999999691e-01
9.290000000000000480e-01
9.382000000000000339e-01
9.370000000000000551e-01
9.552000000000000490e-01
9.526000000000000023e-01
9.563000000000000389e-01
9.595000000000000195e-01
9.637999999999999901e-01
9.673000000000000487e-01
9.486999999999999877e-01
9.473000000000000309e-01
9.539999999999999591e-01
9.617999999999999883e-01
9.578999999999999737e-01
9.563000000000000389e-01
9.503000000000000336e-01
9.495999999999999996e-01
9.523000000000000353e-01
9.583000000000000407e-01
9.563000000000000389e-01
9.615000000000000213e-01
9.715000000000000302e-01
9.714000000000000412e-01
9.499999999999999556e-01
9.464000000000000190e-01
9.408999999999999586e-01
9.341000000000000414e-01
9.549999999999999600e-01
9.681999999999999496e-01
9.791999999999999593e-01
9.791999999999999593e-01
9.809999999999999831e-01
9.899000000000000021e-01
9.899000000000000021e-01
9.859999999999999876e-01
9.776000000000000245e-01
9.701999999999999513e-01
9.708999999999999853e-01
9.811999999999999611e-01
9.717000000000000082e-01
9.754000000000000448e-01
9.760999999999999677e-01
9.751999999999999558e-01
9.649999999999999689e-01
9.758000000000000007e-01
9.710999999999999632e-01
9.688999999999999835e-01
9.586999999999999966e-01
9.556000000000000050e-01
9.528999999999999693e-01
9.683000000000000496e-01
9.756000000000000227e-01
9.647999999999999909e-01
9.616000000000000103e-01
9.676000000000000156e-01
9.588999999999999746e-01
9.634000000000000341e-01
9.471000000000000529e-01
9.317999999999999616e-01
8.375000000000000222e-01
