1.000000000000000000e+00
9.815000000000000391e-01
9.431000000000000494e-01
9.049000000000000377e-01
8.653999999999999471e-01
8.264000000000000234e-01
7.911000000000000254e-01
7.745999999999999552e-01
7.692999999999999838e-01
7.379999999999999893e-01
7.237000000000000099e-01
7.223000000000000531e-01
7.297000000000000153e-01
7.197999999999999954e-01
7.418000000000000149e-01
7.237000000000000099e-01
7.551999999999999824e-01
7.469999999999999973e-01
7.465000000000000524e-01
7.308000000000000052e-01
7.208999999999999853e-01
7.040999999999999481e-01
6.984000000000000208e-01
6.753000000000000114e-01
6.489000000000000323e-01
6.352999999999999758e-01
6.663999999999999924e-01
6.753000000000000114e-01
6.776999999999999691e-01
6.947999999999999732e-01
7.399999999999999911e-01
7.541999999999999815e-01
7.594999999999999529e-01
7.603999999999999648e-01
7.995999999999999774e-01
8.640999999999999792e-01
8.814999999999999503e-01
9.120000000000000329e-01
9.022000000000000020e-01
9.160000000000000364e-01
9.147999999999999465e-01
9.344000000000000083e-01
9.212000000000000188e-01
9.373000000000000220e-01
9.418999999999999595e-01
9.559999999999999609e-01
9.435000000000000053e-01
9.457999999999999741e-01
9.445000000000000062e-01
9.685000000000000275e-01
9.663000000000000478e-01
9.667000000000000037e-01
9.600999999999999535e-01
9.787000000000000144e-01
9.806000000000000272e-01
9.858999999999999986e-01
9.839999999999999858e-01
9.724000000000000421e-01
9.769999999999999796e-01
9.825000000000000400e-01
9.838999999999999968e-01
9.876000000000000334e-01
9.872999999999999554e-01
9.790999999999999703e-01
9.730999999999999650e-01
9.772999999999999465e-01
9.583000000000000407e-01
9.467999999999999750e-01
9.491000000000000547e-01
9.576999999999999957e-01
9.631999999999999451e-01
9.647000000000000020e-01
9.602000000000000535e-01
9.574000000000000288e-01
9.605000000000000204e-01
9.607999999999999874e-01
9.680999999999999606e-01
9.599999999999999645e-01
9.671999999999999487e-01
9.844000000000000528e-01
9.895000000000000462e-01
9.854000000000000536e-01
9.845000000000000417e-01
9.619999999999999662e-01
9.555000000000000160e-01
9.840999999999999748e-01
9.928000000000000158e-01
9.882999999999999563e-01
9.896000000000000352e-01
9.906000000000000361e-01
9.879000000000000004e-01
9.930999999999999828e-01
9.822999999999999510e-01
9.794000000000000483e-01
9.653000000000000469e-01
9.798999999999999932e-01
9.845000000000000417e-01
9.781999999999999584e-01
9.807000000000000162e-01
9.656000000000000139e-01
9.600999999999999535e-01
9.305999999999999828e-01
9.494000000000000217e-01
9.481000000000000538e-01
9.496999999999999886e-01
9.623000000000000442e-01
9.637999999999999901e-01
9.707999999999999963e-01
9.529999999999999583e-01
9.653000000000000469e-01
9.811999999999999611e-01
9.687999999999999945e-01
9.583000000000000407e-01
9.614000000000000323e-01
9.585000000000000187e-01
9.717000000000000082e-01
9.671999999999999487e-01
9.572000000000000508e-01
9.509999999999999565e-01
9.563000000000000389e-01
9.503000000000000336e-01
9.439999999999999503e-01
9.517999999999999794e-01
9.596000000000000085e-01
9.545000000000000151e-01
9.565000000000000169e-01
9.661999999999999478e-01
9.603000000000000425e-01
9.757000000000000117e-01
9.536999999999999922e-01
9.647999999999999909e-01
9.552000000000000490e-01
9.543000000000000371e-01
9.549999999999999600e-01
9.747000000000000108e-01
9.525000000000000133e-01
9.489999999999999547e-01
9.421000000000000485e-01
9.481000000000000538e-01
9.671999999999999487e-01
9.463000000000000300e-01
9.507999999999999785e-01
9.436999999999999833e-01
9.476999999999999869e-01
9.216999999999999638e-01
9.074999999999999734e-01
8.895999999999999464e-01
8.651999999999999691e-01
8.525000000000000355e-01
8.033000000000000140e-01
7.558000000000000274e-01
7.277000000000000135e-01
7.120999999999999552e-01
6.815999999999999837e-01
6.327000000000000401e-01
5.444999999999999840e-01
4.356999999999999762e-01
3.398999999999999799e-01
2.510000000000000009e-01
1.756000000000000061e-01
1.101000000000000034e-01
6.690000000000000113e-02
5.820000000000000173e-02
3.830000000000000071e-02
1.969999999999999876e-02
2.750000000000000014e-02
2.230000000000000038e-02
1.190000000000000085e-02
4.499999999999999660e-03
0.000000000000000000e+00
8.000000000000000383e-04
0.000000000000000000e+00
2.000000000000000096e-04
3.000000000000000062e-03
3.000000000000000062e-03
3.899999999999999821e-03
2.799999999999999972e-03
7.199999999999999803e-03
8.899999999999999925e-03
1.170000000000000033e-02
1.739999999999999880e-02
2.280000000000000082e-02
3.579999999999999849e-02
3.540000000000000091e-02
4.780000000000000221e-02
5.220000000000000334e-02
6.719999999999999585e-02
8.559999999999999554e-02
1.038000000000000034e-01
9.539999999999999869e-02
1.355000000000000093e-01
1.607999999999999985e-01
2.134000000000000064e-01
2.806000000000000161e-01
3.311000000000000054e-01
3.487000000000000099e-01
3.639999999999999902e-01
3.899000000000000243e-01
4.050000000000000266e-01
3.803000000000000269e-01
3.710999999999999854e-01
3.866999999999999882e-01
3.993999999999999773e-01
4.290999999999999814e-01
4.497999999999999776e-01
4.897000000000000242e-01
5.124999999999999556e-01
4.908000000000000140e-01
4.877000000000000224e-01
4.591999999999999971e-01
4.414000000000000146e-01
4.294000000000000039e-01
4.086000000000000187e-01
3.731999999999999762e-01
3.573999999999999955e-01
3.371000000000000107e-01
3.280000000000000138e-01
3.224000000000000199e-01
3.191999999999999837e-01
3.294000000000000261e-01
3.371999999999999997e-01
3.699000000000000066e-01
3.981999999999999984e-01
3.942999999999999838e-01
4.385999999999999899e-01
4.737999999999999989e-01
5.250000000000000222e-01
5.833000000000000407e-01
5.920999999999999597e-01
6.182999999999999607e-01
6.421999999999999931e-01
6.864000000000000101e-01
7.115000000000000213e-01
7.157999999999999918e-01
7.096999999999999975e-01
7.244000000000000439e-01
7.237999999999999989e-01
7.292999999999999483e-01
7.110999999999999543e-01
6.763000000000000123e-01
5.773000000000000353e-01
5.170000000000000151e-01
4.900999999999999801e-01
4.157000000000000139e-01
3.382000000000000006e-01
2.953999999999999959e-01
2.620999999999999996e-01
2.323999999999999955e-01
2.293000000000000038e-01
2.316000000000000003e-01
2.436000000000000110e-01
2.607999999999999763e-01
2.837000000000000077e-01
3.039000000000000035e-01
3.382000000000000006e-01
3.817999999999999727e-01
4.353000000000000203e-01
4.628999999999999782e-01
4.889999999999999902e-01
5.231999999999999984e-01
5.786999999999999922e-01
5.983000000000000540e-01
6.493999999999999773e-01
6.509000000000000341e-01
6.505999999999999561e-01
6.647999999999999465e-01
6.729000000000000536e-01
6.732000000000000206e-01
6.757999999999999563e-01
7.358000000000000096e-01
7.046999999999999931e-01
7.249999999999999778e-01
7.569000000000000172e-01
7.737000000000000544e-01
7.999000000000000554e-01
8.107999999999999652e-01
8.074999999999999956e-01
8.071000000000000396e-01
8.156999999999999806e-01
8.202000000000000401e-01
8.034999999999999920e-01
8.044000000000000039e-01
8.198999999999999622e-01
8.137999999999999678e-01
8.303000000000000380e-01
8.388999999999999790e-01
8.385000000000000231e-01
8.708000000000000185e-01
8.811999999999999833e-01
8.879000000000000226e-01
8.850999999999999979e-01
8.699999999999999956e-01
8.698000000000000176e-01
8.620999999999999774e-01
8.761999999999999789e-01
8.794999999999999485e-01
8.797000000000000375e-01
8.881999999999999895e-01
8.903999999999999693e-01
8.801999999999999824e-01
8.672999999999999599e-01
8.696000000000000396e-01
8.666000000000000369e-01
8.384000000000000341e-01
8.155999999999999917e-01
8.080000000000000515e-01
8.188999999999999613e-01
8.244000000000000217e-01
8.417000000000000037e-01
8.363000000000000433e-01
8.437000000000000055e-01
8.380999999999999561e-01
8.294000000000000261e-01
8.473000000000000531e-01
8.505000000000000338e-01
8.465000000000000302e-01
8.401999999999999469e-01
8.387000000000000011e-01
8.715000000000000524e-01
8.738000000000000211e-01
8.796000000000000485e-01
8.870000000000000107e-01
9.018000000000000460e-01
9.112000000000000099e-01
9.254000000000000004e-01
9.241000000000000325e-01
9.093999999999999861e-01
9.028000000000000469e-01
8.951999999999999957e-01
9.026999999999999469e-01
8.982999999999999874e-01
8.950000000000000178e-01
8.972999999999999865e-01
8.879000000000000226e-01
8.941000000000000059e-01
8.861999999999999877e-01
8.760999999999999899e-01
8.756000000000000449e-01
8.606000000000000316e-01
8.810000000000000053e-01
8.722999999999999643e-01
8.681999999999999718e-01
8.532999999999999474e-01
8.450999999999999623e-01
8.476000000000000201e-01
8.465000000000000302e-01
8.598000000000000087e-01
8.259999999999999565e-01
8.178999999999999604e-01
8.080000000000000515e-01
8.430999999999999606e-01
8.434000000000000385e-01
8.356000000000000094e-01
8.406000000000000139e-01
8.329999999999999627e-01
8.488999999999999879e-01
8.695000000000000506e-01
8.773999999999999577e-01
8.948000000000000398e-01
9.025999999999999579e-01
9.068000000000000504e-01
9.194999999999999840e-01
9.353000000000000203e-01
9.556000000000000050e-01
9.624000000000000332e-01
9.567999999999999838e-01
9.554000000000000270e-01
9.595000000000000195e-01
9.654000000000000359e-01
9.743000000000000549e-01
9.609999999999999654e-01
9.530999999999999472e-01
9.737000000000000099e-01
9.778999999999999915e-01
9.838000000000000078e-01
9.764000000000000457e-01
9.714000000000000412e-01
9.780999999999999694e-01
9.787000000000000144e-01
9.709999999999999742e-01
9.759999999999999787e-01
9.794000000000000483e-01
9.706000000000000183e-01
9.546999999999999931e-01
9.509999999999999565e-01
9.661999999999999478e-01
9.641999999999999460e-01
9.717000000000000082e-01
9.750999999999999668e-01
9.723000000000000531e-01
9.659999999999999698e-01
9.596999999999999975e-01
9.491000000000000547e-01
9.516999999999999904e-01
9.288999999999999480e-01
9.415000000000000036e-01
9.595000000000000195e-01
9.643000000000000460e-01
9.622000000000000552e-01
9.546999999999999931e-01
9.528999999999999693e-01
9.478999999999999648e-01
9.200000000000000400e-01
9.411000000000000476e-01
9.358999999999999542e-01
9.393000000000000238e-01
9.465000000000000080e-01
9.514000000000000234e-01
9.510999999999999455e-01
9.466999999999999860e-01
9.457999999999999741e-01
9.418999999999999595e-01
9.415999999999999925e-01
9.367999999999999661e-01
9.351000000000000423e-01
9.160000000000000364e-01
9.322000000000000286e-01
9.258999999999999453e-01
9.280000000000000471e-01
9.199000000000000510e-01
9.165999999999999703e-01
8.995999999999999552e-01
9.000000000000000222e-01
8.987000000000000544e-01
8.810000000000000053e-01
8.620999999999999774e-01
8.516000000000000236e-01
8.348999999999999755e-01
8.212000000000000410e-01
8.127999999999999670e-01
8.269999999999999574e-01
8.347999999999999865e-01
8.370999999999999552e-01
8.552999999999999492e-01
8.514000000000000457e-01
8.782999999999999696e-01
9.133999999999999897e-01
9.264000000000000012e-01
9.421000000000000485e-01
9.550999999999999490e-01
9.453000000000000291e-01
9.364999999999999991e-01
9.419999999999999485e-01
9.512000000000000455e-01
9.526000000000000023e-01
9.523000000000000353e-01
9.395999999999999908e-01
9.445000000000000062e-01
9.370000000000000551e-01
9.537999999999999812e-01
9.499999999999999556e-01
9.537999999999999812e-01
9.465999999999999970e-01
9.462000000000000410e-01
9.479999999999999538e-01
9.445999999999999952e-01
9.536000000000000032e-01
9.532000000000000473e-01
9.533000000000000362e-01
9.406999999999999806e-01
9.585000000000000187e-01
9.556999999999999940e-01
9.547999999999999821e-01
9.510999999999999455e-01
9.484000000000000208e-01
9.739999999999999769e-01
9.684000000000000385e-01
9.713000000000000522e-01
9.593000000000000416e-01
9.592000000000000526e-01
9.478999999999999648e-01
9.485999999999999988e-01
9.606000000000000094e-01
9.517999999999999794e-01
9.768000000000000016e-01
9.638999999999999790e-01
9.425999999999999934e-01
9.052999999999999936e-01
8.670999999999999819e-01
8.626000000000000334e-01
8.386000000000000121e-01
8.398999999999999799e-01
8.201000000000000512e-01
7.942000000000000171e-01
7.951000000000000290e-01
7.922000000000000153e-01
7.673999999999999710e-01
7.628000000000000336e-01
7.819000000000000394e-01
8.335000000000000187e-01
8.447999999999999954e-01
8.318999999999999728e-01
7.744999999999999662e-01
8.276000000000000023e-01
8.265000000000000124e-01
8.276999999999999913e-01
8.174000000000000155e-01
8.017999999999999572e-01
8.084999999999999964e-01
7.967999999999999527e-01
7.738000000000000433e-01
7.610999999999999988e-01
7.443999999999999506e-01
7.298000000000000043e-01
7.240999999999999659e-01
7.149999999999999689e-01
7.156000000000000139e-01
7.171999999999999487e-01
7.083000000000000407e-01
7.086999999999999966e-01
7.348000000000000087e-01
7.645999999999999464e-01
8.011000000000000343e-01
8.265000000000000124e-01
8.688000000000000167e-01
8.992999999999999883e-01
8.810000000000000053e-01
8.515000000000000346e-01
7.690000000000000169e-01
