1.000000000000000000e+00
9.578999999999999737e-01
9.276999999999999691e-01
9.045999999999999597e-01
9.060000000000000275e-01
9.039000000000000368e-01
8.880000000000000115e-01
8.764999999999999458e-01
8.407000000000000028e-01
8.142000000000000348e-01
7.874999999999999778e-01
7.567000000000000393e-01
7.140999999999999570e-01
6.848999999999999533e-01
6.563999999999999835e-01
6.211999999999999744e-01
5.907000000000000028e-01
5.443999999999999950e-01
4.823999999999999955e-01
4.667999999999999927e-01
4.410000000000000031e-01
4.308000000000000163e-01
4.310999999999999832e-01
4.743999999999999884e-01
4.945999999999999841e-01
5.202999999999999847e-01
5.339000000000000412e-01
6.310000000000000053e-01
6.884000000000000119e-01
7.429000000000000048e-01
7.932000000000000162e-01
8.508000000000000007e-01
8.705000000000000515e-01
8.846000000000000529e-01
9.253000000000000114e-01
9.136999999999999567e-01
9.167999999999999483e-01
9.459999999999999520e-01
9.488999999999999657e-01
9.457999999999999741e-01
9.560999999999999499e-01
9.543000000000000371e-01
9.649999999999999689e-01
9.698999999999999844e-01
9.546000000000000041e-01
9.496999999999999886e-01
9.526999999999999913e-01
9.362000000000000322e-01
9.615000000000000213e-01
9.502000000000000446e-01
9.461000000000000520e-01
9.495999999999999996e-01
9.538999999999999702e-01
9.419999999999999485e-01
9.477999999999999758e-01
9.425000000000000044e-01
9.515000000000000124e-01
9.584000000000000297e-01
9.727999999999999980e-01
9.582000000000000517e-01
9.635000000000000231e-01
9.649999999999999689e-01
9.554000000000000270e-01
9.435000000000000053e-01
9.475999999999999979e-01
9.432000000000000384e-01
9.458999999999999631e-01
9.510999999999999455e-01
9.517999999999999794e-01
9.488999999999999657e-01
9.503000000000000336e-01
9.442000000000000393e-01
9.252000000000000224e-01
9.255999999999999783e-01
9.452000000000000401e-01
9.491000000000000547e-01
9.459999999999999520e-01
9.443000000000000282e-01
9.473000000000000309e-01
9.419999999999999485e-01
9.405999999999999917e-01
9.405999999999999917e-01
9.564000000000000279e-01
9.560999999999999499e-01
9.515000000000000124e-01
9.583000000000000407e-01
9.435999999999999943e-01
9.387999999999999678e-01
9.436999999999999833e-01
9.486999999999999877e-01
9.510999999999999455e-01
9.535000000000000142e-01
9.556000000000000050e-01
9.685000000000000275e-01
9.772999999999999465e-01
9.671999999999999487e-01
9.738999999999999879e-01
9.693000000000000504e-01
9.651999999999999469e-01
9.664000000000000368e-01
9.506000000000000005e-01
9.481000000000000538e-01
9.373000000000000220e-01
9.499999999999999556e-01
9.436999999999999833e-01
9.536000000000000032e-01
9.467999999999999750e-01
9.546000000000000041e-01
9.575000000000000178e-01
9.604000000000000314e-01
9.640999999999999570e-01
9.483000000000000318e-01
9.625000000000000222e-01
9.617999999999999883e-01
9.790999999999999703e-01
9.727000000000000091e-01
9.644000000000000350e-01
9.510999999999999455e-01
9.623000000000000442e-01
9.574000000000000288e-01
9.344999999999999973e-01
9.183999999999999941e-01
9.122000000000000108e-01
9.245999999999999774e-01
9.346999999999999753e-01
9.448999999999999622e-01
9.294999999999999929e-01
9.355999999999999872e-01
9.520999999999999464e-01
9.532000000000000473e-01
9.354999999999999982e-01
9.176999999999999602e-01
9.175999999999999712e-01
9.200000000000000400e-01
9.358999999999999542e-01
9.245999999999999774e-01
9.249000000000000554e-01
9.314999999999999947e-01
9.093999999999999861e-01
9.177999999999999492e-01
9.371000000000000441e-01
9.374000000000000110e-01
9.144999999999999796e-01
8.776000000000000467e-01
8.748000000000000220e-01
8.780000000000000027e-01
8.893999999999999684e-01
8.893999999999999684e-01
8.883999999999999675e-01
9.010000000000000231e-01
9.190000000000000391e-01
9.296999999999999709e-01
9.203999999999999959e-01
9.046999999999999487e-01
8.924999999999999600e-01
9.050000000000000266e-01
8.984999999999999654e-01
9.030000000000000249e-01
8.797000000000000375e-01
8.872999999999999776e-01
9.061000000000000165e-01
9.041000000000000147e-01
9.101000000000000201e-01
9.167999999999999483e-01
9.227999999999999536e-01
9.105999999999999650e-01
9.263000000000000123e-01
9.243999999999999995e-01
9.106999999999999540e-01
9.275999999999999801e-01
9.431000000000000494e-01
9.413000000000000256e-01
9.428999999999999604e-01
9.614000000000000323e-01
9.493000000000000327e-01
9.271000000000000352e-01
9.330000000000000515e-01
9.353000000000000203e-01
9.231000000000000316e-01
9.320000000000000506e-01
9.366999999999999771e-01
9.431000000000000494e-01
9.469999999999999529e-01
9.297999999999999599e-01
9.214999999999999858e-01
9.132000000000000117e-01
9.159000000000000474e-01
9.223000000000000087e-01
8.980000000000000204e-01
8.937000000000000499e-01
9.092999999999999972e-01
9.187999999999999501e-01
8.943999999999999728e-01
8.994999999999999662e-01
8.984999999999999654e-01
8.662999999999999590e-01
8.461999999999999522e-01
8.234000000000000208e-01
7.818000000000000504e-01
7.307000000000000162e-01
6.584999999999999742e-01
5.654000000000000137e-01
4.415999999999999925e-01
3.449999999999999734e-01
3.007000000000000228e-01
2.545000000000000040e-01
2.220000000000000029e-01
1.953999999999999904e-01
1.587000000000000077e-01
1.612999999999999989e-01
1.486999999999999988e-01
1.269000000000000128e-01
1.139000000000000012e-01
9.410000000000000309e-02
9.130000000000000615e-02
8.790000000000000591e-02
9.289999999999999647e-02
9.420000000000000595e-02
1.035999999999999976e-01
1.084999999999999992e-01
1.087000000000000050e-01
1.139000000000000012e-01
1.189999999999999947e-01
1.231000000000000011e-01
1.295000000000000040e-01
1.280000000000000027e-01
1.270000000000000018e-01
1.243999999999999967e-01
1.179999999999999938e-01
1.267999999999999960e-01
1.464999999999999913e-01
1.582000000000000073e-01
1.584000000000000130e-01
1.527999999999999914e-01
1.665000000000000091e-01
1.789999999999999925e-01
2.041000000000000036e-01
2.341999999999999915e-01
2.399000000000000021e-01
2.449999999999999956e-01
2.686999999999999944e-01
2.913000000000000034e-01
3.063000000000000167e-01
3.171999999999999820e-01
3.442000000000000060e-01
3.862999999999999767e-01
4.078999999999999848e-01
4.369000000000000106e-01
4.708999999999999853e-01
5.243999999999999773e-01
5.583000000000000185e-01
5.474999999999999867e-01
5.664000000000000146e-01
5.604999999999999982e-01
5.572000000000000286e-01
5.598999999999999533e-01
5.576999999999999735e-01
5.302000000000000046e-01
5.353999999999999870e-01
5.215999999999999526e-01
5.291000000000000147e-01
5.231000000000000094e-01
5.312000000000000055e-01
5.516999999999999682e-01
5.731000000000000538e-01
5.919999999999999707e-01
6.087000000000000188e-01
6.312999999999999723e-01
6.620000000000000329e-01
6.823000000000000176e-01
7.385000000000000453e-01
7.802000000000000046e-01
7.711999999999999966e-01
7.910000000000000364e-01
8.027999999999999581e-01
8.405000000000000249e-01
8.598999999999999977e-01
8.568000000000000060e-01
8.433000000000000496e-01
8.534000000000000474e-01
8.410999999999999588e-01
8.359999999999999654e-01
8.149999999999999467e-01
7.930000000000000382e-01
7.552999999999999714e-01
7.070999999999999508e-01
6.596999999999999531e-01
6.071999999999999620e-01
5.666999999999999815e-01
5.799999999999999600e-01
5.901999999999999469e-01
6.190999999999999837e-01
6.372999999999999776e-01
6.657999999999999474e-01
6.925000000000000044e-01
7.190999999999999615e-01
7.217999999999999972e-01
7.179999999999999716e-01
7.169999999999999707e-01
7.292999999999999483e-01
7.227000000000000091e-01
7.430999999999999828e-01
7.573999999999999622e-01
7.711999999999999966e-01
8.000000000000000444e-01
8.273000000000000353e-01
8.607000000000000206e-01
8.673999999999999488e-01
8.491999999999999549e-01
8.496000000000000218e-01
8.367999999999999883e-01
8.535000000000000364e-01
8.320999999999999508e-01
8.759000000000000119e-01
8.467000000000000082e-01
8.618999999999999995e-01
8.719000000000000083e-01
8.682999999999999607e-01
8.370999999999999552e-01
8.528999999999999915e-01
8.578999999999999959e-01
8.678000000000000158e-01
8.580999999999999739e-01
8.673999999999999488e-01
8.908000000000000362e-01
9.050000000000000266e-01
8.998000000000000442e-01
8.889000000000000234e-01
8.923999999999999710e-01
8.908000000000000362e-01
8.950000000000000178e-01
9.034999999999999698e-01
9.052999999999999936e-01
9.217999999999999527e-01
9.195999999999999730e-01
9.290000000000000480e-01
9.300000000000000488e-01
9.249000000000000554e-01
9.333000000000000185e-01
9.389999999999999458e-01
9.455000000000000071e-01
9.558999999999999719e-01
9.475000000000000089e-01
9.429999999999999494e-01
9.446999999999999842e-01
9.381000000000000449e-01
9.478999999999999648e-01
9.485999999999999988e-01
9.583000000000000407e-01
9.366999999999999771e-01
9.414000000000000146e-01
9.431000000000000494e-01
9.469999999999999529e-01
9.523000000000000353e-01
9.475000000000000089e-01
9.372000000000000330e-01
9.545000000000000151e-01
9.674000000000000377e-01
9.637999999999999901e-01
9.671999999999999487e-01
9.651999999999999469e-01
9.624000000000000332e-01
9.700999999999999623e-01
9.629999999999999671e-01
9.625000000000000222e-01
9.526999999999999913e-01
9.401000000000000467e-01
9.515000000000000124e-01
9.324999999999999956e-01
9.385999999999999899e-01
9.396999999999999797e-01
9.338999999999999524e-01
9.310000000000000497e-01
9.372000000000000330e-01
9.395999999999999908e-01
9.337999999999999634e-01
9.370000000000000551e-01
9.366999999999999771e-01
9.421000000000000485e-01
9.395999999999999908e-01
9.330000000000000515e-01
9.373000000000000220e-01
9.274999999999999911e-01
9.324999999999999956e-01
9.383000000000000229e-01
9.294000000000000039e-01
9.324999999999999956e-01
9.256999999999999673e-01
9.160000000000000364e-01
9.046999999999999487e-01
9.197999999999999510e-01
9.213999999999999968e-01
9.354999999999999982e-01
9.314000000000000057e-01
9.331000000000000405e-01
9.399999999999999467e-01
9.378999999999999559e-01
9.318999999999999506e-01
9.271000000000000352e-01
9.304000000000000048e-01
9.471000000000000529e-01
9.463000000000000300e-01
9.567999999999999838e-01
9.536999999999999922e-01
9.523000000000000353e-01
9.474000000000000199e-01
9.418999999999999595e-01
9.213000000000000078e-01
9.266999999999999682e-01
9.351000000000000423e-01
9.347999999999999643e-01
9.227999999999999536e-01
9.257999999999999563e-01
9.123999999999999888e-01
9.058000000000000496e-01
9.204999999999999849e-01
9.074999999999999734e-01
9.025999999999999579e-01
9.202000000000000179e-01
9.195999999999999730e-01
8.930000000000000160e-01
8.559999999999999831e-01
8.792999999999999705e-01
9.129000000000000448e-01
9.210000000000000409e-01
9.296999999999999709e-01
9.133999999999999897e-01
9.272000000000000242e-01
9.564000000000000279e-01
9.518999999999999684e-01
9.593000000000000416e-01
9.560999999999999499e-01
9.522000000000000464e-01
9.421000000000000485e-01
9.345999999999999863e-01
9.519999999999999574e-01
9.473000000000000309e-01
9.489999999999999547e-01
9.522000000000000464e-01
9.481000000000000538e-01
9.595000000000000195e-01
9.650999999999999579e-01
9.620999999999999552e-01
9.550999999999999490e-01
9.592000000000000526e-01
9.447999999999999732e-01
9.425999999999999934e-01
9.388999999999999568e-01
9.344000000000000083e-01
9.522000000000000464e-01
9.512000000000000455e-01
9.678999999999999826e-01
9.637000000000000011e-01
9.610999999999999543e-01
9.670999999999999597e-01
9.639999999999999680e-01
9.637999999999999901e-01
9.599999999999999645e-01
9.737999999999999989e-01
9.476999999999999869e-01
9.586000000000000076e-01
9.739999999999999769e-01
9.494000000000000217e-01
9.476999999999999869e-01
9.497999999999999776e-01
9.665000000000000258e-01
9.819999999999999840e-01
9.647999999999999909e-01
9.663000000000000478e-01
9.663000000000000478e-01
9.635000000000000231e-01
9.698999999999999844e-01
9.650999999999999579e-01
9.670999999999999597e-01
9.663000000000000478e-01
9.439999999999999503e-01
9.452000000000000401e-01
9.643000000000000460e-01
9.534000000000000252e-01
9.487999999999999767e-01
9.481000000000000538e-01
9.566000000000000059e-01
9.465000000000000080e-01
9.488999999999999657e-01
9.437999999999999723e-01
9.273000000000000131e-01
9.346999999999999753e-01
9.281000000000000361e-01
9.246999999999999664e-01
9.098000000000000531e-01
8.961999999999999966e-01
8.904999999999999583e-01
8.940000000000000169e-01
8.748000000000000220e-01
8.570999999999999730e-01
8.086999999999999744e-01
7.884999999999999787e-01
7.338999999999999968e-01
6.909999999999999476e-01
6.600000000000000311e-01
5.819999999999999618e-01
4.889999999999999902e-01
4.245999999999999774e-01
3.518000000000000016e-01
2.923999999999999932e-01
2.480999999999999872e-01
2.152000000000000024e-01
2.094000000000000028e-01
1.912999999999999978e-01
1.698000000000000065e-01
1.849999999999999978e-01
2.018999999999999961e-01
2.288000000000000034e-01
2.114999999999999936e-01
2.093000000000000138e-01
2.172000000000000042e-01
2.179999999999999993e-01
2.278000000000000025e-01
2.316999999999999893e-01
2.426999999999999991e-01
2.409000000000000030e-01
2.204000000000000126e-01
2.000000000000000111e-01
1.693000000000000060e-01
1.494000000000000050e-01
1.274000000000000132e-01
8.530000000000000082e-02
5.820000000000000173e-02
3.679999999999999938e-02
2.060000000000000026e-02
4.799999999999999580e-03
0.000000000000000000e+00
1.069999999999999944e-02
2.330000000000000127e-02
3.810000000000000192e-02
7.320000000000000118e-02
1.585000000000000020e-01
2.053000000000000103e-01
3.064999999999999947e-01
3.582000000000000184e-01
3.438999999999999835e-01
