9.559999999999999609e-01
9.606000000000000094e-01
9.260000000000000453e-01
9.082000000000000073e-01
9.099000000000000421e-01
9.106999999999999540e-01
9.173999999999999932e-01
9.042999999999999927e-01
9.061000000000000165e-01
9.089000000000000412e-01
9.075999999999999623e-01
8.971000000000000085e-01
9.062000000000000055e-01
9.133000000000000007e-01
9.122999999999999998e-01
9.122999999999999998e-01
9.062999999999999945e-01
9.041000000000000147e-01
9.055999999999999606e-01
9.026999999999999469e-01
9.095999999999999641e-01
9.023999999999999799e-01
9.136999999999999567e-01
9.110000000000000320e-01
9.063999999999999835e-01
8.972999999999999865e-01
8.818000000000000282e-01
8.903999999999999693e-01
8.994999999999999662e-01
8.938000000000000389e-01
8.853999999999999648e-01
8.861999999999999877e-01
9.035999999999999588e-01
9.030000000000000249e-01
8.991999999999999993e-01
9.034999999999999698e-01
8.941999999999999948e-01
8.972999999999999865e-01
8.955999999999999517e-01
9.012000000000000011e-01
9.072000000000000064e-01
9.013999999999999790e-01
9.074999999999999734e-01
9.233000000000000096e-01
9.323000000000000176e-01
9.283000000000000140e-01
9.177999999999999492e-01
9.116999999999999549e-01
9.082000000000000073e-01
9.044999999999999707e-01
8.844999999999999529e-01
8.748000000000000220e-01
9.042999999999999927e-01
9.082000000000000073e-01
9.150000000000000355e-01
9.243000000000000105e-01
9.393000000000000238e-01
9.374000000000000110e-01
9.322000000000000286e-01
9.326999999999999735e-01
9.399999999999999467e-01
9.411000000000000476e-01
9.431000000000000494e-01
9.463000000000000300e-01
9.519999999999999574e-01
9.485999999999999988e-01
9.516000000000000014e-01
9.491000000000000547e-01
9.584000000000000297e-01
9.404000000000000137e-01
9.436999999999999833e-01
9.396999999999999797e-01
9.593000000000000416e-01
9.453000000000000291e-01
9.311000000000000387e-01
9.011000000000000121e-01
8.791999999999999815e-01
8.786000000000000476e-01
8.858000000000000318e-01
9.019000000000000350e-01
9.306999999999999718e-01
9.234999999999999876e-01
9.264000000000000012e-01
9.244999999999999885e-01
9.364000000000000101e-01
9.274999999999999911e-01
9.321000000000000396e-01
9.455999999999999961e-01
9.341000000000000414e-01
9.443000000000000282e-01
9.562000000000000499e-01
9.580999999999999517e-01
9.629999999999999671e-01
9.731999999999999540e-01
9.754000000000000448e-01
9.747000000000000108e-01
9.752999999999999448e-01
9.580999999999999517e-01
9.302000000000000268e-01
9.244999999999999885e-01
9.233999999999999986e-01
9.355999999999999872e-01
9.411000000000000476e-01
9.464000000000000190e-01
9.367999999999999661e-01
9.417999999999999705e-01
9.225999999999999757e-01
9.125999999999999668e-01
9.245999999999999774e-01
9.285999999999999810e-01
9.302000000000000268e-01
9.152000000000000135e-01
9.233000000000000096e-01
9.109000000000000430e-01
9.265999999999999792e-01
9.250000000000000444e-01
9.273000000000000131e-01
9.294999999999999929e-01
9.182000000000000162e-01
9.092000000000000082e-01
9.045999999999999597e-01
9.040000000000000258e-01
9.233000000000000096e-01
9.169000000000000483e-01
9.249000000000000554e-01
9.284999999999999920e-01
9.254999999999999893e-01
9.194999999999999840e-01
9.006999999999999451e-01
8.979000000000000314e-01
8.857000000000000428e-01
8.719000000000000083e-01
8.581999999999999629e-01
8.411999999999999478e-01
8.506000000000000227e-01
8.627000000000000224e-01
8.669999999999999929e-01
8.814999999999999503e-01
8.771999999999999797e-01
8.757000000000000339e-01
8.828000000000000291e-01
8.761999999999999789e-01
8.797000000000000375e-01
8.988000000000000433e-01
9.029000000000000359e-01
8.970000000000000195e-01
8.948000000000000398e-01
8.735000000000000542e-01
8.809000000000000163e-01
9.026999999999999469e-01
9.093999999999999861e-01
9.163999999999999924e-01
9.190000000000000391e-01
9.232000000000000206e-01
9.341000000000000414e-01
9.295999999999999819e-01
9.287999999999999590e-01
9.222000000000000197e-01
9.136999999999999567e-01
9.156999999999999584e-01
9.120000000000000329e-01
8.958000000000000407e-01
8.764999999999999458e-01
8.854999999999999538e-01
8.832999999999999741e-01
8.856000000000000538e-01
8.837000000000000410e-01
8.836000000000000520e-01
8.781999999999999806e-01
8.861999999999999877e-01
8.750000000000000000e-01
8.759000000000000119e-01
8.853999999999999648e-01
8.860000000000000098e-01
8.602999999999999536e-01
8.555000000000000382e-01
8.297999999999999821e-01
8.514000000000000457e-01
8.648000000000000131e-01
8.588000000000000078e-01
8.826000000000000512e-01
9.133000000000000007e-01
9.200000000000000400e-01
9.273000000000000131e-01
9.372000000000000330e-01
9.145999999999999686e-01
9.334000000000000075e-01
9.361000000000000432e-01
9.338999999999999524e-01
9.474000000000000199e-01
9.302000000000000268e-01
8.858000000000000318e-01
9.072000000000000064e-01
8.909000000000000252e-01
8.962999999999999856e-01
9.126999999999999558e-01
9.302000000000000268e-01
9.337999999999999634e-01
9.415999999999999925e-01
9.375999999999999890e-01
9.328999999999999515e-01
9.310000000000000497e-01
9.130000000000000338e-01
9.069000000000000394e-01
9.062999999999999945e-01
9.225999999999999757e-01
9.265999999999999792e-01
9.199000000000000510e-01
9.167999999999999483e-01
9.142000000000000126e-01
9.284999999999999920e-01
9.312000000000000277e-01
9.348999999999999533e-01
9.377999999999999670e-01
9.397999999999999687e-01
9.459999999999999520e-01
9.345999999999999863e-01
9.224999999999999867e-01
9.172000000000000153e-01
9.203999999999999959e-01
9.202000000000000179e-01
9.043999999999999817e-01
8.963999999999999746e-01
8.849000000000000199e-01
8.749000000000000110e-01
9.063999999999999835e-01
9.156999999999999584e-01
9.234999999999999876e-01
9.294000000000000039e-01
9.274000000000000021e-01
9.171000000000000263e-01
9.213000000000000078e-01
9.254000000000000004e-01
9.258999999999999453e-01
9.313000000000000167e-01
9.321000000000000396e-01
9.587999999999999856e-01
9.451000000000000512e-01
9.452000000000000401e-01
9.516000000000000014e-01
9.519999999999999574e-01
9.524000000000000243e-01
9.593000000000000416e-01
9.512000000000000455e-01
9.385999999999999899e-01
9.503000000000000336e-01
9.293000000000000149e-01
9.379999999999999449e-01
9.418999999999999595e-01
9.244999999999999885e-01
9.120000000000000329e-01
9.136999999999999567e-01
9.357999999999999652e-01
9.243000000000000105e-01
9.261000000000000343e-01
9.170000000000000373e-01
9.292000000000000259e-01
9.210000000000000409e-01
9.222000000000000197e-01
9.167999999999999483e-01
9.222000000000000197e-01
9.112000000000000099e-01
9.074999999999999734e-01
9.015999999999999570e-01
9.081000000000000183e-01
8.939000000000000279e-01
9.060000000000000275e-01
8.928000000000000380e-01
8.787000000000000366e-01
8.552999999999999492e-01
8.588000000000000078e-01
8.286999999999999922e-01
8.162000000000000366e-01
8.004999999999999893e-01
7.643999999999999684e-01
7.149999999999999689e-01
6.451000000000000068e-01
5.466999999999999638e-01
4.754999999999999782e-01
4.410000000000000031e-01
3.902999999999999803e-01
3.729999999999999982e-01
3.597000000000000197e-01
3.623000000000000109e-01
3.663000000000000145e-01
3.815999999999999948e-01
4.017999999999999905e-01
4.213999999999999968e-01
4.390999999999999903e-01
4.766000000000000236e-01
5.027000000000000357e-01
5.225999999999999535e-01
5.271000000000000130e-01
5.588999999999999524e-01
5.735000000000000098e-01
5.768999999999999684e-01
5.807999999999999829e-01
5.859999999999999654e-01
5.466999999999999638e-01
5.218000000000000416e-01
4.878000000000000114e-01
4.370999999999999885e-01
4.007999999999999896e-01
3.513999999999999901e-01
3.059000000000000052e-01
2.585000000000000075e-01
2.686999999999999944e-01
2.348000000000000087e-01
2.109999999999999931e-01
2.006000000000000005e-01
1.786000000000000087e-01
1.869000000000000106e-01
1.814999999999999947e-01
1.836000000000000132e-01
1.751999999999999946e-01
1.786999999999999977e-01
1.708000000000000074e-01
1.589000000000000135e-01
1.466999999999999971e-01
1.499000000000000055e-01
1.504999999999999949e-01
1.496000000000000107e-01
1.361999999999999877e-01
1.307999999999999996e-01
1.247000000000000053e-01
1.209999999999999964e-01
1.067000000000000032e-01
1.193000000000000033e-01
1.189000000000000057e-01
1.145000000000000046e-01
1.287000000000000088e-01
1.698000000000000065e-01
1.908999999999999864e-01
2.419999999999999929e-01
2.857999999999999985e-01
4.042000000000000037e-01
4.741000000000000214e-01
6.007000000000000117e-01
6.731000000000000316e-01
7.741999999999999993e-01
8.338999999999999746e-01
8.834999999999999520e-01
9.142000000000000126e-01
9.423000000000000265e-01
9.454000000000000181e-01
9.358999999999999542e-01
9.350000000000000533e-01
9.305999999999999828e-01
9.330000000000000515e-01
9.274000000000000021e-01
9.294999999999999929e-01
9.257999999999999563e-01
9.252000000000000224e-01
9.337999999999999634e-01
9.399999999999999467e-01
9.318999999999999506e-01
9.486999999999999877e-01
9.375000000000000000e-01
9.364000000000000101e-01
9.365999999999999881e-01
9.210000000000000409e-01
9.171000000000000263e-01
9.205999999999999739e-01
9.074999999999999734e-01
9.015999999999999570e-01
9.082999999999999963e-01
9.086999999999999522e-01
9.171000000000000263e-01
9.016999999999999460e-01
9.084999999999999742e-01
8.779000000000000137e-01
8.353000000000000425e-01
7.850000000000000311e-01
7.191999999999999504e-01
6.513999999999999790e-01
5.883000000000000451e-01
5.266999999999999460e-01
4.612999999999999878e-01
4.182000000000000162e-01
3.748000000000000220e-01
3.522000000000000131e-01
3.034999999999999920e-01
2.260999999999999954e-01
1.882999999999999952e-01
1.637000000000000122e-01
1.333999999999999908e-01
1.081000000000000016e-01
8.069999999999999396e-02
8.599999999999999312e-02
7.829999999999999460e-02
9.790000000000000091e-02
1.050999999999999990e-01
9.760000000000000620e-02
9.790000000000000091e-02
9.389999999999999736e-02
8.590000000000000413e-02
8.100000000000000255e-02
7.850000000000000033e-02
8.469999999999999751e-02
6.880000000000000004e-02
5.960000000000000020e-02
5.720000000000000084e-02
4.970000000000000112e-02
5.269999999999999685e-02
4.440000000000000197e-02
5.279999999999999971e-02
5.330000000000000016e-02
5.709999999999999798e-02
6.469999999999999363e-02
8.000000000000000167e-02
1.034000000000000058e-01
1.234999999999999987e-01
1.194999999999999951e-01
1.194000000000000061e-01
1.052000000000000018e-01
9.270000000000000462e-02
7.270000000000000073e-02
4.909999999999999781e-02
3.889999999999999708e-02
3.869999999999999829e-02
3.610000000000000014e-02
3.749999999999999861e-02
3.219999999999999946e-02
2.690000000000000030e-02
3.429999999999999716e-02
2.719999999999999848e-02
2.819999999999999937e-02
3.130000000000000143e-02
1.870000000000000134e-02
1.820000000000000090e-02
1.640000000000000138e-02
4.499999999999999660e-03
8.500000000000000611e-03
1.460000000000000013e-02
2.099999999999999870e-03
0.000000000000000000e+00
2.299999999999999961e-03
6.100000000000000387e-03
8.699999999999999400e-03
9.499999999999999764e-03
1.359999999999999924e-02
3.200000000000000067e-02
3.960000000000000325e-02
5.559999999999999665e-02
8.569999999999999840e-02
1.285999999999999921e-01
1.615000000000000047e-01
2.215999999999999914e-01
2.639000000000000234e-01
3.059000000000000052e-01
3.276999999999999913e-01
3.338999999999999746e-01
3.452999999999999958e-01
3.509999999999999787e-01
3.481000000000000205e-01
3.257999999999999785e-01
3.259000000000000230e-01
2.823999999999999844e-01
2.252000000000000113e-01
1.889000000000000123e-01
1.572999999999999954e-01
1.055999999999999994e-01
7.389999999999999347e-02
6.079999999999999988e-02
5.079999999999999793e-02
4.240000000000000019e-02
4.599999999999999922e-02
4.469999999999999668e-02
4.540000000000000285e-02
3.899999999999999994e-02
4.379999999999999866e-02
5.000000000000000278e-02
4.309999999999999942e-02
5.099999999999999672e-02
4.719999999999999890e-02
6.119999999999999746e-02
8.459999999999999465e-02
1.047000000000000014e-01
1.242000000000000048e-01
1.529999999999999971e-01
1.728999999999999981e-01
2.119999999999999940e-01
2.363999999999999990e-01
2.592999999999999750e-01
2.718999999999999750e-01
2.923000000000000043e-01
3.267999999999999794e-01
3.568999999999999950e-01
3.912999999999999812e-01
3.679999999999999938e-01
