9.170000000000000373e-01
9.666000000000000147e-01
9.746000000000000218e-01
9.817000000000000171e-01
9.802999999999999492e-01
9.865000000000000435e-01
9.798999999999999932e-01
9.927000000000000268e-01
9.794000000000000483e-01
9.826000000000000290e-01
9.832999999999999519e-01
9.883999999999999453e-01
9.941999999999999726e-01
9.737999999999999989e-01
9.707000000000000073e-01
9.649999999999999689e-01
9.697000000000000064e-01
9.715000000000000302e-01
9.768000000000000016e-01
9.687999999999999945e-01
9.478999999999999648e-01
9.646000000000000130e-01
9.526000000000000023e-01
9.612000000000000544e-01
9.604000000000000314e-01
9.539999999999999591e-01
9.546000000000000041e-01
9.462000000000000410e-01
9.485999999999999988e-01
9.508999999999999675e-01
9.486999999999999877e-01
9.572000000000000508e-01
9.435000000000000053e-01
9.399999999999999467e-01
9.389999999999999458e-01
9.392000000000000348e-01
9.282000000000000250e-01
9.275999999999999801e-01
9.302000000000000268e-01
9.224999999999999867e-01
9.149000000000000465e-01
9.169000000000000483e-01
9.355999999999999872e-01
9.194999999999999840e-01
9.386999999999999789e-01
9.612000000000000544e-01
9.524000000000000243e-01
9.438999999999999613e-01
9.648999999999999799e-01
9.598999999999999755e-01
9.592000000000000526e-01
9.566000000000000059e-01
9.492000000000000437e-01
9.602000000000000535e-01
9.505000000000000115e-01
9.605000000000000204e-01
9.674000000000000377e-01
9.608999999999999764e-01
9.548999999999999710e-01
9.441000000000000503e-01
9.650999999999999579e-01
9.653000000000000469e-01
9.610999999999999543e-01
9.476999999999999869e-01
9.496999999999999886e-01
9.433000000000000274e-01
9.414000000000000146e-01
9.549999999999999600e-01
9.599999999999999645e-01
9.474000000000000199e-01
9.586000000000000076e-01
9.572000000000000508e-01
9.585000000000000187e-01
9.528999999999999693e-01
9.647000000000000020e-01
9.635000000000000231e-01
9.512000000000000455e-01
9.375000000000000000e-01
9.313000000000000167e-01
9.281000000000000361e-01
9.230000000000000426e-01
9.100000000000000311e-01
8.927000000000000490e-01
8.778000000000000247e-01
8.612999999999999545e-01
8.407999999999999918e-01
8.151000000000000467e-01
7.829000000000000403e-01
7.442999999999999616e-01
7.144000000000000350e-01
6.892000000000000348e-01
6.471000000000000085e-01
5.961999999999999522e-01
5.773000000000000353e-01
5.522000000000000242e-01
5.279000000000000359e-01
5.276999999999999469e-01
5.142999999999999794e-01
5.202999999999999847e-01
4.914000000000000035e-01
4.456999999999999851e-01
4.238999999999999990e-01
4.136000000000000232e-01
4.149999999999999800e-01
3.850999999999999979e-01
3.518999999999999906e-01
3.410000000000000253e-01
3.336999999999999966e-01
3.076999999999999735e-01
2.708999999999999742e-01
2.817000000000000060e-01
3.093000000000000194e-01
3.071999999999999731e-01
3.608000000000000096e-01
3.924000000000000266e-01
4.305999999999999828e-01
4.350999999999999868e-01
4.449000000000000177e-01
4.268000000000000127e-01
4.086000000000000187e-01
3.481000000000000205e-01
3.266000000000000014e-01
2.907000000000000139e-01
2.823999999999999844e-01
2.681000000000000050e-01
2.457999999999999907e-01
2.218999999999999861e-01
2.023000000000000076e-01
2.036999999999999922e-01
2.015000000000000124e-01
1.781999999999999973e-01
1.597000000000000086e-01
1.781000000000000083e-01
1.923999999999999877e-01
2.049999999999999878e-01
2.697999999999999843e-01
2.701000000000000068e-01
2.684000000000000274e-01
2.767999999999999905e-01
2.862999999999999989e-01
2.848999999999999866e-01
2.841000000000000192e-01
2.795000000000000262e-01
2.727999999999999869e-01
2.803999999999999826e-01
2.760000000000000231e-01
2.681999999999999940e-01
2.523000000000000242e-01
2.770000000000000240e-01
2.871000000000000218e-01
2.879999999999999782e-01
2.988000000000000100e-01
3.528000000000000025e-01
4.003999999999999782e-01
4.076000000000000179e-01
3.744999999999999996e-01
3.820999999999999952e-01
3.589999999999999858e-01
3.405000000000000249e-01
3.215999999999999970e-01
3.307999999999999829e-01
3.326999999999999957e-01
3.220000000000000084e-01
3.328999999999999737e-01
3.079999999999999960e-01
3.189000000000000168e-01
3.280000000000000138e-01
3.286000000000000032e-01
3.210999999999999965e-01
3.362999999999999878e-01
3.942999999999999838e-01
4.203999999999999959e-01
4.366999999999999771e-01
4.996999999999999775e-01
5.312000000000000055e-01
5.959999999999999742e-01
6.784999999999999920e-01
7.793999999999999817e-01
8.332000000000000517e-01
8.566000000000000281e-01
8.781999999999999806e-01
9.092999999999999972e-01
9.193000000000000060e-01
9.445000000000000062e-01
9.628999999999999782e-01
9.761999999999999567e-01
9.942999999999999616e-01
9.668999999999999817e-01
9.739999999999999769e-01
9.630999999999999561e-01
9.693000000000000504e-01
9.809999999999999831e-01
9.776000000000000245e-01
9.735000000000000320e-01
9.796000000000000263e-01
9.792999999999999483e-01
9.768000000000000016e-01
9.799999999999999822e-01
9.851999999999999647e-01
9.765000000000000346e-01
9.857000000000000206e-01
9.838999999999999968e-01
9.784000000000000474e-01
9.644000000000000350e-01
9.681999999999999496e-01
9.694000000000000394e-01
9.815000000000000391e-01
9.605000000000000204e-01
9.656000000000000139e-01
9.598999999999999755e-01
9.607999999999999874e-01
9.623000000000000442e-01
9.673000000000000487e-01
9.735000000000000320e-01
9.789999999999999813e-01
9.711999999999999522e-01
9.804000000000000492e-01
9.754000000000000448e-01
9.754000000000000448e-01
9.840999999999999748e-01
9.700999999999999623e-01
9.733000000000000540e-01
9.838999999999999968e-01
9.879999999999999893e-01
9.845000000000000417e-01
9.776000000000000245e-01
9.778999999999999915e-01
9.808000000000000052e-01
9.900999999999999801e-01
9.878000000000000114e-01
9.841999999999999638e-01
9.939000000000000057e-01
9.799999999999999822e-01
9.791999999999999593e-01
9.851999999999999647e-01
9.889000000000000012e-01
9.806000000000000272e-01
9.786000000000000254e-01
9.786000000000000254e-01
9.780999999999999694e-01
9.836000000000000298e-01
9.881999999999999673e-01
9.735000000000000320e-01
9.930999999999999828e-01
9.961999999999999744e-01
1.000000000000000000e+00
1.000000000000000000e+00
9.972999999999999643e-01
9.915000000000000480e-01
9.820999999999999730e-01
9.758999999999999897e-01
9.929000000000000048e-01
1.000000000000000000e+00
1.000000000000000000e+00
9.886000000000000343e-01
9.802999999999999492e-01
9.715000000000000302e-01
9.839999999999999858e-01
9.798999999999999932e-01
9.877000000000000224e-01
1.000000000000000000e+00
1.000000000000000000e+00
1.000000000000000000e+00
9.895000000000000462e-01
9.605000000000000204e-01
9.724000000000000421e-01
9.687000000000000055e-01
9.756000000000000227e-01
9.848000000000000087e-01
9.775000000000000355e-01
9.799999999999999822e-01
9.834000000000000519e-01
1.000000000000000000e+00
1.000000000000000000e+00
9.967000000000000304e-01
9.933999999999999497e-01
9.674000000000000377e-01
9.609999999999999654e-01
9.629999999999999671e-01
9.657999999999999918e-01
9.622000000000000552e-01
9.739999999999999769e-01
9.674000000000000377e-01
9.673000000000000487e-01
9.802999999999999492e-01
9.687999999999999945e-01
9.835000000000000409e-01
9.767000000000000126e-01
9.792999999999999483e-01
9.766000000000000236e-01
9.771999999999999575e-01
9.718999999999999861e-01
9.718999999999999861e-01
9.690999999999999615e-01
9.727999999999999980e-01
9.818999999999999950e-01
9.784000000000000474e-01
9.693000000000000504e-01
9.799999999999999822e-01
9.713000000000000522e-01
9.736000000000000210e-01
9.663000000000000478e-01
9.679999999999999716e-01
9.822999999999999510e-01
9.690999999999999615e-01
9.706000000000000183e-01
9.733000000000000540e-01
9.808000000000000052e-01
9.738999999999999879e-01
9.751999999999999558e-01
9.727999999999999980e-01
9.788000000000000034e-01
9.775000000000000355e-01
9.590999999999999526e-01
9.502000000000000446e-01
9.425999999999999934e-01
9.536000000000000032e-01
9.526000000000000023e-01
9.347999999999999643e-01
9.366999999999999771e-01
9.385999999999999899e-01
9.395999999999999908e-01
9.544000000000000261e-01
9.506999999999999895e-01
9.509999999999999565e-01
9.438999999999999613e-01
9.630999999999999561e-01
9.580999999999999517e-01
9.590999999999999526e-01
9.737999999999999989e-01
9.462000000000000410e-01
9.500999999999999446e-01
9.586000000000000076e-01
9.633000000000000451e-01
9.724000000000000421e-01
9.828999999999999959e-01
9.859999999999999876e-01
9.874000000000000554e-01
9.935000000000000497e-01
9.861999999999999655e-01
9.703000000000000513e-01
9.907000000000000250e-01
9.844000000000000528e-01
9.839999999999999858e-01
9.740999999999999659e-01
9.723000000000000531e-01
9.807000000000000162e-01
9.774000000000000465e-01
9.850999999999999757e-01
9.948000000000000176e-01
9.826000000000000290e-01
9.805000000000000382e-01
9.846000000000000307e-01
9.827000000000000179e-01
9.838999999999999968e-01
9.774000000000000465e-01
9.788999999999999924e-01
9.875000000000000444e-01
9.879000000000000004e-01
9.875000000000000444e-01
9.663000000000000478e-01
9.716000000000000192e-01
9.675000000000000266e-01
9.848000000000000087e-01
9.821999999999999620e-01
9.663000000000000478e-01
9.666000000000000147e-01
9.752999999999999448e-01
9.708999999999999853e-01
9.654000000000000359e-01
9.669999999999999707e-01
9.717999999999999972e-01
9.791999999999999593e-01
9.986000000000000432e-01
9.834000000000000519e-01
9.922999999999999599e-01
9.688999999999999835e-01
9.644000000000000350e-01
9.610999999999999543e-01
9.566000000000000059e-01
9.596000000000000085e-01
9.597999999999999865e-01
9.579999999999999627e-01
9.657999999999999918e-01
9.821999999999999620e-01
9.574000000000000288e-01
9.610999999999999543e-01
9.568999999999999728e-01
9.647999999999999909e-01
9.694000000000000394e-01
9.893999999999999462e-01
9.827000000000000179e-01
9.822999999999999510e-01
9.790999999999999703e-01
9.868000000000000105e-01
9.762999999999999456e-01
9.848999999999999977e-01
9.731999999999999540e-01
9.620999999999999552e-01
9.666000000000000147e-01
9.506000000000000005e-01
9.679999999999999716e-01
9.422000000000000375e-01
9.523000000000000353e-01
9.467999999999999750e-01
9.405000000000000027e-01
9.599999999999999645e-01
9.415999999999999925e-01
9.498999999999999666e-01
9.647999999999999909e-01
9.651999999999999469e-01
9.677000000000000046e-01
9.656000000000000139e-01
9.879000000000000004e-01
9.731999999999999540e-01
9.504000000000000226e-01
9.606999999999999984e-01
9.745000000000000329e-01
9.604000000000000314e-01
9.576999999999999957e-01
9.566999999999999948e-01
9.659999999999999698e-01
9.715000000000000302e-01
9.670999999999999597e-01
9.730999999999999650e-01
9.797000000000000153e-01
9.826000000000000290e-01
9.917000000000000259e-01
1.000000000000000000e+00
9.956000000000000405e-01
9.907000000000000250e-01
9.891999999999999682e-01
9.905000000000000471e-01
9.828999999999999959e-01
9.839999999999999858e-01
9.882999999999999563e-01
9.906000000000000361e-01
9.938000000000000167e-01
9.782999999999999474e-01
9.746000000000000218e-01
9.688999999999999835e-01
9.660999999999999588e-01
9.727000000000000091e-01
9.690999999999999615e-01
9.666000000000000147e-01
9.665000000000000258e-01
9.688999999999999835e-01
9.852999999999999536e-01
9.992999999999999661e-01
9.973999999999999533e-01
9.996000000000000441e-01
9.951999999999999735e-01
9.951999999999999735e-01
9.886000000000000343e-01
9.825000000000000400e-01
9.979000000000000092e-01
1.000000000000000000e+00
9.939999999999999947e-01
9.872999999999999554e-01
9.820999999999999730e-01
9.807000000000000162e-01
9.816000000000000281e-01
9.845000000000000417e-01
9.798000000000000043e-01
9.809999999999999831e-01
9.845000000000000417e-01
9.838999999999999968e-01
9.838999999999999968e-01
9.798000000000000043e-01
9.767000000000000126e-01
9.834000000000000519e-01
9.818000000000000060e-01
9.758999999999999897e-01
9.699999999999999734e-01
9.759999999999999787e-01
9.709999999999999742e-01
9.576999999999999957e-01
9.344999999999999973e-01
9.078000000000000513e-01
8.889000000000000234e-01
8.730999999999999872e-01
8.427000000000000046e-01
8.074000000000000066e-01
7.916999999999999593e-01
7.901000000000000245e-01
8.148999999999999577e-01
8.227999999999999758e-01
8.410999999999999588e-01
8.810999999999999943e-01
8.713999999999999524e-01
8.748000000000000220e-01
8.822999999999999732e-01
9.162000000000000144e-01
9.345999999999999863e-01
9.550999999999999490e-01
9.558999999999999719e-01
9.775000000000000355e-01
9.657999999999999918e-01
9.587999999999999856e-01
9.660999999999999588e-01
9.592000000000000526e-01
9.453000000000000291e-01
9.535000000000000142e-01
9.546999999999999931e-01
9.534000000000000252e-01
9.478999999999999648e-01
9.557999999999999829e-01
9.220000000000000417e-01
9.126999999999999558e-01
9.336999999999999744e-01
9.152000000000000135e-01
8.790000000000000036e-01
8.538999999999999924e-01
8.275000000000000133e-01
8.236999999999999877e-01
8.047999999999999599e-01
7.943000000000000060e-01
7.683999999999999719e-01
7.548000000000000265e-01
7.359999999999999876e-01
7.252999999999999448e-01
7.238999999999999879e-01
7.235000000000000320e-01
7.040999999999999481e-01
6.711000000000000298e-01
6.247000000000000330e-01
6.130999999999999783e-01
5.914000000000000368e-01
5.568999999999999506e-01
5.113999999999999657e-01
5.187000000000000499e-01
4.965999999999999859e-01
4.677999999999999936e-01
4.515000000000000124e-01
4.410999999999999921e-01
4.356999999999999762e-01
3.821999999999999842e-01
3.956000000000000072e-01
3.993999999999999773e-01
3.831999999999999851e-01
3.655999999999999805e-01
3.518000000000000016e-01
3.365000000000000213e-01
3.220000000000000084e-01
3.305000000000000160e-01
3.556000000000000272e-01
3.704999999999999960e-01
3.906000000000000028e-01
4.169999999999999818e-01
4.420000000000000040e-01
4.447999999999999732e-01
4.874999999999999889e-01
4.882000000000000228e-01
4.682000000000000051e-01
4.660000000000000253e-01
4.625000000000000222e-01
4.608999999999999764e-01
4.744999999999999774e-01
4.637000000000000011e-01
4.540000000000000147e-01
4.370999999999999885e-01
4.279000000000000026e-01
4.099999999999999756e-01
4.138000000000000012e-01
3.852999999999999758e-01
3.543000000000000038e-01
3.246999999999999886e-01
3.044999999999999929e-01
2.873999999999999888e-01
2.614000000000000212e-01
2.813999999999999835e-01
3.156999999999999806e-01
3.039999999999999925e-01
3.037000000000000255e-01
3.286999999999999922e-01
3.471000000000000196e-01
3.588000000000000078e-01
3.821999999999999842e-01
4.057999999999999940e-01
4.359999999999999987e-01
4.651000000000000134e-01
5.019000000000000128e-01
5.199000000000000288e-01
5.313999999999999835e-01
5.454999999999999849e-01
5.697999999999999732e-01
5.879999999999999671e-01
6.160999999999999810e-01
6.540000000000000258e-01
6.561000000000000165e-01
6.752000000000000224e-01
6.753000000000000114e-01
7.165000000000000258e-01
7.148999999999999799e-01
7.204000000000000403e-01
7.650000000000000133e-01
7.861000000000000210e-01
8.239999999999999547e-01
8.219999999999999529e-01
8.589999999999999858e-01
8.699999999999999956e-01
8.987000000000000544e-01
8.967000000000000526e-01
9.240000000000000435e-01
9.100000000000000311e-01
9.338999999999999524e-01
9.476999999999999869e-01
9.741999999999999549e-01
9.534000000000000252e-01
9.657999999999999918e-01
9.776000000000000245e-01
9.794000000000000483e-01
9.691999999999999504e-01
9.726000000000000201e-01
9.734000000000000430e-01
9.734000000000000430e-01
9.616999999999999993e-01
9.546000000000000041e-01
9.677000000000000046e-01
9.658999999999999808e-01
9.797000000000000153e-01
9.768999999999999906e-01
9.871999999999999664e-01
9.866000000000000325e-01
9.973999999999999533e-01
9.809999999999999831e-01
9.887000000000000233e-01
9.961999999999999744e-01
9.942999999999999616e-01
9.830999999999999739e-01
9.858000000000000096e-01
9.822999999999999510e-01
9.818999999999999950e-01
9.796000000000000263e-01
1.000000000000000000e+00
9.785000000000000364e-01
9.858999999999999986e-01
9.941999999999999726e-01
9.911999999999999700e-01
9.969999999999999973e-01
9.788000000000000034e-01
9.880999999999999783e-01
9.989999999999999991e-01
1.000000000000000000e+00
1.000000000000000000e+00
1.000000000000000000e+00
1.000000000000000000e+00
1.000000000000000000e+00
9.838000000000000078e-01
9.919999999999999929e-01
9.978000000000000203e-01
9.957000000000000295e-01
9.932999999999999607e-01
1.000000000000000000e+00
9.912999999999999590e-01
9.885000000000000453e-01
9.876000000000000334e-01
9.913999999999999480e-01
9.909999999999999920e-01
9.920999999999999819e-01
9.887000000000000233e-01
9.996000000000000441e-01
1.000000000000000000e+00
1.000000000000000000e+00
1.000000000000000000e+00
1.000000000000000000e+00
1.000000000000000000e+00
1.000000000000000000e+00
9.958000000000000185e-01
9.992999999999999661e-01
1.000000000000000000e+00
9.990999999999999881e-01
1.000000000000000000e+00
9.798999999999999932e-01
9.929999999999999938e-01
9.848999999999999977e-01
9.794000000000000483e-01
9.668999999999999817e-01
9.737999999999999989e-01
9.857000000000000206e-01
9.717999999999999972e-01
9.709999999999999742e-01
9.453000000000000291e-01
9.405000000000000027e-01
9.378999999999999559e-01
9.651999999999999469e-01
9.616999999999999993e-01
9.560999999999999499e-01
9.507999999999999785e-01
9.720999999999999641e-01
9.686000000000000165e-01
9.515000000000000124e-01
9.572000000000000508e-01
9.525000000000000133e-01
9.677000000000000046e-01
9.562000000000000499e-01
9.959000000000000075e-01
9.899999999999999911e-01
9.909999999999999920e-01
9.766000000000000236e-01
9.737000000000000099e-01
9.794000000000000483e-01
9.899000000000000021e-01
9.989999999999999991e-01
9.995000000000000551e-01
1.000000000000000000e+00
1.000000000000000000e+00
9.808999999999999941e-01
9.915000000000000480e-01
9.915000000000000480e-01
9.990999999999999881e-01
9.791999999999999593e-01
9.697000000000000064e-01
9.740999999999999659e-01
9.757000000000000117e-01
9.768999999999999906e-01
9.759999999999999787e-01
9.956000000000000405e-01
9.992999999999999661e-01
1.000000000000000000e+00
9.998000000000000220e-01
1.000000000000000000e+00
1.000000000000000000e+00
1.000000000000000000e+00
9.800999999999999712e-01
9.834000000000000519e-01
9.808999999999999941e-01
9.798999999999999932e-01
9.832999999999999519e-01
9.925000000000000488e-01
9.768999999999999906e-01
9.786000000000000254e-01
9.775000000000000355e-01
9.835000000000000409e-01
9.725000000000000311e-01
9.805000000000000382e-01
9.819999999999999840e-01
9.782999999999999474e-01
9.660999999999999588e-01
9.604000000000000314e-01
9.594000000000000306e-01
9.716000000000000192e-01
9.818000000000000060e-01
9.883999999999999453e-01
9.822999999999999510e-01
9.951999999999999735e-01
9.829999999999999849e-01
9.845000000000000417e-01
9.777000000000000135e-01
9.791999999999999593e-01
9.667999999999999927e-01
9.667999999999999927e-01
9.725000000000000311e-01
9.647999999999999909e-01
9.677000000000000046e-01
9.635000000000000231e-01
9.684000000000000385e-01
9.777000000000000135e-01
9.759999999999999787e-01
9.838999999999999968e-01
9.741999999999999549e-01
9.866000000000000325e-01
9.785000000000000364e-01
9.910999999999999810e-01
9.905000000000000471e-01
9.968000000000000194e-01
9.979999999999999982e-01
1.000000000000000000e+00
1.000000000000000000e+00
1.000000000000000000e+00
9.996000000000000441e-01
1.000000000000000000e+00
9.921999999999999709e-01
9.893999999999999462e-01
9.967000000000000304e-01
1.000000000000000000e+00
9.969000000000000083e-01
9.931999999999999718e-01
9.857000000000000206e-01
1.000000000000000000e+00
1.000000000000000000e+00
9.938000000000000167e-01
9.909999999999999920e-01
9.946000000000000396e-01
9.953999999999999515e-01
1.000000000000000000e+00
1.000000000000000000e+00
1.000000000000000000e+00
9.926000000000000378e-01
9.867000000000000215e-01
9.861999999999999655e-01
9.874000000000000554e-01
9.868000000000000105e-01
1.000000000000000000e+00
9.889000000000000012e-01
9.959999999999999964e-01
9.970999999999999863e-01
9.929999999999999938e-01
9.882999999999999563e-01
1.000000000000000000e+00
9.858000000000000096e-01
1.000000000000000000e+00
1.000000000000000000e+00
9.927000000000000268e-01
9.868000000000000105e-01
9.921999999999999709e-01
9.687999999999999945e-01
9.423000000000000265e-01
9.170000000000000373e-01
8.700999999999999845e-01
8.319999999999999618e-01
7.789000000000000368e-01
7.120999999999999552e-01
6.397000000000000464e-01
5.824000000000000288e-01
5.371000000000000218e-01
4.748999999999999888e-01
3.942999999999999838e-01
3.584999999999999853e-01
3.043000000000000149e-01
2.919999999999999818e-01
2.535000000000000031e-01
2.174000000000000099e-01
1.917000000000000093e-01
1.978000000000000036e-01
1.988000000000000045e-01
2.084999999999999909e-01
2.136000000000000121e-01
2.190000000000000002e-01
2.661999999999999922e-01
3.022000000000000242e-01
3.054999999999999938e-01
3.179000000000000159e-01
2.983999999999999986e-01
2.942000000000000171e-01
2.801000000000000156e-01
2.381000000000000061e-01
2.384000000000000008e-01
2.157999999999999918e-01
2.182999999999999940e-01
2.111000000000000099e-01
1.801999999999999991e-01
1.597000000000000086e-01
1.597000000000000086e-01
1.443000000000000116e-01
1.443000000000000116e-01
1.681999999999999884e-01
1.889000000000000123e-01
2.391999999999999960e-01
2.607999999999999763e-01
2.967000000000000193e-01
3.074000000000000066e-01
3.084000000000000075e-01
3.146999999999999797e-01
3.477000000000000091e-01
3.654999999999999916e-01
3.755000000000000004e-01
3.835999999999999965e-01
3.956000000000000072e-01
3.976999999999999980e-01
3.865999999999999992e-01
3.926000000000000045e-01
3.960000000000000187e-01
3.901000000000000023e-01
3.932999999999999829e-01
4.032000000000000028e-01
4.187000000000000166e-01
4.380999999999999894e-01
4.452999999999999736e-01
4.511000000000000010e-01
4.526000000000000023e-01
4.436999999999999833e-01
4.400000000000000022e-01
4.421999999999999820e-01
4.323000000000000176e-01
4.122000000000000108e-01
3.936000000000000054e-01
3.311999999999999944e-01
2.953999999999999959e-01
2.773999999999999799e-01
2.096999999999999975e-01
1.993000000000000049e-01
1.663000000000000034e-01
1.351999999999999869e-01
1.079999999999999988e-01
9.310000000000000220e-02
7.470000000000000251e-02
5.170000000000000290e-02
3.699999999999999817e-02
2.989999999999999949e-02
1.050000000000000065e-02
7.799999999999999642e-03
8.000000000000000383e-04
3.000000000000000062e-03
2.029999999999999860e-02
3.099999999999999978e-02
4.130000000000000338e-02
4.100000000000000172e-02
3.549999999999999684e-02
2.699999999999999969e-02
2.549999999999999836e-02
2.560000000000000123e-02
2.280000000000000082e-02
1.679999999999999896e-02
1.930000000000000118e-02
6.899999999999999883e-03
6.599999999999999964e-03
3.599999999999999901e-03
4.000000000000000083e-03
0.000000000000000000e+00
0.000000000000000000e+00
4.799999999999999580e-03
0.000000000000000000e+00
0.000000000000000000e+00
2.200000000000000133e-03
6.599999999999999964e-03
3.700000000000000164e-03
3.000000000000000062e-03
2.799999999999999972e-03
8.099999999999999561e-03
9.400000000000000369e-03
2.779999999999999832e-02
1.909999999999999892e-02
3.330000000000000321e-02
2.570000000000000062e-02
3.749999999999999861e-02
4.479999999999999954e-02
5.979999999999999899e-02
7.920000000000000651e-02
7.530000000000000582e-02
7.320000000000000118e-02
6.629999999999999782e-02
4.989999999999999991e-02
3.440000000000000002e-02
1.700000000000000122e-02
1.340000000000000045e-02
8.099999999999999561e-03
1.069999999999999944e-02
1.260000000000000009e-02
4.300000000000000003e-03
0.000000000000000000e+00
0.000000000000000000e+00
5.000000000000000104e-04
0.000000000000000000e+00
1.159999999999999920e-02
2.129999999999999949e-02
4.229999999999999732e-02
7.749999999999999944e-02
1.035999999999999976e-01
1.053999999999999937e-01
1.151999999999999968e-01
1.113999999999999990e-01
1.113999999999999990e-01
1.000999999999999945e-01
9.790000000000000091e-02
8.699999999999999400e-02
7.030000000000000138e-02
7.430000000000000493e-02
6.660000000000000642e-02
3.219999999999999946e-02
1.810000000000000150e-02
5.199999999999999761e-03
0.000000000000000000e+00
0.000000000000000000e+00
0.000000000000000000e+00
0.000000000000000000e+00
2.899999999999999800e-03
9.799999999999999684e-03
1.450000000000000074e-02
1.720000000000000001e-02
2.740000000000000074e-02
7.199999999999999803e-03
8.699999999999999400e-03
1.080000000000000057e-02
7.700000000000000247e-03
3.299999999999999982e-03
1.880000000000000074e-02
2.029999999999999860e-02
2.129999999999999949e-02
2.120000000000000009e-02
2.570000000000000062e-02
1.959999999999999937e-02
1.080000000000000057e-02
5.599999999999999943e-03
1.190000000000000085e-02
7.499999999999999722e-03
3.399999999999999811e-03
0.000000000000000000e+00
0.000000000000000000e+00
0.000000000000000000e+00
0.000000000000000000e+00
0.000000000000000000e+00
3.500000000000000073e-03
6.799999999999999621e-03
3.200000000000000153e-03
1.310000000000000053e-02
1.389999999999999916e-02
2.939999999999999905e-02
3.740000000000000269e-02
3.259999999999999704e-02
3.930000000000000160e-02
3.930000000000000160e-02
3.559999999999999970e-02
3.529999999999999805e-02
3.520000000000000212e-02
3.810000000000000192e-02
5.630000000000000282e-02
7.459999999999999964e-02
1.259000000000000119e-01
1.973000000000000032e-01
3.462000000000000077e-01
4.154999999999999805e-01
4.752000000000000113e-01
5.171000000000000041e-01
5.523000000000000131e-01
5.725000000000000089e-01
5.973000000000000531e-01
6.057000000000000162e-01
6.489000000000000323e-01
6.706999999999999629e-01
6.860000000000000542e-01
7.185000000000000275e-01
7.371999999999999664e-01
7.060999999999999499e-01
6.793000000000000149e-01
6.642000000000000126e-01
6.695999999999999730e-01
6.632000000000000117e-01
6.112999999999999545e-01
5.786999999999999922e-01
5.453000000000000069e-01
5.318000000000000504e-01
4.914000000000000035e-01
4.742999999999999994e-01
4.682999999999999940e-01
4.587999999999999856e-01
4.294000000000000039e-01
4.108999999999999875e-01
4.162000000000000144e-01
4.380999999999999894e-01
5.007000000000000339e-01
5.595999999999999863e-01
5.795000000000000151e-01
6.470000000000000195e-01
7.155000000000000249e-01
7.153000000000000469e-01
7.167000000000000037e-01
7.298000000000000043e-01
7.145000000000000240e-01
6.993000000000000327e-01
6.811000000000000387e-01
6.500000000000000222e-01
6.613999999999999879e-01
6.640000000000000346e-01
6.749000000000000554e-01
7.068999999999999728e-01
6.978999999999999648e-01
6.673999999999999932e-01
6.448000000000000398e-01
6.715999999999999748e-01
6.692000000000000171e-01
6.116000000000000325e-01
