8.572999999999999510e-01
8.284000000000000252e-01
7.812999999999999945e-01
7.368999999999999995e-01
7.135000000000000231e-01
6.961000000000000520e-01
7.300999999999999712e-01
7.680000000000000160e-01
8.270999999999999464e-01
8.437000000000000055e-01
8.541999999999999593e-01
8.777000000000000357e-01
8.699999999999999956e-01
8.705000000000000515e-01
8.558999999999999941e-01
8.334000000000000297e-01
7.951000000000000290e-01
7.429000000000000048e-01
6.741000000000000325e-01
6.101999999999999647e-01
5.591000000000000414e-01
5.225999999999999535e-01
4.658999999999999808e-01
4.294999999999999929e-01
3.919000000000000261e-01
3.569999999999999840e-01
3.292999999999999816e-01
3.206999999999999851e-01
3.257999999999999785e-01
3.554999999999999827e-01
3.835999999999999965e-01
3.670999999999999819e-01
3.397000000000000020e-01
2.919999999999999818e-01
2.394999999999999907e-01
1.981999999999999873e-01
1.451000000000000068e-01
1.060999999999999999e-01
8.930000000000000437e-02
8.379999999999999949e-02
7.560000000000000053e-02
8.169999999999999485e-02
7.889999999999999791e-02
7.199999999999999456e-02
6.410000000000000420e-02
5.489999999999999741e-02
4.599999999999999922e-02
3.280000000000000276e-02
2.319999999999999840e-02
2.000000000000000042e-02
2.100000000000000130e-02
1.149999999999999981e-02
1.569999999999999868e-02
1.430000000000000021e-02
2.630000000000000046e-02
2.630000000000000046e-02
2.139999999999999888e-02
2.809999999999999998e-02
3.529999999999999805e-02
3.860000000000000236e-02
4.639999999999999680e-02
5.689999999999999919e-02
6.909999999999999476e-02
7.130000000000000226e-02
7.199999999999999456e-02
6.650000000000000355e-02
5.580000000000000238e-02
5.319999999999999729e-02
3.939999999999999752e-02
3.320000000000000034e-02
2.960000000000000131e-02
2.949999999999999845e-02
3.039999999999999994e-02
2.800000000000000058e-02
3.160000000000000309e-02
4.689999999999999725e-02
6.169999999999999790e-02
9.420000000000000595e-02
1.330999999999999961e-01
1.741000000000000048e-01
2.182000000000000051e-01
2.449999999999999956e-01
2.798999999999999821e-01
2.873999999999999888e-01
3.068000000000000171e-01
3.096999999999999753e-01
3.184000000000000163e-01
3.186999999999999833e-01
3.575999999999999734e-01
3.844000000000000195e-01
4.123999999999999888e-01
4.264999999999999902e-01
4.687000000000000055e-01
4.922000000000000264e-01
4.969000000000000083e-01
4.999000000000000110e-01
4.974000000000000088e-01
4.897000000000000242e-01
4.818999999999999950e-01
4.804999999999999827e-01
4.820999999999999730e-01
4.944999999999999951e-01
5.112999999999999767e-01
5.006000000000000449e-01
4.445999999999999952e-01
4.299000000000000044e-01
3.538999999999999924e-01
3.098000000000000198e-01
2.787999999999999923e-01
2.535999999999999921e-01
2.079000000000000015e-01
1.771999999999999964e-01
1.628999999999999893e-01
1.534000000000000086e-01
1.489999999999999936e-01
1.408000000000000085e-01
1.305000000000000049e-01
1.155999999999999944e-01
9.859999999999999321e-02
9.829999999999999849e-02
9.600000000000000200e-02
9.439999999999999780e-02
1.026999999999999996e-01
9.879999999999999893e-02
9.460000000000000353e-02
1.014000000000000040e-01
1.054999999999999966e-01
1.252999999999999947e-01
1.218000000000000055e-01
1.386000000000000010e-01
1.102000000000000063e-01
1.265999999999999903e-01
1.376000000000000001e-01
1.509999999999999953e-01
1.690000000000000113e-01
2.106000000000000094e-01
2.707999999999999852e-01
3.492000000000000104e-01
3.982999999999999874e-01
4.934999999999999942e-01
5.452000000000000179e-01
6.361999999999999877e-01
6.844999999999999973e-01
7.236000000000000210e-01
7.591999999999999860e-01
7.860000000000000320e-01
8.326999999999999957e-01
8.764999999999999458e-01
9.021000000000000130e-01
9.227999999999999536e-01
9.294000000000000039e-01
9.474000000000000199e-01
9.421000000000000485e-01
9.515000000000000124e-01
9.625000000000000222e-01
9.489999999999999547e-01
9.720999999999999641e-01
9.757000000000000117e-01
9.533000000000000362e-01
9.688999999999999835e-01
9.666000000000000147e-01
9.629999999999999671e-01
9.661999999999999478e-01
1.000000000000000000e+00
9.729999999999999760e-01
9.576000000000000068e-01
9.704000000000000403e-01
9.469999999999999529e-01
9.599999999999999645e-01
9.744000000000000439e-01
9.711999999999999522e-01
9.554000000000000270e-01
9.576000000000000068e-01
9.560999999999999499e-01
9.546000000000000041e-01
9.592000000000000526e-01
9.657999999999999918e-01
9.795000000000000373e-01
9.691999999999999504e-01
9.668999999999999817e-01
9.654000000000000359e-01
9.647999999999999909e-01
9.606999999999999984e-01
9.703000000000000513e-01
9.654000000000000359e-01
9.711999999999999522e-01
9.676000000000000156e-01
9.728999999999999870e-01
9.741999999999999549e-01
9.795000000000000373e-01
9.768000000000000016e-01
9.738999999999999879e-01
9.727999999999999980e-01
9.778000000000000025e-01
9.856000000000000316e-01
9.834000000000000519e-01
9.766000000000000236e-01
9.829999999999999849e-01
9.787000000000000144e-01
9.784000000000000474e-01
9.769999999999999796e-01
9.586000000000000076e-01
9.633000000000000451e-01
9.455999999999999961e-01
9.473000000000000309e-01
9.448999999999999622e-01
9.623000000000000442e-01
9.657999999999999918e-01
9.801999999999999602e-01
9.759999999999999787e-01
9.868999999999999995e-01
9.908000000000000140e-01
9.765000000000000346e-01
9.909000000000000030e-01
9.805000000000000382e-01
9.553000000000000380e-01
9.695000000000000284e-01
9.734000000000000430e-01
9.691999999999999504e-01
1.000000000000000000e+00
9.995000000000000551e-01
9.969000000000000083e-01
9.889999999999999902e-01
9.776000000000000245e-01
9.727000000000000091e-01
9.841999999999999638e-01
9.848999999999999977e-01
9.678999999999999826e-01
9.849999999999999867e-01
9.708999999999999853e-01
9.665000000000000258e-01
9.620999999999999552e-01
9.745000000000000329e-01
9.766000000000000236e-01
9.788000000000000034e-01
9.824000000000000510e-01
9.634000000000000341e-01
9.746000000000000218e-01
9.744000000000000439e-01
9.767000000000000126e-01
9.766000000000000236e-01
9.589999999999999636e-01
9.889000000000000012e-01
9.976000000000000423e-01
9.770999999999999686e-01
9.761999999999999567e-01
9.839999999999999858e-01
9.896000000000000352e-01
9.806000000000000272e-01
9.759999999999999787e-01
9.838000000000000078e-01
9.755000000000000338e-01
9.895000000000000462e-01
9.758000000000000007e-01
9.759999999999999787e-01
9.764000000000000457e-01
9.788999999999999924e-01
9.825000000000000400e-01
9.841999999999999638e-01
9.831999999999999629e-01
9.913999999999999480e-01
9.916000000000000369e-01
9.846000000000000307e-01
9.782999999999999474e-01
9.869999999999999885e-01
9.737999999999999989e-01
9.772999999999999465e-01
9.777000000000000135e-01
9.721999999999999531e-01
9.616000000000000103e-01
9.661999999999999478e-01
9.670999999999999597e-01
9.749999999999999778e-01
9.735000000000000320e-01
9.751999999999999558e-01
9.772999999999999465e-01
9.811999999999999611e-01
9.856000000000000316e-01
9.795000000000000373e-01
9.770999999999999686e-01
9.762999999999999456e-01
9.658999999999999808e-01
9.730999999999999650e-01
9.788000000000000034e-01
9.735000000000000320e-01
9.792999999999999483e-01
9.676000000000000156e-01
9.699999999999999734e-01
9.631999999999999451e-01
9.638999999999999790e-01
9.629999999999999671e-01
9.775000000000000355e-01
9.902999999999999581e-01
9.881999999999999673e-01
9.838999999999999968e-01
9.794000000000000483e-01
9.876000000000000334e-01
9.829999999999999849e-01
9.851999999999999647e-01
9.715000000000000302e-01
9.667999999999999927e-01
9.536000000000000032e-01
9.586000000000000076e-01
9.537999999999999812e-01
9.602000000000000535e-01
9.434000000000000163e-01
9.637999999999999901e-01
9.654000000000000359e-01
9.644000000000000350e-01
9.674000000000000377e-01
9.719999999999999751e-01
9.756000000000000227e-01
9.627000000000000002e-01
9.748999999999999888e-01
9.492000000000000437e-01
9.648999999999999799e-01
9.737999999999999989e-01
9.758999999999999897e-01
9.772999999999999465e-01
9.576000000000000068e-01
9.544000000000000261e-01
9.619999999999999662e-01
9.639999999999999680e-01
9.645000000000000240e-01
9.667000000000000037e-01
9.627000000000000002e-01
9.677999999999999936e-01
9.616000000000000103e-01
9.710999999999999632e-01
9.721999999999999531e-01
9.716000000000000192e-01
9.734000000000000430e-01
9.609999999999999654e-01
9.663000000000000478e-01
9.585000000000000187e-01
9.104999999999999760e-01
9.274999999999999911e-01
9.263000000000000123e-01
9.331000000000000405e-01
9.558999999999999719e-01
9.688999999999999835e-01
9.785000000000000364e-01
9.778999999999999915e-01
9.772999999999999465e-01
9.778999999999999915e-01
9.788999999999999924e-01
9.797000000000000153e-01
9.767000000000000126e-01
9.804000000000000492e-01
9.852999999999999536e-01
9.804000000000000492e-01
9.761999999999999567e-01
9.731999999999999540e-01
1.000000000000000000e+00
9.792999999999999483e-01
9.802999999999999492e-01
9.771999999999999575e-01
1.000000000000000000e+00
9.959999999999999964e-01
9.848000000000000087e-01
9.704000000000000403e-01
9.651999999999999469e-01
9.715000000000000302e-01
9.598999999999999755e-01
9.750999999999999668e-01
9.764000000000000457e-01
9.733000000000000540e-01
9.664000000000000368e-01
9.584000000000000297e-01
9.527999999999999803e-01
9.356999999999999762e-01
9.281000000000000361e-01
9.345999999999999863e-01
9.378999999999999559e-01
9.350000000000000533e-01
9.351000000000000423e-01
9.250000000000000444e-01
9.184999999999999831e-01
9.059000000000000385e-01
8.960000000000000187e-01
8.708000000000000185e-01
8.300999999999999490e-01
8.058999999999999497e-01
7.718000000000000416e-01
7.401999999999999691e-01
7.210999999999999632e-01
7.205000000000000293e-01
6.885999999999999899e-01
6.605999999999999650e-01
6.290000000000000036e-01
6.098999999999999977e-01
5.983000000000000540e-01
6.019999999999999796e-01
6.114000000000000545e-01
6.161999999999999700e-01
6.530000000000000249e-01
6.853000000000000203e-01
7.198999999999999844e-01
7.705999999999999517e-01
8.396000000000000130e-01
8.458999999999999853e-01
8.844999999999999529e-01
9.202000000000000179e-01
9.169000000000000483e-01
9.350000000000000533e-01
9.379999999999999449e-01
9.399999999999999467e-01
9.586999999999999966e-01
9.546000000000000041e-01
9.638999999999999790e-01
9.596000000000000085e-01
9.717000000000000082e-01
9.697999999999999954e-01
9.737000000000000099e-01
9.733000000000000540e-01
9.733000000000000540e-01
9.685000000000000275e-01
9.907000000000000250e-01
9.979999999999999982e-01
9.834000000000000519e-01
9.781999999999999584e-01
9.922999999999999599e-01
9.693000000000000504e-01
9.627000000000000002e-01
9.708999999999999853e-01
9.707999999999999963e-01
9.708999999999999853e-01
9.724000000000000421e-01
9.752999999999999448e-01
9.760999999999999677e-01
9.848999999999999977e-01
9.839999999999999858e-01
9.750999999999999668e-01
9.769999999999999796e-01
9.714000000000000412e-01
9.788999999999999924e-01
9.820999999999999730e-01
9.937000000000000277e-01
9.834000000000000519e-01
9.930999999999999828e-01
9.778999999999999915e-01
1.000000000000000000e+00
9.883999999999999453e-01
9.947000000000000286e-01
9.792999999999999483e-01
9.818999999999999950e-01
9.758000000000000007e-01
9.840999999999999748e-01
9.824000000000000510e-01
9.804000000000000492e-01
9.937000000000000277e-01
9.761999999999999567e-01
9.835000000000000409e-01
9.752999999999999448e-01
9.784000000000000474e-01
9.834000000000000519e-01
9.808999999999999941e-01
9.762999999999999456e-01
9.697999999999999954e-01
9.829999999999999849e-01
9.838999999999999968e-01
9.706000000000000183e-01
9.757000000000000117e-01
9.677000000000000046e-01
9.532000000000000473e-01
9.408999999999999586e-01
9.180000000000000382e-01
8.967000000000000526e-01
8.737000000000000322e-01
8.362000000000000544e-01
8.081000000000000405e-01
7.804999999999999716e-01
7.239999999999999769e-01
6.783000000000000140e-01
6.088000000000000078e-01
5.241999999999999993e-01
4.390000000000000013e-01
3.966000000000000081e-01
3.052000000000000268e-01
2.240999999999999936e-01
1.955999999999999961e-01
1.489999999999999936e-01
1.254000000000000115e-01
8.469999999999999751e-02
5.739999999999999963e-02
6.079999999999999988e-02
6.880000000000000004e-02
9.909999999999999365e-02
1.459999999999999909e-01
1.905999999999999917e-01
2.305000000000000104e-01
2.514000000000000123e-01
2.492000000000000048e-01
2.459000000000000075e-01
2.258999999999999897e-01
1.965000000000000080e-01
1.645999999999999963e-01
1.373999999999999944e-01
1.243999999999999967e-01
8.269999999999999574e-02
6.270000000000000573e-02
6.419999999999999318e-02
7.230000000000000315e-02
8.590000000000000413e-02
8.880000000000000393e-02
1.079999999999999988e-01
1.164000000000000035e-01
1.290000000000000036e-01
1.393999999999999961e-01
1.320000000000000062e-01
1.161999999999999977e-01
1.087000000000000050e-01
9.220000000000000417e-02
1.059999999999999970e-01
1.123999999999999999e-01
1.373000000000000054e-01
1.642000000000000126e-01
2.056999999999999940e-01
2.204000000000000126e-01
2.283999999999999919e-01
2.212999999999999967e-01
1.938999999999999890e-01
1.433999999999999997e-01
1.047000000000000014e-01
7.270000000000000073e-02
4.929999999999999660e-02
2.160000000000000114e-02
1.789999999999999925e-02
1.080000000000000057e-02
1.450000000000000074e-02
1.949999999999999997e-02
1.849999999999999908e-02
2.359999999999999945e-02
1.260000000000000009e-02
2.999999999999999737e-04
5.999999999999999474e-04
0.000000000000000000e+00
0.000000000000000000e+00
0.000000000000000000e+00
0.000000000000000000e+00
0.000000000000000000e+00
0.000000000000000000e+00
2.599999999999999881e-03
1.080000000000000057e-02
2.099999999999999870e-03
8.099999999999999561e-03
0.000000000000000000e+00
1.370000000000000037e-02
1.269999999999999948e-02
1.609999999999999973e-02
1.700000000000000122e-02
1.899999999999999996e-03
1.159999999999999920e-02
2.290000000000000022e-02
1.519999999999999997e-02
1.389999999999999916e-02
4.799999999999999580e-03
6.899999999999999883e-03
2.700000000000000143e-03
5.000000000000000104e-03
1.000000000000000021e-03
1.379999999999999977e-02
2.060000000000000026e-02
2.510000000000000078e-02
3.459999999999999881e-02
3.039999999999999994e-02
2.920000000000000026e-02
2.479999999999999913e-02
3.320000000000000034e-02
3.540000000000000091e-02
3.869999999999999829e-02
3.330000000000000321e-02
2.510000000000000078e-02
2.210000000000000159e-02
1.580000000000000154e-02
7.599999999999999985e-03
2.599999999999999881e-03
6.199999999999999782e-03
0.000000000000000000e+00
0.000000000000000000e+00
6.400000000000000307e-03
2.500000000000000052e-03
1.000000000000000021e-02
2.440000000000000155e-02
3.009999999999999828e-02
5.000000000000000278e-02
6.510000000000000508e-02
7.850000000000000033e-02
7.420000000000000207e-02
8.920000000000000151e-02
7.839999999999999747e-02
5.170000000000000290e-02
3.540000000000000091e-02
2.259999999999999856e-02
2.129999999999999949e-02
9.100000000000000450e-03
4.799999999999999580e-03
8.200000000000000691e-03
8.899999999999999925e-03
1.949999999999999997e-02
2.549999999999999836e-02
4.390000000000000152e-02
5.829999999999999766e-02
8.790000000000000591e-02
1.093999999999999972e-01
1.221000000000000002e-01
1.195999999999999980e-01
1.203000000000000042e-01
9.829999999999999849e-02
6.719999999999999585e-02
3.960000000000000325e-02
2.709999999999999909e-02
2.659999999999999865e-02
2.869999999999999982e-02
2.429999999999999868e-02
2.699999999999999969e-02
2.649999999999999925e-02
1.650000000000000078e-02
1.329999999999999932e-02
1.770000000000000046e-02
1.890000000000000013e-02
2.570000000000000062e-02
3.169999999999999901e-02
5.399999999999999939e-02
4.889999999999999902e-02
4.630000000000000088e-02
4.560000000000000164e-02
2.539999999999999897e-02
2.450000000000000094e-02
8.300000000000000086e-03
2.700000000000000143e-03
5.400000000000000286e-03
8.000000000000000383e-04
1.340000000000000045e-02
3.440000000000000002e-02
6.469999999999999363e-02
6.679999999999999827e-02
1.000000000000000056e-01
1.185999999999999971e-01
1.217000000000000026e-01
1.203999999999999931e-01
1.411000000000000032e-01
1.257999999999999952e-01
9.339999999999999691e-02
6.660000000000000642e-02
5.240000000000000213e-02
3.020000000000000115e-02
2.129999999999999949e-02
1.629999999999999852e-02
1.389999999999999916e-02
1.720000000000000001e-02
2.539999999999999897e-02
1.679999999999999896e-02
1.710000000000000062e-02
1.119999999999999989e-02
1.030000000000000013e-02
2.399999999999999790e-03
4.000000000000000083e-03
2.019999999999999921e-02
9.499999999999999764e-03
2.120000000000000009e-02
4.780000000000000221e-02
8.350000000000000477e-02
1.491999999999999993e-01
2.031000000000000028e-01
2.202000000000000068e-01
2.592999999999999750e-01
2.958999999999999964e-01
3.103000000000000203e-01
3.331000000000000072e-01
3.771999999999999797e-01
4.272000000000000242e-01
5.000000000000000000e-01
5.382000000000000117e-01
6.031999999999999584e-01
6.439000000000000279e-01
6.853000000000000203e-01
7.276000000000000245e-01
7.197999999999999954e-01
7.278000000000000025e-01
7.419000000000000039e-01
7.459999999999999964e-01
7.567000000000000393e-01
7.915999999999999703e-01
8.401999999999999469e-01
8.510999999999999677e-01
8.961000000000000076e-01
9.355999999999999872e-01
9.589999999999999636e-01
9.825000000000000400e-01
9.628999999999999782e-01
9.686000000000000165e-01
9.677000000000000046e-01
9.768999999999999906e-01
9.720999999999999641e-01
9.903999999999999471e-01
9.838999999999999968e-01
9.862999999999999545e-01
9.875000000000000444e-01
9.825000000000000400e-01
9.947000000000000286e-01
9.846000000000000307e-01
9.758999999999999897e-01
9.918000000000000149e-01
9.888000000000000123e-01
9.764000000000000457e-01
9.710999999999999632e-01
9.756000000000000227e-01
9.647999999999999909e-01
9.612000000000000544e-01
9.696000000000000174e-01
9.726000000000000201e-01
9.825000000000000400e-01
9.939000000000000057e-01
9.978000000000000203e-01
9.818000000000000060e-01
9.808999999999999941e-01
9.730999999999999650e-01
9.766000000000000236e-01
9.782999999999999474e-01
9.779999999999999805e-01
9.845000000000000417e-01
9.849999999999999867e-01
9.877000000000000224e-01
9.851999999999999647e-01
9.946000000000000396e-01
9.941999999999999726e-01
9.929999999999999938e-01
9.935000000000000497e-01
9.998000000000000220e-01
9.846000000000000307e-01
9.909999999999999920e-01
1.000000000000000000e+00
1.000000000000000000e+00
1.000000000000000000e+00
1.000000000000000000e+00
1.000000000000000000e+00
9.968000000000000194e-01
9.817000000000000171e-01
9.979999999999999982e-01
9.818999999999999950e-01
9.872999999999999554e-01
9.928000000000000158e-01
9.979999999999999982e-01
9.977000000000000313e-01
1.000000000000000000e+00
1.000000000000000000e+00
1.000000000000000000e+00
1.000000000000000000e+00
1.000000000000000000e+00
1.000000000000000000e+00
1.000000000000000000e+00
1.000000000000000000e+00
1.000000000000000000e+00
1.000000000000000000e+00
1.000000000000000000e+00
1.000000000000000000e+00
1.000000000000000000e+00
9.969999999999999973e-01
1.000000000000000000e+00
1.000000000000000000e+00
1.000000000000000000e+00
9.979999999999999982e-01
1.000000000000000000e+00
9.895000000000000462e-01
9.883999999999999453e-01
9.759999999999999787e-01
9.697999999999999954e-01
9.771999999999999575e-01
9.758000000000000007e-01
9.726000000000000201e-01
9.746000000000000218e-01
9.604000000000000314e-01
9.754000000000000448e-01
9.578999999999999737e-01
9.475000000000000089e-01
9.236999999999999655e-01
9.179000000000000492e-01
9.016999999999999460e-01
9.020000000000000240e-01
9.014999999999999680e-01
9.041000000000000147e-01
9.131000000000000227e-01
9.239000000000000545e-01
9.286999999999999700e-01
9.383000000000000229e-01
9.502000000000000446e-01
9.534000000000000252e-01
9.492000000000000437e-01
9.449999999999999512e-01
9.443000000000000282e-01
9.539999999999999591e-01
9.529999999999999583e-01
9.617999999999999883e-01
9.641999999999999460e-01
9.655000000000000249e-01
9.893999999999999462e-01
9.647999999999999909e-01
9.505000000000000115e-01
9.630999999999999561e-01
9.647000000000000020e-01
9.696000000000000174e-01
9.690999999999999615e-01
9.764000000000000457e-01
9.727000000000000091e-01
9.533000000000000362e-01
9.314999999999999947e-01
9.395999999999999908e-01
9.503000000000000336e-01
9.606999999999999984e-01
9.804000000000000492e-01
9.959999999999999964e-01
9.958000000000000185e-01
9.949000000000000066e-01
9.824000000000000510e-01
9.766000000000000236e-01
9.788000000000000034e-01
9.782999999999999474e-01
9.714000000000000412e-01
9.459999999999999520e-01
9.485999999999999988e-01
9.525000000000000133e-01
9.526000000000000023e-01
9.678999999999999826e-01
9.622000000000000552e-01
9.806000000000000272e-01
9.777000000000000135e-01
9.694000000000000394e-01
9.828000000000000069e-01
9.723000000000000531e-01
9.782999999999999474e-01
9.614000000000000323e-01
9.656000000000000139e-01
9.726000000000000201e-01
9.850999999999999757e-01
9.961999999999999744e-01
9.955000000000000515e-01
9.980999999999999872e-01
1.000000000000000000e+00
9.945000000000000506e-01
9.978000000000000203e-01
1.000000000000000000e+00
1.000000000000000000e+00
9.959000000000000075e-01
9.858000000000000096e-01
9.735000000000000320e-01
9.729999999999999760e-01
9.764000000000000457e-01
9.814000000000000501e-01
9.701999999999999513e-01
9.634000000000000341e-01
9.698999999999999844e-01
9.835000000000000409e-01
9.718999999999999861e-01
9.690999999999999615e-01
9.515000000000000124e-01
9.639999999999999680e-01
9.752999999999999448e-01
9.530999999999999472e-01
9.495000000000000107e-01
9.069000000000000394e-01
9.153000000000000025e-01
9.241000000000000325e-01
8.754999999999999449e-01
8.750999999999999890e-01
8.061000000000000387e-01
6.807999999999999607e-01
5.758999999999999675e-01
5.084999999999999520e-01
4.863999999999999990e-01
4.501999999999999891e-01
4.346999999999999753e-01
4.003999999999999782e-01
4.210999999999999743e-01
3.810999999999999943e-01
3.700999999999999845e-01
4.176000000000000267e-01
3.799000000000000155e-01
3.745999999999999885e-01
3.827999999999999736e-01
3.920000000000000151e-01
3.719999999999999973e-01
3.552000000000000157e-01
3.524999999999999800e-01
3.190000000000000058e-01
3.085999999999999854e-01
2.942000000000000171e-01
2.662999999999999812e-01
2.570999999999999952e-01
2.943999999999999950e-01
2.978999999999999981e-01
3.063000000000000167e-01
3.035999999999999810e-01
3.277999999999999803e-01
3.760000000000000009e-01
3.588999999999999968e-01
4.102000000000000091e-01
4.692000000000000060e-01
4.894000000000000017e-01
5.157000000000000473e-01
5.330000000000000293e-01
5.672000000000000375e-01
5.614999999999999991e-01
5.625999999999999890e-01
5.546999999999999709e-01
5.387999999999999456e-01
4.995999999999999885e-01
4.913000000000000145e-01
4.516000000000000014e-01
4.179999999999999827e-01
4.161000000000000254e-01
4.015000000000000235e-01
3.970000000000000195e-01
4.037000000000000033e-01
4.072000000000000064e-01
4.348000000000000198e-01
4.101000000000000201e-01
4.254999999999999893e-01
4.247000000000000219e-01
4.213000000000000078e-01
4.336999999999999744e-01
4.444000000000000172e-01
5.009000000000000119e-01
5.237000000000000544e-01
5.754000000000000226e-01
6.832000000000000295e-01
7.221999999999999531e-01
7.516000000000000458e-01
7.802000000000000046e-01
8.060000000000000497e-01
7.620999999999999996e-01
7.388000000000000123e-01
7.338999999999999968e-01
6.788999999999999480e-01
6.358000000000000318e-01
6.088000000000000078e-01
5.576999999999999735e-01
5.389000000000000457e-01
5.450000000000000400e-01
5.076000000000000512e-01
5.002999999999999670e-01
5.331000000000000183e-01
5.374999999999999778e-01
5.365999999999999659e-01
5.795000000000000151e-01
6.050999999999999712e-01
5.540000000000000480e-01
5.473000000000000087e-01
5.594000000000000083e-01
5.285999999999999588e-01
4.746000000000000218e-01
4.914999999999999925e-01
4.825999999999999734e-01
4.465999999999999970e-01
4.479000000000000203e-01
4.497999999999999776e-01
4.284000000000000030e-01
3.891000000000000014e-01
3.935000000000000164e-01
4.207000000000000184e-01
4.364000000000000101e-01
4.368000000000000216e-01
4.845999999999999752e-01
5.362000000000000099e-01
5.614999999999999991e-01
5.987999999999999989e-01
6.431999999999999940e-01
6.721000000000000307e-01
7.107999999999999874e-01
7.546000000000000485e-01
7.794999999999999707e-01
8.142000000000000348e-01
8.350999999999999535e-01
8.706000000000000405e-01
8.844999999999999529e-01
9.169000000000000483e-01
9.462000000000000410e-01
9.584000000000000297e-01
9.918000000000000149e-01
9.880999999999999783e-01
1.000000000000000000e+00
1.000000000000000000e+00
9.939999999999999947e-01
1.000000000000000000e+00
1.000000000000000000e+00
1.000000000000000000e+00
1.000000000000000000e+00
1.000000000000000000e+00
1.000000000000000000e+00
9.958000000000000185e-01
9.937000000000000277e-01
9.982999999999999652e-01
9.931999999999999718e-01
1.000000000000000000e+00
9.861999999999999655e-01
9.877000000000000224e-01
9.973999999999999533e-01
9.956000000000000405e-01
9.979999999999999982e-01
9.818000000000000060e-01
9.946000000000000396e-01
9.825000000000000400e-01
9.923999999999999488e-01
9.781999999999999584e-01
9.868000000000000105e-01
9.874000000000000554e-01
9.737999999999999989e-01
9.630999999999999561e-01
9.562000000000000499e-01
9.677000000000000046e-01
9.536000000000000032e-01
9.431000000000000494e-01
9.425999999999999934e-01
9.214999999999999858e-01
9.086999999999999522e-01
8.784999999999999476e-01
8.658000000000000140e-01
8.605000000000000426e-01
8.108999999999999542e-01
7.884999999999999787e-01
7.381999999999999673e-01
6.562999999999999945e-01
6.116000000000000325e-01
5.685000000000000053e-01
4.562999999999999834e-01
3.773000000000000242e-01
3.204000000000000181e-01
2.674000000000000266e-01
2.190000000000000002e-01
1.882999999999999952e-01
1.595999999999999919e-01
1.158000000000000002e-01
9.049999999999999711e-02
8.680000000000000215e-02
6.840000000000000246e-02
5.870000000000000218e-02
4.929999999999999660e-02
4.639999999999999680e-02
3.350000000000000200e-02
2.920000000000000026e-02
4.839999999999999858e-02
4.789999999999999813e-02
7.470000000000000251e-02
8.619999999999999885e-02
9.030000000000000526e-02
1.019999999999999934e-01
1.272999999999999965e-01
1.502999999999999892e-01
1.509000000000000064e-01
1.582000000000000073e-01
1.726999999999999924e-01
2.184000000000000108e-01
2.490999999999999881e-01
2.676000000000000045e-01
2.857000000000000095e-01
3.124000000000000110e-01
3.194000000000000172e-01
3.264000000000000234e-01
3.230000000000000093e-01
3.096999999999999753e-01
2.985999999999999766e-01
2.652999999999999803e-01
2.283999999999999919e-01
1.837000000000000022e-01
1.779999999999999916e-01
1.540999999999999870e-01
1.373999999999999944e-01
1.149000000000000021e-01
1.297999999999999987e-01
1.318999999999999895e-01
1.203000000000000042e-01
1.325000000000000067e-01
1.302000000000000102e-01
1.685999999999999999e-01
1.685999999999999999e-01
1.912000000000000088e-01
2.381000000000000061e-01
2.394000000000000017e-01
2.232000000000000095e-01
2.449999999999999956e-01
2.505000000000000004e-01
2.439999999999999947e-01
2.381000000000000061e-01
2.506999999999999784e-01
2.467000000000000026e-01
2.529000000000000137e-01
2.866000000000000214e-01
3.413999999999999813e-01
3.574999999999999845e-01
4.057000000000000051e-01
4.771000000000000241e-01
5.291000000000000147e-01
5.163999999999999702e-01
