9.879000000000000004e-01
9.777000000000000135e-01
9.704000000000000403e-01
9.524000000000000243e-01
9.421000000000000485e-01
9.479999999999999538e-01
9.278999999999999471e-01
8.790000000000000036e-01
8.626000000000000334e-01
8.457000000000000073e-01
8.413000000000000478e-01
8.310999999999999499e-01
8.521999999999999575e-01
8.497000000000000108e-01
8.605000000000000426e-01
8.737000000000000322e-01
8.652999999999999581e-01
9.061000000000000165e-01
8.961999999999999966e-01
9.048000000000000487e-01
9.022000000000000020e-01
9.075999999999999623e-01
9.124999999999999778e-01
9.276999999999999691e-01
9.482000000000000428e-01
9.496999999999999886e-01
9.363000000000000211e-01
9.465000000000000080e-01
9.442000000000000393e-01
9.344999999999999973e-01
9.348999999999999533e-01
9.172000000000000153e-01
9.055999999999999606e-01
9.071000000000000174e-01
8.974999999999999645e-01
9.020000000000000240e-01
9.191000000000000281e-01
8.901000000000000023e-01
9.136999999999999567e-01
8.787000000000000366e-01
8.834999999999999520e-01
8.495000000000000329e-01
8.731999999999999762e-01
8.508999999999999897e-01
8.787000000000000366e-01
8.816000000000000503e-01
8.758000000000000229e-01
8.939000000000000279e-01
8.806000000000000494e-01
8.681999999999999718e-01
8.947000000000000508e-01
9.122999999999999998e-01
9.048000000000000487e-01
9.235999999999999766e-01
9.173999999999999932e-01
9.073999999999999844e-01
9.225999999999999757e-01
9.147999999999999465e-01
9.425000000000000044e-01
9.546000000000000041e-01
9.099000000000000421e-01
9.205999999999999739e-01
9.190000000000000391e-01
9.079000000000000403e-01
9.186999999999999611e-01
9.221000000000000307e-01
9.064999999999999725e-01
8.963999999999999746e-01
8.719000000000000083e-01
8.742999999999999661e-01
8.808000000000000274e-01
8.917000000000000481e-01
8.716000000000000414e-01
9.014999999999999680e-01
9.326999999999999735e-01
9.151000000000000245e-01
9.547999999999999821e-01
9.335999999999999854e-01
9.385000000000000009e-01
9.643000000000000460e-01
9.576000000000000068e-01
9.476999999999999869e-01
9.234999999999999876e-01
9.229000000000000536e-01
9.311000000000000387e-01
9.314999999999999947e-01
9.315999999999999837e-01
9.321000000000000396e-01
9.104999999999999760e-01
9.006999999999999451e-01
8.888000000000000345e-01
8.787000000000000366e-01
8.705000000000000515e-01
8.693999999999999506e-01
8.854999999999999538e-01
8.972999999999999865e-01
9.003999999999999782e-01
8.914999999999999591e-01
9.022000000000000020e-01
9.184999999999999831e-01
9.195999999999999730e-01
9.273000000000000131e-01
9.234999999999999876e-01
9.575000000000000178e-01
9.308999999999999497e-01
9.433000000000000274e-01
9.412000000000000366e-01
9.528999999999999693e-01
9.409999999999999476e-01
9.463000000000000300e-01
9.512000000000000455e-01
9.419999999999999485e-01
9.533000000000000362e-01
9.658999999999999808e-01
9.689999999999999725e-01
9.638999999999999790e-01
9.577999999999999847e-01
9.566000000000000059e-01
9.379999999999999449e-01
9.385999999999999899e-01
9.563000000000000389e-01
9.556999999999999940e-01
9.479999999999999538e-01
9.488999999999999657e-01
9.481000000000000538e-01
9.689999999999999725e-01
9.592000000000000526e-01
9.560999999999999499e-01
9.461000000000000520e-01
9.427999999999999714e-01
9.385999999999999899e-01
9.506999999999999895e-01
9.646000000000000130e-01
9.487999999999999767e-01
9.637999999999999901e-01
9.454000000000000181e-01
9.449999999999999512e-01
9.383000000000000229e-01
9.251000000000000334e-01
9.308999999999999497e-01
9.042999999999999927e-01
8.857000000000000428e-01
8.763999999999999568e-01
8.446000000000000174e-01
8.121000000000000441e-01
7.804999999999999716e-01
7.568000000000000282e-01
7.316000000000000281e-01
7.055000000000000160e-01
6.697999999999999510e-01
6.388000000000000345e-01
5.950999999999999623e-01
5.524999999999999911e-01
5.316999999999999504e-01
5.254999999999999671e-01
5.213999999999999746e-01
5.131000000000000005e-01
5.209000000000000297e-01
5.394999999999999796e-01
5.472000000000000197e-01
5.758999999999999675e-01
5.753000000000000336e-01
5.563000000000000167e-01
5.508999999999999453e-01
5.436999999999999611e-01
5.040000000000000036e-01
4.489000000000000212e-01
3.795000000000000040e-01
3.321000000000000063e-01
2.727999999999999869e-01
2.620000000000000107e-01
2.217000000000000082e-01
2.220999999999999919e-01
2.089999999999999913e-01
1.912000000000000088e-01
1.514999999999999958e-01
1.089999999999999997e-01
9.229999999999999316e-02
9.160000000000000087e-02
9.520000000000000684e-02
8.989999999999999380e-02
8.970000000000000195e-02
8.219999999999999529e-02
8.799999999999999489e-02
7.009999999999999565e-02
5.099999999999999672e-02
7.489999999999999436e-02
7.639999999999999569e-02
6.700000000000000400e-02
7.059999999999999609e-02
8.970000000000000195e-02
9.550000000000000155e-02
8.060000000000000497e-02
1.066000000000000003e-01
9.940000000000000224e-02
7.810000000000000275e-02
7.989999999999999880e-02
8.540000000000000369e-02
6.790000000000000202e-02
6.460000000000000464e-02
8.329999999999999905e-02
9.389999999999999736e-02
8.759999999999999731e-02
1.111000000000000043e-01
1.323999999999999899e-01
1.630999999999999950e-01
1.468000000000000138e-01
1.746000000000000052e-01
2.169999999999999984e-01
2.391999999999999960e-01
3.019999999999999907e-01
3.598999999999999977e-01
4.117000000000000104e-01
4.682000000000000051e-01
5.727999999999999758e-01
6.699000000000000510e-01
6.898999999999999577e-01
7.287000000000000144e-01
8.326000000000000068e-01
8.285000000000000142e-01
8.786000000000000476e-01
8.494000000000000439e-01
8.587000000000000188e-01
8.735000000000000542e-01
8.730999999999999872e-01
8.739000000000000101e-01
8.931000000000000050e-01
9.089000000000000412e-01
9.193000000000000060e-01
9.325999999999999845e-01
9.226999999999999647e-01
9.196999999999999620e-01
9.134999999999999787e-01
9.225999999999999757e-01
9.264999999999999902e-01
9.356999999999999762e-01
9.325999999999999845e-01
9.303000000000000158e-01
9.291000000000000369e-01
9.356999999999999762e-01
9.344000000000000083e-01
9.436999999999999833e-01
9.323000000000000176e-01
9.227999999999999536e-01
9.223000000000000087e-01
9.251000000000000334e-01
9.206999999999999629e-01
9.149000000000000465e-01
9.324999999999999956e-01
9.261000000000000343e-01
9.143000000000000016e-01
9.170000000000000373e-01
9.102999999999999980e-01
9.432000000000000384e-01
9.437999999999999723e-01
9.504000000000000226e-01
9.482000000000000428e-01
9.385000000000000009e-01
9.617999999999999883e-01
9.423000000000000265e-01
9.362000000000000322e-01
9.375000000000000000e-01
9.302000000000000268e-01
9.354000000000000092e-01
9.341000000000000414e-01
9.350000000000000533e-01
9.411000000000000476e-01
9.445000000000000062e-01
9.384000000000000119e-01
9.487999999999999767e-01
9.549999999999999600e-01
9.506999999999999895e-01
9.557999999999999829e-01
9.685000000000000275e-01
9.572000000000000508e-01
9.549999999999999600e-01
9.658999999999999808e-01
9.613000000000000433e-01
9.627000000000000002e-01
9.598999999999999755e-01
9.687999999999999945e-01
9.659999999999999698e-01
9.547999999999999821e-01
9.532000000000000473e-01
9.695000000000000284e-01
9.654000000000000359e-01
9.615000000000000213e-01
9.691999999999999504e-01
9.604000000000000314e-01
9.570999999999999508e-01
9.425000000000000044e-01
9.643000000000000460e-01
9.422000000000000375e-01
9.433000000000000274e-01
9.459999999999999520e-01
9.546999999999999931e-01
9.362000000000000322e-01
9.311000000000000387e-01
9.345999999999999863e-01
9.214999999999999858e-01
9.103999999999999870e-01
9.307999999999999607e-01
9.374000000000000110e-01
9.530999999999999472e-01
9.603000000000000425e-01
9.645000000000000240e-01
9.455999999999999961e-01
9.442000000000000393e-01
9.424000000000000155e-01
9.398999999999999577e-01
9.417999999999999705e-01
9.435999999999999943e-01
9.553000000000000380e-01
9.474000000000000199e-01
9.456999999999999851e-01
9.482000000000000428e-01
9.463000000000000300e-01
9.506000000000000005e-01
9.647999999999999909e-01
9.512000000000000455e-01
9.209000000000000519e-01
9.308999999999999497e-01
9.364000000000000101e-01
9.220000000000000417e-01
9.366999999999999771e-01
9.486999999999999877e-01
9.545000000000000151e-01
9.626000000000000112e-01
9.673000000000000487e-01
9.575000000000000178e-01
9.574000000000000288e-01
9.628999999999999782e-01
9.574000000000000288e-01
9.631999999999999451e-01
9.667999999999999927e-01
9.633000000000000451e-01
9.683000000000000496e-01
9.648999999999999799e-01
9.650999999999999579e-01
9.391000000000000458e-01
9.387999999999999678e-01
9.512000000000000455e-01
9.514000000000000234e-01
9.570999999999999508e-01
9.660999999999999588e-01
9.468999999999999639e-01
9.666000000000000147e-01
9.517999999999999794e-01
9.816000000000000281e-01
9.657999999999999918e-01
9.772999999999999465e-01
9.617999999999999883e-01
9.644000000000000350e-01
9.496999999999999886e-01
9.549999999999999600e-01
9.596000000000000085e-01
9.550999999999999490e-01
9.619999999999999662e-01
9.593000000000000416e-01
9.535000000000000142e-01
9.424000000000000155e-01
9.504000000000000226e-01
9.533000000000000362e-01
9.673000000000000487e-01
9.622000000000000552e-01
9.640999999999999570e-01
9.604000000000000314e-01
9.510999999999999455e-01
9.492000000000000437e-01
9.548999999999999710e-01
9.545000000000000151e-01
9.436999999999999833e-01
9.375000000000000000e-01
9.477999999999999758e-01
9.399999999999999467e-01
9.408999999999999586e-01
9.403000000000000247e-01
9.536999999999999922e-01
9.627999999999999892e-01
9.667999999999999927e-01
9.708999999999999853e-01
9.828999999999999959e-01
9.762999999999999456e-01
9.799999999999999822e-01
9.744000000000000439e-01
9.640999999999999570e-01
9.645000000000000240e-01
9.639999999999999680e-01
9.564000000000000279e-01
9.605000000000000204e-01
9.425999999999999934e-01
9.418999999999999595e-01
9.375000000000000000e-01
9.389999999999999458e-01
9.422000000000000375e-01
9.479999999999999538e-01
9.459999999999999520e-01
9.517999999999999794e-01
9.598999999999999755e-01
9.528999999999999693e-01
9.436999999999999833e-01
9.462000000000000410e-01
9.459999999999999520e-01
9.573000000000000398e-01
9.678999999999999826e-01
9.639999999999999680e-01
9.633000000000000451e-01
9.540999999999999481e-01
9.478999999999999648e-01
9.543000000000000371e-01
9.481000000000000538e-01
9.397999999999999687e-01
9.432000000000000384e-01
9.510999999999999455e-01
9.586000000000000076e-01
9.338999999999999524e-01
9.385999999999999899e-01
9.388999999999999568e-01
9.344000000000000083e-01
9.434000000000000163e-01
9.526000000000000023e-01
9.636000000000000121e-01
9.649999999999999689e-01
9.596999999999999975e-01
9.668999999999999817e-01
9.719999999999999751e-01
9.848999999999999977e-01
9.788999999999999924e-01
9.832999999999999519e-01
9.872999999999999554e-01
9.838000000000000078e-01
9.848999999999999977e-01
9.718999999999999861e-01
9.758000000000000007e-01
9.798000000000000043e-01
9.810999999999999721e-01
9.925000000000000488e-01
9.798999999999999932e-01
9.731999999999999540e-01
9.604000000000000314e-01
9.389999999999999458e-01
9.427999999999999714e-01
9.492000000000000437e-01
9.600999999999999535e-01
9.395999999999999908e-01
9.394000000000000128e-01
9.431000000000000494e-01
9.520999999999999464e-01
9.562000000000000499e-01
9.608999999999999764e-01
9.718999999999999861e-01
9.675000000000000266e-01
9.718999999999999861e-01
9.700999999999999623e-01
9.548999999999999710e-01
9.680999999999999606e-01
9.647999999999999909e-01
9.577999999999999847e-01
9.455999999999999961e-01
9.443000000000000282e-01
9.360000000000000542e-01
9.344000000000000083e-01
9.540999999999999481e-01
9.540999999999999481e-01
9.598999999999999755e-01
9.667999999999999927e-01
9.538999999999999702e-01
9.691999999999999504e-01
9.553000000000000380e-01
9.628999999999999782e-01
9.629999999999999671e-01
9.522000000000000464e-01
9.281000000000000361e-01
9.383000000000000229e-01
9.326999999999999735e-01
9.415000000000000036e-01
9.421000000000000485e-01
9.428999999999999604e-01
9.421000000000000485e-01
9.344000000000000083e-01
9.435000000000000053e-01
9.273000000000000131e-01
9.354999999999999982e-01
9.373000000000000220e-01
9.431000000000000494e-01
9.474000000000000199e-01
9.633000000000000451e-01
9.588999999999999746e-01
9.463000000000000300e-01
9.337999999999999634e-01
9.209000000000000519e-01
9.220000000000000417e-01
9.162000000000000144e-01
9.229000000000000536e-01
9.416999999999999815e-01
9.415000000000000036e-01
9.378999999999999559e-01
9.302000000000000268e-01
9.253000000000000114e-01
9.092999999999999972e-01
9.160000000000000364e-01
9.127999999999999448e-01
9.008000000000000451e-01
8.913999999999999702e-01
8.810000000000000053e-01
8.559999999999999831e-01
8.428999999999999826e-01
8.601999999999999647e-01
8.494000000000000439e-01
8.340999999999999526e-01
8.120000000000000551e-01
8.061000000000000387e-01
7.965999999999999748e-01
7.936999999999999611e-01
8.122000000000000330e-01
8.188999999999999613e-01
8.314000000000000279e-01
8.572999999999999510e-01
8.622999999999999554e-01
8.629000000000000004e-01
8.710999999999999854e-01
8.381999999999999451e-01
8.038999999999999480e-01
7.810000000000000275e-01
7.381999999999999673e-01
7.072000000000000508e-01
6.767999999999999572e-01
6.522000000000000020e-01
6.412999999999999812e-01
6.268000000000000238e-01
5.925000000000000266e-01
5.663000000000000256e-01
5.594999999999999973e-01
5.262999999999999901e-01
5.161999999999999922e-01
5.313999999999999835e-01
4.965999999999999859e-01
4.539000000000000257e-01
3.910000000000000142e-01
3.682000000000000273e-01
3.428999999999999826e-01
3.452000000000000068e-01
3.397999999999999909e-01
3.482000000000000095e-01
3.426000000000000156e-01
2.834999999999999742e-01
2.531999999999999806e-01
2.273999999999999910e-01
2.094999999999999918e-01
1.804000000000000048e-01
1.401999999999999913e-01
1.356999999999999873e-01
1.378000000000000058e-01
1.328999999999999904e-01
1.469000000000000028e-01
1.340000000000000080e-01
1.092000000000000054e-01
1.088999999999999968e-01
1.078999999999999959e-01
1.040999999999999981e-01
9.800000000000000377e-02
9.470000000000000639e-02
8.980000000000000482e-02
8.210000000000000631e-02
7.920000000000000651e-02
7.850000000000000033e-02
7.090000000000000469e-02
7.480000000000000537e-02
8.419999999999999707e-02
8.799999999999999489e-02
1.039999999999999952e-01
1.218999999999999945e-01
1.353000000000000036e-01
1.517999999999999905e-01
1.696999999999999897e-01
1.852999999999999925e-01
1.986999999999999877e-01
1.937000000000000111e-01
2.071000000000000063e-01
1.967000000000000137e-01
1.839999999999999969e-01
1.642000000000000126e-01
1.638999999999999901e-01
1.469000000000000028e-01
1.623999999999999888e-01
1.277000000000000079e-01
8.759999999999999731e-02
8.039999999999999925e-02
6.519999999999999407e-02
6.650000000000000355e-02
6.239999999999999714e-02
6.660000000000000642e-02
7.290000000000000646e-02
8.200000000000000344e-02
8.250000000000000389e-02
8.569999999999999840e-02
9.329999999999999405e-02
1.126000000000000056e-01
1.297999999999999987e-01
1.418999999999999984e-01
1.421999999999999931e-01
1.593999999999999861e-01
1.756999999999999951e-01
1.761000000000000065e-01
1.690000000000000113e-01
1.650999999999999968e-01
1.666999999999999871e-01
1.738000000000000100e-01
1.799999999999999933e-01
1.822000000000000008e-01
1.789000000000000035e-01
1.872000000000000053e-01
1.632000000000000117e-01
1.562000000000000055e-01
1.544999999999999984e-01
1.575999999999999901e-01
1.584000000000000130e-01
1.691999999999999893e-01
1.748000000000000109e-01
1.744999999999999885e-01
1.756999999999999951e-01
1.849999999999999978e-01
1.953000000000000014e-01
1.963000000000000023e-01
2.038000000000000089e-01
2.089999999999999913e-01
2.169000000000000095e-01
2.321999999999999897e-01
2.524000000000000132e-01
2.711999999999999966e-01
3.205999999999999961e-01
3.412000000000000033e-01
3.306000000000000050e-01
3.784000000000000141e-01
3.836999999999999855e-01
3.845999999999999974e-01
3.894000000000000239e-01
4.102000000000000091e-01
4.416999999999999815e-01
4.627000000000000002e-01
4.889000000000000012e-01
5.290000000000000258e-01
5.830999999999999517e-01
6.290000000000000036e-01
6.857999999999999652e-01
7.174000000000000377e-01
7.772999999999999909e-01
8.228999999999999648e-01
8.596000000000000307e-01
8.875999999999999446e-01
9.104999999999999760e-01
8.984999999999999654e-01
9.305999999999999828e-01
9.306999999999999718e-01
9.455999999999999961e-01
9.604000000000000314e-01
9.659999999999999698e-01
9.512000000000000455e-01
9.624000000000000332e-01
9.627999999999999892e-01
9.604000000000000314e-01
9.676000000000000156e-01
9.488999999999999657e-01
9.409999999999999476e-01
9.182000000000000162e-01
9.134999999999999787e-01
9.113999999999999879e-01
9.040000000000000258e-01
8.999000000000000332e-01
8.790999999999999925e-01
8.631999999999999673e-01
8.449999999999999734e-01
8.270999999999999464e-01
7.877999999999999448e-01
7.521999999999999797e-01
7.354000000000000536e-01
6.870000000000000551e-01
6.444999999999999618e-01
5.852000000000000535e-01
5.563000000000000167e-01
5.300000000000000266e-01
5.099000000000000199e-01
4.938000000000000167e-01
5.048000000000000265e-01
5.143999999999999684e-01
5.486999999999999655e-01
5.898999999999999799e-01
6.714999999999999858e-01
7.338999999999999968e-01
8.165000000000000036e-01
8.656000000000000361e-01
8.861999999999999877e-01
8.981999999999999984e-01
9.245999999999999774e-01
9.227999999999999536e-01
9.330000000000000515e-01
9.311000000000000387e-01
9.354999999999999982e-01
9.182000000000000162e-01
9.143000000000000016e-01
9.092000000000000082e-01
8.842999999999999750e-01
8.683999999999999497e-01
8.859000000000000208e-01
8.820999999999999952e-01
8.901000000000000023e-01
8.793999999999999595e-01
8.549999999999999822e-01
7.712999999999999856e-01
