9.019000000000000350e-01
9.282000000000000250e-01
9.233000000000000096e-01
8.947000000000000508e-01
8.699000000000000066e-01
8.610999999999999766e-01
8.408999999999999808e-01
7.956999999999999629e-01
7.258000000000000007e-01
6.344999999999999529e-01
5.544999999999999929e-01
4.436999999999999833e-01
3.854000000000000203e-01
3.216999999999999860e-01
2.447000000000000008e-01
2.187000000000000055e-01
1.867000000000000048e-01
1.650999999999999968e-01
1.428999999999999992e-01
1.589000000000000135e-01
1.832000000000000017e-01
1.753000000000000114e-01
1.782999999999999863e-01
1.734999999999999876e-01
1.764000000000000012e-01
1.600999999999999923e-01
1.270000000000000018e-01
8.319999999999999618e-02
6.710000000000000686e-02
3.640000000000000180e-02
2.580000000000000002e-02
2.000000000000000042e-02
1.039999999999999952e-02
1.650000000000000078e-02
1.250000000000000069e-02
7.199999999999999803e-03
5.400000000000000286e-03
5.100000000000000366e-03
9.900000000000000813e-03
8.099999999999999561e-03
5.400000000000000286e-03
1.220000000000000077e-02
1.200000000000000025e-02
2.299999999999999961e-03
8.600000000000000006e-03
1.510000000000000057e-02
2.160000000000000114e-02
2.989999999999999949e-02
3.400000000000000244e-02
4.970000000000000112e-02
5.160000000000000003e-02
4.209999999999999853e-02
2.970000000000000070e-02
1.009999999999999960e-02
9.799999999999999684e-03
5.599999999999999943e-03
0.000000000000000000e+00
0.000000000000000000e+00
1.500000000000000031e-03
1.170000000000000033e-02
2.270000000000000143e-02
4.499999999999999660e-03
0.000000000000000000e+00
7.300000000000000065e-03
1.359999999999999924e-02
2.079999999999999905e-02
2.960000000000000131e-02
4.880000000000000310e-02
4.680000000000000132e-02
4.370000000000000273e-02
3.420000000000000123e-02
1.909999999999999892e-02
9.900000000000000813e-03
4.599999999999999922e-03
0.000000000000000000e+00
0.000000000000000000e+00
0.000000000000000000e+00
0.000000000000000000e+00
0.000000000000000000e+00
0.000000000000000000e+00
0.000000000000000000e+00
0.000000000000000000e+00
0.000000000000000000e+00
3.299999999999999982e-03
0.000000000000000000e+00
0.000000000000000000e+00
1.060000000000000005e-02
6.400000000000000307e-03
2.129999999999999949e-02
4.789999999999999813e-02
6.339999999999999802e-02
7.870000000000000606e-02
6.300000000000000044e-02
6.180000000000000077e-02
5.539999999999999786e-02
6.389999999999999847e-02
8.799999999999999489e-02
9.710000000000000575e-02
1.285000000000000031e-01
1.242000000000000048e-01
1.158000000000000002e-01
1.209999999999999964e-01
1.039000000000000062e-01
1.077000000000000041e-01
8.730000000000000260e-02
8.429999999999999993e-02
1.008000000000000007e-01
1.363000000000000045e-01
1.567000000000000060e-01
1.580999999999999905e-01
1.288999999999999868e-01
1.042000000000000010e-01
7.530000000000000582e-02
5.689999999999999919e-02
4.170000000000000095e-02
3.320000000000000034e-02
3.620000000000000301e-02
3.780000000000000027e-02
3.640000000000000180e-02
2.620000000000000107e-02
2.560000000000000123e-02
1.990000000000000102e-02
1.880000000000000074e-02
1.700000000000000122e-02
1.460000000000000013e-02
1.379999999999999977e-02
1.299999999999999940e-02
1.349999999999999985e-02
9.799999999999999684e-03
1.030000000000000013e-02
1.669999999999999957e-02
1.799999999999999864e-02
1.439999999999999961e-02
8.999999999999999320e-03
1.519999999999999997e-02
1.729999999999999941e-02
1.679999999999999896e-02
1.420000000000000082e-02
7.499999999999999722e-03
1.600000000000000033e-02
2.019999999999999921e-02
9.100000000000000450e-03
1.849999999999999908e-02
1.830000000000000029e-02
7.700000000000000247e-03
8.300000000000000086e-03
4.799999999999999580e-03
0.000000000000000000e+00
0.000000000000000000e+00
0.000000000000000000e+00
1.000000000000000048e-04
0.000000000000000000e+00
7.100000000000000408e-03
1.899999999999999953e-02
2.409999999999999989e-02
3.259999999999999704e-02
3.450000000000000289e-02
7.539999999999999480e-02
1.168000000000000010e-01
1.874000000000000110e-01
2.233999999999999875e-01
2.631999999999999895e-01
2.607999999999999763e-01
2.913999999999999924e-01
3.047000000000000264e-01
3.351000000000000090e-01
3.240000000000000102e-01
3.028000000000000136e-01
2.703999999999999737e-01
2.305999999999999994e-01
2.119999999999999940e-01
1.897000000000000075e-01
1.635000000000000064e-01
1.416000000000000036e-01
9.260000000000000175e-02
6.239999999999999714e-02
4.739999999999999769e-02
4.349999999999999700e-02
3.610000000000000014e-02
2.910000000000000087e-02
2.610000000000000167e-02
1.949999999999999997e-02
1.310000000000000053e-02
1.170000000000000033e-02
1.099999999999999936e-02
7.100000000000000408e-03
0.000000000000000000e+00
1.500000000000000031e-03
0.000000000000000000e+00
1.500000000000000031e-03
8.000000000000000167e-03
4.499999999999999660e-03
4.499999999999999660e-03
6.700000000000000226e-03
2.019999999999999921e-02
3.300000000000000155e-02
4.880000000000000310e-02
6.360000000000000375e-02
8.569999999999999840e-02
1.184000000000000052e-01
1.194000000000000061e-01
1.163000000000000006e-01
1.144000000000000017e-01
9.969999999999999696e-02
8.000000000000000167e-02
7.439999999999999392e-02
7.420000000000000207e-02
6.250000000000000000e-02
6.289999999999999758e-02
6.379999999999999560e-02
5.680000000000000326e-02
4.590000000000000330e-02
3.710000000000000103e-02
2.620000000000000107e-02
1.899999999999999953e-02
2.100000000000000130e-02
6.199999999999999782e-03
1.559999999999999928e-02
2.400000000000000050e-02
3.320000000000000034e-02
2.230000000000000038e-02
2.029999999999999860e-02
2.340000000000000066e-02
2.750000000000000014e-02
2.580000000000000002e-02
2.350000000000000006e-02
4.839999999999999858e-02
8.640000000000000457e-02
1.484000000000000041e-01
2.066000000000000059e-01
2.771000000000000130e-01
3.251999999999999891e-01
3.859000000000000208e-01
3.911999999999999922e-01
3.837999999999999745e-01
3.552000000000000157e-01
2.902000000000000135e-01
2.232999999999999985e-01
1.822999999999999898e-01
1.472999999999999865e-01
1.439999999999999891e-01
1.559999999999999998e-01
1.585999999999999910e-01
1.514999999999999958e-01
1.335999999999999965e-01
1.174999999999999933e-01
1.000000000000000056e-01
7.910000000000000364e-02
6.679999999999999827e-02
6.110000000000000153e-02
5.659999999999999754e-02
6.379999999999999560e-02
6.579999999999999738e-02
5.970000000000000306e-02
5.709999999999999798e-02
5.460000000000000270e-02
5.109999999999999959e-02
5.000000000000000278e-02
3.830000000000000071e-02
3.409999999999999837e-02
1.969999999999999876e-02
1.880000000000000074e-02
3.250000000000000111e-02
3.629999999999999893e-02
2.840000000000000163e-02
4.839999999999999858e-02
4.070000000000000007e-02
3.289999999999999869e-02
3.570000000000000256e-02
3.409999999999999837e-02
2.949999999999999845e-02
1.569999999999999868e-02
8.699999999999999400e-03
0.000000000000000000e+00
0.000000000000000000e+00
0.000000000000000000e+00
0.000000000000000000e+00
0.000000000000000000e+00
0.000000000000000000e+00
0.000000000000000000e+00
0.000000000000000000e+00
0.000000000000000000e+00
2.200000000000000133e-03
0.000000000000000000e+00
0.000000000000000000e+00
1.549999999999999989e-02
1.310000000000000053e-02
1.810000000000000150e-02
2.460000000000000034e-02
4.569999999999999757e-02
2.750000000000000014e-02
3.219999999999999946e-02
6.779999999999999916e-02
1.356999999999999873e-01
1.844000000000000083e-01
2.165999999999999870e-01
2.776000000000000134e-01
3.270000000000000129e-01
3.462000000000000077e-01
3.696999999999999731e-01
3.332999999999999852e-01
3.296999999999999931e-01
2.943999999999999950e-01
2.494999999999999996e-01
2.273000000000000020e-01
2.192000000000000060e-01
2.288999999999999924e-01
2.215999999999999914e-01
2.348999999999999977e-01
2.393000000000000127e-01
2.454000000000000070e-01
2.587999999999999745e-01
2.391999999999999960e-01
2.538000000000000256e-01
2.220999999999999919e-01
2.328000000000000069e-01
2.596999999999999864e-01
3.111999999999999766e-01
3.695999999999999841e-01
4.262000000000000233e-01
4.711000000000000187e-01
4.607999999999999874e-01
4.681000000000000161e-01
4.964999999999999969e-01
5.031999999999999806e-01
5.120999999999999996e-01
5.817999999999999838e-01
6.381999999999999895e-01
6.683999999999999941e-01
7.475000000000000533e-01
7.725999999999999535e-01
8.114000000000000101e-01
8.340999999999999526e-01
8.869000000000000217e-01
8.768000000000000238e-01
8.911000000000000032e-01
8.860999999999999988e-01
9.002000000000000002e-01
8.872999999999999776e-01
9.095999999999999641e-01
9.058000000000000496e-01
9.009000000000000341e-01
9.130000000000000338e-01
9.180000000000000382e-01
9.049000000000000377e-01
9.286999999999999700e-01
9.506999999999999895e-01
9.569999999999999618e-01
9.707000000000000073e-01
9.534000000000000252e-01
9.547999999999999821e-01
9.626000000000000112e-01
9.474000000000000199e-01
9.354000000000000092e-01
9.334000000000000075e-01
9.481000000000000538e-01
9.765000000000000346e-01
9.679999999999999716e-01
9.704000000000000403e-01
9.525000000000000133e-01
9.509999999999999565e-01
9.654000000000000359e-01
9.419999999999999485e-01
9.448999999999999622e-01
9.612000000000000544e-01
9.565000000000000169e-01
9.424000000000000155e-01
9.333000000000000185e-01
9.171000000000000263e-01
9.144999999999999796e-01
9.156999999999999584e-01
9.049000000000000377e-01
9.176999999999999602e-01
9.287999999999999590e-01
9.334999999999999964e-01
9.411000000000000476e-01
9.617999999999999883e-01
9.606999999999999984e-01
9.768999999999999906e-01
9.979999999999999982e-01
9.848000000000000087e-01
9.832999999999999519e-01
9.838000000000000078e-01
9.849999999999999867e-01
9.776000000000000245e-01
9.798000000000000043e-01
9.800999999999999712e-01
9.736000000000000210e-01
9.709999999999999742e-01
9.838999999999999968e-01
9.805000000000000382e-01
9.838000000000000078e-01
9.758999999999999897e-01
9.717999999999999972e-01
9.727000000000000091e-01
9.651999999999999469e-01
9.634000000000000341e-01
9.604000000000000314e-01
9.452000000000000401e-01
9.438999999999999613e-01
9.226999999999999647e-01
9.222000000000000197e-01
8.928000000000000380e-01
9.109000000000000430e-01
8.669999999999999929e-01
8.443000000000000504e-01
8.135999999999999899e-01
7.909000000000000474e-01
7.206000000000000183e-01
6.740000000000000435e-01
6.192999999999999616e-01
5.315999999999999615e-01
5.014999999999999458e-01
4.660000000000000253e-01
4.338000000000000189e-01
3.871999999999999886e-01
3.452999999999999958e-01
3.206999999999999851e-01
3.091999999999999749e-01
2.722999999999999865e-01
2.693999999999999728e-01
2.622999999999999776e-01
2.810000000000000275e-01
2.615999999999999992e-01
2.363000000000000100e-01
2.386999999999999955e-01
2.459000000000000075e-01
2.406000000000000083e-01
2.227000000000000091e-01
2.003999999999999948e-01
1.461999999999999966e-01
1.250000000000000000e-01
1.062000000000000027e-01
1.050999999999999990e-01
9.560000000000000442e-02
1.074999999999999983e-01
1.047000000000000014e-01
1.431000000000000050e-01
1.647000000000000131e-01
1.917000000000000093e-01
2.038999999999999979e-01
2.003999999999999948e-01
1.683000000000000052e-01
1.489999999999999936e-01
1.353000000000000036e-01
1.288999999999999868e-01
1.303999999999999881e-01
1.237999999999999934e-01
1.244999999999999996e-01
1.260000000000000009e-01
1.097999999999999948e-01
1.067000000000000032e-01
8.930000000000000437e-02
7.920000000000000651e-02
7.370000000000000162e-02
7.370000000000000162e-02
8.039999999999999925e-02
8.709999999999999687e-02
7.220000000000000029e-02
7.499999999999999722e-02
6.270000000000000573e-02
6.890000000000000291e-02
5.310000000000000137e-02
4.830000000000000265e-02
6.019999999999999657e-02
6.800000000000000488e-02
8.060000000000000497e-02
9.950000000000000511e-02
1.476000000000000090e-01
1.839000000000000079e-01
1.983000000000000040e-01
1.821000000000000119e-01
1.769000000000000017e-01
1.534999999999999976e-01
1.308999999999999886e-01
1.006999999999999978e-01
7.349999999999999589e-02
7.000000000000000666e-02
7.270000000000000073e-02
9.990000000000000269e-02
1.126000000000000056e-01
1.279000000000000137e-01
1.499999999999999944e-01
1.656999999999999862e-01
1.567999999999999949e-01
1.572999999999999954e-01
1.817999999999999894e-01
1.932999999999999996e-01
1.965000000000000080e-01
2.361000000000000043e-01
2.821000000000000174e-01
3.214000000000000190e-01
3.695999999999999841e-01
4.542999999999999816e-01
5.189000000000000279e-01
6.292999999999999705e-01
7.062000000000000499e-01
7.600999999999999979e-01
8.614000000000000545e-01
9.066999999999999504e-01
9.195999999999999730e-01
9.305999999999999828e-01
9.439999999999999503e-01
9.574000000000000288e-01
9.526000000000000023e-01
9.478999999999999648e-01
9.461000000000000520e-01
9.647000000000000020e-01
9.597999999999999865e-01
9.635000000000000231e-01
9.596000000000000085e-01
9.659999999999999698e-01
9.567999999999999838e-01
9.582000000000000517e-01
9.778000000000000025e-01
9.727000000000000091e-01
9.842999999999999527e-01
9.876000000000000334e-01
9.747000000000000108e-01
9.836000000000000298e-01
9.789999999999999813e-01
9.887000000000000233e-01
9.876000000000000334e-01
9.902999999999999581e-01
9.892999999999999572e-01
9.937000000000000277e-01
9.864000000000000545e-01
9.801999999999999602e-01
9.898000000000000131e-01
9.946000000000000396e-01
9.889999999999999902e-01
9.962999999999999634e-01
9.741999999999999549e-01
9.832999999999999519e-01
9.776000000000000245e-01
9.714000000000000412e-01
9.824000000000000510e-01
9.725000000000000311e-01
9.735000000000000320e-01
9.677999999999999936e-01
9.745000000000000329e-01
9.799999999999999822e-01
9.675000000000000266e-01
9.705000000000000293e-01
9.673000000000000487e-01
9.606000000000000094e-01
9.669999999999999707e-01
9.589999999999999636e-01
9.584000000000000297e-01
9.484000000000000208e-01
9.606999999999999984e-01
9.576999999999999957e-01
9.438999999999999613e-01
9.364999999999999991e-01
9.405000000000000027e-01
9.159000000000000474e-01
9.357999999999999652e-01
9.334999999999999964e-01
9.344000000000000083e-01
9.304000000000000048e-01
9.094999999999999751e-01
7.841000000000000192e-01
