1.000000000000000000e+00
1.000000000000000000e+00
9.949000000000000066e-01
9.717000000000000082e-01
9.574000000000000288e-01
9.475000000000000089e-01
9.173000000000000043e-01
9.122999999999999998e-01
9.119000000000000439e-01
9.123999999999999888e-01
9.095999999999999641e-01
8.938000000000000389e-01
9.024999999999999689e-01
9.081000000000000183e-01
9.143000000000000016e-01
9.280000000000000471e-01
9.485000000000000098e-01
9.556000000000000050e-01
9.602000000000000535e-01
9.755000000000000338e-01
9.504000000000000226e-01
9.446999999999999842e-01
9.114999999999999769e-01
9.153000000000000025e-01
9.357999999999999652e-01
9.425999999999999934e-01
9.602000000000000535e-01
9.711999999999999522e-01
9.526999999999999913e-01
9.539999999999999591e-01
9.451000000000000512e-01
9.485000000000000098e-01
9.802999999999999492e-01
9.878000000000000114e-01
9.826000000000000290e-01
9.905000000000000471e-01
9.717999999999999972e-01
9.526000000000000023e-01
9.447999999999999732e-01
9.280000000000000471e-01
9.306999999999999718e-01
9.073999999999999844e-01
8.977000000000000535e-01
8.870999999999999996e-01
8.590999999999999748e-01
8.686000000000000387e-01
8.618000000000000105e-01
8.810000000000000053e-01
8.861999999999999877e-01
8.912999999999999812e-01
8.787000000000000366e-01
8.705000000000000515e-01
8.508999999999999897e-01
8.228999999999999648e-01
8.050000000000000488e-01
7.668000000000000371e-01
7.002000000000000446e-01
6.078000000000000069e-01
5.328000000000000513e-01
4.314000000000000057e-01
3.538000000000000034e-01
3.066999999999999726e-01
2.676000000000000045e-01
2.508000000000000229e-01
2.457000000000000017e-01
2.046999999999999931e-01
2.288999999999999924e-01
1.985000000000000098e-01
2.061999999999999944e-01
2.063000000000000111e-01
2.023000000000000076e-01
1.985999999999999988e-01
2.063000000000000111e-01
2.078000000000000125e-01
2.023999999999999966e-01
2.006000000000000005e-01
1.962000000000000133e-01
2.046000000000000041e-01
2.107999999999999874e-01
2.031999999999999917e-01
1.962000000000000133e-01
1.980999999999999983e-01
1.890000000000000013e-01
1.826000000000000123e-01
1.728000000000000091e-01
1.514000000000000068e-01
1.386999999999999900e-01
1.509999999999999953e-01
1.192000000000000004e-01
8.309999999999999332e-02
6.370000000000000662e-02
6.010000000000000064e-02
5.190000000000000169e-02
3.839999999999999664e-02
5.729999999999999677e-02
4.329999999999999821e-02
3.880000000000000115e-02
7.610000000000000098e-02
6.900000000000000577e-02
6.719999999999999585e-02
7.080000000000000182e-02
9.429999999999999494e-02
1.116000000000000048e-01
1.441999999999999948e-01
1.905000000000000027e-01
2.301999999999999880e-01
2.762000000000000011e-01
3.212999999999999745e-01
3.696999999999999731e-01
3.834000000000000186e-01
4.476999999999999869e-01
5.054999999999999494e-01
5.375999999999999668e-01
5.554999999999999938e-01
6.451000000000000068e-01
6.756999999999999673e-01
7.337000000000000188e-01
7.445000000000000506e-01
7.648000000000000353e-01
7.769000000000000350e-01
8.205000000000000071e-01
8.545000000000000373e-01
8.689999999999999947e-01
8.457999999999999963e-01
8.681999999999999718e-01
8.431999999999999496e-01
8.514000000000000457e-01
8.390999999999999570e-01
8.457000000000000073e-01
8.497999999999999998e-01
8.238999999999999657e-01
8.285000000000000142e-01
8.167999999999999705e-01
8.421999999999999487e-01
7.873999999999999888e-01
7.967999999999999527e-01
8.515000000000000346e-01
8.448999999999999844e-01
8.347999999999999865e-01
8.658000000000000140e-01
8.641999999999999682e-01
8.891000000000000014e-01
8.673999999999999488e-01
8.786000000000000476e-01
8.904999999999999583e-01
8.793999999999999595e-01
8.770999999999999908e-01
8.860999999999999988e-01
8.754999999999999449e-01
8.770999999999999908e-01
8.844999999999999529e-01
9.002999999999999892e-01
9.016999999999999460e-01
8.951999999999999957e-01
9.131000000000000227e-01
9.116999999999999549e-01
9.122999999999999998e-01
9.048000000000000487e-01
8.944999999999999618e-01
8.972999999999999865e-01
8.949000000000000288e-01
8.882999999999999785e-01
8.663999999999999480e-01
9.072999999999999954e-01
8.807000000000000384e-01
9.006999999999999451e-01
9.143000000000000016e-01
9.161000000000000254e-01
9.074999999999999734e-01
9.487999999999999767e-01
9.797000000000000153e-01
9.593000000000000416e-01
9.641999999999999460e-01
9.784000000000000474e-01
9.723000000000000531e-01
9.779999999999999805e-01
9.729999999999999760e-01
9.799999999999999822e-01
9.761999999999999567e-01
9.651999999999999469e-01
9.739999999999999769e-01
9.659999999999999698e-01
9.889000000000000012e-01
9.856000000000000316e-01
9.847000000000000197e-01
9.903999999999999471e-01
9.857000000000000206e-01
9.768999999999999906e-01
9.800999999999999712e-01
9.727999999999999980e-01
9.810999999999999721e-01
9.846000000000000307e-01
9.837000000000000188e-01
9.845000000000000417e-01
9.839999999999999858e-01
9.988000000000000211e-01
9.950999999999999845e-01
9.879000000000000004e-01
9.808000000000000052e-01
9.828999999999999959e-01
9.798000000000000043e-01
9.900999999999999801e-01
9.851999999999999647e-01
1.000000000000000000e+00
1.000000000000000000e+00
1.000000000000000000e+00
9.827000000000000179e-01
9.792999999999999483e-01
9.838000000000000078e-01
9.847000000000000197e-01
9.869999999999999885e-01
9.923999999999999488e-01
9.837000000000000188e-01
9.869999999999999885e-01
9.844000000000000528e-01
9.817000000000000171e-01
9.780999999999999694e-01
9.768000000000000016e-01
9.688999999999999835e-01
9.717000000000000082e-01
9.734000000000000430e-01
9.734000000000000430e-01
9.687000000000000055e-01
9.704000000000000403e-01
9.778999999999999915e-01
9.810999999999999721e-01
9.940999999999999837e-01
9.906000000000000361e-01
9.963999999999999524e-01
9.917000000000000259e-01
9.762999999999999456e-01
9.991999999999999771e-01
9.969999999999999973e-01
9.879000000000000004e-01
9.906000000000000361e-01
9.910999999999999810e-01
9.919999999999999929e-01
1.000000000000000000e+00
9.979000000000000092e-01
9.951999999999999735e-01
9.931999999999999718e-01
9.836000000000000298e-01
9.659999999999999698e-01
9.637000000000000011e-01
9.599999999999999645e-01
9.453000000000000291e-01
9.183000000000000052e-01
9.094999999999999751e-01
9.254999999999999893e-01
8.964999999999999636e-01
9.130000000000000338e-01
9.500999999999999446e-01
9.647999999999999909e-01
9.316999999999999726e-01
9.303000000000000158e-01
9.263000000000000123e-01
9.109000000000000430e-01
8.968000000000000416e-01
9.262000000000000233e-01
9.656000000000000139e-01
9.394000000000000128e-01
9.687999999999999945e-01
9.979999999999999982e-01
9.868999999999999995e-01
9.947000000000000286e-01
1.000000000000000000e+00
1.000000000000000000e+00
1.000000000000000000e+00
1.000000000000000000e+00
1.000000000000000000e+00
1.000000000000000000e+00
1.000000000000000000e+00
1.000000000000000000e+00
1.000000000000000000e+00
1.000000000000000000e+00
1.000000000000000000e+00
9.938000000000000167e-01
1.000000000000000000e+00
9.986000000000000432e-01
9.883999999999999453e-01
9.566999999999999948e-01
9.689999999999999725e-01
9.929999999999999938e-01
1.000000000000000000e+00
9.785000000000000364e-01
1.000000000000000000e+00
1.000000000000000000e+00
1.000000000000000000e+00
1.000000000000000000e+00
1.000000000000000000e+00
1.000000000000000000e+00
1.000000000000000000e+00
9.846000000000000307e-01
9.881999999999999673e-01
9.848000000000000087e-01
9.663000000000000478e-01
9.908000000000000140e-01
9.869999999999999885e-01
1.000000000000000000e+00
1.000000000000000000e+00
1.000000000000000000e+00
1.000000000000000000e+00
9.807000000000000162e-01
9.906000000000000361e-01
9.769999999999999796e-01
9.860999999999999766e-01
9.939000000000000057e-01
9.919000000000000039e-01
9.929000000000000048e-01
1.000000000000000000e+00
1.000000000000000000e+00
1.000000000000000000e+00
1.000000000000000000e+00
1.000000000000000000e+00
1.000000000000000000e+00
1.000000000000000000e+00
1.000000000000000000e+00
1.000000000000000000e+00
1.000000000000000000e+00
1.000000000000000000e+00
1.000000000000000000e+00
1.000000000000000000e+00
9.780999999999999694e-01
1.000000000000000000e+00
1.000000000000000000e+00
1.000000000000000000e+00
1.000000000000000000e+00
1.000000000000000000e+00
1.000000000000000000e+00
1.000000000000000000e+00
1.000000000000000000e+00
1.000000000000000000e+00
1.000000000000000000e+00
1.000000000000000000e+00
1.000000000000000000e+00
1.000000000000000000e+00
1.000000000000000000e+00
1.000000000000000000e+00
1.000000000000000000e+00
1.000000000000000000e+00
1.000000000000000000e+00
1.000000000000000000e+00
1.000000000000000000e+00
1.000000000000000000e+00
9.959999999999999964e-01
9.874000000000000554e-01
1.000000000000000000e+00
1.000000000000000000e+00
1.000000000000000000e+00
1.000000000000000000e+00
1.000000000000000000e+00
1.000000000000000000e+00
9.939000000000000057e-01
9.932999999999999607e-01
1.000000000000000000e+00
1.000000000000000000e+00
1.000000000000000000e+00
1.000000000000000000e+00
1.000000000000000000e+00
1.000000000000000000e+00
1.000000000000000000e+00
9.993999999999999551e-01
9.942999999999999616e-01
9.908000000000000140e-01
9.941999999999999726e-01
9.975000000000000533e-01
9.979000000000000092e-01
9.788000000000000034e-01
1.000000000000000000e+00
1.000000000000000000e+00
1.000000000000000000e+00
9.989999999999999991e-01
1.000000000000000000e+00
1.000000000000000000e+00
1.000000000000000000e+00
1.000000000000000000e+00
1.000000000000000000e+00
1.000000000000000000e+00
1.000000000000000000e+00
1.000000000000000000e+00
1.000000000000000000e+00
1.000000000000000000e+00
1.000000000000000000e+00
1.000000000000000000e+00
1.000000000000000000e+00
1.000000000000000000e+00
1.000000000000000000e+00
9.828999999999999959e-01
9.958000000000000185e-01
9.838000000000000078e-01
9.879999999999999893e-01
9.908000000000000140e-01
1.000000000000000000e+00
1.000000000000000000e+00
1.000000000000000000e+00
1.000000000000000000e+00
1.000000000000000000e+00
1.000000000000000000e+00
1.000000000000000000e+00
9.989999999999999991e-01
9.887000000000000233e-01
9.956000000000000405e-01
9.977000000000000313e-01
9.926000000000000378e-01
1.000000000000000000e+00
1.000000000000000000e+00
1.000000000000000000e+00
9.990999999999999881e-01
9.905000000000000471e-01
9.902999999999999581e-01
9.970999999999999863e-01
9.989999999999999991e-01
1.000000000000000000e+00
1.000000000000000000e+00
1.000000000000000000e+00
1.000000000000000000e+00
1.000000000000000000e+00
9.961999999999999744e-01
9.949000000000000066e-01
9.929000000000000048e-01
9.966000000000000414e-01
9.960999999999999854e-01
9.927000000000000268e-01
9.977000000000000313e-01
9.989999999999999991e-01
9.952999999999999625e-01
9.910999999999999810e-01
9.960999999999999854e-01
1.000000000000000000e+00
1.000000000000000000e+00
1.000000000000000000e+00
1.000000000000000000e+00
1.000000000000000000e+00
1.000000000000000000e+00
1.000000000000000000e+00
1.000000000000000000e+00
1.000000000000000000e+00
1.000000000000000000e+00
1.000000000000000000e+00
1.000000000000000000e+00
1.000000000000000000e+00
1.000000000000000000e+00
1.000000000000000000e+00
1.000000000000000000e+00
1.000000000000000000e+00
1.000000000000000000e+00
1.000000000000000000e+00
1.000000000000000000e+00
1.000000000000000000e+00
1.000000000000000000e+00
1.000000000000000000e+00
1.000000000000000000e+00
1.000000000000000000e+00
9.876000000000000334e-01
9.986000000000000432e-01
1.000000000000000000e+00
1.000000000000000000e+00
1.000000000000000000e+00
9.942999999999999616e-01
9.657000000000000028e-01
9.536000000000000032e-01
9.675000000000000266e-01
9.806000000000000272e-01
9.849999999999999867e-01
9.684000000000000385e-01
9.671999999999999487e-01
9.558999999999999719e-01
9.834000000000000519e-01
9.704000000000000403e-01
9.507999999999999785e-01
9.666000000000000147e-01
9.857000000000000206e-01
9.744000000000000439e-01
9.755000000000000338e-01
9.659999999999999698e-01
9.778999999999999915e-01
9.875000000000000444e-01
9.967000000000000304e-01
9.711999999999999522e-01
1.000000000000000000e+00
9.939999999999999947e-01
9.821999999999999620e-01
9.778999999999999915e-01
9.920999999999999819e-01
9.989999999999999991e-01
9.812999999999999501e-01
9.842999999999999527e-01
1.000000000000000000e+00
1.000000000000000000e+00
1.000000000000000000e+00
1.000000000000000000e+00
9.940999999999999837e-01
9.988000000000000211e-01
9.868999999999999995e-01
9.824000000000000510e-01
9.826000000000000290e-01
9.814000000000000501e-01
9.909999999999999920e-01
9.885000000000000453e-01
9.795000000000000373e-01
9.700999999999999623e-01
9.787000000000000144e-01
9.789999999999999813e-01
9.862999999999999545e-01
9.774000000000000465e-01
9.911999999999999700e-01
9.737999999999999989e-01
9.641999999999999460e-01
9.719999999999999751e-01
9.680999999999999606e-01
9.789999999999999813e-01
9.728999999999999870e-01
9.758999999999999897e-01
9.677999999999999936e-01
9.828000000000000069e-01
9.794000000000000483e-01
9.864000000000000545e-01
9.812999999999999501e-01
9.891999999999999682e-01
9.867000000000000215e-01
1.000000000000000000e+00
1.000000000000000000e+00
1.000000000000000000e+00
9.961999999999999744e-01
9.857000000000000206e-01
9.956000000000000405e-01
9.903999999999999471e-01
9.972999999999999643e-01
9.838999999999999968e-01
9.848999999999999977e-01
9.659999999999999698e-01
9.705000000000000293e-01
9.743000000000000549e-01
9.640999999999999570e-01
9.770999999999999686e-01
9.586000000000000076e-01
9.606000000000000094e-01
9.286999999999999700e-01
9.342000000000000304e-01
9.194999999999999840e-01
9.100000000000000311e-01
9.008000000000000451e-01
9.114999999999999769e-01
9.227999999999999536e-01
9.150000000000000355e-01
9.307999999999999607e-01
9.594000000000000306e-01
9.868000000000000105e-01
9.787000000000000144e-01
9.407999999999999696e-01
9.807000000000000162e-01
1.000000000000000000e+00
1.000000000000000000e+00
1.000000000000000000e+00
1.000000000000000000e+00
1.000000000000000000e+00
1.000000000000000000e+00
1.000000000000000000e+00
1.000000000000000000e+00
1.000000000000000000e+00
1.000000000000000000e+00
1.000000000000000000e+00
1.000000000000000000e+00
1.000000000000000000e+00
1.000000000000000000e+00
1.000000000000000000e+00
1.000000000000000000e+00
1.000000000000000000e+00
1.000000000000000000e+00
9.907000000000000250e-01
9.977000000000000313e-01
9.999000000000000110e-01
9.838999999999999968e-01
9.834000000000000519e-01
9.519999999999999574e-01
9.495999999999999996e-01
9.500999999999999446e-01
9.310000000000000497e-01
9.547999999999999821e-01
9.371000000000000441e-01
9.001000000000000112e-01
9.093999999999999861e-01
9.340000000000000524e-01
9.505000000000000115e-01
9.469999999999999529e-01
9.362000000000000322e-01
9.453000000000000291e-01
9.436999999999999833e-01
9.416999999999999815e-01
9.062999999999999945e-01
9.003999999999999782e-01
8.981000000000000094e-01
8.661999999999999700e-01
8.898000000000000353e-01
8.853999999999999648e-01
8.659000000000000030e-01
8.931999999999999940e-01
8.922999999999999821e-01
9.177999999999999492e-01
9.268999999999999462e-01
9.345999999999999863e-01
9.308999999999999497e-01
9.385000000000000009e-01
9.572000000000000508e-01
9.666000000000000147e-01
9.646000000000000130e-01
9.698999999999999844e-01
9.840999999999999748e-01
9.569999999999999618e-01
9.804000000000000492e-01
1.000000000000000000e+00
9.872999999999999554e-01
1.000000000000000000e+00
1.000000000000000000e+00
1.000000000000000000e+00
1.000000000000000000e+00
1.000000000000000000e+00
1.000000000000000000e+00
1.000000000000000000e+00
1.000000000000000000e+00
1.000000000000000000e+00
1.000000000000000000e+00
1.000000000000000000e+00
1.000000000000000000e+00
1.000000000000000000e+00
1.000000000000000000e+00
1.000000000000000000e+00
1.000000000000000000e+00
1.000000000000000000e+00
1.000000000000000000e+00
1.000000000000000000e+00
1.000000000000000000e+00
1.000000000000000000e+00
9.687999999999999945e-01
9.667000000000000037e-01
9.643000000000000460e-01
8.853999999999999648e-01
8.459999999999999742e-01
7.603999999999999648e-01
6.511000000000000121e-01
5.504000000000000004e-01
4.304999999999999938e-01
2.968000000000000083e-01
2.214000000000000135e-01
1.585999999999999910e-01
1.333999999999999908e-01
1.198000000000000037e-01
1.118999999999999995e-01
1.024999999999999939e-01
9.510000000000000397e-02
1.096000000000000030e-01
1.019000000000000045e-01
1.063999999999999946e-01
1.160000000000000059e-01
1.540999999999999870e-01
1.817000000000000004e-01
2.151000000000000134e-01
2.144999999999999962e-01
2.114999999999999936e-01
2.346000000000000030e-01
2.351000000000000034e-01
2.220999999999999919e-01
1.859000000000000097e-01
1.559999999999999998e-01
1.323000000000000009e-01
1.255999999999999894e-01
1.135000000000000037e-01
9.879999999999999893e-02
8.240000000000000102e-02
7.580000000000000626e-02
7.929999999999999549e-02
5.909999999999999976e-02
3.699999999999999817e-02
2.900000000000000147e-02
3.020000000000000115e-02
1.830000000000000029e-02
1.569999999999999868e-02
2.309999999999999901e-02
1.569999999999999868e-02
1.660000000000000017e-02
1.820000000000000090e-02
2.060000000000000026e-02
1.549999999999999989e-02
1.340000000000000045e-02
1.559999999999999928e-02
8.999999999999999320e-03
1.089999999999999997e-02
6.400000000000000307e-03
1.170000000000000033e-02
1.230000000000000017e-02
1.580000000000000154e-02
2.949999999999999845e-02
4.429999999999999910e-02
7.069999999999999896e-02
9.579999999999999627e-02
8.999999999999999667e-02
8.450000000000000566e-02
7.860000000000000320e-02
6.069999999999999701e-02
2.599999999999999881e-02
1.149999999999999981e-02
1.199999999999999895e-03
0.000000000000000000e+00
0.000000000000000000e+00
0.000000000000000000e+00
0.000000000000000000e+00
0.000000000000000000e+00
0.000000000000000000e+00
0.000000000000000000e+00
0.000000000000000000e+00
0.000000000000000000e+00
8.699999999999999400e-03
8.000000000000000167e-03
1.239999999999999956e-02
1.340000000000000045e-02
9.900000000000000813e-03
2.000000000000000042e-03
0.000000000000000000e+00
4.599999999999999922e-03
2.200000000000000133e-03
4.499999999999999660e-03
1.600000000000000077e-03
5.499999999999999681e-03
5.300000000000000024e-03
1.779999999999999985e-02
2.340000000000000066e-02
2.359999999999999945e-02
3.490000000000000047e-02
3.810000000000000192e-02
4.150000000000000216e-02
5.190000000000000169e-02
4.950000000000000233e-02
8.100000000000000255e-02
1.037000000000000005e-01
1.405000000000000138e-01
1.958000000000000018e-01
2.348999999999999977e-01
2.722999999999999865e-01
3.045999999999999819e-01
3.426000000000000156e-01
3.633000000000000118e-01
3.644999999999999907e-01
3.401000000000000134e-01
3.164000000000000146e-01
2.255000000000000060e-01
1.451999999999999957e-01
9.289999999999999647e-02
4.100000000000000172e-02
1.770000000000000046e-02
1.409999999999999969e-02
1.119999999999999989e-02
8.200000000000000691e-03
9.400000000000000369e-03
8.500000000000000611e-03
5.799999999999999600e-03
6.300000000000000044e-03
7.799999999999999642e-03
1.349999999999999985e-02
1.849999999999999908e-02
2.630000000000000046e-02
4.730000000000000177e-02
6.750000000000000444e-02
9.560000000000000442e-02
1.055999999999999994e-01
1.035999999999999976e-01
8.870000000000000107e-02
7.900000000000000078e-02
6.029999999999999943e-02
4.750000000000000056e-02
2.939999999999999905e-02
2.510000000000000078e-02
2.220000000000000098e-02
2.309999999999999901e-02
1.020000000000000073e-02
4.199999999999999740e-03
2.700000000000000143e-03
3.000000000000000062e-03
0.000000000000000000e+00
0.000000000000000000e+00
0.000000000000000000e+00
0.000000000000000000e+00
0.000000000000000000e+00
0.000000000000000000e+00
1.190000000000000085e-02
1.400000000000000029e-02
3.169999999999999901e-02
4.649999999999999967e-02
7.920000000000000651e-02
1.224999999999999978e-01
1.178000000000000019e-01
1.363999999999999935e-01
1.409999999999999865e-01
1.688999999999999946e-01
1.887999999999999956e-01
1.917000000000000093e-01
2.048000000000000098e-01
2.159999999999999976e-01
2.348000000000000087e-01
2.383000000000000118e-01
2.519000000000000128e-01
2.707999999999999852e-01
2.807999999999999940e-01
2.740000000000000213e-01
2.505000000000000004e-01
2.298999999999999932e-01
2.180999999999999883e-01
2.147999999999999909e-01
2.088000000000000134e-01
2.020000000000000129e-01
1.832000000000000017e-01
1.630000000000000060e-01
1.360000000000000098e-01
1.231000000000000011e-01
1.005999999999999950e-01
8.830000000000000349e-02
8.630000000000000171e-02
7.670000000000000429e-02
7.159999999999999698e-02
7.539999999999999480e-02
8.790000000000000591e-02
8.469999999999999751e-02
8.840000000000000635e-02
1.033000000000000029e-01
1.000000000000000056e-01
1.005999999999999950e-01
1.097999999999999948e-01
1.064999999999999974e-01
9.719999999999999474e-02
9.929999999999999938e-02
9.500000000000000111e-02
9.279999999999999361e-02
7.539999999999999480e-02
6.429999999999999605e-02
5.279999999999999971e-02
4.050000000000000128e-02
3.289999999999999869e-02
3.309999999999999748e-02
3.030000000000000054e-02
3.130000000000000143e-02
3.400000000000000244e-02
3.090000000000000038e-02
2.429999999999999868e-02
1.940000000000000058e-02
1.760000000000000106e-02
1.370000000000000037e-02
1.149999999999999981e-02
6.199999999999999782e-03
1.799999999999999951e-03
5.300000000000000024e-03
9.400000000000000369e-03
5.400000000000000286e-03
4.000000000000000192e-04
2.299999999999999961e-03
6.400000000000000307e-03
3.700000000000000164e-03
8.600000000000000006e-03
6.999999999999999929e-04
1.640000000000000138e-02
3.130000000000000143e-02
3.209999999999999659e-02
1.650000000000000078e-02
2.939999999999999905e-02
1.519999999999999997e-02
2.529999999999999957e-02
1.710000000000000062e-02
2.659999999999999865e-02
2.520000000000000018e-02
2.929999999999999966e-02
3.869999999999999829e-02
2.850000000000000103e-02
4.639999999999999680e-02
5.390000000000000346e-02
6.210000000000000242e-02
3.819999999999999785e-02
2.889999999999999861e-02
2.479999999999999913e-02
7.300000000000000065e-03
9.400000000000000369e-03
4.899999999999999842e-03
2.099999999999999870e-03
1.700000000000000122e-02
1.450000000000000074e-02
1.689999999999999836e-02
3.300000000000000155e-02
6.210000000000000242e-02
6.900000000000000577e-02
6.959999999999999520e-02
6.700000000000000400e-02
7.140000000000000513e-02
6.360000000000000375e-02
6.840000000000000246e-02
5.449999999999999983e-02
5.349999999999999895e-02
4.170000000000000095e-02
3.400000000000000244e-02
2.570000000000000062e-02
1.379999999999999977e-02
2.719999999999999848e-02
1.420000000000000082e-02
8.999999999999999320e-03
1.529999999999999936e-02
2.170000000000000054e-02
2.290000000000000022e-02
2.790000000000000119e-02
2.960000000000000131e-02
4.780000000000000221e-02
5.680000000000000326e-02
6.809999999999999387e-02
1.130000000000000032e-01
1.320999999999999952e-01
1.817000000000000004e-01
2.119999999999999940e-01
2.340000000000000135e-01
2.134999999999999953e-01
1.996999999999999886e-01
1.741999999999999937e-01
1.058999999999999941e-01
7.209999999999999742e-02
4.710000000000000298e-02
4.240000000000000019e-02
3.529999999999999805e-02
4.429999999999999910e-02
4.519999999999999712e-02
5.190000000000000169e-02
7.989999999999999880e-02
1.006999999999999978e-01
1.158000000000000002e-01
1.212000000000000022e-01
8.609999999999999598e-02
4.689999999999999725e-02
3.359999999999999792e-02
1.200000000000000025e-02
3.039999999999999994e-02
3.400000000000000244e-02
2.999999999999999889e-02
3.230000000000000232e-02
2.179999999999999993e-02
1.260000000000000009e-02
1.799999999999999951e-03
5.300000000000000024e-03
0.000000000000000000e+00
0.000000000000000000e+00
0.000000000000000000e+00
0.000000000000000000e+00
0.000000000000000000e+00
0.000000000000000000e+00
0.000000000000000000e+00
0.000000000000000000e+00
0.000000000000000000e+00
0.000000000000000000e+00
1.699999999999999905e-03
1.500000000000000031e-03
1.830000000000000029e-02
4.469999999999999668e-02
3.880000000000000115e-02
4.479999999999999954e-02
5.020000000000000157e-02
7.119999999999999940e-02
7.169999999999999984e-02
8.509999999999999509e-02
1.049999999999999961e-01
1.170000000000000068e-01
1.221000000000000002e-01
1.194000000000000061e-01
1.381999999999999895e-01
1.411999999999999922e-01
1.451000000000000068e-01
1.332000000000000128e-01
1.434999999999999887e-01
1.340000000000000080e-01
1.386999999999999900e-01
1.388000000000000067e-01
1.074999999999999983e-01
1.009000000000000036e-01
7.090000000000000469e-02
7.530000000000000582e-02
7.240000000000000602e-02
8.100000000000000255e-02
7.439999999999999392e-02
5.800000000000000294e-02
4.299999999999999656e-02
3.269999999999999990e-02
1.619999999999999912e-02
1.450000000000000074e-02
4.199999999999999740e-03
7.799999999999999642e-03
0.000000000000000000e+00
0.000000000000000000e+00
0.000000000000000000e+00
0.000000000000000000e+00
0.000000000000000000e+00
0.000000000000000000e+00
0.000000000000000000e+00
5.300000000000000024e-03
3.099999999999999891e-03
1.750000000000000167e-02
2.450000000000000094e-02
4.800000000000000100e-02
7.299999999999999545e-02
5.439999999999999697e-02
4.750000000000000056e-02
6.310000000000000331e-02
7.810000000000000275e-02
1.063999999999999946e-01
1.136999999999999955e-01
1.170000000000000068e-01
1.141999999999999960e-01
9.130000000000000615e-02
8.669999999999999929e-02
8.300000000000000433e-02
8.200000000000000344e-02
1.011999999999999983e-01
9.800000000000000377e-02
9.900000000000000466e-02
8.379999999999999949e-02
6.529999999999999694e-02
4.950000000000000233e-02
2.620000000000000107e-02
2.170000000000000054e-02
1.600000000000000033e-02
1.450000000000000074e-02
6.499999999999999702e-03
1.549999999999999989e-02
8.600000000000000006e-03
8.200000000000000691e-03
4.000000000000000083e-03
6.899999999999999883e-03
1.609999999999999973e-02
1.379999999999999977e-02
1.469999999999999953e-02
1.669999999999999957e-02
2.179999999999999993e-02
3.309999999999999748e-02
4.240000000000000019e-02
3.540000000000000091e-02
3.950000000000000039e-02
3.629999999999999893e-02
3.300000000000000155e-02
3.860000000000000236e-02
3.020000000000000115e-02
3.919999999999999873e-02
4.410000000000000031e-02
5.210000000000000048e-02
7.389999999999999347e-02
8.870000000000000107e-02
1.049999999999999961e-01
9.520000000000000684e-02
1.023000000000000020e-01
1.194999999999999951e-01
1.176999999999999991e-01
1.121999999999999942e-01
1.000999999999999945e-01
8.830000000000000349e-02
7.190000000000000557e-02
5.639999999999999875e-02
5.090000000000000080e-02
4.420000000000000318e-02
4.540000000000000285e-02
3.719999999999999696e-02
4.290000000000000063e-02
4.349999999999999700e-02
4.750000000000000056e-02
4.299999999999999656e-02
3.980000000000000204e-02
3.350000000000000200e-02
3.169999999999999901e-02
2.620000000000000107e-02
3.070000000000000159e-02
2.409999999999999989e-02
1.099999999999999936e-02
9.299999999999999239e-03
9.100000000000000450e-03
1.060000000000000005e-02
7.199999999999999803e-03
1.269999999999999948e-02
1.959999999999999937e-02
2.380000000000000171e-02
4.220000000000000140e-02
6.629999999999999782e-02
8.219999999999999529e-02
9.669999999999999429e-02
1.048000000000000043e-01
1.345999999999999974e-01
1.593999999999999861e-01
2.071999999999999953e-01
2.657999999999999807e-01
3.160999999999999921e-01
3.594999999999999862e-01
3.094000000000000083e-01
2.938000000000000056e-01
2.696000000000000063e-01
2.069000000000000006e-01
1.511000000000000121e-01
1.097999999999999948e-01
6.710000000000000686e-02
4.700000000000000011e-02
3.059999999999999873e-02
2.230000000000000038e-02
1.799999999999999864e-02
1.480000000000000066e-02
8.600000000000000006e-03
6.899999999999999883e-03
8.399999999999999481e-03
7.000000000000000146e-03
9.599999999999999159e-03
9.499999999999999764e-03
1.099999999999999936e-02
1.170000000000000033e-02
1.930000000000000118e-02
2.539999999999999897e-02
2.500000000000000139e-02
4.080000000000000293e-02
4.989999999999999991e-02
1.013000000000000012e-01
1.363000000000000045e-01
1.759999999999999898e-01
1.791000000000000092e-01
2.033000000000000085e-01
2.416999999999999982e-01
2.829999999999999738e-01
3.020999999999999797e-01
3.264000000000000234e-01
3.335000000000000187e-01
3.144000000000000128e-01
2.454000000000000070e-01
2.492000000000000048e-01
2.419000000000000039e-01
2.662999999999999812e-01
2.482999999999999929e-01
2.179000000000000103e-01
1.978999999999999926e-01
1.691000000000000003e-01
1.350999999999999979e-01
1.068999999999999950e-01
7.309999999999999831e-02
4.750000000000000056e-02
2.819999999999999937e-02
2.129999999999999949e-02
5.899999999999999863e-03
1.030000000000000013e-02
1.469999999999999953e-02
1.319999999999999993e-02
2.419999999999999929e-02
2.089999999999999844e-02
2.750000000000000014e-02
2.900000000000000147e-02
2.970000000000000070e-02
4.000000000000000083e-02
5.290000000000000258e-02
5.020000000000000157e-02
5.090000000000000080e-02
5.399999999999999939e-02
5.550000000000000072e-02
4.540000000000000285e-02
3.309999999999999748e-02
3.280000000000000276e-02
1.299999999999999940e-02
1.170000000000000033e-02
1.089999999999999997e-02
1.099999999999999936e-02
4.400000000000000265e-03
9.199999999999999845e-03
1.669999999999999957e-02
3.549999999999999684e-02
4.159999999999999809e-02
8.000000000000000167e-02
1.509000000000000064e-01
1.824999999999999956e-01
3.612000000000000210e-01
4.046000000000000152e-01
4.766000000000000236e-01
5.187000000000000499e-01
4.894999999999999907e-01
4.405000000000000027e-01
3.920000000000000151e-01
3.635999999999999788e-01
3.649000000000000021e-01
3.724999999999999978e-01
3.529999999999999805e-01
3.290000000000000147e-01
3.287999999999999812e-01
3.225000000000000089e-01
3.074999999999999956e-01
3.064999999999999947e-01
3.215000000000000080e-01
3.479999999999999760e-01
3.720999999999999863e-01
3.774000000000000132e-01
3.695999999999999841e-01
3.779000000000000137e-01
3.612000000000000210e-01
3.240000000000000102e-01
2.972000000000000197e-01
2.797999999999999932e-01
2.510999999999999899e-01
2.142999999999999905e-01
1.922000000000000097e-01
1.567999999999999949e-01
1.305000000000000049e-01
1.158000000000000002e-01
1.194000000000000061e-01
1.353999999999999926e-01
1.716999999999999915e-01
1.836000000000000132e-01
1.975999999999999979e-01
2.058000000000000107e-01
2.147999999999999909e-01
2.127000000000000002e-01
2.018999999999999961e-01
1.864000000000000101e-01
1.627000000000000113e-01
1.390000000000000124e-01
1.396000000000000019e-01
1.350999999999999979e-01
1.283999999999999864e-01
1.262000000000000066e-01
1.270999999999999908e-01
1.434999999999999887e-01
1.633000000000000007e-01
1.647000000000000131e-01
1.521000000000000130e-01
1.358999999999999930e-01
1.142999999999999988e-01
9.389999999999999736e-02
7.549999999999999767e-02
6.930000000000000049e-02
5.790000000000000008e-02
6.479999999999999649e-02
7.099999999999999367e-02
7.049999999999999323e-02
7.739999999999999658e-02
8.580000000000000127e-02
9.349999999999999978e-02
1.179000000000000048e-01
1.340000000000000080e-01
1.451000000000000068e-01
1.539999999999999980e-01
1.847000000000000031e-01
2.260999999999999954e-01
2.756000000000000116e-01
3.350000000000000200e-01
3.845999999999999974e-01
4.426999999999999824e-01
5.163999999999999702e-01
5.722000000000000419e-01
6.337000000000000410e-01
7.278000000000000025e-01
7.719000000000000306e-01
7.934999999999999831e-01
8.001000000000000334e-01
7.341999999999999638e-01
