9.185999999999999721e-01
9.448999999999999622e-01
9.199000000000000510e-01
9.054999999999999716e-01
9.063999999999999835e-01
9.051000000000000156e-01
9.055999999999999606e-01
9.144999999999999796e-01
9.210000000000000409e-01
9.244999999999999885e-01
9.223999999999999977e-01
9.173999999999999932e-01
9.135999999999999677e-01
9.296999999999999709e-01
9.223000000000000087e-01
9.272000000000000242e-01
9.243000000000000105e-01
9.170000000000000373e-01
9.173999999999999932e-01
9.222000000000000197e-01
9.151000000000000245e-01
9.341000000000000414e-01
9.251000000000000334e-01
9.456999999999999851e-01
9.350000000000000533e-01
9.405000000000000027e-01
9.292000000000000259e-01
9.324000000000000066e-01
9.163000000000000034e-01
9.112999999999999989e-01
8.953999999999999737e-01
8.957000000000000517e-01
9.044999999999999707e-01
9.163000000000000034e-01
9.243999999999999995e-01
9.375999999999999890e-01
9.254999999999999893e-01
9.260000000000000453e-01
9.253000000000000114e-01
9.282000000000000250e-01
9.243999999999999995e-01
9.413000000000000256e-01
9.244999999999999885e-01
9.246999999999999664e-01
9.307999999999999607e-01
9.258999999999999453e-01
9.280000000000000471e-01
9.320000000000000506e-01
9.270000000000000462e-01
9.232000000000000206e-01
9.209000000000000519e-01
9.214999999999999858e-01
9.266999999999999682e-01
9.115999999999999659e-01
9.121000000000000218e-01
9.203999999999999959e-01
9.125999999999999668e-01
9.130000000000000338e-01
9.170000000000000373e-01
9.306999999999999718e-01
9.276999999999999691e-01
9.167999999999999483e-01
9.176999999999999602e-01
9.082999999999999963e-01
9.038000000000000478e-01
9.020000000000000240e-01
8.947000000000000508e-01
8.972999999999999865e-01
8.877000000000000446e-01
8.803999999999999604e-01
8.972999999999999865e-01
8.963999999999999746e-01
9.044999999999999707e-01
8.731999999999999762e-01
8.554000000000000492e-01
8.266999999999999904e-01
7.620999999999999996e-01
6.969999999999999529e-01
6.377000000000000446e-01
5.672000000000000375e-01
5.121999999999999886e-01
4.269999999999999907e-01
3.570999999999999730e-01
2.989999999999999880e-01
2.273999999999999910e-01
1.673000000000000043e-01
1.313000000000000000e-01
9.529999999999999583e-02
7.989999999999999880e-02
7.149999999999999412e-02
6.859999999999999432e-02
6.560000000000000553e-02
8.409999999999999420e-02
9.600000000000000200e-02
9.760000000000000620e-02
1.156999999999999973e-01
1.087000000000000050e-01
1.144000000000000017e-01
1.338000000000000023e-01
1.769999999999999907e-01
2.170999999999999874e-01
2.755000000000000226e-01
3.068000000000000171e-01
3.527000000000000135e-01
3.739999999999999991e-01
3.942999999999999838e-01
3.966000000000000081e-01
3.806999999999999829e-01
3.701999999999999735e-01
3.538999999999999924e-01
3.312999999999999834e-01
2.902000000000000135e-01
2.540000000000000036e-01
2.104000000000000037e-01
2.016999999999999904e-01
2.164999999999999980e-01
2.232000000000000095e-01
2.497999999999999943e-01
2.842000000000000082e-01
3.216999999999999860e-01
3.638000000000000123e-01
3.932999999999999829e-01
3.861999999999999877e-01
4.060000000000000275e-01
4.136000000000000232e-01
4.189999999999999836e-01
4.055000000000000271e-01
3.906000000000000028e-01
3.764000000000000123e-01
3.607000000000000206e-01
3.269000000000000239e-01
2.940999999999999726e-01
2.525999999999999912e-01
2.523000000000000242e-01
2.417999999999999872e-01
2.582999999999999741e-01
2.882000000000000117e-01
3.301999999999999935e-01
3.734000000000000097e-01
4.173000000000000043e-01
4.653999999999999804e-01
5.470000000000000417e-01
6.162999999999999590e-01
6.852000000000000313e-01
7.168999999999999817e-01
7.482999999999999652e-01
7.789000000000000368e-01
8.205999999999999961e-01
8.504000000000000448e-01
8.665000000000000480e-01
8.715000000000000524e-01
8.757000000000000339e-01
8.917000000000000481e-01
8.883999999999999675e-01
8.899000000000000243e-01
8.847000000000000419e-01
8.809000000000000163e-01
8.794999999999999485e-01
8.844999999999999529e-01
8.668000000000000149e-01
8.818000000000000282e-01
8.869000000000000217e-01
9.019000000000000350e-01
9.170000000000000373e-01
9.062000000000000055e-01
9.103999999999999870e-01
9.043999999999999817e-01
9.233000000000000096e-01
9.362000000000000322e-01
9.393000000000000238e-01
9.429999999999999494e-01
9.302000000000000268e-01
9.324999999999999956e-01
9.340000000000000524e-01
9.216999999999999638e-01
9.236999999999999655e-01
9.161000000000000254e-01
9.035999999999999588e-01
8.783999999999999586e-01
8.496000000000000218e-01
8.376000000000000112e-01
8.367999999999999883e-01
8.335000000000000187e-01
8.114999999999999991e-01
8.091000000000000414e-01
8.155999999999999917e-01
8.055999999999999828e-01
8.033000000000000140e-01
7.963000000000000078e-01
8.090000000000000524e-01
8.134000000000000119e-01
8.022000000000000242e-01
8.234000000000000208e-01
8.151000000000000467e-01
8.051000000000000378e-01
8.307999999999999829e-01
8.494000000000000439e-01
8.660999999999999810e-01
8.693999999999999506e-01
8.728000000000000203e-01
8.887000000000000455e-01
9.049000000000000377e-01
9.075999999999999623e-01
9.083999999999999853e-01
9.103999999999999870e-01
9.149000000000000465e-01
9.227999999999999536e-01
8.993999999999999773e-01
8.979000000000000314e-01
9.011000000000000121e-01
8.961000000000000076e-01
8.938000000000000389e-01
8.964999999999999636e-01
8.925999999999999490e-01
8.940000000000000169e-01
8.866000000000000547e-01
8.864999999999999547e-01
8.771999999999999797e-01
8.820000000000000062e-01
8.974999999999999645e-01
8.878000000000000336e-01
8.961999999999999966e-01
8.977000000000000535e-01
9.016999999999999460e-01
9.163999999999999924e-01
9.346999999999999753e-01
9.324000000000000066e-01
9.357999999999999652e-01
9.387999999999999678e-01
9.468999999999999639e-01
9.323000000000000176e-01
9.348999999999999533e-01
9.202000000000000179e-01
9.159000000000000474e-01
9.284000000000000030e-01
9.354999999999999982e-01
9.454000000000000181e-01
9.395999999999999908e-01
9.373000000000000220e-01
9.363000000000000211e-01
9.306999999999999718e-01
9.284999999999999920e-01
9.323000000000000176e-01
9.290000000000000480e-01
9.415999999999999925e-01
9.296999999999999709e-01
9.461000000000000520e-01
9.385999999999999899e-01
9.303000000000000158e-01
9.274000000000000021e-01
9.311000000000000387e-01
9.277999999999999581e-01
9.307999999999999607e-01
9.284999999999999920e-01
9.294999999999999929e-01
9.294000000000000039e-01
9.232000000000000206e-01
9.155999999999999694e-01
9.062000000000000055e-01
8.941999999999999948e-01
8.887000000000000455e-01
8.849000000000000199e-01
8.736000000000000432e-01
8.529999999999999805e-01
8.539999999999999813e-01
8.531999999999999584e-01
8.277999999999999803e-01
8.423000000000000487e-01
8.358999999999999764e-01
8.262000000000000455e-01
8.342000000000000526e-01
8.325000000000000178e-01
8.258999999999999675e-01
8.506000000000000227e-01
8.621999999999999664e-01
8.719000000000000083e-01
8.852999999999999758e-01
8.982999999999999874e-01
9.083999999999999853e-01
9.066999999999999504e-01
9.119000000000000439e-01
9.160000000000000364e-01
9.108000000000000540e-01
9.151000000000000245e-01
9.193000000000000060e-01
9.220000000000000417e-01
9.217999999999999527e-01
9.202000000000000179e-01
9.155999999999999694e-01
9.149000000000000465e-01
9.133000000000000007e-01
9.210000000000000409e-01
9.220000000000000417e-01
9.278999999999999471e-01
9.325999999999999845e-01
9.346999999999999753e-01
9.416999999999999815e-01
9.382000000000000339e-01
9.331000000000000405e-01
9.418999999999999595e-01
9.355999999999999872e-01
9.314000000000000057e-01
9.250000000000000444e-01
9.176999999999999602e-01
9.276999999999999691e-01
9.330000000000000515e-01
9.271000000000000352e-01
9.334000000000000075e-01
9.281000000000000361e-01
9.411000000000000476e-01
9.407999999999999696e-01
9.352000000000000313e-01
9.292000000000000259e-01
9.311000000000000387e-01
9.367999999999999661e-01
9.437999999999999723e-01
9.468999999999999639e-01
9.524000000000000243e-01
9.506999999999999895e-01
9.445999999999999952e-01
9.526000000000000023e-01
9.378999999999999559e-01
9.264000000000000012e-01
9.162000000000000144e-01
9.083999999999999853e-01
9.044999999999999707e-01
9.021000000000000130e-01
8.990000000000000213e-01
9.023999999999999799e-01
8.991999999999999993e-01
8.960000000000000187e-01
9.000000000000000222e-01
9.015999999999999570e-01
9.203999999999999959e-01
9.251000000000000334e-01
9.347999999999999643e-01
9.237999999999999545e-01
9.243000000000000105e-01
9.160000000000000364e-01
9.135999999999999677e-01
9.176999999999999602e-01
9.080000000000000293e-01
9.204999999999999849e-01
9.243000000000000105e-01
9.268999999999999462e-01
9.274999999999999911e-01
9.350000000000000533e-01
9.389999999999999458e-01
9.396999999999999797e-01
9.464000000000000190e-01
9.520999999999999464e-01
9.373000000000000220e-01
9.354999999999999982e-01
9.277999999999999581e-01
9.280000000000000471e-01
9.396999999999999797e-01
9.315999999999999837e-01
9.415999999999999925e-01
9.597999999999999865e-01
9.580999999999999517e-01
9.650999999999999579e-01
9.576000000000000068e-01
9.544000000000000261e-01
9.633000000000000451e-01
9.592000000000000526e-01
9.333000000000000185e-01
9.333000000000000185e-01
9.508999999999999675e-01
9.426999999999999824e-01
9.351000000000000423e-01
9.538999999999999702e-01
9.528999999999999693e-01
9.394000000000000128e-01
9.206999999999999629e-01
9.004999999999999671e-01
8.797000000000000375e-01
8.619999999999999885e-01
8.608999999999999986e-01
8.441999999999999504e-01
8.348999999999999755e-01
8.168999999999999595e-01
7.980000000000000426e-01
7.875999999999999668e-01
7.913000000000000034e-01
7.853999999999999870e-01
7.810000000000000275e-01
7.848000000000000531e-01
7.768000000000000460e-01
7.905999999999999694e-01
8.061000000000000387e-01
8.064999999999999947e-01
8.165000000000000036e-01
8.294000000000000261e-01
8.135000000000000009e-01
8.014999999999999902e-01
8.306999999999999940e-01
8.367999999999999883e-01
8.458999999999999853e-01
8.434000000000000385e-01
8.366000000000000103e-01
8.366000000000000103e-01
8.463000000000000522e-01
8.624000000000000554e-01
8.679999999999999938e-01
8.784999999999999476e-01
8.796000000000000485e-01
8.776000000000000467e-01
8.745000000000000551e-01
8.786000000000000476e-01
8.790000000000000036e-01
8.745000000000000551e-01
8.741999999999999771e-01
8.737000000000000322e-01
8.617000000000000215e-01
8.516000000000000236e-01
8.369999999999999662e-01
8.100000000000000533e-01
8.047999999999999599e-01
7.885999999999999677e-01
7.893999999999999906e-01
7.652999999999999803e-01
7.661000000000000032e-01
7.441999999999999726e-01
7.227999999999999980e-01
6.894000000000000128e-01
7.037999999999999812e-01
6.903000000000000247e-01
6.761000000000000343e-01
6.329000000000000181e-01
6.014000000000000457e-01
5.667999999999999705e-01
5.185999999999999499e-01
4.996999999999999775e-01
4.658999999999999808e-01
4.616000000000000103e-01
4.721000000000000196e-01
4.756000000000000227e-01
4.539000000000000257e-01
4.825999999999999734e-01
5.112999999999999767e-01
5.693000000000000282e-01
6.541000000000000147e-01
6.972000000000000419e-01
7.680000000000000160e-01
8.299999999999999600e-01
8.498999999999999888e-01
8.584000000000000519e-01
8.770999999999999908e-01
8.868000000000000327e-01
8.989000000000000323e-01
9.035999999999999588e-01
9.051000000000000156e-01
8.993999999999999773e-01
9.065999999999999615e-01
9.290000000000000480e-01
9.059000000000000385e-01
9.062999999999999945e-01
8.853999999999999648e-01
8.871999999999999886e-01
8.866000000000000547e-01
8.863999999999999657e-01
8.911000000000000032e-01
8.901999999999999913e-01
8.937000000000000499e-01
8.899000000000000243e-01
8.833999999999999631e-01
8.977000000000000535e-01
9.068000000000000504e-01
9.146999999999999575e-01
9.112000000000000099e-01
9.179000000000000492e-01
9.182000000000000162e-01
9.094999999999999751e-01
9.220000000000000417e-01
9.124999999999999778e-01
9.059000000000000385e-01
9.204999999999999849e-01
9.291000000000000369e-01
9.301000000000000378e-01
9.364999999999999991e-01
9.330000000000000515e-01
9.403000000000000247e-01
9.395000000000000018e-01
9.414000000000000146e-01
9.205999999999999739e-01
9.326999999999999735e-01
9.318999999999999506e-01
9.268999999999999462e-01
9.252000000000000224e-01
9.211000000000000298e-01
9.135999999999999677e-01
9.183000000000000052e-01
9.116999999999999549e-01
9.225999999999999757e-01
9.253000000000000114e-01
9.277999999999999581e-01
9.303000000000000158e-01
9.273000000000000131e-01
9.351000000000000423e-01
9.298999999999999488e-01
9.277999999999999581e-01
9.336999999999999744e-01
9.193999999999999950e-01
9.091000000000000192e-01
9.134999999999999787e-01
8.904999999999999583e-01
8.921000000000000041e-01
8.901999999999999913e-01
8.831999999999999851e-01
8.731999999999999762e-01
8.642999999999999572e-01
8.510999999999999677e-01
8.467000000000000082e-01
8.318999999999999728e-01
7.925999999999999712e-01
8.006999999999999673e-01
7.913999999999999924e-01
7.743999999999999773e-01
7.562999999999999723e-01
7.389999999999999902e-01
7.102000000000000535e-01
6.988999999999999657e-01
7.218999999999999861e-01
6.768999999999999462e-01
5.947999999999999954e-01
