9.029000000000000359e-01
9.610999999999999543e-01
9.562000000000000499e-01
9.392000000000000348e-01
9.241000000000000325e-01
9.317999999999999616e-01
9.058000000000000496e-01
9.014999999999999680e-01
9.005999999999999561e-01
8.923999999999999710e-01
8.931000000000000050e-01
8.883999999999999675e-01
8.862999999999999767e-01
8.691999999999999726e-01
8.551999999999999602e-01
8.660999999999999810e-01
8.592999999999999527e-01
8.592999999999999527e-01
8.659999999999999920e-01
8.712999999999999634e-01
8.917000000000000481e-01
8.953999999999999737e-01
8.947000000000000508e-01
8.851999999999999869e-01
8.914999999999999591e-01
8.969000000000000306e-01
9.121000000000000218e-01
9.073999999999999844e-01
9.183999999999999941e-01
9.247999999999999554e-01
9.342000000000000304e-01
9.488999999999999657e-01
9.304999999999999938e-01
9.322000000000000286e-01
9.346999999999999753e-01
9.338999999999999524e-01
9.387999999999999678e-01
9.398999999999999577e-01
9.398999999999999577e-01
9.392000000000000348e-01
9.340000000000000524e-01
9.342000000000000304e-01
9.389999999999999458e-01
9.365999999999999881e-01
9.270000000000000462e-01
9.308999999999999497e-01
9.296999999999999709e-01
9.276999999999999691e-01
9.012999999999999901e-01
8.980000000000000204e-01
8.980000000000000204e-01
8.981999999999999984e-01
8.961000000000000076e-01
8.940000000000000169e-01
8.975999999999999535e-01
9.180000000000000382e-01
9.196999999999999620e-01
9.324000000000000066e-01
9.434000000000000163e-01
9.472000000000000419e-01
9.559999999999999609e-01
9.515000000000000124e-01
9.558999999999999719e-01
9.604000000000000314e-01
9.406999999999999806e-01
9.292000000000000259e-01
9.409999999999999476e-01
9.589999999999999636e-01
9.518999999999999684e-01
9.529999999999999583e-01
9.508999999999999675e-01
9.497999999999999776e-01
9.563000000000000389e-01
9.429999999999999494e-01
9.459999999999999520e-01
9.358999999999999542e-01
9.240000000000000435e-01
9.220000000000000417e-01
9.256999999999999673e-01
9.212000000000000188e-01
9.360000000000000542e-01
9.391000000000000458e-01
9.257999999999999563e-01
9.367999999999999661e-01
9.445000000000000062e-01
9.536999999999999922e-01
9.383000000000000229e-01
9.311000000000000387e-01
9.190000000000000391e-01
8.987000000000000544e-01
8.898000000000000353e-01
9.026999999999999469e-01
9.155999999999999694e-01
8.960000000000000187e-01
8.842999999999999750e-01
8.813999999999999613e-01
8.882999999999999785e-01
8.630999999999999783e-01
8.405000000000000249e-01
8.178999999999999604e-01
7.906999999999999584e-01
7.537000000000000366e-01
7.291999999999999593e-01
6.833000000000000185e-01
6.700000000000000400e-01
6.646999999999999575e-01
6.584999999999999742e-01
6.534999999999999698e-01
6.310999999999999943e-01
6.246000000000000441e-01
5.623000000000000220e-01
5.400000000000000355e-01
5.129000000000000226e-01
4.771000000000000241e-01
4.578999999999999737e-01
4.158000000000000029e-01
4.021000000000000130e-01
4.021000000000000130e-01
3.793000000000000260e-01
4.222000000000000197e-01
4.238999999999999990e-01
4.304000000000000048e-01
4.153999999999999915e-01
3.714000000000000079e-01
3.074000000000000066e-01
2.318999999999999950e-01
1.716000000000000025e-01
1.423999999999999988e-01
1.136999999999999955e-01
9.909999999999999365e-02
8.250000000000000389e-02
6.880000000000000004e-02
5.709999999999999798e-02
5.009999999999999870e-02
4.170000000000000095e-02
4.089999999999999886e-02
3.180000000000000188e-02
2.869999999999999982e-02
2.460000000000000034e-02
2.960000000000000131e-02
3.590000000000000135e-02
4.250000000000000305e-02
4.909999999999999781e-02
5.580000000000000238e-02
5.920000000000000262e-02
6.900000000000000577e-02
8.210000000000000631e-02
9.969999999999999696e-02
1.060999999999999999e-01
1.054999999999999966e-01
9.769999999999999518e-02
7.729999999999999372e-02
6.489999999999999936e-02
4.139999999999999930e-02
2.900000000000000147e-02
2.259999999999999856e-02
1.820000000000000090e-02
1.349999999999999985e-02
1.379999999999999977e-02
1.450000000000000074e-02
1.949999999999999997e-02
1.899999999999999953e-02
1.559999999999999928e-02
8.600000000000000006e-03
3.299999999999999982e-03
9.700000000000000289e-03
3.200000000000000153e-03
1.679999999999999896e-02
2.359999999999999945e-02
2.249999999999999917e-02
2.949999999999999845e-02
3.059999999999999873e-02
2.929999999999999966e-02
4.039999999999999841e-02
6.379999999999999560e-02
7.850000000000000033e-02
1.107000000000000067e-01
1.373000000000000054e-01
1.499999999999999944e-01
1.761999999999999955e-01
1.962000000000000133e-01
2.003000000000000058e-01
1.988999999999999935e-01
1.894000000000000128e-01
1.683999999999999941e-01
1.494000000000000050e-01
1.317000000000000115e-01
1.307000000000000106e-01
9.260000000000000175e-02
9.199999999999999845e-02
1.035999999999999976e-01
1.059999999999999970e-01
1.064999999999999974e-01
1.132999999999999979e-01
9.850000000000000422e-02
8.079999999999999682e-02
6.790000000000000202e-02
6.529999999999999694e-02
5.449999999999999983e-02
6.019999999999999657e-02
6.719999999999999585e-02
7.259999999999999787e-02
9.189999999999999558e-02
9.719999999999999474e-02
9.360000000000000264e-02
1.100000000000000006e-01
1.060999999999999999e-01
7.839999999999999747e-02
5.920000000000000262e-02
5.290000000000000258e-02
4.089999999999999886e-02
4.490000000000000241e-02
5.050000000000000322e-02
6.210000000000000242e-02
7.090000000000000469e-02
7.399999999999999634e-02
5.530000000000000193e-02
3.509999999999999926e-02
2.699999999999999969e-02
1.200000000000000025e-02
8.399999999999999481e-03
2.500000000000000052e-03
0.000000000000000000e+00
0.000000000000000000e+00
3.000000000000000062e-03
0.000000000000000000e+00
1.600000000000000077e-03
7.100000000000000408e-03
1.799999999999999864e-02
2.129999999999999949e-02
2.009999999999999981e-02
1.499999999999999944e-02
1.370000000000000037e-02
1.689999999999999836e-02
3.359999999999999792e-02
6.260000000000000286e-02
1.212000000000000022e-01
1.729999999999999871e-01
2.376000000000000056e-01
3.069999999999999951e-01
3.897999999999999798e-01
4.832000000000000184e-01
5.535999999999999810e-01
6.892000000000000348e-01
7.672999999999999821e-01
8.192000000000000393e-01
8.339999999999999636e-01
8.286000000000000032e-01
8.208999999999999631e-01
8.114999999999999991e-01
7.989000000000000545e-01
8.155000000000000027e-01
7.949000000000000510e-01
8.145000000000000018e-01
8.313000000000000389e-01
8.467000000000000082e-01
8.539999999999999813e-01
8.807000000000000384e-01
8.715000000000000524e-01
8.997000000000000552e-01
8.991000000000000103e-01
9.079000000000000403e-01
9.094999999999999751e-01
9.149000000000000465e-01
9.115999999999999659e-01
9.155999999999999694e-01
9.100000000000000311e-01
9.103999999999999870e-01
9.101000000000000201e-01
9.059000000000000385e-01
8.977000000000000535e-01
9.109000000000000430e-01
8.974999999999999645e-01
8.720999999999999863e-01
8.840000000000000080e-01
8.908000000000000362e-01
8.998000000000000442e-01
9.002000000000000002e-01
9.174999999999999822e-01
9.226999999999999647e-01
9.153000000000000025e-01
9.082000000000000073e-01
9.020000000000000240e-01
8.860999999999999988e-01
8.953999999999999737e-01
9.039000000000000368e-01
9.182000000000000162e-01
9.243000000000000105e-01
9.253000000000000114e-01
9.227999999999999536e-01
9.441000000000000503e-01
9.384000000000000119e-01
9.405999999999999917e-01
9.447999999999999732e-01
9.573000000000000398e-01
9.493000000000000327e-01
9.595000000000000195e-01
9.423000000000000265e-01
9.203000000000000069e-01
9.088000000000000522e-01
9.022000000000000020e-01
8.846000000000000529e-01
8.538999999999999924e-01
8.407999999999999918e-01
8.053000000000000158e-01
7.890000000000000346e-01
7.744999999999999662e-01
7.580999999999999961e-01
7.438000000000000167e-01
7.405000000000000471e-01
7.665999999999999481e-01
7.781000000000000139e-01
8.330999999999999517e-01
8.502999999999999448e-01
9.071000000000000174e-01
9.362000000000000322e-01
9.389999999999999458e-01
9.404000000000000137e-01
9.493000000000000327e-01
9.717000000000000082e-01
9.635000000000000231e-01
9.670999999999999597e-01
9.741999999999999549e-01
9.645000000000000240e-01
9.661999999999999478e-01
9.724000000000000421e-01
9.599999999999999645e-01
9.439999999999999503e-01
9.454000000000000181e-01
9.425999999999999934e-01
9.512000000000000455e-01
9.503000000000000336e-01
9.646000000000000130e-01
9.670999999999999597e-01
9.634000000000000341e-01
9.631999999999999451e-01
9.699999999999999734e-01
9.762999999999999456e-01
9.638999999999999790e-01
9.537999999999999812e-01
9.515000000000000124e-01
9.506000000000000005e-01
9.415999999999999925e-01
9.442000000000000393e-01
9.623000000000000442e-01
9.393000000000000238e-01
9.452000000000000401e-01
9.315999999999999837e-01
9.311000000000000387e-01
9.271000000000000352e-01
9.405000000000000027e-01
9.399999999999999467e-01
9.223999999999999977e-01
9.282000000000000250e-01
9.273000000000000131e-01
9.191000000000000281e-01
9.039000000000000368e-01
8.987000000000000544e-01
8.659000000000000030e-01
8.441999999999999504e-01
8.208999999999999631e-01
8.022000000000000242e-01
7.677000000000000490e-01
7.126000000000000112e-01
6.573999999999999844e-01
6.067000000000000171e-01
5.473999999999999977e-01
4.430999999999999939e-01
3.625999999999999779e-01
3.216999999999999860e-01
2.943000000000000060e-01
2.484000000000000097e-01
2.275999999999999968e-01
2.146000000000000130e-01
1.814999999999999947e-01
1.292000000000000093e-01
1.034999999999999948e-01
8.010000000000000453e-02
6.759999999999999343e-02
4.660000000000000253e-02
3.699999999999999817e-02
3.599999999999999728e-02
3.080000000000000099e-02
3.099999999999999978e-02
3.690000000000000224e-02
3.860000000000000236e-02
5.700000000000000205e-02
6.629999999999999782e-02
9.470000000000000639e-02
1.141999999999999960e-01
1.449999999999999900e-01
1.809000000000000052e-01
2.041999999999999926e-01
2.232999999999999985e-01
2.379000000000000004e-01
2.263000000000000012e-01
2.016000000000000014e-01
1.869000000000000106e-01
1.638999999999999901e-01
1.297000000000000097e-01
1.174000000000000044e-01
1.129000000000000004e-01
1.146999999999999964e-01
1.137999999999999984e-01
1.174999999999999933e-01
1.140999999999999931e-01
9.909999999999999365e-02
8.849999999999999534e-02
8.920000000000000151e-02
7.309999999999999831e-02
6.840000000000000246e-02
6.759999999999999343e-02
7.309999999999999831e-02
6.740000000000000158e-02
5.430000000000000104e-02
4.359999999999999987e-02
4.499999999999999833e-02
3.930000000000000160e-02
4.309999999999999942e-02
5.079999999999999793e-02
5.619999999999999996e-02
6.809999999999999387e-02
8.630000000000000171e-02
1.069999999999999979e-01
1.489000000000000046e-01
1.506000000000000116e-01
1.622999999999999998e-01
1.867999999999999938e-01
1.940000000000000058e-01
2.177000000000000046e-01
2.625000000000000111e-01
3.522000000000000131e-01
4.299000000000000044e-01
4.840999999999999748e-01
5.349000000000000421e-01
5.756000000000000005e-01
5.979999999999999760e-01
6.342999999999999750e-01
6.538000000000000478e-01
6.482999999999999874e-01
6.408000000000000362e-01
6.468000000000000416e-01
6.077000000000000179e-01
6.038000000000000034e-01
5.822000000000000508e-01
5.666999999999999815e-01
5.679999999999999494e-01
5.651000000000000467e-01
5.753000000000000336e-01
6.221999999999999753e-01
6.035000000000000364e-01
6.259000000000000119e-01
6.117000000000000215e-01
6.036000000000000254e-01
5.924000000000000377e-01
6.005000000000000338e-01
6.067000000000000171e-01
6.250999999999999890e-01
6.410000000000000142e-01
6.572999999999999954e-01
6.772000000000000242e-01
7.062000000000000499e-01
7.321999999999999620e-01
7.448000000000000176e-01
7.562999999999999723e-01
7.715999999999999526e-01
8.041000000000000369e-01
8.082000000000000295e-01
8.036999999999999700e-01
8.143000000000000238e-01
8.044999999999999929e-01
7.517000000000000348e-01
7.154000000000000359e-01
6.939999999999999503e-01
6.579000000000000403e-01
6.180999999999999828e-01
6.192999999999999616e-01
6.260000000000000009e-01
6.066000000000000281e-01
5.818999999999999728e-01
5.976000000000000201e-01
5.915000000000000258e-01
6.068999999999999950e-01
6.664999999999999813e-01
6.949999999999999512e-01
7.409999999999999920e-01
7.551999999999999824e-01
7.173000000000000487e-01
6.568000000000000504e-01
