9.476999999999999869e-01
9.321000000000000396e-01
8.984999999999999654e-01
8.757000000000000339e-01
8.471999999999999531e-01
8.242000000000000437e-01
8.141000000000000458e-01
8.276000000000000023e-01
8.074999999999999956e-01
8.121000000000000441e-01
7.945999999999999730e-01
7.800000000000000266e-01
7.493999999999999551e-01
7.292999999999999483e-01
6.895999999999999908e-01
6.761000000000000343e-01
6.934000000000000163e-01
6.651000000000000245e-01
6.761000000000000343e-01
6.687999999999999501e-01
6.766999999999999682e-01
6.641000000000000236e-01
6.898999999999999577e-01
7.073000000000000398e-01
7.305000000000000382e-01
7.812999999999999945e-01
7.964999999999999858e-01
8.167999999999999705e-01
8.326000000000000068e-01
8.336000000000000076e-01
8.256999999999999895e-01
8.286999999999999922e-01
8.203000000000000291e-01
8.349999999999999645e-01
8.356999999999999984e-01
8.376000000000000112e-01
8.416000000000000147e-01
8.429999999999999716e-01
8.397999999999999909e-01
8.352000000000000535e-01
8.239999999999999547e-01
8.211000000000000520e-01
8.310999999999999499e-01
8.436000000000000165e-01
8.542999999999999483e-01
8.696000000000000396e-01
8.779000000000000137e-01
8.720999999999999863e-01
8.830000000000000071e-01
8.828000000000000291e-01
8.950000000000000178e-01
9.022999999999999909e-01
9.092000000000000082e-01
9.052000000000000046e-01
8.889000000000000234e-01
8.783999999999999586e-01
8.622999999999999554e-01
8.711999999999999744e-01
8.707000000000000295e-01
8.538000000000000034e-01
8.580999999999999739e-01
8.576000000000000290e-01
8.703999999999999515e-01
8.780000000000000027e-01
8.757000000000000339e-01
8.705000000000000515e-01
8.897000000000000464e-01
8.834999999999999520e-01
8.941999999999999948e-01
9.127999999999999448e-01
9.014999999999999680e-01
9.051000000000000156e-01
8.924999999999999600e-01
8.790000000000000036e-01
8.890000000000000124e-01
8.921999999999999931e-01
8.868000000000000327e-01
8.830999999999999961e-01
8.911999999999999922e-01
8.904999999999999583e-01
8.804999999999999494e-01
8.849000000000000199e-01
9.053999999999999826e-01
8.810999999999999943e-01
8.651999999999999691e-01
8.708000000000000185e-01
8.551999999999999602e-01
8.477000000000000091e-01
8.542999999999999483e-01
8.507000000000000117e-01
8.163000000000000256e-01
7.789000000000000368e-01
7.702999999999999847e-01
8.147999999999999687e-01
8.023000000000000131e-01
8.132000000000000339e-01
8.358999999999999764e-01
8.506000000000000227e-01
8.494000000000000439e-01
8.588000000000000078e-01
8.347999999999999865e-01
8.256000000000000005e-01
8.266999999999999904e-01
8.098999999999999533e-01
8.165999999999999925e-01
8.127999999999999670e-01
7.842999999999999972e-01
7.923000000000000043e-01
7.621999999999999886e-01
7.214000000000000412e-01
7.217000000000000082e-01
7.286000000000000254e-01
7.332999999999999519e-01
7.883999999999999897e-01
8.265000000000000124e-01
8.469999999999999751e-01
8.725000000000000533e-01
8.994999999999999662e-01
9.429999999999999494e-01
9.475999999999999979e-01
9.328999999999999515e-01
9.351000000000000423e-01
9.265999999999999792e-01
9.254000000000000004e-01
9.304999999999999938e-01
9.394000000000000128e-01
9.386999999999999789e-01
9.275999999999999801e-01
9.362000000000000322e-01
9.244999999999999885e-01
9.074999999999999734e-01
8.911000000000000032e-01
9.089000000000000412e-01
9.290000000000000480e-01
9.525000000000000133e-01
9.555000000000000160e-01
9.557999999999999829e-01
9.437999999999999723e-01
9.474000000000000199e-01
9.559999999999999609e-01
9.457999999999999741e-01
9.211000000000000298e-01
8.881999999999999895e-01
9.039000000000000368e-01
9.025999999999999579e-01
9.246999999999999664e-01
9.399999999999999467e-01
9.421000000000000485e-01
9.367999999999999661e-01
9.334999999999999964e-01
9.377999999999999670e-01
9.457999999999999741e-01
9.296999999999999709e-01
9.193000000000000060e-01
9.216999999999999638e-01
9.263000000000000123e-01
9.046999999999999487e-01
8.934999999999999609e-01
9.056999999999999496e-01
9.051000000000000156e-01
9.174999999999999822e-01
9.375999999999999890e-01
9.316999999999999726e-01
9.392000000000000348e-01
9.436999999999999833e-01
9.421000000000000485e-01
9.507999999999999785e-01
9.422000000000000375e-01
9.474000000000000199e-01
9.553000000000000380e-01
9.485000000000000098e-01
9.588999999999999746e-01
9.595000000000000195e-01
9.643000000000000460e-01
9.482000000000000428e-01
9.559999999999999609e-01
9.507999999999999785e-01
9.481000000000000538e-01
9.659999999999999698e-01
9.500999999999999446e-01
9.530999999999999472e-01
9.467999999999999750e-01
9.457999999999999741e-01
9.399999999999999467e-01
9.540999999999999481e-01
9.520999999999999464e-01
9.271000000000000352e-01
9.358999999999999542e-01
9.206999999999999629e-01
9.152000000000000135e-01
9.185999999999999721e-01
9.143000000000000016e-01
9.192000000000000171e-01
9.080000000000000293e-01
8.847000000000000419e-01
8.689999999999999947e-01
8.481999999999999540e-01
8.189999999999999503e-01
7.803999999999999826e-01
7.139999999999999680e-01
6.264999999999999458e-01
5.625999999999999890e-01
4.902000000000000246e-01
4.434000000000000163e-01
3.516000000000000236e-01
2.896000000000000241e-01
2.268999999999999906e-01
1.905000000000000027e-01
1.622999999999999998e-01
1.517000000000000015e-01
1.516000000000000125e-01
1.461000000000000076e-01
1.552999999999999936e-01
1.817999999999999894e-01
2.127000000000000002e-01
2.409000000000000030e-01
2.647999999999999798e-01
2.783999999999999808e-01
2.847999999999999976e-01
2.767000000000000015e-01
2.688999999999999724e-01
2.477000000000000035e-01
2.326999999999999902e-01
2.099000000000000032e-01
1.857000000000000040e-01
1.771000000000000074e-01
1.711000000000000021e-01
1.628000000000000003e-01
1.532000000000000028e-01
1.575999999999999901e-01
1.713000000000000078e-01
1.842000000000000026e-01
2.290000000000000091e-01
2.444000000000000061e-01
2.654000000000000248e-01
2.631999999999999895e-01
2.376999999999999946e-01
2.361999999999999933e-01
2.441000000000000114e-01
2.361999999999999933e-01
2.456000000000000127e-01
2.363999999999999990e-01
2.296999999999999875e-01
2.296999999999999875e-01
2.416999999999999982e-01
2.489999999999999991e-01
2.637999999999999790e-01
2.852000000000000091e-01
3.141999999999999793e-01
3.452999999999999958e-01
3.695999999999999841e-01
3.840000000000000080e-01
4.197000000000000175e-01
4.687000000000000055e-01
5.305999999999999606e-01
5.939999999999999725e-01
6.249000000000000110e-01
6.515999999999999570e-01
6.635999999999999677e-01
6.694999999999999840e-01
6.693999999999999950e-01
6.641000000000000236e-01
6.499000000000000332e-01
6.473999999999999755e-01
6.503999999999999782e-01
6.468000000000000416e-01
6.566999999999999504e-01
6.782000000000000250e-01
7.059999999999999609e-01
7.154000000000000359e-01
7.090999999999999526e-01
7.017999999999999794e-01
6.901000000000000467e-01
6.660000000000000364e-01
6.296000000000000485e-01
5.726999999999999869e-01
