8.454000000000000403e-01
8.572999999999999510e-01
8.135000000000000009e-01
7.793999999999999817e-01
7.243000000000000549e-01
6.512000000000000011e-01
5.715999999999999970e-01
4.741000000000000214e-01
3.734999999999999987e-01
3.178000000000000269e-01
2.369999999999999885e-01
1.753000000000000114e-01
1.443000000000000116e-01
1.064999999999999974e-01
8.730000000000000260e-02
5.550000000000000072e-02
4.000000000000000083e-02
2.060000000000000026e-02
1.640000000000000138e-02
7.700000000000000247e-03
1.239999999999999956e-02
2.429999999999999868e-02
2.529999999999999957e-02
1.739999999999999880e-02
4.340000000000000108e-02
6.500000000000000222e-02
7.480000000000000537e-02
6.700000000000000400e-02
7.789999999999999702e-02
7.459999999999999964e-02
9.070000000000000284e-02
8.749999999999999445e-02
8.630000000000000171e-02
7.389999999999999347e-02
7.420000000000000207e-02
9.360000000000000264e-02
1.150999999999999940e-01
1.164000000000000035e-01
1.156999999999999973e-01
1.024000000000000049e-01
7.620000000000000384e-02
7.140000000000000513e-02
4.440000000000000197e-02
4.959999999999999826e-02
3.980000000000000204e-02
4.479999999999999954e-02
2.620000000000000107e-02
2.649999999999999925e-02
2.290000000000000022e-02
1.959999999999999937e-02
1.400000000000000029e-02
8.500000000000000611e-03
1.519999999999999997e-02
1.600000000000000077e-03
0.000000000000000000e+00
3.500000000000000073e-03
1.329999999999999932e-02
1.209999999999999964e-02
1.720000000000000001e-02
0.000000000000000000e+00
0.000000000000000000e+00
0.000000000000000000e+00
8.000000000000000167e-03
0.000000000000000000e+00
1.230000000000000017e-02
1.710000000000000062e-02
1.239999999999999956e-02
1.000000000000000021e-02
2.029999999999999860e-02
3.549999999999999684e-02
3.509999999999999926e-02
1.379999999999999977e-02
2.330000000000000127e-02
1.940000000000000058e-02
1.349999999999999985e-02
0.000000000000000000e+00
8.999999999999999320e-03
1.679999999999999896e-02
1.119999999999999989e-02
3.280000000000000276e-02
3.960000000000000325e-02
5.260000000000000092e-02
8.459999999999999465e-02
9.779999999999999805e-02
8.260000000000000675e-02
7.570000000000000340e-02
8.669999999999999929e-02
1.092999999999999944e-01
9.790000000000000091e-02
1.150000000000000050e-01
1.405000000000000138e-01
1.423000000000000098e-01
1.537000000000000033e-01
1.756999999999999951e-01
1.854000000000000092e-01
1.877000000000000057e-01
1.904000000000000137e-01
2.109999999999999931e-01
2.321999999999999897e-01
2.534000000000000141e-01
2.595000000000000084e-01
2.943999999999999950e-01
3.101999999999999758e-01
3.145999999999999908e-01
3.341999999999999971e-01
3.439999999999999725e-01
3.256999999999999895e-01
3.410000000000000253e-01
3.508000000000000007e-01
3.118000000000000216e-01
2.978000000000000091e-01
3.553000000000000047e-01
3.690999999999999837e-01
3.660999999999999810e-01
3.846999999999999864e-01
4.437999999999999723e-01
4.732999999999999985e-01
4.501000000000000001e-01
5.227000000000000535e-01
5.560000000000000497e-01
6.149000000000000021e-01
6.563999999999999835e-01
7.872999999999999998e-01
7.973999999999999977e-01
8.118999999999999551e-01
8.834999999999999520e-01
8.915999999999999481e-01
9.360000000000000542e-01
9.535000000000000142e-01
9.458999999999999631e-01
9.467999999999999750e-01
9.622000000000000552e-01
9.527999999999999803e-01
9.522000000000000464e-01
9.646000000000000130e-01
9.635000000000000231e-01
9.734000000000000430e-01
9.640999999999999570e-01
9.814000000000000501e-01
9.711999999999999522e-01
9.810999999999999721e-01
9.772999999999999465e-01
9.637000000000000011e-01
9.738999999999999879e-01
9.844000000000000528e-01
9.767000000000000126e-01
9.789999999999999813e-01
9.819999999999999840e-01
9.703000000000000513e-01
9.765000000000000346e-01
9.781999999999999584e-01
9.708999999999999853e-01
9.730999999999999650e-01
9.846000000000000307e-01
9.805000000000000382e-01
9.841999999999999638e-01
9.911999999999999700e-01
9.919999999999999929e-01
9.815000000000000391e-01
9.832999999999999519e-01
9.690999999999999615e-01
9.796000000000000263e-01
9.840999999999999748e-01
1.000000000000000000e+00
9.892999999999999572e-01
9.903999999999999471e-01
9.798000000000000043e-01
9.831999999999999629e-01
9.759999999999999787e-01
9.775000000000000355e-01
9.776000000000000245e-01
9.789999999999999813e-01
9.784000000000000474e-01
9.707999999999999963e-01
9.837000000000000188e-01
1.000000000000000000e+00
1.000000000000000000e+00
9.841999999999999638e-01
9.838999999999999968e-01
9.734000000000000430e-01
9.748999999999999888e-01
9.728999999999999870e-01
9.631999999999999451e-01
9.698999999999999844e-01
9.626000000000000112e-01
9.503000000000000336e-01
9.505000000000000115e-01
9.376999999999999780e-01
9.394000000000000128e-01
9.303000000000000158e-01
9.212000000000000188e-01
9.090000000000000302e-01
9.514000000000000234e-01
9.650999999999999579e-01
9.585000000000000187e-01
9.378999999999999559e-01
9.576999999999999957e-01
9.818000000000000060e-01
9.739999999999999769e-01
9.609999999999999654e-01
9.565000000000000169e-01
9.657999999999999918e-01
9.910999999999999810e-01
9.991999999999999771e-01
9.975000000000000533e-01
9.993999999999999551e-01
9.844000000000000528e-01
9.869999999999999885e-01
9.925000000000000488e-01
9.902999999999999581e-01
9.876000000000000334e-01
9.850999999999999757e-01
1.000000000000000000e+00
1.000000000000000000e+00
9.998000000000000220e-01
9.875000000000000444e-01
9.845000000000000417e-01
9.730999999999999650e-01
9.758999999999999897e-01
9.667000000000000037e-01
9.688999999999999835e-01
9.768999999999999906e-01
9.882999999999999563e-01
9.874000000000000554e-01
9.973999999999999533e-01
9.891999999999999682e-01
9.752999999999999448e-01
9.868999999999999995e-01
9.919000000000000039e-01
9.889000000000000012e-01
9.768000000000000016e-01
9.814000000000000501e-01
9.766000000000000236e-01
9.741999999999999549e-01
9.890999999999999792e-01
9.905000000000000471e-01
9.892999999999999572e-01
9.931999999999999718e-01
9.864000000000000545e-01
9.830999999999999739e-01
9.779999999999999805e-01
9.796000000000000263e-01
9.810999999999999721e-01
9.794000000000000483e-01
9.730999999999999650e-01
9.816000000000000281e-01
9.726000000000000201e-01
9.835000000000000409e-01
9.959999999999999964e-01
9.797000000000000153e-01
9.816000000000000281e-01
9.747000000000000108e-01
9.796000000000000263e-01
9.736000000000000210e-01
9.831999999999999629e-01
9.814000000000000501e-01
9.834000000000000519e-01
9.918000000000000149e-01
9.889999999999999902e-01
9.918000000000000149e-01
9.939000000000000057e-01
9.916000000000000369e-01
1.000000000000000000e+00
9.959999999999999964e-01
9.951999999999999735e-01
9.929999999999999938e-01
9.972999999999999643e-01
1.000000000000000000e+00
9.923999999999999488e-01
9.868999999999999995e-01
9.798000000000000043e-01
9.743000000000000549e-01
9.687000000000000055e-01
9.645000000000000240e-01
9.536999999999999922e-01
9.385000000000000009e-01
9.347999999999999643e-01
9.264999999999999902e-01
8.987000000000000544e-01
8.763999999999999568e-01
8.484000000000000430e-01
8.132000000000000339e-01
7.662999999999999812e-01
7.315000000000000391e-01
7.276000000000000245e-01
7.328000000000000069e-01
7.467000000000000304e-01
7.750000000000000222e-01
7.963999999999999968e-01
8.035999999999999810e-01
8.263000000000000345e-01
8.370999999999999552e-01
8.274000000000000243e-01
8.067999999999999616e-01
7.755999999999999561e-01
7.221999999999999531e-01
6.847999999999999643e-01
6.542999999999999927e-01
6.111999999999999655e-01
5.726999999999999869e-01
5.701000000000000512e-01
5.486999999999999655e-01
5.537999999999999590e-01
5.413000000000000034e-01
5.726999999999999869e-01
5.706999999999999851e-01
5.825000000000000178e-01
5.703000000000000291e-01
5.557999999999999607e-01
5.354999999999999760e-01
5.205999999999999517e-01
5.023999999999999577e-01
4.954000000000000070e-01
4.643999999999999795e-01
4.163000000000000034e-01
3.960000000000000187e-01
3.814000000000000168e-01
3.499999999999999778e-01
2.867000000000000104e-01
2.281999999999999862e-01
1.819999999999999951e-01
1.228000000000000064e-01
8.999999999999999667e-02
8.340000000000000191e-02
9.170000000000000373e-02
1.026999999999999996e-01
1.015000000000000069e-01
1.039999999999999952e-01
1.115000000000000019e-01
1.020999999999999963e-01
9.089999999999999469e-02
8.599999999999999312e-02
8.780000000000000304e-02
7.449999999999999678e-02
6.040000000000000230e-02
6.339999999999999802e-02
6.969999999999999807e-02
7.870000000000000606e-02
8.050000000000000211e-02
8.219999999999999529e-02
8.980000000000000482e-02
9.229999999999999316e-02
7.850000000000000033e-02
7.049999999999999323e-02
5.559999999999999665e-02
3.869999999999999829e-02
2.620000000000000107e-02
2.330000000000000127e-02
2.089999999999999844e-02
1.490000000000000005e-02
3.459999999999999881e-02
4.809999999999999692e-02
7.829999999999999460e-02
8.680000000000000215e-02
8.749999999999999445e-02
9.030000000000000526e-02
8.010000000000000453e-02
6.539999999999999980e-02
7.199999999999999456e-02
8.200000000000000344e-02
8.999999999999999667e-02
1.008000000000000007e-01
1.006999999999999978e-01
1.106000000000000039e-01
1.198000000000000037e-01
1.241000000000000020e-01
1.302000000000000102e-01
1.345000000000000084e-01
1.343000000000000027e-01
1.464999999999999913e-01
1.721999999999999920e-01
2.073000000000000120e-01
2.676000000000000045e-01
3.136999999999999789e-01
3.556000000000000272e-01
3.604999999999999871e-01
3.713000000000000189e-01
3.986000000000000099e-01
4.482999999999999763e-01
5.150000000000000133e-01
5.943000000000000504e-01
6.659000000000000474e-01
7.625999999999999446e-01
8.272000000000000464e-01
8.807000000000000384e-01
9.263000000000000123e-01
9.586000000000000076e-01
9.734000000000000430e-01
9.866000000000000325e-01
9.786000000000000254e-01
9.858999999999999986e-01
1.000000000000000000e+00
1.000000000000000000e+00
1.000000000000000000e+00
1.000000000000000000e+00
1.000000000000000000e+00
1.000000000000000000e+00
1.000000000000000000e+00
1.000000000000000000e+00
1.000000000000000000e+00
1.000000000000000000e+00
1.000000000000000000e+00
1.000000000000000000e+00
1.000000000000000000e+00
1.000000000000000000e+00
1.000000000000000000e+00
1.000000000000000000e+00
1.000000000000000000e+00
1.000000000000000000e+00
1.000000000000000000e+00
1.000000000000000000e+00
1.000000000000000000e+00
1.000000000000000000e+00
1.000000000000000000e+00
9.945000000000000506e-01
9.879999999999999893e-01
9.976000000000000423e-01
9.529999999999999583e-01
9.487999999999999767e-01
9.251000000000000334e-01
9.069000000000000394e-01
8.960000000000000187e-01
8.635000000000000453e-01
8.329999999999999627e-01
7.957999999999999519e-01
7.466000000000000414e-01
7.321999999999999620e-01
7.481999999999999762e-01
7.108999999999999764e-01
7.090999999999999526e-01
7.402999999999999581e-01
7.410999999999999810e-01
7.237000000000000099e-01
7.740000000000000213e-01
8.030000000000000471e-01
7.576000000000000512e-01
7.741000000000000103e-01
7.271999999999999575e-01
6.205000000000000515e-01
5.633000000000000229e-01
5.427999999999999492e-01
4.606000000000000094e-01
3.634999999999999898e-01
2.691000000000000059e-01
1.648000000000000020e-01
1.073000000000000065e-01
9.410000000000000309e-02
8.939999999999999336e-02
7.520000000000000295e-02
9.420000000000000595e-02
8.000000000000000167e-02
9.189999999999999558e-02
7.589999999999999525e-02
8.379999999999999949e-02
8.890000000000000679e-02
7.309999999999999831e-02
5.510000000000000314e-02
4.750000000000000056e-02
5.090000000000000080e-02
5.220000000000000334e-02
6.400000000000000133e-02
6.289999999999999758e-02
5.670000000000000040e-02
4.950000000000000233e-02
3.769999999999999740e-02
3.090000000000000038e-02
2.210000000000000159e-02
2.040000000000000147e-02
1.969999999999999876e-02
2.939999999999999905e-02
1.650000000000000078e-02
1.940000000000000058e-02
1.379999999999999977e-02
1.370000000000000037e-02
5.899999999999999863e-03
4.100000000000000346e-03
6.899999999999999883e-03
6.000000000000000125e-03
7.400000000000000328e-03
8.999999999999999320e-03
1.430000000000000021e-02
2.869999999999999982e-02
2.819999999999999937e-02
3.950000000000000039e-02
3.150000000000000022e-02
2.469999999999999973e-02
2.529999999999999957e-02
2.429999999999999868e-02
1.870000000000000134e-02
1.310000000000000053e-02
2.079999999999999905e-02
2.019999999999999921e-02
2.380000000000000171e-02
3.529999999999999805e-02
5.879999999999999810e-02
7.169999999999999984e-02
8.590000000000000413e-02
8.100000000000000255e-02
6.850000000000000533e-02
6.629999999999999782e-02
7.480000000000000537e-02
1.083999999999999964e-01
1.279000000000000137e-01
1.355000000000000093e-01
1.285999999999999921e-01
1.038000000000000034e-01
6.669999999999999540e-02
3.939999999999999752e-02
2.589999999999999941e-02
1.750000000000000167e-02
1.039999999999999952e-02
1.529999999999999936e-02
4.300000000000000003e-03
6.599999999999999964e-03
6.799999999999999621e-03
5.599999999999999943e-03
9.199999999999999845e-03
1.110000000000000049e-02
1.080000000000000057e-02
3.099999999999999891e-03
1.260000000000000009e-02
1.100000000000000066e-03
2.170000000000000054e-02
1.930000000000000118e-02
3.259999999999999704e-02
3.860000000000000236e-02
5.240000000000000213e-02
6.610000000000000597e-02
6.320000000000000617e-02
5.829999999999999766e-02
5.510000000000000314e-02
5.739999999999999963e-02
5.650000000000000161e-02
6.169999999999999790e-02
7.280000000000000360e-02
7.459999999999999964e-02
8.490000000000000324e-02
9.180000000000000659e-02
8.260000000000000675e-02
5.970000000000000306e-02
4.080000000000000293e-02
3.039999999999999994e-02
2.000000000000000042e-02
2.510000000000000078e-02
2.589999999999999941e-02
3.009999999999999828e-02
2.989999999999999949e-02
1.629999999999999852e-02
1.009999999999999960e-02
1.069999999999999944e-02
1.209999999999999964e-02
1.050000000000000065e-02
1.499999999999999944e-02
3.429999999999999716e-02
2.610000000000000167e-02
3.799999999999999906e-02
3.749999999999999861e-02
4.070000000000000007e-02
5.970000000000000306e-02
5.559999999999999665e-02
4.730000000000000177e-02
4.769999999999999934e-02
7.670000000000000429e-02
1.147999999999999993e-01
1.451000000000000068e-01
2.051999999999999935e-01
2.972000000000000197e-01
3.493999999999999884e-01
4.101000000000000201e-01
4.386999999999999789e-01
4.722000000000000086e-01
4.726000000000000201e-01
4.489000000000000212e-01
4.149999999999999800e-01
3.600999999999999757e-01
2.902000000000000135e-01
2.461000000000000132e-01
1.801000000000000101e-01
1.116999999999999937e-01
6.829999999999999960e-02
3.099999999999999978e-02
2.139999999999999888e-02
1.549999999999999989e-02
2.170000000000000054e-02
3.160000000000000309e-02
5.820000000000000173e-02
7.470000000000000251e-02
1.033000000000000029e-01
9.740000000000000047e-02
9.929999999999999938e-02
8.569999999999999840e-02
7.729999999999999372e-02
8.550000000000000655e-02
9.479999999999999538e-02
8.599999999999999312e-02
6.779999999999999916e-02
5.369999999999999774e-02
3.969999999999999918e-02
3.509999999999999926e-02
3.629999999999999893e-02
3.479999999999999760e-02
4.909999999999999781e-02
6.980000000000000093e-02
8.890000000000000679e-02
1.431999999999999940e-01
2.222000000000000086e-01
3.220000000000000084e-01
3.930000000000000160e-01
4.727000000000000091e-01
5.315999999999999615e-01
5.718999999999999639e-01
6.260000000000000009e-01
6.387000000000000455e-01
6.278000000000000247e-01
5.877000000000000002e-01
5.544000000000000039e-01
5.017000000000000348e-01
4.994999999999999996e-01
4.353000000000000203e-01
3.748000000000000220e-01
2.635000000000000120e-01
1.640999999999999959e-01
9.660000000000000531e-02
4.660000000000000253e-02
3.160000000000000309e-02
1.660000000000000017e-02
7.799999999999999642e-03
6.799999999999999621e-03
7.799999999999999642e-03
5.400000000000000286e-03
8.800000000000000530e-03
7.100000000000000408e-03
3.200000000000000153e-03
7.700000000000000247e-03
1.140000000000000041e-02
1.389999999999999916e-02
2.910000000000000087e-02
3.860000000000000236e-02
4.739999999999999769e-02
6.460000000000000464e-02
7.829999999999999460e-02
7.729999999999999372e-02
5.990000000000000185e-02
4.279999999999999777e-02
3.559999999999999970e-02
3.729999999999999982e-02
5.809999999999999887e-02
7.309999999999999831e-02
7.749999999999999944e-02
6.909999999999999476e-02
6.669999999999999540e-02
4.250000000000000305e-02
4.580000000000000043e-02
2.960000000000000131e-02
2.089999999999999844e-02
1.820000000000000090e-02
3.169999999999999901e-02
3.470000000000000168e-02
4.989999999999999991e-02
6.529999999999999694e-02
8.709999999999999687e-02
1.087000000000000050e-01
9.750000000000000333e-02
5.829999999999999766e-02
3.670000000000000345e-02
2.520000000000000018e-02
1.480000000000000066e-02
1.710000000000000062e-02
2.999999999999999889e-02
3.559999999999999970e-02
3.880000000000000115e-02
3.839999999999999664e-02
4.170000000000000095e-02
3.869999999999999829e-02
3.350000000000000200e-02
3.389999999999999958e-02
3.579999999999999849e-02
4.009999999999999676e-02
4.769999999999999934e-02
5.369999999999999774e-02
7.829999999999999460e-02
1.073999999999999955e-01
1.300000000000000044e-01
1.272999999999999965e-01
1.079999999999999988e-01
1.082999999999999935e-01
1.084999999999999992e-01
8.060000000000000497e-02
6.669999999999999540e-02
5.199999999999999761e-02
4.639999999999999680e-02
3.549999999999999684e-02
4.499999999999999833e-02
5.920000000000000262e-02
7.359999999999999876e-02
9.500000000000000111e-02
9.819999999999999563e-02
1.014000000000000040e-01
8.290000000000000147e-02
6.110000000000000153e-02
4.900000000000000189e-02
4.819999999999999979e-02
4.449999999999999789e-02
5.940000000000000141e-02
8.390000000000000235e-02
1.102000000000000063e-01
1.612000000000000099e-01
2.116999999999999993e-01
2.760000000000000231e-01
3.464999999999999747e-01
4.082999999999999963e-01
4.072999999999999954e-01
4.116000000000000214e-01
