9.122000000000000108e-01
9.161000000000000254e-01
8.977000000000000535e-01
8.615000000000000435e-01
8.410999999999999588e-01
8.358999999999999764e-01
8.407000000000000028e-01
8.391999999999999460e-01
8.454000000000000403e-01
8.512999999999999456e-01
8.629999999999999893e-01
8.657000000000000250e-01
8.647000000000000242e-01
8.705000000000000515e-01
8.693999999999999506e-01
8.600999999999999757e-01
8.505000000000000338e-01
8.367999999999999883e-01
8.400999999999999579e-01
8.397000000000000020e-01
8.380999999999999561e-01
8.476000000000000201e-01
8.507000000000000117e-01
8.527000000000000135e-01
8.597000000000000197e-01
8.677000000000000268e-01
8.635000000000000453e-01
8.577000000000000179e-01
8.758000000000000229e-01
8.627000000000000224e-01
8.773999999999999577e-01
8.951999999999999957e-01
9.004999999999999671e-01
9.082000000000000073e-01
9.160000000000000364e-01
9.095999999999999641e-01
9.113999999999999879e-01
9.125999999999999668e-01
9.058000000000000496e-01
9.031000000000000139e-01
8.972999999999999865e-01
8.958000000000000407e-01
9.093999999999999861e-01
9.152000000000000135e-01
9.243999999999999995e-01
9.226999999999999647e-01
9.167999999999999483e-01
9.230000000000000426e-01
9.141000000000000236e-01
9.079000000000000403e-01
9.051000000000000156e-01
9.065999999999999615e-01
9.053999999999999826e-01
8.898000000000000353e-01
8.813999999999999613e-01
8.688000000000000167e-01
8.364000000000000323e-01
8.643999999999999462e-01
8.618999999999999995e-01
8.692999999999999616e-01
8.790999999999999925e-01
8.762999999999999678e-01
8.787000000000000366e-01
8.881000000000000005e-01
9.040000000000000258e-01
9.085999999999999632e-01
9.199000000000000510e-01
9.239000000000000545e-01
9.300000000000000488e-01
9.273000000000000131e-01
9.324000000000000066e-01
9.161000000000000254e-01
8.915999999999999481e-01
8.867000000000000437e-01
8.932999999999999829e-01
8.871999999999999886e-01
8.800000000000000044e-01
8.800000000000000044e-01
8.994999999999999662e-01
9.100000000000000311e-01
9.092000000000000082e-01
9.154999999999999805e-01
9.256999999999999673e-01
9.157999999999999474e-01
9.121000000000000218e-01
9.153999999999999915e-01
9.187999999999999501e-01
8.911999999999999922e-01
8.910000000000000142e-01
8.881000000000000005e-01
8.802999999999999714e-01
8.780000000000000027e-01
8.817000000000000393e-01
8.699000000000000066e-01
8.830000000000000071e-01
8.963999999999999746e-01
8.937000000000000499e-01
8.769000000000000128e-01
9.003999999999999782e-01
9.122000000000000108e-01
9.154999999999999805e-01
9.278999999999999471e-01
9.201000000000000290e-01
9.135999999999999677e-01
8.949000000000000288e-01
9.053999999999999826e-01
9.114999999999999769e-01
9.169000000000000483e-01
9.122999999999999998e-01
9.052000000000000046e-01
9.044999999999999707e-01
9.152000000000000135e-01
9.163000000000000034e-01
9.032000000000000028e-01
9.023999999999999799e-01
9.030000000000000249e-01
8.938000000000000389e-01
9.042999999999999927e-01
9.167999999999999483e-01
9.030000000000000249e-01
9.133000000000000007e-01
9.051000000000000156e-01
8.944999999999999618e-01
8.848000000000000309e-01
8.710999999999999854e-01
8.732999999999999652e-01
8.601999999999999647e-01
8.801999999999999824e-01
8.853999999999999648e-01
8.866000000000000547e-01
8.831999999999999851e-01
8.799000000000000155e-01
8.532999999999999474e-01
8.496000000000000218e-01
8.663999999999999480e-01
8.544000000000000483e-01
8.708000000000000185e-01
9.006999999999999451e-01
8.874999999999999556e-01
8.721999999999999753e-01
8.892999999999999794e-01
8.872999999999999776e-01
8.651999999999999691e-01
8.612999999999999545e-01
8.729999999999999982e-01
8.750000000000000000e-01
8.578000000000000069e-01
8.497000000000000108e-01
8.572999999999999510e-01
8.379999999999999671e-01
8.178999999999999604e-01
8.093000000000000194e-01
7.896999999999999575e-01
7.965999999999999748e-01
7.812999999999999945e-01
7.707000000000000517e-01
7.631999999999999895e-01
7.625999999999999446e-01
7.628000000000000336e-01
7.875999999999999668e-01
7.885999999999999677e-01
7.731999999999999984e-01
7.897999999999999465e-01
7.832999999999999963e-01
7.903000000000000025e-01
7.883000000000000007e-01
7.990000000000000435e-01
7.969000000000000528e-01
8.006999999999999673e-01
8.114000000000000101e-01
8.121000000000000441e-01
7.955999999999999739e-01
7.633999999999999675e-01
7.556000000000000494e-01
7.389000000000000012e-01
7.036000000000000032e-01
6.544999999999999707e-01
6.035000000000000364e-01
5.412000000000000144e-01
5.138000000000000345e-01
4.653999999999999804e-01
4.388000000000000234e-01
4.007999999999999896e-01
3.709000000000000075e-01
3.335000000000000187e-01
3.029000000000000026e-01
2.656999999999999917e-01
2.149000000000000077e-01
1.836000000000000132e-01
1.670000000000000095e-01
1.506000000000000116e-01
1.275000000000000022e-01
1.113999999999999990e-01
9.070000000000000284e-02
9.589999999999999913e-02
8.920000000000000151e-02
9.220000000000000417e-02
7.810000000000000275e-02
8.000000000000000167e-02
8.909999999999999865e-02
9.130000000000000615e-02
1.025999999999999968e-01
1.154000000000000026e-01
1.532000000000000028e-01
1.913999999999999868e-01
2.371999999999999942e-01
3.020999999999999797e-01
3.392999999999999905e-01
3.808000000000000274e-01
4.240999999999999770e-01
4.687999999999999945e-01
5.315999999999999615e-01
5.746999999999999886e-01
6.141999999999999682e-01
6.732000000000000206e-01
7.029999999999999583e-01
7.409000000000000030e-01
7.458000000000000185e-01
7.900000000000000355e-01
7.875999999999999668e-01
8.100000000000000533e-01
8.289999999999999591e-01
8.404000000000000359e-01
8.457999999999999963e-01
8.666000000000000369e-01
8.728000000000000203e-01
8.882999999999999785e-01
8.921000000000000041e-01
9.050000000000000266e-01
9.193000000000000060e-01
9.171000000000000263e-01
9.193000000000000060e-01
9.278999999999999471e-01
9.287999999999999590e-01
9.249000000000000554e-01
9.191000000000000281e-01
8.969000000000000306e-01
8.662999999999999590e-01
8.608999999999999986e-01
8.602999999999999536e-01
8.375000000000000222e-01
8.306000000000000050e-01
8.046999999999999709e-01
7.590000000000000080e-01
7.167000000000000037e-01
6.434999999999999609e-01
5.778999999999999693e-01
4.981999999999999762e-01
4.259000000000000008e-01
3.531000000000000250e-01
2.723999999999999755e-01
2.220000000000000029e-01
1.637000000000000122e-01
8.659999999999999643e-02
4.320000000000000229e-02
3.459999999999999881e-02
2.659999999999999865e-02
2.999999999999999889e-02
1.499999999999999944e-02
9.100000000000000450e-03
0.000000000000000000e+00
0.000000000000000000e+00
0.000000000000000000e+00
0.000000000000000000e+00
0.000000000000000000e+00
2.239999999999999977e-02
2.809999999999999998e-02
1.729999999999999941e-02
9.400000000000000369e-03
0.000000000000000000e+00
0.000000000000000000e+00
0.000000000000000000e+00
0.000000000000000000e+00
0.000000000000000000e+00
0.000000000000000000e+00
3.599999999999999901e-03
1.460000000000000013e-02
2.000000000000000042e-02
2.759999999999999953e-02
4.519999999999999712e-02
6.379999999999999560e-02
7.320000000000000118e-02
1.029999999999999943e-01
1.438000000000000111e-01
1.638999999999999901e-01
2.117999999999999883e-01
2.942000000000000171e-01
4.036000000000000143e-01
4.477999999999999758e-01
4.763999999999999901e-01
4.577999999999999847e-01
