8.791999999999999815e-01
9.223999999999999977e-01
9.343000000000000194e-01
9.281000000000000361e-01
9.276999999999999691e-01
9.284999999999999920e-01
9.285999999999999810e-01
9.378999999999999559e-01
9.312000000000000277e-01
9.307999999999999607e-01
9.343000000000000194e-01
9.245999999999999774e-01
9.183999999999999941e-01
9.116999999999999549e-01
8.945999999999999508e-01
8.971000000000000085e-01
9.071000000000000174e-01
9.133000000000000007e-01
9.217999999999999527e-01
9.126999999999999558e-01
9.165999999999999703e-01
9.020000000000000240e-01
9.102000000000000091e-01
9.142000000000000126e-01
9.093999999999999861e-01
9.202000000000000179e-01
9.070000000000000284e-01
9.045999999999999597e-01
8.843999999999999639e-01
8.638000000000000123e-01
8.572999999999999510e-01
8.617000000000000215e-01
8.459999999999999742e-01
8.189999999999999503e-01
7.925999999999999712e-01
7.428000000000000158e-01
6.831000000000000405e-01
6.107000000000000206e-01
5.442000000000000171e-01
4.524000000000000243e-01
3.642000000000000237e-01
3.008000000000000118e-01
2.782999999999999918e-01
2.741999999999999993e-01
2.783999999999999808e-01
2.452000000000000013e-01
2.217000000000000082e-01
1.953000000000000014e-01
1.603999999999999870e-01
1.562000000000000055e-01
1.257000000000000062e-01
1.097999999999999948e-01
8.450000000000000566e-02
8.630000000000000171e-02
7.270000000000000073e-02
6.560000000000000553e-02
5.820000000000000173e-02
4.939999999999999947e-02
5.800000000000000294e-02
6.769999999999999629e-02
6.270000000000000573e-02
7.090000000000000469e-02
9.080000000000000571e-02
1.340999999999999970e-01
1.948999999999999899e-01
2.536999999999999811e-01
2.798999999999999821e-01
2.938000000000000056e-01
2.656000000000000028e-01
2.316000000000000003e-01
1.983999999999999930e-01
1.615999999999999936e-01
1.274000000000000132e-01
1.009000000000000036e-01
9.299999999999999933e-02
6.439999999999999891e-02
4.429999999999999910e-02
5.140000000000000124e-02
5.460000000000000270e-02
7.639999999999999569e-02
1.050999999999999990e-01
1.113999999999999990e-01
1.340999999999999970e-01
1.666999999999999871e-01
1.907999999999999974e-01
2.129000000000000059e-01
2.407999999999999863e-01
2.489999999999999991e-01
2.988999999999999990e-01
3.428999999999999826e-01
3.630999999999999783e-01
4.058999999999999830e-01
4.380999999999999894e-01
4.670000000000000262e-01
5.331000000000000183e-01
5.600000000000000533e-01
6.186000000000000387e-01
6.862000000000000322e-01
7.731999999999999984e-01
8.028999999999999471e-01
8.504000000000000448e-01
9.049000000000000377e-01
9.321000000000000396e-01
9.389999999999999458e-01
9.458999999999999631e-01
9.405999999999999917e-01
9.535000000000000142e-01
9.595000000000000195e-01
9.641999999999999460e-01
9.707999999999999963e-01
9.598999999999999755e-01
9.694000000000000394e-01
9.686000000000000165e-01
9.647000000000000020e-01
9.590999999999999526e-01
9.827000000000000179e-01
9.747999999999999998e-01
9.767000000000000126e-01
9.699999999999999734e-01
9.657999999999999918e-01
9.544000000000000261e-01
9.674000000000000377e-01
9.698999999999999844e-01
9.615000000000000213e-01
9.557999999999999829e-01
9.494000000000000217e-01
9.387999999999999678e-01
9.458999999999999631e-01
9.426999999999999824e-01
9.350000000000000533e-01
9.260000000000000453e-01
9.170000000000000373e-01
9.052000000000000046e-01
8.978000000000000425e-01
8.824999999999999512e-01
8.679000000000000048e-01
8.749000000000000110e-01
8.789000000000000146e-01
8.841999999999999860e-01
8.834999999999999520e-01
8.884999999999999565e-01
8.922999999999999821e-01
9.015999999999999570e-01
8.974999999999999645e-01
9.022999999999999909e-01
9.042999999999999927e-01
8.881000000000000005e-01
8.900000000000000133e-01
8.810000000000000053e-01
8.840000000000000080e-01
8.913999999999999702e-01
8.831999999999999851e-01
8.822999999999999732e-01
8.883999999999999675e-01
8.944999999999999618e-01
8.892999999999999794e-01
8.808000000000000274e-01
8.861999999999999877e-01
8.891000000000000014e-01
8.881000000000000005e-01
8.972999999999999865e-01
8.901999999999999913e-01
8.817000000000000393e-01
8.707000000000000295e-01
8.884999999999999565e-01
8.859000000000000208e-01
9.028000000000000469e-01
9.177999999999999492e-01
9.064999999999999725e-01
9.094999999999999751e-01
9.211000000000000298e-01
9.062999999999999945e-01
8.875999999999999446e-01
8.625000000000000444e-01
8.502999999999999448e-01
8.816000000000000503e-01
8.732999999999999652e-01
8.760000000000000009e-01
9.105999999999999650e-01
9.035999999999999588e-01
8.973999999999999755e-01
8.811999999999999833e-01
9.239000000000000545e-01
9.213999999999999968e-01
9.113999999999999879e-01
9.244999999999999885e-01
9.234999999999999876e-01
9.165999999999999703e-01
9.206999999999999629e-01
9.152000000000000135e-01
9.263000000000000123e-01
9.145999999999999686e-01
9.069000000000000394e-01
9.050000000000000266e-01
8.988000000000000433e-01
9.050000000000000266e-01
8.945999999999999508e-01
8.853999999999999648e-01
8.496000000000000218e-01
8.817000000000000393e-01
8.779000000000000137e-01
8.862999999999999767e-01
8.990000000000000213e-01
9.079000000000000403e-01
9.099000000000000421e-01
9.010000000000000231e-01
9.151000000000000245e-01
9.194999999999999840e-01
9.086999999999999522e-01
9.277999999999999581e-01
9.137999999999999456e-01
9.136999999999999567e-01
9.348999999999999533e-01
9.302000000000000268e-01
9.109000000000000430e-01
9.104999999999999760e-01
9.149000000000000465e-01
9.293000000000000149e-01
9.439999999999999503e-01
9.526000000000000023e-01
9.594000000000000306e-01
9.624000000000000332e-01
9.584000000000000297e-01
9.502000000000000446e-01
9.491000000000000547e-01
9.374000000000000110e-01
9.192000000000000171e-01
9.308999999999999497e-01
9.346999999999999753e-01
9.328999999999999515e-01
9.387999999999999678e-01
9.311000000000000387e-01
9.234999999999999876e-01
9.112999999999999989e-01
9.264999999999999902e-01
9.452000000000000401e-01
9.413000000000000256e-01
9.340000000000000524e-01
9.210000000000000409e-01
9.344000000000000083e-01
9.381000000000000449e-01
9.426999999999999824e-01
9.441000000000000503e-01
9.267999999999999572e-01
9.150000000000000355e-01
9.189000000000000501e-01
9.252000000000000224e-01
9.300000000000000488e-01
9.219000000000000528e-01
9.136999999999999567e-01
9.230000000000000426e-01
9.217999999999999527e-01
9.056999999999999496e-01
8.883999999999999675e-01
8.882999999999999785e-01
8.909000000000000252e-01
9.093999999999999861e-01
9.058000000000000496e-01
8.910000000000000142e-01
9.054999999999999716e-01
9.006999999999999451e-01
9.104999999999999760e-01
9.063999999999999835e-01
9.036999999999999478e-01
9.123999999999999888e-01
9.129000000000000448e-01
9.114999999999999769e-01
9.151000000000000245e-01
9.116999999999999549e-01
9.187999999999999501e-01
9.071000000000000174e-01
9.066999999999999504e-01
9.205999999999999739e-01
9.360000000000000542e-01
9.191000000000000281e-01
9.055999999999999606e-01
8.963999999999999746e-01
8.788000000000000256e-01
8.932999999999999829e-01
9.011000000000000121e-01
8.893999999999999684e-01
8.938000000000000389e-01
9.122000000000000108e-01
9.086999999999999522e-01
8.826000000000000512e-01
9.020000000000000240e-01
9.254999999999999893e-01
9.274999999999999911e-01
9.399999999999999467e-01
9.373000000000000220e-01
9.383000000000000229e-01
9.332000000000000295e-01
9.275999999999999801e-01
9.347999999999999643e-01
9.274999999999999911e-01
9.394000000000000128e-01
9.306999999999999718e-01
9.214999999999999858e-01
9.089000000000000412e-01
9.143000000000000016e-01
9.068000000000000504e-01
9.062000000000000055e-01
8.990000000000000213e-01
8.610999999999999766e-01
8.648000000000000131e-01
8.908000000000000362e-01
9.146999999999999575e-01
8.915999999999999481e-01
9.169000000000000483e-01
9.300000000000000488e-01
9.366999999999999771e-01
9.393000000000000238e-01
9.436999999999999833e-01
9.311000000000000387e-01
9.189000000000000501e-01
8.981000000000000094e-01
8.616000000000000325e-01
8.740999999999999881e-01
8.687000000000000277e-01
8.600999999999999757e-01
8.457999999999999963e-01
8.584000000000000519e-01
8.671999999999999709e-01
8.787000000000000366e-01
8.949000000000000288e-01
8.829000000000000181e-01
8.850000000000000089e-01
9.024999999999999689e-01
8.952999999999999847e-01
8.606000000000000316e-01
8.781999999999999806e-01
9.295999999999999819e-01
9.314000000000000057e-01
9.341000000000000414e-01
9.358999999999999542e-01
9.425000000000000044e-01
9.427999999999999714e-01
9.443000000000000282e-01
9.364999999999999991e-01
9.643000000000000460e-01
9.466999999999999860e-01
9.527999999999999803e-01
9.492000000000000437e-01
9.553000000000000380e-01
9.532000000000000473e-01
9.554000000000000270e-01
9.509999999999999565e-01
9.363000000000000211e-01
9.345999999999999863e-01
9.368999999999999551e-01
9.191000000000000281e-01
9.225999999999999757e-01
9.344999999999999973e-01
9.169000000000000483e-01
9.273000000000000131e-01
9.267999999999999572e-01
9.134999999999999787e-01
9.229000000000000536e-01
9.166999999999999593e-01
9.192000000000000171e-01
9.244999999999999885e-01
9.191000000000000281e-01
9.170000000000000373e-01
9.089000000000000412e-01
9.032000000000000028e-01
9.133000000000000007e-01
9.223999999999999977e-01
9.231000000000000316e-01
9.291000000000000369e-01
9.202000000000000179e-01
9.186999999999999611e-01
9.071000000000000174e-01
9.089000000000000412e-01
9.003999999999999782e-01
8.997000000000000552e-01
8.985999999999999543e-01
8.861999999999999877e-01
8.816000000000000503e-01
8.606000000000000316e-01
8.437000000000000055e-01
8.252000000000000446e-01
8.128999999999999559e-01
7.892000000000000126e-01
7.514999999999999458e-01
7.046000000000000041e-01
6.765999999999999792e-01
6.266000000000000458e-01
5.995000000000000329e-01
5.770999999999999464e-01
5.615999999999999881e-01
5.118000000000000327e-01
