9.072999999999999954e-01
9.183999999999999941e-01
8.675000000000000488e-01
8.057999999999999607e-01
7.380999999999999783e-01
6.646999999999999575e-01
5.702000000000000401e-01
4.724999999999999756e-01
4.012999999999999901e-01
3.635999999999999788e-01
3.271000000000000019e-01
3.285000000000000142e-01
3.337999999999999856e-01
3.628000000000000114e-01
3.874000000000000221e-01
4.181000000000000272e-01
4.449000000000000177e-01
4.265999999999999792e-01
3.940000000000000169e-01
3.362999999999999878e-01
2.685000000000000164e-01
2.165999999999999870e-01
1.622000000000000108e-01
1.072000000000000036e-01
8.390000000000000235e-02
6.690000000000000113e-02
7.370000000000000162e-02
7.649999999999999856e-02
9.349999999999999978e-02
1.035999999999999976e-01
1.107000000000000067e-01
9.529999999999999583e-02
7.499999999999999722e-02
6.169999999999999790e-02
5.360000000000000181e-02
4.959999999999999826e-02
3.409999999999999837e-02
3.640000000000000180e-02
4.410000000000000031e-02
3.459999999999999881e-02
2.670000000000000151e-02
1.200000000000000025e-02
8.699999999999999400e-03
4.700000000000000185e-03
0.000000000000000000e+00
0.000000000000000000e+00
0.000000000000000000e+00
0.000000000000000000e+00
0.000000000000000000e+00
0.000000000000000000e+00
1.119999999999999989e-02
2.489999999999999852e-02
4.839999999999999858e-02
5.510000000000000314e-02
6.329999999999999516e-02
9.339999999999999691e-02
1.050999999999999990e-01
1.239999999999999991e-01
1.135000000000000037e-01
9.740000000000000047e-02
8.229999999999999816e-02
6.010000000000000064e-02
5.220000000000000334e-02
3.400000000000000244e-02
2.539999999999999897e-02
1.430000000000000021e-02
1.030000000000000013e-02
9.299999999999999239e-03
7.199999999999999803e-03
6.499999999999999702e-03
8.699999999999999400e-03
2.469999999999999973e-02
4.900000000000000189e-02
7.159999999999999698e-02
1.010000000000000064e-01
1.232000000000000040e-01
1.226000000000000006e-01
1.531000000000000139e-01
1.290000000000000036e-01
1.315000000000000058e-01
1.213000000000000050e-01
1.160000000000000059e-01
1.077000000000000041e-01
1.009000000000000036e-01
9.909999999999999365e-02
9.500000000000000111e-02
1.005000000000000060e-01
1.189999999999999947e-01
1.317000000000000115e-01
1.388999999999999957e-01
1.476000000000000090e-01
1.653999999999999915e-01
1.771000000000000074e-01
1.976999999999999869e-01
2.212999999999999967e-01
2.278000000000000025e-01
2.331999999999999906e-01
2.560000000000000053e-01
2.812000000000000055e-01
3.009000000000000008e-01
3.368999999999999773e-01
3.674000000000000044e-01
4.223999999999999977e-01
4.667000000000000037e-01
4.900999999999999801e-01
5.316999999999999504e-01
6.086000000000000298e-01
6.360999999999999988e-01
6.928999999999999604e-01
7.495000000000000551e-01
8.317999999999999838e-01
8.259999999999999565e-01
8.705000000000000515e-01
8.953999999999999737e-01
9.358999999999999542e-01
9.481000000000000538e-01
9.559999999999999609e-01
9.646000000000000130e-01
9.726000000000000201e-01
9.734000000000000430e-01
9.709999999999999742e-01
9.736000000000000210e-01
9.919000000000000039e-01
9.716000000000000192e-01
9.656000000000000139e-01
9.703000000000000513e-01
9.677999999999999936e-01
9.678999999999999826e-01
9.639999999999999680e-01
9.605000000000000204e-01
9.626000000000000112e-01
9.755000000000000338e-01
9.708999999999999853e-01
9.576999999999999957e-01
9.746000000000000218e-01
9.675000000000000266e-01
9.776000000000000245e-01
9.775000000000000355e-01
9.818999999999999950e-01
9.818999999999999950e-01
9.717999999999999972e-01
9.780999999999999694e-01
9.768000000000000016e-01
9.751999999999999558e-01
9.727000000000000091e-01
9.808000000000000052e-01
9.928000000000000158e-01
9.759999999999999787e-01
9.839999999999999858e-01
9.889000000000000012e-01
1.000000000000000000e+00
1.000000000000000000e+00
9.965000000000000524e-01
9.798000000000000043e-01
9.886000000000000343e-01
9.932999999999999607e-01
1.000000000000000000e+00
1.000000000000000000e+00
1.000000000000000000e+00
1.000000000000000000e+00
9.917000000000000259e-01
1.000000000000000000e+00
1.000000000000000000e+00
1.000000000000000000e+00
1.000000000000000000e+00
1.000000000000000000e+00
1.000000000000000000e+00
1.000000000000000000e+00
1.000000000000000000e+00
1.000000000000000000e+00
1.000000000000000000e+00
1.000000000000000000e+00
1.000000000000000000e+00
1.000000000000000000e+00
1.000000000000000000e+00
9.927000000000000268e-01
9.847000000000000197e-01
9.969999999999999973e-01
9.993999999999999551e-01
9.852999999999999536e-01
9.839999999999999858e-01
9.812999999999999501e-01
9.720999999999999641e-01
9.693000000000000504e-01
9.637000000000000011e-01
9.630999999999999561e-01
9.641999999999999460e-01
9.684000000000000385e-01
9.772999999999999465e-01
9.446999999999999842e-01
9.334000000000000075e-01
9.052999999999999936e-01
8.712999999999999634e-01
8.393000000000000460e-01
7.789000000000000368e-01
7.039999999999999591e-01
6.223999999999999533e-01
6.019999999999999796e-01
5.515999999999999792e-01
5.000000000000000000e-01
5.157000000000000473e-01
5.083999999999999631e-01
4.973000000000000198e-01
5.258000000000000451e-01
5.171999999999999931e-01
5.475999999999999757e-01
5.543000000000000149e-01
5.745999999999999996e-01
5.842000000000000526e-01
6.125000000000000444e-01
6.251999999999999780e-01
6.414999999999999591e-01
6.894000000000000128e-01
6.786999999999999700e-01
7.050999999999999490e-01
7.272999999999999465e-01
7.358000000000000096e-01
7.600999999999999979e-01
7.603999999999999648e-01
7.596000000000000529e-01
7.510000000000000009e-01
7.945999999999999730e-01
8.090000000000000524e-01
8.297999999999999821e-01
8.389999999999999680e-01
8.383000000000000451e-01
8.390999999999999570e-01
8.416000000000000147e-01
8.589999999999999858e-01
8.596000000000000307e-01
8.661999999999999700e-01
8.885999999999999455e-01
9.033999999999999808e-01
9.118000000000000549e-01
9.183999999999999941e-01
9.360000000000000542e-01
9.234999999999999876e-01
9.032000000000000028e-01
8.788000000000000256e-01
8.598000000000000087e-01
8.365000000000000213e-01
8.203000000000000291e-01
7.778000000000000469e-01
7.287000000000000144e-01
6.562999999999999945e-01
5.707999999999999741e-01
5.243999999999999773e-01
4.590000000000000191e-01
3.941000000000000059e-01
3.205999999999999961e-01
2.316999999999999893e-01
1.479000000000000037e-01
1.081000000000000016e-01
6.829999999999999960e-02
4.059999999999999720e-02
3.910000000000000281e-02
2.939999999999999905e-02
2.680000000000000090e-02
2.819999999999999937e-02
2.189999999999999933e-02
1.379999999999999977e-02
3.420000000000000123e-02
3.570000000000000256e-02
6.919999999999999762e-02
9.569999999999999341e-02
1.057000000000000023e-01
1.195999999999999980e-01
1.229999999999999982e-01
1.305999999999999939e-01
1.305000000000000049e-01
1.279000000000000137e-01
1.224999999999999978e-01
1.451000000000000068e-01
1.365999999999999992e-01
1.600000000000000033e-01
1.769000000000000017e-01
1.668999999999999928e-01
1.436999999999999944e-01
1.059999999999999970e-01
7.420000000000000207e-02
4.519999999999999712e-02
2.769999999999999893e-02
2.220000000000000098e-02
2.570000000000000062e-02
1.849999999999999908e-02
2.270000000000000143e-02
1.969999999999999876e-02
1.880000000000000074e-02
2.580000000000000002e-02
2.350000000000000006e-02
2.400000000000000050e-02
1.779999999999999985e-02
1.179999999999999973e-02
6.899999999999999883e-03
7.000000000000000146e-03
2.500000000000000052e-03
3.000000000000000062e-03
2.999999999999999737e-04
4.000000000000000192e-04
2.000000000000000096e-04
0.000000000000000000e+00
0.000000000000000000e+00
0.000000000000000000e+00
5.899999999999999863e-03
1.200000000000000025e-02
1.629999999999999852e-02
1.439999999999999961e-02
2.539999999999999897e-02
4.710000000000000298e-02
5.539999999999999786e-02
5.210000000000000048e-02
4.769999999999999934e-02
4.839999999999999858e-02
4.800000000000000100e-02
4.460000000000000075e-02
5.580000000000000238e-02
8.010000000000000453e-02
9.289999999999999647e-02
1.197000000000000008e-01
1.200999999999999984e-01
1.179000000000000048e-01
9.569999999999999341e-02
6.969999999999999807e-02
5.990000000000000185e-02
4.929999999999999660e-02
4.189999999999999974e-02
3.590000000000000135e-02
2.390000000000000110e-02
2.249999999999999917e-02
2.730000000000000135e-02
3.919999999999999873e-02
4.340000000000000108e-02
5.890000000000000097e-02
8.390000000000000235e-02
1.155999999999999944e-01
1.215999999999999998e-01
1.396999999999999909e-01
1.468000000000000138e-01
1.658999999999999919e-01
1.754000000000000004e-01
1.683000000000000052e-01
1.479000000000000037e-01
1.484999999999999931e-01
1.297000000000000097e-01
9.719999999999999474e-02
9.070000000000000284e-02
8.219999999999999529e-02
6.600000000000000311e-02
5.000000000000000278e-02
3.409999999999999837e-02
2.309999999999999901e-02
1.299999999999999940e-02
9.100000000000000450e-03
5.799999999999999600e-03
8.399999999999999481e-03
9.299999999999999239e-03
6.599999999999999964e-03
6.799999999999999621e-03
1.069999999999999944e-02
1.689999999999999836e-02
2.029999999999999860e-02
3.379999999999999671e-02
5.269999999999999685e-02
7.720000000000000473e-02
8.160000000000000586e-02
7.969999999999999307e-02
8.870000000000000107e-02
7.870000000000000606e-02
7.489999999999999436e-02
5.140000000000000124e-02
4.309999999999999942e-02
4.850000000000000144e-02
4.739999999999999769e-02
4.080000000000000293e-02
3.370000000000000079e-02
1.810000000000000150e-02
1.420000000000000082e-02
1.140000000000000041e-02
1.119999999999999989e-02
1.140000000000000041e-02
0.000000000000000000e+00
1.650000000000000078e-02
4.150000000000000216e-02
6.379999999999999560e-02
1.130000000000000032e-01
1.703000000000000069e-01
2.482000000000000040e-01
3.832999999999999741e-01
4.425999999999999934e-01
5.252000000000000002e-01
6.007000000000000117e-01
6.866999999999999771e-01
7.649000000000000243e-01
8.143000000000000238e-01
8.504000000000000448e-01
8.858000000000000318e-01
9.006999999999999451e-01
9.232000000000000206e-01
9.491000000000000547e-01
9.557999999999999829e-01
9.465999999999999970e-01
9.449999999999999512e-01
9.506000000000000005e-01
9.526999999999999913e-01
9.644000000000000350e-01
9.775000000000000355e-01
9.553000000000000380e-01
9.631999999999999451e-01
9.734000000000000430e-01
9.384000000000000119e-01
9.354000000000000092e-01
9.575000000000000178e-01
9.689999999999999725e-01
9.557999999999999829e-01
9.499999999999999556e-01
9.598999999999999755e-01
9.544000000000000261e-01
9.462000000000000410e-01
9.445000000000000062e-01
9.540999999999999481e-01
9.489999999999999547e-01
9.458999999999999631e-01
9.325999999999999845e-01
9.197999999999999510e-01
9.054999999999999716e-01
8.907000000000000473e-01
8.584000000000000519e-01
8.367999999999999883e-01
8.165000000000000036e-01
7.783999999999999808e-01
7.560999999999999943e-01
7.572999999999999732e-01
7.725999999999999535e-01
7.750000000000000222e-01
7.883000000000000007e-01
7.681000000000000050e-01
7.883999999999999897e-01
7.914999999999999813e-01
7.937999999999999501e-01
8.051000000000000378e-01
7.935999999999999721e-01
7.572999999999999732e-01
7.006000000000000005e-01
6.269000000000000128e-01
5.586999999999999744e-01
4.818999999999999950e-01
3.820999999999999952e-01
3.066999999999999726e-01
2.399999999999999911e-01
1.824999999999999956e-01
1.373999999999999944e-01
1.161999999999999977e-01
1.190999999999999975e-01
1.255999999999999894e-01
1.388000000000000067e-01
1.325999999999999956e-01
1.223000000000000059e-01
1.232000000000000040e-01
1.214999999999999969e-01
1.232000000000000040e-01
1.221000000000000002e-01
1.302999999999999992e-01
1.468000000000000138e-01
1.782999999999999863e-01
2.084000000000000019e-01
2.265999999999999959e-01
2.531999999999999806e-01
2.541999999999999815e-01
2.407999999999999863e-01
2.132000000000000006e-01
1.743999999999999995e-01
1.405000000000000138e-01
1.121000000000000052e-01
7.810000000000000275e-02
6.079999999999999988e-02
4.939999999999999947e-02
4.170000000000000095e-02
4.089999999999999886e-02
4.510000000000000120e-02
5.210000000000000048e-02
5.489999999999999741e-02
6.149999999999999911e-02
4.979999999999999705e-02
4.390000000000000152e-02
6.829999999999999960e-02
6.099999999999999867e-02
6.579999999999999738e-02
9.500000000000000111e-02
1.170999999999999958e-01
1.290000000000000036e-01
1.365999999999999992e-01
1.449999999999999900e-01
1.532999999999999918e-01
1.746000000000000052e-01
1.650000000000000078e-01
1.771999999999999964e-01
2.036000000000000032e-01
2.119000000000000050e-01
2.010000000000000120e-01
1.857000000000000040e-01
1.648000000000000020e-01
1.464000000000000024e-01
1.333999999999999908e-01
1.115000000000000019e-01
9.439999999999999780e-02
8.290000000000000147e-02
6.650000000000000355e-02
5.929999999999999855e-02
5.399999999999999939e-02
6.219999999999999835e-02
6.419999999999999318e-02
6.719999999999999585e-02
6.690000000000000113e-02
7.539999999999999480e-02
8.300000000000000433e-02
7.439999999999999392e-02
6.619999999999999496e-02
6.439999999999999891e-02
5.659999999999999754e-02
4.929999999999999660e-02
4.050000000000000128e-02
5.090000000000000080e-02
6.230000000000000121e-02
9.879999999999999893e-02
1.238999999999999962e-01
1.504000000000000059e-01
2.011000000000000010e-01
2.328000000000000069e-01
2.713999999999999746e-01
3.531000000000000250e-01
3.862999999999999767e-01
4.350999999999999868e-01
4.711000000000000187e-01
4.869999999999999885e-01
4.981999999999999762e-01
5.253999999999999782e-01
5.506999999999999673e-01
5.610000000000000542e-01
5.745999999999999996e-01
5.930999999999999606e-01
6.088999999999999968e-01
6.374999999999999556e-01
6.582000000000000073e-01
7.113000000000000433e-01
7.519000000000000128e-01
7.672999999999999821e-01
8.052000000000000268e-01
8.225999999999999979e-01
8.335000000000000187e-01
8.456000000000000183e-01
8.669999999999999929e-01
8.745000000000000551e-01
8.857000000000000428e-01
8.960000000000000187e-01
8.745000000000000551e-01
8.884999999999999565e-01
8.973999999999999755e-01
8.682999999999999607e-01
8.872999999999999776e-01
9.086999999999999522e-01
8.778000000000000247e-01
9.118000000000000549e-01
9.284999999999999920e-01
9.214999999999999858e-01
9.381000000000000449e-01
9.166999999999999593e-01
9.129000000000000448e-01
9.154999999999999805e-01
9.260000000000000453e-01
9.112000000000000099e-01
8.844999999999999529e-01
8.498999999999999888e-01
8.241000000000000547e-01
7.704999999999999627e-01
7.270999999999999686e-01
6.810000000000000497e-01
6.642000000000000126e-01
6.363999999999999657e-01
6.308000000000000274e-01
6.441999999999999948e-01
6.770000000000000462e-01
7.607000000000000428e-01
7.976999999999999647e-01
8.760000000000000009e-01
8.816000000000000503e-01
9.143999999999999906e-01
9.599999999999999645e-01
9.772999999999999465e-01
9.610999999999999543e-01
9.713000000000000522e-01
9.858000000000000096e-01
9.781999999999999584e-01
9.878000000000000114e-01
9.828000000000000069e-01
9.888000000000000123e-01
9.841999999999999638e-01
1.000000000000000000e+00
9.848000000000000087e-01
9.887000000000000233e-01
9.750999999999999668e-01
9.808000000000000052e-01
9.744000000000000439e-01
9.777000000000000135e-01
9.805000000000000382e-01
9.781999999999999584e-01
9.820999999999999730e-01
9.798999999999999932e-01
9.832999999999999519e-01
9.788000000000000034e-01
9.815000000000000391e-01
9.861999999999999655e-01
9.781999999999999584e-01
9.870999999999999774e-01
9.776000000000000245e-01
9.664000000000000368e-01
9.656000000000000139e-01
9.775000000000000355e-01
9.797000000000000153e-01
9.951999999999999735e-01
9.848000000000000087e-01
9.705000000000000293e-01
9.849999999999999867e-01
9.758000000000000007e-01
9.879000000000000004e-01
9.809999999999999831e-01
9.814000000000000501e-01
9.874000000000000554e-01
9.733000000000000540e-01
9.694000000000000394e-01
9.625000000000000222e-01
9.439999999999999503e-01
9.345999999999999863e-01
9.229000000000000536e-01
9.083999999999999853e-01
9.140000000000000346e-01
9.099000000000000421e-01
8.853999999999999648e-01
8.286000000000000032e-01
8.215999999999999970e-01
7.260999999999999677e-01
