9.167999999999999483e-01
9.378999999999999559e-01
9.118000000000000549e-01
9.133000000000000007e-01
8.947000000000000508e-01
8.778000000000000247e-01
8.608000000000000096e-01
8.404000000000000359e-01
8.057999999999999607e-01
7.899000000000000465e-01
7.480999999999999872e-01
7.496000000000000441e-01
7.485000000000000542e-01
7.468000000000000194e-01
7.445000000000000506e-01
7.217999999999999972e-01
6.979999999999999538e-01
6.938999999999999613e-01
6.672000000000000153e-01
6.243999999999999551e-01
5.870999999999999552e-01
5.725000000000000089e-01
5.439000000000000501e-01
5.232999999999999874e-01
4.985999999999999877e-01
4.546000000000000041e-01
4.127000000000000113e-01
3.704000000000000070e-01
3.286000000000000032e-01
2.911000000000000254e-01
2.688999999999999724e-01
2.610999999999999988e-01
2.619000000000000217e-01
2.746999999999999997e-01
2.555999999999999939e-01
2.606999999999999873e-01
2.519000000000000128e-01
2.283000000000000029e-01
2.051999999999999935e-01
1.842000000000000026e-01
1.607000000000000095e-01
1.348000000000000032e-01
1.305999999999999939e-01
1.246000000000000024e-01
1.288999999999999868e-01
1.371999999999999886e-01
1.275000000000000022e-01
1.102000000000000063e-01
1.078999999999999959e-01
1.060999999999999999e-01
9.160000000000000087e-02
1.044000000000000067e-01
1.215999999999999998e-01
1.426999999999999935e-01
1.595999999999999919e-01
2.021999999999999909e-01
2.636000000000000010e-01
3.210000000000000075e-01
3.750999999999999890e-01
4.106000000000000205e-01
4.252000000000000224e-01
4.326999999999999735e-01
4.255999999999999783e-01
3.958999999999999742e-01
3.502000000000000113e-01
3.058000000000000163e-01
2.513000000000000234e-01
2.061000000000000054e-01
1.764000000000000012e-01
1.292000000000000093e-01
1.087999999999999939e-01
7.539999999999999480e-02
6.419999999999999318e-02
6.930000000000000049e-02
5.970000000000000306e-02
4.429999999999999910e-02
4.989999999999999991e-02
5.700000000000000205e-02
7.689999999999999614e-02
1.053000000000000047e-01
1.310999999999999943e-01
1.537000000000000033e-01
1.529999999999999971e-01
1.733000000000000096e-01
1.350999999999999979e-01
1.163000000000000006e-01
1.048999999999999932e-01
9.560000000000000442e-02
8.269999999999999574e-02
8.959999999999999909e-02
8.709999999999999687e-02
9.049999999999999711e-02
9.110000000000000042e-02
1.116999999999999937e-01
1.308999999999999886e-01
1.340000000000000080e-01
1.423999999999999988e-01
1.633999999999999897e-01
1.761999999999999955e-01
1.995999999999999996e-01
2.257000000000000117e-01
2.356999999999999929e-01
2.442000000000000004e-01
2.566999999999999837e-01
2.849999999999999756e-01
3.084999999999999964e-01
3.249000000000000221e-01
3.477999999999999980e-01
3.996999999999999997e-01
4.228000000000000091e-01
4.309999999999999942e-01
4.643999999999999795e-01
5.241999999999999993e-01
5.675000000000000044e-01
5.783000000000000362e-01
5.739999999999999547e-01
5.888999999999999790e-01
6.061999999999999611e-01
6.188000000000000167e-01
6.564999999999999725e-01
6.832000000000000295e-01
7.358999999999999986e-01
7.648000000000000353e-01
8.141000000000000458e-01
8.405000000000000249e-01
8.317999999999999838e-01
8.496000000000000218e-01
8.520999999999999686e-01
8.532999999999999474e-01
8.830999999999999961e-01
8.929000000000000270e-01
8.992999999999999883e-01
9.171000000000000263e-01
9.257999999999999563e-01
9.411000000000000476e-01
9.514000000000000234e-01
9.657000000000000028e-01
9.603000000000000425e-01
9.667999999999999927e-01
9.572000000000000508e-01
9.802999999999999492e-01
9.874000000000000554e-01
9.720999999999999641e-01
9.788999999999999924e-01
9.815000000000000391e-01
9.684000000000000385e-01
9.733000000000000540e-01
9.650999999999999579e-01
9.673000000000000487e-01
9.686000000000000165e-01
9.623000000000000442e-01
9.736000000000000210e-01
9.748999999999999888e-01
9.926000000000000378e-01
9.808000000000000052e-01
9.865000000000000435e-01
9.809999999999999831e-01
9.767000000000000126e-01
9.850999999999999757e-01
9.740999999999999659e-01
9.809999999999999831e-01
9.620999999999999552e-01
9.695000000000000284e-01
9.514000000000000234e-01
9.568999999999999728e-01
9.446999999999999842e-01
9.510999999999999455e-01
9.526999999999999913e-01
9.445999999999999952e-01
9.394000000000000128e-01
9.336999999999999744e-01
9.192000000000000171e-01
8.980000000000000204e-01
8.812999999999999723e-01
8.715000000000000524e-01
8.614000000000000545e-01
8.519999999999999796e-01
8.500999999999999668e-01
8.550999999999999712e-01
8.733999999999999542e-01
8.665000000000000480e-01
8.631999999999999673e-01
8.566000000000000281e-01
8.163000000000000256e-01
7.745999999999999552e-01
7.392999999999999572e-01
7.328000000000000069e-01
6.873000000000000220e-01
6.506999999999999451e-01
6.059999999999999831e-01
5.809999999999999609e-01
5.501000000000000334e-01
5.391000000000000236e-01
5.394999999999999796e-01
5.402000000000000135e-01
5.486999999999999655e-01
5.853000000000000425e-01
6.081999999999999629e-01
6.392999999999999794e-01
6.663999999999999924e-01
7.014000000000000234e-01
7.267000000000000126e-01
7.311999999999999611e-01
7.409000000000000030e-01
7.688000000000000389e-01
8.234000000000000208e-01
8.307999999999999829e-01
8.417999999999999927e-01
8.552999999999999492e-01
8.525000000000000355e-01
8.567000000000000171e-01
8.443000000000000504e-01
8.225999999999999979e-01
8.003000000000000114e-01
7.912000000000000144e-01
7.843999999999999861e-01
7.792999999999999927e-01
7.442999999999999616e-01
7.250999999999999668e-01
7.186000000000000165e-01
6.644999999999999796e-01
6.761000000000000343e-01
6.566999999999999504e-01
6.348000000000000309e-01
6.124000000000000554e-01
5.725000000000000089e-01
5.575999999999999845e-01
5.139000000000000234e-01
4.722999999999999976e-01
4.339000000000000079e-01
3.879000000000000226e-01
3.330000000000000182e-01
2.826000000000000179e-01
2.305999999999999994e-01
1.943999999999999895e-01
1.655999999999999972e-01
1.385000000000000120e-01
1.428999999999999992e-01
1.267000000000000071e-01
1.342000000000000137e-01
1.097999999999999948e-01
9.450000000000000067e-02
1.140000000000000041e-01
1.489999999999999936e-01
1.910999999999999921e-01
2.230000000000000038e-01
2.535999999999999921e-01
2.847999999999999976e-01
3.286000000000000032e-01
3.206999999999999851e-01
3.527000000000000135e-01
3.417000000000000037e-01
3.693000000000000171e-01
3.808000000000000274e-01
4.102999999999999980e-01
4.033999999999999808e-01
4.344000000000000083e-01
4.389000000000000123e-01
4.413000000000000256e-01
4.442999999999999727e-01
4.507999999999999785e-01
4.668999999999999817e-01
4.762000000000000122e-01
4.974000000000000088e-01
5.198000000000000398e-01
5.157000000000000473e-01
5.293999999999999817e-01
5.306999999999999496e-01
5.249000000000000332e-01
4.964000000000000079e-01
4.302000000000000268e-01
3.599999999999999867e-01
2.847999999999999976e-01
2.298000000000000043e-01
1.746000000000000052e-01
1.386999999999999900e-01
1.171999999999999986e-01
1.045999999999999985e-01
9.619999999999999385e-02
8.069999999999999396e-02
6.450000000000000178e-02
5.650000000000000161e-02
4.830000000000000265e-02
3.910000000000000281e-02
3.880000000000000115e-02
3.769999999999999740e-02
4.959999999999999826e-02
7.149999999999999412e-02
9.379999999999999449e-02
1.313999999999999890e-01
1.323999999999999899e-01
1.353999999999999926e-01
1.481999999999999984e-01
1.365999999999999992e-01
1.489000000000000046e-01
1.511000000000000121e-01
1.797999999999999876e-01
1.841000000000000136e-01
2.202000000000000068e-01
2.409999999999999920e-01
2.403000000000000136e-01
2.454999999999999960e-01
2.597999999999999754e-01
2.467000000000000026e-01
2.212999999999999967e-01
2.159000000000000086e-01
2.001000000000000001e-01
1.819999999999999951e-01
1.940999999999999948e-01
1.811000000000000110e-01
1.620000000000000051e-01
1.789000000000000035e-01
1.710000000000000131e-01
1.894000000000000128e-01
1.942000000000000115e-01
1.822999999999999898e-01
1.625999999999999945e-01
1.340999999999999970e-01
1.081000000000000016e-01
8.519999999999999796e-02
7.119999999999999940e-02
5.310000000000000137e-02
3.620000000000000301e-02
3.309999999999999748e-02
2.319999999999999840e-02
3.620000000000000301e-02
5.569999999999999951e-02
9.589999999999999913e-02
1.224999999999999978e-01
1.380000000000000115e-01
1.590000000000000024e-01
1.799999999999999933e-01
1.976999999999999869e-01
2.036999999999999922e-01
1.981999999999999873e-01
1.983999999999999930e-01
1.787999999999999867e-01
1.517999999999999905e-01
1.189999999999999947e-01
9.210000000000000131e-02
6.210000000000000242e-02
4.039999999999999841e-02
2.869999999999999982e-02
2.520000000000000018e-02
2.350000000000000006e-02
2.350000000000000006e-02
2.589999999999999941e-02
2.479999999999999913e-02
1.540000000000000049e-02
1.340000000000000045e-02
7.700000000000000247e-03
0.000000000000000000e+00
2.599999999999999881e-03
8.500000000000000611e-03
1.089999999999999997e-02
1.609999999999999973e-02
2.239999999999999977e-02
2.560000000000000123e-02
3.930000000000000160e-02
4.880000000000000310e-02
5.500000000000000028e-02
5.489999999999999741e-02
5.680000000000000326e-02
4.619999999999999801e-02
3.790000000000000313e-02
2.960000000000000131e-02
2.610000000000000167e-02
2.210000000000000159e-02
2.570000000000000062e-02
2.630000000000000046e-02
1.990000000000000102e-02
2.670000000000000151e-02
3.450000000000000289e-02
2.929999999999999966e-02
3.049999999999999933e-02
2.280000000000000082e-02
2.220000000000000098e-02
1.239999999999999956e-02
5.100000000000000366e-03
2.299999999999999961e-03
0.000000000000000000e+00
0.000000000000000000e+00
0.000000000000000000e+00
3.399999999999999811e-03
8.899999999999999925e-03
1.370000000000000037e-02
7.900000000000000772e-03
3.139999999999999736e-02
4.730000000000000177e-02
7.270000000000000073e-02
8.050000000000000211e-02
8.179999999999999771e-02
9.370000000000000551e-02
8.580000000000000127e-02
8.219999999999999529e-02
6.850000000000000533e-02
7.290000000000000646e-02
7.309999999999999831e-02
6.909999999999999476e-02
5.319999999999999729e-02
5.140000000000000124e-02
3.769999999999999740e-02
1.640000000000000138e-02
9.900000000000000813e-03
1.569999999999999868e-02
2.390000000000000110e-02
3.679999999999999938e-02
5.249999999999999806e-02
7.320000000000000118e-02
1.108999999999999986e-01
1.481999999999999984e-01
1.698999999999999955e-01
2.215999999999999914e-01
2.938999999999999946e-01
3.114999999999999991e-01
3.987999999999999878e-01
4.681000000000000161e-01
5.406999999999999584e-01
6.518000000000000460e-01
7.275000000000000355e-01
8.086999999999999744e-01
8.642999999999999572e-01
8.925999999999999490e-01
9.089000000000000412e-01
9.143999999999999906e-01
9.119000000000000439e-01
9.464000000000000190e-01
9.516000000000000014e-01
9.697000000000000064e-01
9.671999999999999487e-01
9.821999999999999620e-01
9.913999999999999480e-01
9.955000000000000515e-01
9.890999999999999792e-01
9.858000000000000096e-01
9.877000000000000224e-01
9.883999999999999453e-01
9.713000000000000522e-01
9.697999999999999954e-01
9.653000000000000469e-01
9.623000000000000442e-01
9.937000000000000277e-01
9.815000000000000391e-01
9.902999999999999581e-01
9.736000000000000210e-01
9.740999999999999659e-01
9.721999999999999531e-01
9.616000000000000103e-01
9.666000000000000147e-01
9.596999999999999975e-01
9.654000000000000359e-01
9.748999999999999888e-01
9.932999999999999607e-01
9.919999999999999929e-01
9.746000000000000218e-01
9.891999999999999682e-01
9.852999999999999536e-01
9.828000000000000069e-01
9.869999999999999885e-01
9.761999999999999567e-01
9.708999999999999853e-01
9.631999999999999451e-01
9.504000000000000226e-01
9.214999999999999858e-01
8.974999999999999645e-01
8.725000000000000533e-01
8.456000000000000183e-01
7.960000000000000409e-01
7.966999999999999638e-01
7.834999999999999742e-01
7.463999999999999524e-01
7.329999999999999849e-01
6.815999999999999837e-01
6.943000000000000282e-01
6.583999999999999853e-01
6.020999999999999686e-01
5.410000000000000364e-01
4.937000000000000277e-01
4.456999999999999851e-01
4.097000000000000086e-01
3.729000000000000092e-01
3.428999999999999826e-01
3.331000000000000072e-01
3.205000000000000071e-01
3.352999999999999869e-01
3.425000000000000266e-01
3.623999999999999999e-01
3.996000000000000107e-01
4.198000000000000065e-01
4.736000000000000210e-01
5.220000000000000195e-01
5.629999999999999449e-01
6.392999999999999794e-01
6.991000000000000547e-01
7.428000000000000158e-01
7.612999999999999767e-01
7.735999999999999543e-01
7.690000000000000169e-01
7.876999999999999558e-01
8.098999999999999533e-01
8.155999999999999917e-01
8.146999999999999797e-01
8.223000000000000309e-01
8.114999999999999991e-01
7.361999999999999655e-01
