9.997000000000000330e-01
1.000000000000000000e+00
9.965000000000000524e-01
9.838999999999999968e-01
9.706000000000000183e-01
9.754000000000000448e-01
9.687999999999999945e-01
9.854000000000000536e-01
9.778999999999999915e-01
9.929999999999999938e-01
9.817000000000000171e-01
9.824000000000000510e-01
9.946000000000000396e-01
9.905000000000000471e-01
1.000000000000000000e+00
1.000000000000000000e+00
9.913999999999999480e-01
9.704000000000000403e-01
9.788999999999999924e-01
9.888000000000000123e-01
9.931999999999999718e-01
9.798000000000000043e-01
9.836000000000000298e-01
9.965000000000000524e-01
1.000000000000000000e+00
9.919999999999999929e-01
9.915000000000000480e-01
1.000000000000000000e+00
1.000000000000000000e+00
1.000000000000000000e+00
1.000000000000000000e+00
1.000000000000000000e+00
1.000000000000000000e+00
1.000000000000000000e+00
1.000000000000000000e+00
1.000000000000000000e+00
1.000000000000000000e+00
9.980999999999999872e-01
1.000000000000000000e+00
9.992999999999999661e-01
1.000000000000000000e+00
9.796000000000000263e-01
1.000000000000000000e+00
9.805000000000000382e-01
9.980999999999999872e-01
9.697000000000000064e-01
9.684000000000000385e-01
9.636000000000000121e-01
9.646000000000000130e-01
9.603000000000000425e-01
9.395999999999999908e-01
9.346999999999999753e-01
8.826000000000000512e-01
8.477999999999999980e-01
7.694999999999999618e-01
6.515999999999999570e-01
5.374999999999999778e-01
4.252000000000000224e-01
3.487000000000000099e-01
2.901000000000000245e-01
2.520000000000000018e-01
2.215000000000000024e-01
2.058999999999999997e-01
1.884000000000000119e-01
1.829999999999999960e-01
1.935999999999999943e-01
1.774999999999999911e-01
1.781000000000000083e-01
1.526000000000000134e-01
1.320999999999999952e-01
1.074999999999999983e-01
1.063000000000000056e-01
8.909999999999999865e-02
7.389999999999999347e-02
6.450000000000000178e-02
6.169999999999999790e-02
5.059999999999999915e-02
4.449999999999999789e-02
3.350000000000000200e-02
3.529999999999999805e-02
3.760000000000000148e-02
3.520000000000000212e-02
3.389999999999999958e-02
3.500000000000000333e-02
4.039999999999999841e-02
5.410000000000000225e-02
4.000000000000000083e-02
3.790000000000000313e-02
4.030000000000000249e-02
5.090000000000000080e-02
5.419999999999999818e-02
6.279999999999999472e-02
9.310000000000000220e-02
1.307000000000000106e-01
1.859999999999999987e-01
2.500999999999999890e-01
3.023000000000000131e-01
3.247999999999999776e-01
3.187999999999999723e-01
3.164000000000000146e-01
3.135000000000000009e-01
3.201999999999999846e-01
3.088000000000000189e-01
3.235000000000000098e-01
3.342999999999999861e-01
3.340000000000000191e-01
3.291000000000000036e-01
3.270000000000000129e-01
3.125999999999999890e-01
3.130000000000000004e-01
2.936000000000000276e-01
2.942000000000000171e-01
3.088000000000000189e-01
3.195999999999999952e-01
3.418999999999999817e-01
3.302999999999999825e-01
3.363999999999999768e-01
3.358999999999999764e-01
3.436000000000000165e-01
3.557000000000000162e-01
3.464999999999999747e-01
3.186999999999999833e-01
2.797999999999999932e-01
2.806000000000000161e-01
2.934999999999999831e-01
2.906000000000000250e-01
2.927000000000000157e-01
3.101999999999999758e-01
3.265000000000000124e-01
3.279000000000000248e-01
3.391000000000000125e-01
3.605999999999999761e-01
3.561000000000000276e-01
3.363999999999999768e-01
3.190999999999999948e-01
3.187999999999999723e-01
3.220000000000000084e-01
3.598000000000000087e-01
4.122000000000000108e-01
4.843000000000000083e-01
5.526999999999999691e-01
6.081999999999999629e-01
6.562999999999999945e-01
7.365000000000000435e-01
7.935999999999999721e-01
8.401999999999999469e-01
9.000000000000000222e-01
8.964999999999999636e-01
8.784999999999999476e-01
8.234000000000000208e-01
7.431999999999999718e-01
6.409000000000000252e-01
5.427999999999999492e-01
4.123999999999999888e-01
3.027000000000000246e-01
2.429999999999999938e-01
1.963000000000000023e-01
1.446999999999999953e-01
1.108999999999999986e-01
1.039999999999999952e-01
9.829999999999999849e-02
9.940000000000000224e-02
1.015999999999999959e-01
1.010999999999999954e-01
9.360000000000000264e-02
9.289999999999999647e-02
1.137999999999999984e-01
1.325000000000000067e-01
1.381000000000000005e-01
1.356999999999999873e-01
1.398999999999999966e-01
1.469000000000000028e-01
1.406999999999999917e-01
1.295000000000000040e-01
1.116000000000000048e-01
5.979999999999999899e-02
5.410000000000000225e-02
3.520000000000000212e-02
2.359999999999999945e-02
2.359999999999999945e-02
1.549999999999999989e-02
6.100000000000000387e-03
1.050000000000000065e-02
0.000000000000000000e+00
5.999999999999999474e-04
1.119999999999999989e-02
2.340000000000000066e-02
3.450000000000000289e-02
3.780000000000000027e-02
3.899999999999999994e-02
2.920000000000000026e-02
2.680000000000000090e-02
2.429999999999999868e-02
2.400000000000000050e-02
2.460000000000000034e-02
2.510000000000000078e-02
2.220000000000000098e-02
1.729999999999999941e-02
8.500000000000000611e-03
1.250000000000000069e-02
5.000000000000000104e-04
0.000000000000000000e+00
3.099999999999999891e-03
1.039999999999999952e-02
2.290000000000000022e-02
3.500000000000000333e-02
4.569999999999999757e-02
5.580000000000000238e-02
4.710000000000000298e-02
5.700000000000000205e-02
4.590000000000000330e-02
4.240000000000000019e-02
3.740000000000000269e-02
2.359999999999999945e-02
1.450000000000000074e-02
1.020000000000000073e-02
3.899999999999999821e-03
0.000000000000000000e+00
0.000000000000000000e+00
0.000000000000000000e+00
0.000000000000000000e+00
0.000000000000000000e+00
0.000000000000000000e+00
0.000000000000000000e+00
0.000000000000000000e+00
0.000000000000000000e+00
0.000000000000000000e+00
0.000000000000000000e+00
0.000000000000000000e+00
0.000000000000000000e+00
0.000000000000000000e+00
0.000000000000000000e+00
0.000000000000000000e+00
0.000000000000000000e+00
0.000000000000000000e+00
3.000000000000000062e-03
4.000000000000000083e-03
2.630000000000000046e-02
5.299999999999999850e-02
7.539999999999999480e-02
9.450000000000000067e-02
1.290999999999999925e-01
1.413000000000000089e-01
1.411999999999999922e-01
1.212000000000000022e-01
9.139999999999999514e-02
6.980000000000000093e-02
4.030000000000000249e-02
2.630000000000000046e-02
2.659999999999999865e-02
2.139999999999999888e-02
2.359999999999999945e-02
3.379999999999999671e-02
4.920000000000000068e-02
7.099999999999999367e-02
9.610000000000000486e-02
1.408999999999999975e-01
1.764999999999999902e-01
2.265999999999999959e-01
2.391999999999999960e-01
2.605000000000000093e-01
2.565999999999999948e-01
2.721999999999999975e-01
2.665000000000000147e-01
2.447999999999999898e-01
2.089000000000000024e-01
1.904000000000000137e-01
1.764000000000000012e-01
1.595000000000000029e-01
1.290999999999999925e-01
1.078999999999999959e-01
1.073000000000000065e-01
8.490000000000000324e-02
6.040000000000000230e-02
4.039999999999999841e-02
2.960000000000000131e-02
2.840000000000000163e-02
2.280000000000000082e-02
2.999999999999999889e-02
2.319999999999999840e-02
4.229999999999999732e-02
3.269999999999999990e-02
2.570000000000000062e-02
3.620000000000000301e-02
4.499999999999999833e-02
6.169999999999999790e-02
6.859999999999999432e-02
7.019999999999999851e-02
6.660000000000000642e-02
5.790000000000000008e-02
6.019999999999999657e-02
5.079999999999999793e-02
3.350000000000000200e-02
2.390000000000000110e-02
1.009999999999999960e-02
2.500000000000000052e-03
0.000000000000000000e+00
3.299999999999999982e-03
8.899999999999999925e-03
1.480000000000000066e-02
3.200000000000000067e-02
4.370000000000000273e-02
5.430000000000000104e-02
5.960000000000000020e-02
5.269999999999999685e-02
5.229999999999999927e-02
4.499999999999999833e-02
3.960000000000000325e-02
3.819999999999999785e-02
3.409999999999999837e-02
2.189999999999999933e-02
2.249999999999999917e-02
6.899999999999999883e-03
7.499999999999999722e-03
3.099999999999999891e-03
9.499999999999999764e-03
2.359999999999999945e-02
5.310000000000000137e-02
7.889999999999999791e-02
1.045999999999999985e-01
1.400000000000000133e-01
1.526000000000000134e-01
1.799000000000000044e-01
1.841000000000000136e-01
1.759999999999999898e-01
1.645999999999999963e-01
1.242999999999999938e-01
1.149000000000000021e-01
1.072000000000000036e-01
8.240000000000000102e-02
6.859999999999999432e-02
5.489999999999999741e-02
3.930000000000000160e-02
3.950000000000000039e-02
3.139999999999999736e-02
4.120000000000000051e-02
4.560000000000000164e-02
6.469999999999999363e-02
7.820000000000000562e-02
8.859999999999999820e-02
8.999999999999999667e-02
1.034000000000000058e-01
9.790000000000000091e-02
8.110000000000000542e-02
7.539999999999999480e-02
6.850000000000000533e-02
5.689999999999999919e-02
5.879999999999999810e-02
4.630000000000000088e-02
4.379999999999999866e-02
4.229999999999999732e-02
4.900000000000000189e-02
4.870000000000000023e-02
4.880000000000000310e-02
4.469999999999999668e-02
4.059999999999999720e-02
4.410000000000000031e-02
4.479999999999999954e-02
3.320000000000000034e-02
3.500000000000000333e-02
3.830000000000000071e-02
4.440000000000000197e-02
6.619999999999999496e-02
7.829999999999999460e-02
1.136999999999999955e-01
1.371999999999999886e-01
1.569000000000000117e-01
1.527000000000000024e-01
1.517000000000000015e-01
1.545999999999999874e-01
1.532999999999999918e-01
1.675000000000000100e-01
1.887000000000000066e-01
1.899000000000000132e-01
1.847999999999999921e-01
1.864000000000000101e-01
1.960999999999999965e-01
1.781999999999999973e-01
1.660999999999999976e-01
1.507999999999999896e-01
9.500000000000000111e-02
6.279999999999999472e-02
4.719999999999999890e-02
2.989999999999999949e-02
2.139999999999999888e-02
1.140000000000000041e-02
3.799999999999999992e-03
0.000000000000000000e+00
3.200000000000000153e-03
1.080000000000000057e-02
1.200000000000000025e-02
1.329999999999999932e-02
3.320000000000000034e-02
5.960000000000000020e-02
8.050000000000000211e-02
1.237000000000000044e-01
1.713000000000000078e-01
2.559000000000000163e-01
3.296999999999999931e-01
3.714999999999999969e-01
4.302000000000000268e-01
5.012999999999999678e-01
5.731000000000000538e-01
6.016000000000000236e-01
6.152999999999999581e-01
6.158000000000000140e-01
6.328000000000000291e-01
6.582999999999999963e-01
6.504999999999999671e-01
6.780000000000000471e-01
6.958999999999999631e-01
6.955999999999999961e-01
6.502000000000000002e-01
5.708999999999999631e-01
5.318000000000000504e-01
4.460999999999999965e-01
3.667000000000000259e-01
2.567999999999999727e-01
2.036000000000000032e-01
1.519000000000000072e-01
8.909999999999999865e-02
5.439999999999999697e-02
5.199999999999999761e-02
4.130000000000000338e-02
4.019999999999999962e-02
3.670000000000000345e-02
5.120000000000000245e-02
3.559999999999999970e-02
6.610000000000000597e-02
6.429999999999999605e-02
4.830000000000000265e-02
6.279999999999999472e-02
4.540000000000000285e-02
4.789999999999999813e-02
4.569999999999999757e-02
3.860000000000000236e-02
3.710000000000000103e-02
1.810000000000000150e-02
1.129999999999999928e-02
8.899999999999999925e-03
2.100000000000000130e-02
2.980000000000000010e-02
3.869999999999999829e-02
4.730000000000000177e-02
4.089999999999999886e-02
5.630000000000000282e-02
6.619999999999999496e-02
5.199999999999999761e-02
6.379999999999999560e-02
7.359999999999999876e-02
7.520000000000000295e-02
6.800000000000000488e-02
4.479999999999999954e-02
2.819999999999999937e-02
2.189999999999999933e-02
2.050000000000000086e-02
1.319999999999999993e-02
5.700000000000000205e-03
0.000000000000000000e+00
1.000000000000000021e-02
1.199999999999999895e-03
4.100000000000000346e-03
5.300000000000000024e-03
0.000000000000000000e+00
0.000000000000000000e+00
2.019999999999999921e-02
6.000000000000000125e-03
0.000000000000000000e+00
0.000000000000000000e+00
9.199999999999999845e-03
1.349999999999999985e-02
1.490000000000000005e-02
2.189999999999999933e-02
3.520000000000000212e-02
5.229999999999999927e-02
4.590000000000000330e-02
5.750000000000000250e-02
5.410000000000000225e-02
5.650000000000000161e-02
7.040000000000000424e-02
5.689999999999999919e-02
5.659999999999999754e-02
4.410000000000000031e-02
3.529999999999999805e-02
2.450000000000000094e-02
1.629999999999999852e-02
6.100000000000000387e-03
5.100000000000000366e-03
1.009999999999999960e-02
7.000000000000000146e-03
2.110000000000000070e-02
1.609999999999999973e-02
1.480000000000000066e-02
6.100000000000000387e-03
1.549999999999999989e-02
1.760000000000000106e-02
2.659999999999999865e-02
3.400000000000000244e-02
2.989999999999999949e-02
4.109999999999999765e-02
4.700000000000000011e-02
5.070000000000000201e-02
5.700000000000000205e-02
5.539999999999999786e-02
4.870000000000000023e-02
4.710000000000000298e-02
5.190000000000000169e-02
4.549999999999999878e-02
5.380000000000000060e-02
4.070000000000000007e-02
3.200000000000000067e-02
2.790000000000000119e-02
1.750000000000000167e-02
1.000000000000000021e-03
4.300000000000000003e-03
1.399999999999999986e-03
1.799999999999999951e-03
0.000000000000000000e+00
0.000000000000000000e+00
0.000000000000000000e+00
0.000000000000000000e+00
0.000000000000000000e+00
0.000000000000000000e+00
1.609999999999999973e-02
1.179999999999999973e-02
9.400000000000000369e-03
2.120000000000000009e-02
1.159999999999999920e-02
1.280000000000000061e-02
1.400000000000000029e-02
2.210000000000000159e-02
2.469999999999999973e-02
3.610000000000000014e-02
5.929999999999999855e-02
6.400000000000000133e-02
5.779999999999999721e-02
5.879999999999999810e-02
4.139999999999999930e-02
3.989999999999999797e-02
3.830000000000000071e-02
1.820000000000000090e-02
4.300000000000000003e-03
3.899999999999999821e-03
0.000000000000000000e+00
0.000000000000000000e+00
0.000000000000000000e+00
0.000000000000000000e+00
0.000000000000000000e+00
0.000000000000000000e+00
0.000000000000000000e+00
0.000000000000000000e+00
0.000000000000000000e+00
0.000000000000000000e+00
0.000000000000000000e+00
4.799999999999999580e-03
7.700000000000000247e-03
1.170000000000000033e-02
1.409999999999999969e-02
2.610000000000000167e-02
4.619999999999999801e-02
4.250000000000000305e-02
4.379999999999999866e-02
3.459999999999999881e-02
2.910000000000000087e-02
1.710000000000000062e-02
1.619999999999999912e-02
1.919999999999999832e-02
2.529999999999999957e-02
3.189999999999999780e-02
2.539999999999999897e-02
2.309999999999999901e-02
1.880000000000000074e-02
1.039999999999999952e-02
1.239999999999999956e-02
6.400000000000000307e-03
7.400000000000000328e-03
1.209999999999999964e-02
1.039999999999999952e-02
1.290000000000000001e-02
1.590000000000000094e-02
7.599999999999999985e-03
1.370000000000000037e-02
1.280000000000000061e-02
1.140000000000000041e-02
2.100000000000000130e-02
3.599999999999999728e-02
4.359999999999999987e-02
3.690000000000000224e-02
2.290000000000000022e-02
2.110000000000000070e-02
1.679999999999999896e-02
0.000000000000000000e+00
0.000000000000000000e+00
0.000000000000000000e+00
6.999999999999999929e-04
0.000000000000000000e+00
5.400000000000000286e-03
9.499999999999999764e-03
2.200000000000000133e-03
1.899999999999999996e-03
0.000000000000000000e+00
9.400000000000000369e-03
1.170000000000000033e-02
1.439999999999999961e-02
1.420000000000000082e-02
1.629999999999999852e-02
1.590000000000000094e-02
1.890000000000000013e-02
2.249999999999999917e-02
1.340000000000000045e-02
2.230000000000000038e-02
2.089999999999999844e-02
1.969999999999999876e-02
1.619999999999999912e-02
2.659999999999999865e-02
3.790000000000000313e-02
4.089999999999999886e-02
3.919999999999999873e-02
4.009999999999999676e-02
3.109999999999999917e-02
2.560000000000000123e-02
3.389999999999999958e-02
3.250000000000000111e-02
2.910000000000000087e-02
3.849999999999999950e-02
3.910000000000000281e-02
3.039999999999999994e-02
3.280000000000000276e-02
3.729999999999999982e-02
5.009999999999999870e-02
6.790000000000000202e-02
7.019999999999999851e-02
8.740000000000000546e-02
9.550000000000000155e-02
1.406999999999999917e-01
1.569000000000000117e-01
2.096000000000000085e-01
3.393999999999999795e-01
4.000000000000000222e-01
5.032999999999999696e-01
5.787999999999999812e-01
6.747999999999999554e-01
7.743999999999999773e-01
8.490999999999999659e-01
8.750000000000000000e-01
9.280000000000000471e-01
9.550999999999999490e-01
9.725000000000000311e-01
9.930999999999999828e-01
1.000000000000000000e+00
1.000000000000000000e+00
1.000000000000000000e+00
1.000000000000000000e+00
1.000000000000000000e+00
1.000000000000000000e+00
1.000000000000000000e+00
1.000000000000000000e+00
1.000000000000000000e+00
1.000000000000000000e+00
1.000000000000000000e+00
1.000000000000000000e+00
1.000000000000000000e+00
1.000000000000000000e+00
1.000000000000000000e+00
1.000000000000000000e+00
1.000000000000000000e+00
1.000000000000000000e+00
1.000000000000000000e+00
1.000000000000000000e+00
9.963999999999999524e-01
1.000000000000000000e+00
1.000000000000000000e+00
9.989000000000000101e-01
1.000000000000000000e+00
1.000000000000000000e+00
9.963999999999999524e-01
1.000000000000000000e+00
1.000000000000000000e+00
9.979999999999999982e-01
1.000000000000000000e+00
9.919000000000000039e-01
9.943999999999999506e-01
9.882999999999999563e-01
9.937000000000000277e-01
9.877000000000000224e-01
9.955000000000000515e-01
9.876000000000000334e-01
9.950999999999999845e-01
9.848000000000000087e-01
9.851999999999999647e-01
9.815000000000000391e-01
9.816000000000000281e-01
9.815000000000000391e-01
9.778000000000000025e-01
9.887000000000000233e-01
9.781999999999999584e-01
9.966000000000000414e-01
9.896000000000000352e-01
1.000000000000000000e+00
9.996000000000000441e-01
1.000000000000000000e+00
9.949000000000000066e-01
9.880999999999999783e-01
9.975000000000000533e-01
1.000000000000000000e+00
9.832999999999999519e-01
9.769999999999999796e-01
9.963999999999999524e-01
9.947000000000000286e-01
9.995000000000000551e-01
9.976000000000000423e-01
9.876000000000000334e-01
9.887000000000000233e-01
9.893999999999999462e-01
9.831999999999999629e-01
9.842999999999999527e-01
9.829999999999999849e-01
9.868000000000000105e-01
9.848000000000000087e-01
9.848000000000000087e-01
9.861999999999999655e-01
9.898000000000000131e-01
9.828999999999999959e-01
9.730999999999999650e-01
9.737999999999999989e-01
9.775000000000000355e-01
9.507999999999999785e-01
9.360000000000000542e-01
9.216999999999999638e-01
8.808000000000000274e-01
8.766000000000000458e-01
8.453000000000000513e-01
8.081000000000000405e-01
7.718000000000000416e-01
7.321999999999999620e-01
6.410000000000000142e-01
6.187000000000000277e-01
5.592000000000000304e-01
4.822000000000000175e-01
4.395000000000000018e-01
3.981000000000000094e-01
3.805000000000000049e-01
3.103000000000000203e-01
2.301999999999999880e-01
1.907999999999999974e-01
1.489000000000000046e-01
9.760000000000000620e-02
6.429999999999999605e-02
6.019999999999999657e-02
5.090000000000000080e-02
5.680000000000000326e-02
6.400000000000000133e-02
5.800000000000000294e-02
6.239999999999999714e-02
7.820000000000000562e-02
6.840000000000000246e-02
6.270000000000000573e-02
5.500000000000000028e-02
5.990000000000000185e-02
6.500000000000000222e-02
6.779999999999999916e-02
8.329999999999999905e-02
1.005000000000000060e-01
1.091000000000000025e-01
1.205999999999999989e-01
1.358000000000000040e-01
1.782999999999999863e-01
1.612999999999999989e-01
1.806000000000000105e-01
1.749999999999999889e-01
1.756000000000000061e-01
1.854000000000000092e-01
1.894000000000000128e-01
2.088000000000000134e-01
2.154000000000000081e-01
2.301999999999999880e-01
2.564000000000000168e-01
2.536999999999999811e-01
2.503000000000000225e-01
2.514000000000000123e-01
2.697999999999999843e-01
2.863999999999999879e-01
2.950999999999999734e-01
2.907000000000000139e-01
2.499000000000000110e-01
2.207999999999999963e-01
2.023000000000000076e-01
1.955999999999999961e-01
1.769999999999999907e-01
1.635000000000000064e-01
1.580999999999999905e-01
1.784000000000000030e-01
1.874000000000000110e-01
1.945000000000000062e-01
1.789999999999999925e-01
1.688999999999999946e-01
1.633999999999999897e-01
1.811000000000000110e-01
1.660999999999999976e-01
1.615000000000000047e-01
1.501000000000000112e-01
1.269000000000000128e-01
1.140999999999999931e-01
9.829999999999999849e-02
7.879999999999999505e-02
5.129999999999999838e-02
3.429999999999999716e-02
2.719999999999999848e-02
2.450000000000000094e-02
2.400000000000000050e-02
2.400000000000000050e-02
2.060000000000000026e-02
1.269999999999999948e-02
1.909999999999999892e-02
1.859999999999999848e-02
1.729999999999999941e-02
1.779999999999999985e-02
2.759999999999999953e-02
3.780000000000000027e-02
3.300000000000000155e-02
3.039999999999999994e-02
3.880000000000000115e-02
5.469999999999999862e-02
6.110000000000000153e-02
6.450000000000000178e-02
7.989999999999999880e-02
1.035999999999999976e-01
1.199999999999999956e-01
1.297999999999999987e-01
1.198000000000000037e-01
1.116000000000000048e-01
8.440000000000000280e-02
5.050000000000000322e-02
2.359999999999999945e-02
1.200000000000000025e-02
6.599999999999999964e-03
3.399999999999999811e-03
0.000000000000000000e+00
1.340000000000000045e-02
1.750000000000000167e-02
4.170000000000000095e-02
7.270000000000000073e-02
1.003000000000000003e-01
1.512000000000000011e-01
2.089000000000000024e-01
2.396000000000000074e-01
2.586999999999999855e-01
2.494000000000000106e-01
2.212999999999999967e-01
1.927000000000000102e-01
1.978999999999999926e-01
1.678999999999999937e-01
1.439000000000000001e-01
1.350999999999999979e-01
1.232000000000000040e-01
1.092999999999999944e-01
1.116999999999999937e-01
1.145000000000000046e-01
1.047000000000000014e-01
9.289999999999999647e-02
1.000000000000000056e-01
9.909999999999999365e-02
1.047000000000000014e-01
1.014000000000000040e-01
9.429999999999999494e-02
8.089999999999999969e-02
6.489999999999999936e-02
4.529999999999999999e-02
3.250000000000000111e-02
2.589999999999999941e-02
1.640000000000000138e-02
1.559999999999999928e-02
2.280000000000000082e-02
1.559999999999999928e-02
2.620000000000000107e-02
4.130000000000000338e-02
6.019999999999999657e-02
8.029999999999999638e-02
7.570000000000000340e-02
6.199999999999999956e-02
7.459999999999999964e-02
9.099999999999999756e-02
1.097000000000000058e-01
1.265999999999999903e-01
1.413999999999999979e-01
1.635000000000000064e-01
2.008000000000000063e-01
1.983999999999999930e-01
2.091999999999999971e-01
2.207000000000000073e-01
2.381999999999999951e-01
2.656999999999999917e-01
2.787000000000000033e-01
3.062000000000000277e-01
3.568999999999999950e-01
3.827999999999999736e-01
4.309999999999999942e-01
4.666000000000000147e-01
5.101999999999999869e-01
5.214999999999999636e-01
4.259999999999999898e-01
