7.223000000000000531e-01
6.802000000000000268e-01
6.379000000000000226e-01
6.230999999999999872e-01
5.701000000000000512e-01
5.332999999999999963e-01
5.042999999999999705e-01
4.990999999999999881e-01
4.843000000000000083e-01
4.653999999999999804e-01
4.218999999999999972e-01
3.810000000000000053e-01
3.309000000000000274e-01
2.927000000000000157e-01
2.670000000000000151e-01
2.626000000000000001e-01
2.490999999999999881e-01
2.275000000000000078e-01
1.887999999999999956e-01
1.685999999999999999e-01
1.325999999999999956e-01
1.073999999999999955e-01
8.599999999999999312e-02
7.230000000000000315e-02
5.779999999999999721e-02
3.540000000000000091e-02
3.289999999999999869e-02
1.990000000000000102e-02
2.299999999999999961e-02
4.540000000000000285e-02
6.980000000000000093e-02
1.218000000000000055e-01
1.618999999999999884e-01
2.122999999999999887e-01
2.146000000000000130e-01
2.094000000000000028e-01
2.056999999999999940e-01
1.985999999999999988e-01
1.943000000000000005e-01
1.864000000000000101e-01
1.907999999999999974e-01
1.832999999999999907e-01
1.864999999999999991e-01
1.769000000000000017e-01
1.655000000000000082e-01
1.346999999999999864e-01
1.125000000000000028e-01
1.082000000000000045e-01
1.037000000000000005e-01
1.010999999999999954e-01
1.006999999999999978e-01
9.070000000000000284e-02
1.005999999999999950e-01
9.810000000000000664e-02
9.569999999999999341e-02
1.008000000000000007e-01
1.019000000000000045e-01
9.829999999999999849e-02
1.015000000000000069e-01
9.360000000000000264e-02
9.679999999999999716e-02
1.023000000000000020e-01
8.949999999999999623e-02
9.039999999999999425e-02
8.880000000000000393e-02
9.919999999999999651e-02
1.175999999999999962e-01
1.565999999999999892e-01
1.922999999999999987e-01
2.482999999999999929e-01
2.730000000000000204e-01
2.888999999999999901e-01
3.118000000000000216e-01
3.034999999999999920e-01
2.924999999999999822e-01
2.641999999999999904e-01
2.497999999999999943e-01
2.427999999999999881e-01
2.202000000000000068e-01
1.865999999999999881e-01
1.577999999999999958e-01
1.443000000000000116e-01
8.519999999999999796e-02
6.759999999999999343e-02
7.420000000000000207e-02
3.280000000000000276e-02
3.090000000000000038e-02
3.119999999999999857e-02
3.009999999999999828e-02
4.089999999999999886e-02
4.320000000000000229e-02
3.830000000000000071e-02
2.560000000000000123e-02
2.009999999999999981e-02
1.919999999999999832e-02
1.469999999999999953e-02
1.050000000000000065e-02
1.519999999999999997e-02
1.980000000000000163e-02
2.110000000000000070e-02
3.370000000000000079e-02
4.100000000000000172e-02
5.029999999999999749e-02
7.159999999999999698e-02
1.047000000000000014e-01
1.227000000000000035e-01
1.458000000000000129e-01
1.849000000000000088e-01
2.366000000000000048e-01
2.873999999999999888e-01
3.587000000000000188e-01
4.462999999999999745e-01
5.063999999999999613e-01
5.526999999999999691e-01
5.654000000000000137e-01
5.534999999999999920e-01
5.651000000000000467e-01
5.493000000000000105e-01
5.397999999999999465e-01
5.213999999999999746e-01
4.937000000000000277e-01
4.701000000000000179e-01
4.476999999999999869e-01
4.265999999999999792e-01
4.193999999999999950e-01
4.021000000000000130e-01
3.726999999999999758e-01
3.654999999999999916e-01
3.711999999999999744e-01
3.784000000000000141e-01
3.877999999999999781e-01
4.273000000000000131e-01
4.693999999999999839e-01
5.447999999999999510e-01
6.189999999999999947e-01
7.131999999999999451e-01
7.901000000000000245e-01
8.661999999999999700e-01
9.122000000000000108e-01
9.222000000000000197e-01
9.477999999999999758e-01
9.603000000000000425e-01
9.790999999999999703e-01
9.887000000000000233e-01
9.693000000000000504e-01
9.788999999999999924e-01
9.616999999999999993e-01
9.657000000000000028e-01
9.655000000000000249e-01
9.797000000000000153e-01
9.743000000000000549e-01
9.729999999999999760e-01
9.861999999999999655e-01
9.872999999999999554e-01
9.879000000000000004e-01
9.970999999999999863e-01
9.828000000000000069e-01
9.796000000000000263e-01
9.817000000000000171e-01
9.717999999999999972e-01
9.746000000000000218e-01
9.792999999999999483e-01
9.639999999999999680e-01
9.536999999999999922e-01
9.314999999999999947e-01
9.010000000000000231e-01
8.679999999999999938e-01
8.476000000000000201e-01
7.951000000000000290e-01
7.604999999999999538e-01
6.692000000000000171e-01
5.673000000000000265e-01
4.984000000000000097e-01
4.265999999999999792e-01
3.798000000000000265e-01
3.603000000000000091e-01
3.496000000000000218e-01
3.592000000000000193e-01
3.452999999999999958e-01
3.422000000000000042e-01
3.135000000000000009e-01
2.787999999999999923e-01
2.636999999999999900e-01
2.556999999999999829e-01
2.398000000000000131e-01
2.300999999999999990e-01
2.030000000000000138e-01
1.953000000000000014e-01
1.816000000000000114e-01
1.683999999999999941e-01
1.683000000000000052e-01
1.340000000000000080e-01
1.019999999999999934e-01
8.210000000000000631e-02
7.109999999999999654e-02
7.249999999999999500e-02
7.729999999999999372e-02
8.019999999999999352e-02
7.199999999999999456e-02
6.350000000000000089e-02
6.640000000000000069e-02
4.399999999999999745e-02
1.969999999999999876e-02
1.179999999999999973e-02
7.400000000000000328e-03
8.000000000000000383e-04
1.399999999999999986e-03
3.799999999999999992e-03
8.999999999999999754e-04
0.000000000000000000e+00
0.000000000000000000e+00
4.000000000000000083e-03
1.250000000000000069e-02
6.000000000000000125e-03
1.899999999999999996e-03
1.619999999999999912e-02
3.330000000000000321e-02
4.189999999999999974e-02
5.829999999999999766e-02
1.000000000000000056e-01
1.459999999999999909e-01
1.721999999999999920e-01
2.308999999999999941e-01
2.906000000000000250e-01
3.400000000000000244e-01
3.466000000000000192e-01
3.452999999999999958e-01
3.313999999999999724e-01
3.190000000000000058e-01
2.953000000000000069e-01
2.752999999999999892e-01
2.399999999999999911e-01
2.048999999999999988e-01
1.680999999999999994e-01
1.277000000000000079e-01
9.990000000000000269e-02
7.510000000000000009e-02
5.829999999999999766e-02
5.160000000000000003e-02
4.499999999999999833e-02
4.150000000000000216e-02
3.620000000000000301e-02
3.059999999999999873e-02
2.980000000000000010e-02
4.410000000000000031e-02
7.539999999999999480e-02
9.130000000000000615e-02
1.373999999999999944e-01
2.151000000000000134e-01
3.099999999999999978e-01
3.934000000000000274e-01
4.598999999999999755e-01
5.445999999999999730e-01
6.202999999999999625e-01
6.749000000000000554e-01
7.371999999999999664e-01
7.990000000000000435e-01
8.386000000000000121e-01
8.697000000000000286e-01
9.013999999999999790e-01
9.214999999999999858e-01
9.365999999999999881e-01
9.525000000000000133e-01
9.519999999999999574e-01
9.602000000000000535e-01
9.566000000000000059e-01
9.664000000000000368e-01
9.724000000000000421e-01
9.687999999999999945e-01
9.688999999999999835e-01
9.584000000000000297e-01
9.465000000000000080e-01
9.438999999999999613e-01
9.472000000000000419e-01
9.699999999999999734e-01
9.837000000000000188e-01
9.930999999999999828e-01
9.923999999999999488e-01
9.848999999999999977e-01
9.917000000000000259e-01
9.953999999999999515e-01
9.982999999999999652e-01
9.921999999999999709e-01
9.860999999999999766e-01
9.943999999999999506e-01
9.852999999999999536e-01
9.959999999999999964e-01
9.826000000000000290e-01
9.815000000000000391e-01
9.749999999999999778e-01
9.734000000000000430e-01
9.657000000000000028e-01
9.537999999999999812e-01
9.422000000000000375e-01
9.112999999999999989e-01
8.887000000000000455e-01
8.558000000000000052e-01
8.168999999999999595e-01
7.511999999999999789e-01
6.357000000000000428e-01
5.047000000000000375e-01
4.007000000000000006e-01
3.029999999999999916e-01
2.666999999999999926e-01
2.237999999999999989e-01
1.978000000000000036e-01
1.855999999999999872e-01
1.698000000000000065e-01
1.381000000000000005e-01
1.024000000000000049e-01
6.759999999999999343e-02
5.059999999999999915e-02
3.839999999999999664e-02
2.529999999999999957e-02
2.560000000000000123e-02
1.220000000000000077e-02
1.290000000000000001e-02
9.299999999999999239e-03
1.299999999999999940e-02
8.500000000000000611e-03
9.700000000000000289e-03
2.709999999999999909e-02
2.319999999999999840e-02
1.909999999999999892e-02
4.719999999999999890e-02
6.600000000000000311e-02
1.047000000000000014e-01
1.223999999999999949e-01
1.739999999999999880e-01
1.922999999999999987e-01
2.097999999999999865e-01
2.137999999999999901e-01
2.056000000000000050e-01
2.127999999999999892e-01
1.922999999999999987e-01
1.869999999999999996e-01
1.981999999999999873e-01
2.109999999999999931e-01
2.137999999999999901e-01
1.993999999999999939e-01
1.812000000000000000e-01
1.811000000000000110e-01
1.575000000000000011e-01
1.320999999999999952e-01
1.089999999999999997e-01
1.033000000000000029e-01
9.389999999999999736e-02
8.459999999999999465e-02
9.379999999999999449e-02
1.015000000000000069e-01
8.140000000000000013e-02
6.149999999999999911e-02
5.279999999999999971e-02
5.170000000000000290e-02
5.319999999999999729e-02
6.500000000000000222e-02
6.550000000000000266e-02
5.829999999999999766e-02
6.210000000000000242e-02
6.320000000000000617e-02
5.829999999999999766e-02
6.669999999999999540e-02
5.859999999999999931e-02
5.970000000000000306e-02
5.659999999999999754e-02
4.950000000000000233e-02
5.380000000000000060e-02
6.400000000000000133e-02
5.840000000000000052e-02
6.270000000000000573e-02
5.680000000000000326e-02
5.970000000000000306e-02
6.560000000000000553e-02
6.389999999999999847e-02
4.680000000000000132e-02
4.939999999999999947e-02
4.329999999999999821e-02
3.529999999999999805e-02
4.599999999999999922e-02
5.829999999999999766e-02
5.909999999999999976e-02
6.650000000000000355e-02
7.770000000000000517e-02
1.223000000000000059e-01
1.409999999999999865e-01
1.477999999999999869e-01
1.444000000000000006e-01
1.385000000000000120e-01
1.323999999999999899e-01
1.406999999999999917e-01
1.159000000000000030e-01
1.213000000000000050e-01
1.160999999999999949e-01
1.118999999999999995e-01
1.338000000000000023e-01
1.763000000000000123e-01
2.396999999999999964e-01
2.832000000000000073e-01
3.502000000000000113e-01
3.829000000000000181e-01
4.400999999999999912e-01
4.969000000000000083e-01
5.669999999999999485e-01
6.299000000000000155e-01
7.090999999999999526e-01
7.725999999999999535e-01
8.464000000000000412e-01
9.041000000000000147e-01
9.425999999999999934e-01
9.659999999999999698e-01
9.647999999999999909e-01
9.754000000000000448e-01
9.717999999999999972e-01
9.836000000000000298e-01
9.902999999999999581e-01
9.822999999999999510e-01
9.941999999999999726e-01
9.906000000000000361e-01
9.799999999999999822e-01
9.885000000000000453e-01
9.809999999999999831e-01
9.898000000000000131e-01
9.747000000000000108e-01
9.674000000000000377e-01
9.696000000000000174e-01
9.901999999999999691e-01
9.936000000000000387e-01
9.669999999999999707e-01
9.731999999999999540e-01
9.614000000000000323e-01
9.638999999999999790e-01
9.778000000000000025e-01
9.563000000000000389e-01
9.517999999999999794e-01
9.559999999999999609e-01
9.499999999999999556e-01
9.903999999999999471e-01
9.638999999999999790e-01
9.691999999999999504e-01
9.562000000000000499e-01
9.644000000000000350e-01
9.546000000000000041e-01
9.640999999999999570e-01
9.657000000000000028e-01
9.912999999999999590e-01
9.810999999999999721e-01
9.972999999999999643e-01
9.861999999999999655e-01
9.949000000000000066e-01
9.879999999999999893e-01
9.890999999999999792e-01
9.633000000000000451e-01
9.583000000000000407e-01
9.523000000000000353e-01
9.649999999999999689e-01
9.417999999999999705e-01
9.394000000000000128e-01
9.300000000000000488e-01
9.157999999999999474e-01
9.002999999999999892e-01
8.900000000000000133e-01
8.929000000000000270e-01
8.873999999999999666e-01
8.846000000000000529e-01
8.689000000000000057e-01
8.699999999999999956e-01
8.658000000000000140e-01
8.473000000000000531e-01
8.486000000000000210e-01
8.575000000000000400e-01
8.551999999999999602e-01
8.556000000000000272e-01
8.737000000000000322e-01
8.947000000000000508e-01
9.153000000000000025e-01
9.472000000000000419e-01
9.539999999999999591e-01
9.495999999999999996e-01
9.479999999999999538e-01
9.443000000000000282e-01
9.432000000000000384e-01
9.465000000000000080e-01
9.445999999999999952e-01
9.647999999999999909e-01
9.649999999999999689e-01
9.789999999999999813e-01
9.955000000000000515e-01
9.778999999999999915e-01
9.717999999999999972e-01
9.889000000000000012e-01
9.912999999999999590e-01
9.820999999999999730e-01
9.905000000000000471e-01
9.862999999999999545e-01
9.898000000000000131e-01
9.876000000000000334e-01
9.806000000000000272e-01
9.761999999999999567e-01
9.747000000000000108e-01
9.687000000000000055e-01
9.648999999999999799e-01
9.478999999999999648e-01
9.236999999999999655e-01
9.185999999999999721e-01
9.363000000000000211e-01
9.001000000000000112e-01
9.163999999999999924e-01
9.135999999999999677e-01
9.243000000000000105e-01
9.229000000000000536e-01
9.213000000000000078e-01
9.180000000000000382e-01
8.989000000000000323e-01
8.761999999999999789e-01
8.627000000000000224e-01
8.660999999999999810e-01
8.671999999999999709e-01
8.662999999999999590e-01
8.638000000000000123e-01
8.605000000000000426e-01
8.751999999999999780e-01
8.817000000000000393e-01
9.096999999999999531e-01
9.116999999999999549e-01
9.284000000000000030e-01
9.418999999999999595e-01
9.558999999999999719e-01
9.627999999999999892e-01
9.308999999999999497e-01
9.335999999999999854e-01
9.256999999999999673e-01
9.333000000000000185e-01
9.217999999999999527e-01
9.268999999999999462e-01
9.203000000000000069e-01
9.413000000000000256e-01
9.423000000000000265e-01
9.517999999999999794e-01
9.684000000000000385e-01
9.565000000000000169e-01
9.710999999999999632e-01
9.479999999999999538e-01
9.522000000000000464e-01
9.089000000000000412e-01
8.928000000000000380e-01
9.186999999999999611e-01
9.565000000000000169e-01
9.727999999999999980e-01
9.670999999999999597e-01
9.734000000000000430e-01
9.553000000000000380e-01
9.472000000000000419e-01
9.636000000000000121e-01
9.815000000000000391e-01
9.841999999999999638e-01
9.659999999999999698e-01
9.600999999999999535e-01
9.719999999999999751e-01
9.607999999999999874e-01
9.566000000000000059e-01
9.516000000000000014e-01
9.630999999999999561e-01
9.620999999999999552e-01
9.384000000000000119e-01
9.060000000000000275e-01
9.356999999999999762e-01
9.254000000000000004e-01
9.499999999999999556e-01
9.666000000000000147e-01
9.613000000000000433e-01
9.658999999999999808e-01
9.499999999999999556e-01
9.379999999999999449e-01
9.650999999999999579e-01
9.735000000000000320e-01
9.717999999999999972e-01
9.710999999999999632e-01
9.610999999999999543e-01
9.368999999999999551e-01
9.445999999999999952e-01
9.388999999999999568e-01
9.151000000000000245e-01
9.298999999999999488e-01
9.492000000000000437e-01
8.997000000000000552e-01
8.959000000000000297e-01
8.823999999999999622e-01
8.730999999999999872e-01
8.984999999999999654e-01
9.023999999999999799e-01
8.838000000000000300e-01
8.838000000000000300e-01
8.693999999999999506e-01
8.860999999999999988e-01
8.917000000000000481e-01
8.689999999999999947e-01
8.615000000000000435e-01
8.477000000000000091e-01
8.276000000000000023e-01
8.164000000000000146e-01
8.052000000000000268e-01
7.770000000000000240e-01
7.683999999999999719e-01
7.764999999999999680e-01
7.709000000000000297e-01
7.637000000000000455e-01
7.610999999999999988e-01
7.790000000000000258e-01
7.864999999999999769e-01
8.226999999999999869e-01
8.712999999999999634e-01
9.099000000000000421e-01
9.496999999999999886e-01
9.606999999999999984e-01
9.580999999999999517e-01
9.595000000000000195e-01
9.661999999999999478e-01
9.747000000000000108e-01
9.721999999999999531e-01
9.673000000000000487e-01
9.707999999999999963e-01
9.631999999999999451e-01
9.667000000000000037e-01
9.464000000000000190e-01
9.576000000000000068e-01
9.544000000000000261e-01
9.505000000000000115e-01
9.392000000000000348e-01
9.466999999999999860e-01
9.235999999999999766e-01
9.484000000000000208e-01
9.529999999999999583e-01
9.509999999999999565e-01
9.472000000000000419e-01
9.485000000000000098e-01
9.409999999999999476e-01
9.485000000000000098e-01
9.378999999999999559e-01
9.445000000000000062e-01
9.358999999999999542e-01
9.579999999999999627e-01
9.441000000000000503e-01
9.574000000000000288e-01
9.502000000000000446e-01
9.426999999999999824e-01
9.056999999999999496e-01
8.562999999999999501e-01
