9.092000000000000082e-01
9.603000000000000425e-01
9.465000000000000080e-01
9.342000000000000304e-01
9.281000000000000361e-01
9.162000000000000144e-01
9.173000000000000043e-01
9.294000000000000039e-01
9.278999999999999471e-01
9.199000000000000510e-01
9.162000000000000144e-01
9.112000000000000099e-01
9.152000000000000135e-01
8.950000000000000178e-01
8.954999999999999627e-01
8.959000000000000297e-01
9.045999999999999597e-01
9.068000000000000504e-01
8.981000000000000094e-01
8.983999999999999764e-01
9.073999999999999844e-01
9.038000000000000478e-01
9.053999999999999826e-01
9.136999999999999567e-01
9.044999999999999707e-01
9.223999999999999977e-01
9.242000000000000215e-01
9.284000000000000030e-01
9.125999999999999668e-01
9.020000000000000240e-01
9.276999999999999691e-01
9.206999999999999629e-01
9.257999999999999563e-01
9.193999999999999950e-01
9.368999999999999551e-01
9.605000000000000204e-01
9.654000000000000359e-01
9.729999999999999760e-01
9.686000000000000165e-01
9.956000000000000405e-01
9.798000000000000043e-01
1.000000000000000000e+00
9.847000000000000197e-01
1.000000000000000000e+00
1.000000000000000000e+00
9.929000000000000048e-01
9.906000000000000361e-01
9.845000000000000417e-01
9.913999999999999480e-01
9.418999999999999595e-01
9.496999999999999886e-01
9.562000000000000499e-01
9.570999999999999508e-01
9.631999999999999451e-01
9.295999999999999819e-01
9.338999999999999524e-01
9.153999999999999915e-01
9.046999999999999487e-01
9.127999999999999448e-01
9.233999999999999986e-01
9.195999999999999730e-01
8.758000000000000229e-01
8.968000000000000416e-01
8.729999999999999982e-01
8.366999999999999993e-01
8.114000000000000101e-01
7.733999999999999764e-01
7.673999999999999710e-01
7.489000000000000101e-01
7.114000000000000323e-01
7.043000000000000371e-01
6.498000000000000442e-01
6.256000000000000449e-01
5.878999999999999782e-01
5.322999999999999954e-01
4.989000000000000101e-01
4.502999999999999781e-01
4.186000000000000276e-01
3.916000000000000036e-01
3.543999999999999928e-01
3.289000000000000257e-01
3.251999999999999891e-01
2.964999999999999858e-01
2.852000000000000091e-01
2.782000000000000028e-01
2.525999999999999912e-01
2.326999999999999902e-01
2.164000000000000090e-01
1.804000000000000048e-01
1.678999999999999937e-01
1.514000000000000068e-01
1.365999999999999992e-01
1.390000000000000124e-01
1.129000000000000004e-01
1.097000000000000058e-01
1.295999999999999930e-01
1.274000000000000132e-01
1.277999999999999969e-01
1.270000000000000018e-01
1.390000000000000124e-01
1.275999999999999912e-01
1.330999999999999961e-01
1.512999999999999901e-01
1.254000000000000115e-01
1.199000000000000066e-01
1.272999999999999965e-01
1.063000000000000056e-01
8.329999999999999905e-02
9.260000000000000175e-02
7.589999999999999525e-02
8.060000000000000497e-02
6.600000000000000311e-02
4.580000000000000043e-02
3.540000000000000091e-02
2.869999999999999982e-02
1.340000000000000045e-02
2.369999999999999885e-02
1.549999999999999989e-02
2.069999999999999965e-02
1.969999999999999876e-02
3.610000000000000014e-02
6.750000000000000444e-02
6.819999999999999674e-02
8.019999999999999352e-02
1.228000000000000064e-01
1.746000000000000052e-01
2.074999999999999900e-01
3.003000000000000114e-01
3.357999999999999874e-01
3.649000000000000021e-01
3.956999999999999962e-01
4.078999999999999848e-01
3.975000000000000200e-01
3.699999999999999956e-01
3.580999999999999739e-01
3.366000000000000103e-01
3.216999999999999860e-01
3.207999999999999741e-01
3.057000000000000273e-01
3.185999999999999943e-01
3.427999999999999936e-01
3.955000000000000182e-01
4.645000000000000240e-01
5.041999999999999815e-01
6.081999999999999629e-01
6.481999999999999984e-01
7.006999999999999895e-01
7.187000000000000055e-01
7.462999999999999634e-01
7.920000000000000373e-01
8.104000000000000092e-01
8.456000000000000183e-01
8.778000000000000247e-01
8.967000000000000526e-01
9.163999999999999924e-01
9.177999999999999492e-01
9.153999999999999915e-01
9.184999999999999831e-01
9.173000000000000043e-01
9.180000000000000382e-01
9.068000000000000504e-01
9.009000000000000341e-01
8.973999999999999755e-01
8.901000000000000023e-01
8.773999999999999577e-01
8.635000000000000453e-01
8.650999999999999801e-01
8.648000000000000131e-01
8.646000000000000352e-01
8.629999999999999893e-01
8.473000000000000531e-01
8.491999999999999549e-01
8.447999999999999954e-01
8.534000000000000474e-01
8.529999999999999805e-01
8.616000000000000325e-01
8.457000000000000073e-01
8.399999999999999689e-01
8.509999999999999787e-01
8.760999999999999899e-01
8.667000000000000259e-01
8.739999999999999991e-01
8.760999999999999899e-01
8.768000000000000238e-01
8.458999999999999853e-01
8.873999999999999666e-01
8.934999999999999609e-01
9.159000000000000474e-01
9.126999999999999558e-01
9.205999999999999739e-01
9.202000000000000179e-01
9.241000000000000325e-01
9.223000000000000087e-01
9.314999999999999947e-01
9.322000000000000286e-01
9.322000000000000286e-01
9.399999999999999467e-01
9.385999999999999899e-01
9.415000000000000036e-01
9.376999999999999780e-01
9.275999999999999801e-01
9.344000000000000083e-01
9.377999999999999670e-01
9.304999999999999938e-01
9.146999999999999575e-01
9.143999999999999906e-01
9.093999999999999861e-01
9.098000000000000531e-01
9.135999999999999677e-01
9.106999999999999540e-01
9.212000000000000188e-01
9.094999999999999751e-01
9.084999999999999742e-01
8.987000000000000544e-01
9.078000000000000513e-01
9.103999999999999870e-01
9.214999999999999858e-01
9.101000000000000201e-01
9.140000000000000346e-01
9.141000000000000236e-01
9.132000000000000117e-01
9.176999999999999602e-01
9.156999999999999584e-01
9.255999999999999783e-01
9.300000000000000488e-01
9.251000000000000334e-01
9.300000000000000488e-01
9.348999999999999533e-01
9.365999999999999881e-01
9.424000000000000155e-01
9.441000000000000503e-01
9.436999999999999833e-01
9.516999999999999904e-01
9.371000000000000441e-01
9.424000000000000155e-01
9.405000000000000027e-01
9.415000000000000036e-01
9.455000000000000071e-01
9.520999999999999464e-01
9.510999999999999455e-01
9.478999999999999648e-01
9.456999999999999851e-01
9.574000000000000288e-01
9.512000000000000455e-01
9.547999999999999821e-01
9.471000000000000529e-01
9.429999999999999494e-01
9.396999999999999797e-01
9.348999999999999533e-01
9.356999999999999762e-01
9.320000000000000506e-01
9.243999999999999995e-01
9.133999999999999897e-01
8.939000000000000279e-01
8.764999999999999458e-01
8.653999999999999471e-01
8.457999999999999963e-01
8.446000000000000174e-01
8.430999999999999606e-01
8.453000000000000513e-01
8.455000000000000293e-01
8.648000000000000131e-01
8.859000000000000208e-01
8.891999999999999904e-01
8.908000000000000362e-01
9.060000000000000275e-01
9.174999999999999822e-01
9.205999999999999739e-01
9.435000000000000053e-01
9.314999999999999947e-01
9.364999999999999991e-01
9.364999999999999991e-01
9.303000000000000158e-01
9.264000000000000012e-01
9.343000000000000194e-01
9.342000000000000304e-01
9.370000000000000551e-01
9.422000000000000375e-01
9.312000000000000277e-01
9.199000000000000510e-01
9.120000000000000329e-01
9.080000000000000293e-01
9.113999999999999879e-01
8.978000000000000425e-01
9.012000000000000011e-01
8.924999999999999600e-01
8.901000000000000023e-01
8.783999999999999586e-01
8.800000000000000044e-01
8.647000000000000242e-01
8.535000000000000364e-01
8.195999999999999952e-01
7.916999999999999593e-01
7.507000000000000339e-01
7.078999999999999737e-01
6.606999999999999540e-01
6.375999999999999446e-01
6.147000000000000242e-01
6.094000000000000528e-01
5.953000000000000513e-01
5.548999999999999488e-01
5.332999999999999963e-01
5.728999999999999648e-01
5.928999999999999826e-01
5.990999999999999659e-01
6.047000000000000153e-01
6.659000000000000474e-01
7.058999999999999719e-01
7.032000000000000473e-01
7.614999999999999547e-01
7.984999999999999876e-01
8.342000000000000526e-01
8.560999999999999721e-01
8.592999999999999527e-01
8.245000000000000107e-01
7.859000000000000430e-01
8.259999999999999565e-01
8.205000000000000071e-01
8.667000000000000259e-01
8.779000000000000137e-01
8.850000000000000089e-01
9.009000000000000341e-01
9.102999999999999980e-01
9.095999999999999641e-01
9.170000000000000373e-01
9.133999999999999897e-01
9.114999999999999769e-01
8.954999999999999627e-01
9.018000000000000460e-01
9.116999999999999549e-01
9.280000000000000471e-01
9.192000000000000171e-01
9.215999999999999748e-01
9.249000000000000554e-01
9.276999999999999691e-01
9.257999999999999563e-01
9.303000000000000158e-01
9.264999999999999902e-01
9.366999999999999771e-01
9.305999999999999828e-01
9.280000000000000471e-01
9.409999999999999476e-01
9.453000000000000291e-01
9.550999999999999490e-01
9.468999999999999639e-01
9.455000000000000071e-01
9.488999999999999657e-01
9.540999999999999481e-01
9.530999999999999472e-01
9.489999999999999547e-01
9.516999999999999904e-01
9.526000000000000023e-01
9.495999999999999996e-01
9.562000000000000499e-01
9.483000000000000318e-01
9.406999999999999806e-01
9.352000000000000313e-01
9.334999999999999964e-01
9.427999999999999714e-01
9.566999999999999948e-01
9.538999999999999702e-01
9.618999999999999773e-01
9.647000000000000020e-01
9.497999999999999776e-01
9.424000000000000155e-01
9.432000000000000384e-01
9.437999999999999723e-01
9.372000000000000330e-01
9.253000000000000114e-01
9.302000000000000268e-01
9.370000000000000551e-01
9.292000000000000259e-01
9.232000000000000206e-01
9.449999999999999512e-01
9.448999999999999622e-01
9.340000000000000524e-01
9.580999999999999517e-01
9.604000000000000314e-01
9.603000000000000425e-01
9.423000000000000265e-01
9.485000000000000098e-01
9.497999999999999776e-01
9.537999999999999812e-01
9.527999999999999803e-01
9.562000000000000499e-01
9.502000000000000446e-01
9.437999999999999723e-01
9.544000000000000261e-01
9.556000000000000050e-01
9.609999999999999654e-01
9.508999999999999675e-01
9.352000000000000313e-01
9.508999999999999675e-01
9.451000000000000512e-01
9.625000000000000222e-01
9.555000000000000160e-01
9.494000000000000217e-01
9.530999999999999472e-01
9.573000000000000398e-01
9.586999999999999966e-01
9.597999999999999865e-01
9.602000000000000535e-01
9.574000000000000288e-01
9.563000000000000389e-01
9.558999999999999719e-01
9.564000000000000279e-01
9.578999999999999737e-01
9.474000000000000199e-01
9.580999999999999517e-01
9.509999999999999565e-01
9.469999999999999529e-01
9.536999999999999922e-01
9.526999999999999913e-01
9.508999999999999675e-01
9.478999999999999648e-01
9.437999999999999723e-01
9.465999999999999970e-01
9.491000000000000547e-01
9.211000000000000298e-01
9.155999999999999694e-01
9.182000000000000162e-01
9.255999999999999783e-01
9.283000000000000140e-01
9.201000000000000290e-01
9.059000000000000385e-01
8.978000000000000425e-01
9.082000000000000073e-01
9.251000000000000334e-01
9.277999999999999581e-01
9.401000000000000467e-01
9.381000000000000449e-01
9.387999999999999678e-01
9.395999999999999908e-01
9.320000000000000506e-01
9.169000000000000483e-01
9.223999999999999977e-01
9.324000000000000066e-01
9.139000000000000457e-01
9.535000000000000142e-01
9.548999999999999710e-01
9.677999999999999936e-01
9.661999999999999478e-01
9.644000000000000350e-01
9.788999999999999924e-01
9.593000000000000416e-01
9.665000000000000258e-01
9.631999999999999451e-01
9.631999999999999451e-01
9.578999999999999737e-01
9.522000000000000464e-01
9.547999999999999821e-01
9.497999999999999776e-01
9.453000000000000291e-01
9.495999999999999996e-01
9.473000000000000309e-01
9.520999999999999464e-01
9.556000000000000050e-01
9.455999999999999961e-01
9.435999999999999943e-01
9.481000000000000538e-01
9.371000000000000441e-01
9.327999999999999625e-01
9.331000000000000405e-01
9.252000000000000224e-01
9.288999999999999480e-01
9.425000000000000044e-01
9.515000000000000124e-01
9.526000000000000023e-01
9.393000000000000238e-01
9.381000000000000449e-01
9.340000000000000524e-01
9.183999999999999941e-01
8.911999999999999922e-01
9.231000000000000316e-01
9.201000000000000290e-01
9.379999999999999449e-01
9.453000000000000291e-01
9.516999999999999904e-01
9.553000000000000380e-01
9.489999999999999547e-01
9.466999999999999860e-01
9.426999999999999824e-01
9.314999999999999947e-01
9.088000000000000522e-01
9.182000000000000162e-01
9.418999999999999595e-01
9.465000000000000080e-01
9.424000000000000155e-01
9.413000000000000256e-01
9.434000000000000163e-01
9.373000000000000220e-01
9.415000000000000036e-01
9.335999999999999854e-01
9.183000000000000052e-01
9.131000000000000227e-01
9.237999999999999545e-01
9.032999999999999918e-01
8.997000000000000552e-01
9.065999999999999615e-01
9.221000000000000307e-01
9.404000000000000137e-01
9.462000000000000410e-01
9.451000000000000512e-01
9.498999999999999666e-01
9.546000000000000041e-01
9.576000000000000068e-01
9.516999999999999904e-01
9.482000000000000428e-01
9.459999999999999520e-01
9.321000000000000396e-01
9.447999999999999732e-01
9.324999999999999956e-01
9.134999999999999787e-01
9.119000000000000439e-01
9.115999999999999659e-01
9.316999999999999726e-01
9.131000000000000227e-01
8.899000000000000243e-01
8.951000000000000068e-01
9.002999999999999892e-01
9.090000000000000302e-01
9.245999999999999774e-01
9.423000000000000265e-01
9.429999999999999494e-01
9.415999999999999925e-01
9.415000000000000036e-01
9.174999999999999822e-01
9.296999999999999709e-01
9.171000000000000263e-01
9.072000000000000064e-01
9.169000000000000483e-01
9.213000000000000078e-01
9.254000000000000004e-01
9.193000000000000060e-01
9.288999999999999480e-01
9.304999999999999938e-01
9.235999999999999766e-01
9.153999999999999915e-01
9.132000000000000117e-01
9.214999999999999858e-01
9.264999999999999902e-01
8.965999999999999526e-01
8.938000000000000389e-01
8.776000000000000467e-01
8.968000000000000416e-01
8.940000000000000169e-01
8.923999999999999710e-01
9.124999999999999778e-01
9.126999999999999558e-01
9.173999999999999932e-01
9.227999999999999536e-01
9.367999999999999661e-01
9.345999999999999863e-01
9.336999999999999744e-01
9.173000000000000043e-01
9.461000000000000520e-01
9.438999999999999613e-01
9.320000000000000506e-01
9.419999999999999485e-01
9.398999999999999577e-01
9.464000000000000190e-01
9.606000000000000094e-01
9.465000000000000080e-01
9.479999999999999538e-01
9.566000000000000059e-01
9.478999999999999648e-01
9.493000000000000327e-01
9.516000000000000014e-01
9.428999999999999604e-01
9.547999999999999821e-01
9.503000000000000336e-01
9.483000000000000318e-01
9.583000000000000407e-01
9.446999999999999842e-01
9.520999999999999464e-01
9.651999999999999469e-01
9.610999999999999543e-01
9.484000000000000208e-01
9.516000000000000014e-01
9.296999999999999709e-01
9.352000000000000313e-01
9.264000000000000012e-01
9.266999999999999682e-01
9.119000000000000439e-01
9.072000000000000064e-01
8.858000000000000318e-01
8.818000000000000282e-01
8.584000000000000519e-01
8.385000000000000231e-01
8.090000000000000524e-01
7.733999999999999764e-01
7.231999999999999540e-01
6.693999999999999950e-01
5.638999999999999568e-01
4.822000000000000175e-01
3.926999999999999935e-01
3.257999999999999785e-01
2.762000000000000011e-01
2.318000000000000060e-01
2.074000000000000010e-01
2.016000000000000014e-01
1.902000000000000079e-01
1.844999999999999973e-01
2.003000000000000058e-01
2.300999999999999990e-01
2.426000000000000101e-01
2.674000000000000266e-01
2.873999999999999888e-01
2.832000000000000073e-01
2.751000000000000112e-01
2.741999999999999993e-01
2.620000000000000107e-01
2.389000000000000012e-01
2.298999999999999932e-01
1.877000000000000057e-01
1.736999999999999933e-01
1.504999999999999949e-01
1.358000000000000040e-01
1.267999999999999960e-01
1.060999999999999999e-01
8.469999999999999751e-02
8.390000000000000235e-02
9.500000000000000111e-02
1.096000000000000030e-01
1.223000000000000059e-01
1.579000000000000126e-01
1.816000000000000114e-01
2.157000000000000028e-01
2.268000000000000016e-01
2.093000000000000138e-01
2.101000000000000090e-01
2.137999999999999901e-01
2.069000000000000006e-01
1.970000000000000084e-01
1.774000000000000021e-01
1.612000000000000099e-01
1.509999999999999953e-01
1.393999999999999961e-01
1.307999999999999996e-01
1.121999999999999942e-01
1.097000000000000058e-01
1.145999999999999935e-01
1.274000000000000132e-01
1.506000000000000116e-01
1.971999999999999864e-01
2.655000000000000138e-01
3.264000000000000234e-01
3.957999999999999852e-01
4.460999999999999965e-01
4.153000000000000025e-01
