8.774999999999999467e-01
9.414000000000000146e-01
9.330000000000000515e-01
9.250000000000000444e-01
9.147999999999999465e-01
9.082999999999999963e-01
8.950000000000000178e-01
8.890000000000000124e-01
8.788000000000000256e-01
8.773999999999999577e-01
8.669000000000000039e-01
8.698000000000000176e-01
8.517000000000000126e-01
8.622999999999999554e-01
8.629000000000000004e-01
8.671999999999999709e-01
8.851999999999999869e-01
8.945999999999999508e-01
9.127999999999999448e-01
8.982999999999999874e-01
9.018000000000000460e-01
9.112000000000000099e-01
9.156999999999999584e-01
9.191000000000000281e-01
9.233000000000000096e-01
9.338999999999999524e-01
9.429999999999999494e-01
9.361000000000000432e-01
9.353000000000000203e-01
9.414000000000000146e-01
9.388999999999999568e-01
9.321000000000000396e-01
9.348999999999999533e-01
9.462000000000000410e-01
9.445000000000000062e-01
9.322000000000000286e-01
9.266999999999999682e-01
9.171000000000000263e-01
9.300000000000000488e-01
9.036999999999999478e-01
9.252000000000000224e-01
9.082000000000000073e-01
8.962999999999999856e-01
8.915999999999999481e-01
8.921999999999999931e-01
8.624000000000000554e-01
8.522999999999999465e-01
8.344000000000000306e-01
8.203000000000000291e-01
8.164000000000000146e-01
7.974999999999999867e-01
7.939000000000000501e-01
7.813999999999999835e-01
7.758000000000000451e-01
7.667000000000000481e-01
7.721000000000000085e-01
7.561999999999999833e-01
8.023000000000000131e-01
8.117999999999999661e-01
8.158999999999999586e-01
8.299999999999999600e-01
8.429999999999999716e-01
8.764999999999999458e-01
8.849000000000000199e-01
8.921000000000000041e-01
9.090000000000000302e-01
9.153999999999999915e-01
9.324999999999999956e-01
9.290000000000000480e-01
9.485999999999999988e-01
9.518999999999999684e-01
9.516000000000000014e-01
9.348999999999999533e-01
9.533000000000000362e-01
9.437999999999999723e-01
9.563000000000000389e-01
9.468999999999999639e-01
9.441000000000000503e-01
9.364999999999999991e-01
9.413000000000000256e-01
9.205999999999999739e-01
9.193000000000000060e-01
9.032000000000000028e-01
9.233999999999999986e-01
9.181000000000000272e-01
9.270000000000000462e-01
9.239000000000000545e-01
9.264000000000000012e-01
9.153000000000000025e-01
9.224999999999999867e-01
9.149000000000000465e-01
9.261000000000000343e-01
9.239000000000000545e-01
9.179000000000000492e-01
9.383000000000000229e-01
9.415000000000000036e-01
9.243000000000000105e-01
9.310000000000000497e-01
9.398999999999999577e-01
9.312000000000000277e-01
9.383000000000000229e-01
9.364999999999999991e-01
9.375000000000000000e-01
9.461000000000000520e-01
9.495999999999999996e-01
9.556999999999999940e-01
9.550999999999999490e-01
9.637999999999999901e-01
9.548999999999999710e-01
9.573000000000000398e-01
9.824000000000000510e-01
9.628999999999999782e-01
9.584000000000000297e-01
9.387999999999999678e-01
9.431000000000000494e-01
9.485999999999999988e-01
9.653000000000000469e-01
9.311000000000000387e-01
9.536000000000000032e-01
8.842999999999999750e-01
9.005999999999999561e-01
8.437000000000000055e-01
8.284000000000000252e-01
7.865999999999999659e-01
7.903000000000000025e-01
7.708000000000000407e-01
7.171999999999999487e-01
6.955999999999999961e-01
6.683000000000000052e-01
6.149999999999999911e-01
5.877000000000000002e-01
5.273999999999999799e-01
4.893000000000000127e-01
4.585000000000000187e-01
4.162000000000000144e-01
3.575999999999999734e-01
3.123000000000000220e-01
2.785000000000000253e-01
2.466000000000000136e-01
2.152000000000000024e-01
1.902000000000000079e-01
1.739999999999999880e-01
1.741000000000000048e-01
1.474000000000000032e-01
1.348000000000000032e-01
1.169000000000000039e-01
9.950000000000000511e-02
9.210000000000000131e-02
7.710000000000000187e-02
4.909999999999999781e-02
2.690000000000000030e-02
1.689999999999999836e-02
5.199999999999999761e-03
2.099999999999999870e-03
0.000000000000000000e+00
0.000000000000000000e+00
0.000000000000000000e+00
0.000000000000000000e+00
0.000000000000000000e+00
0.000000000000000000e+00
0.000000000000000000e+00
6.700000000000000226e-03
0.000000000000000000e+00
6.300000000000000044e-03
1.959999999999999937e-02
8.399999999999999481e-03
0.000000000000000000e+00
0.000000000000000000e+00
0.000000000000000000e+00
0.000000000000000000e+00
0.000000000000000000e+00
0.000000000000000000e+00
0.000000000000000000e+00
0.000000000000000000e+00
2.750000000000000014e-02
3.280000000000000276e-02
3.699999999999999817e-02
5.170000000000000290e-02
7.249999999999999500e-02
6.360000000000000375e-02
4.900000000000000189e-02
4.760000000000000342e-02
3.579999999999999849e-02
3.269999999999999990e-02
3.289999999999999869e-02
1.460000000000000013e-02
2.599999999999999881e-03
1.230000000000000017e-02
2.819999999999999937e-02
2.009999999999999981e-02
1.039999999999999952e-02
3.389999999999999958e-02
3.620000000000000301e-02
3.780000000000000027e-02
5.290000000000000258e-02
8.340000000000000191e-02
1.190999999999999975e-01
1.632000000000000117e-01
2.474000000000000088e-01
2.649000000000000243e-01
2.978999999999999981e-01
3.387000000000000011e-01
3.803000000000000269e-01
4.320999999999999841e-01
4.789999999999999813e-01
5.211999999999999966e-01
5.945000000000000284e-01
6.260000000000000009e-01
6.505999999999999561e-01
6.440000000000000169e-01
6.138000000000000123e-01
6.279000000000000137e-01
6.121999999999999664e-01
5.708999999999999631e-01
5.310000000000000275e-01
5.217000000000000526e-01
4.937000000000000277e-01
4.294999999999999929e-01
3.945000000000000173e-01
3.247999999999999776e-01
2.969999999999999862e-01
2.566999999999999837e-01
2.444000000000000061e-01
2.570999999999999952e-01
2.651000000000000023e-01
2.802999999999999936e-01
3.114000000000000101e-01
3.393999999999999795e-01
3.433999999999999830e-01
3.562000000000000166e-01
3.931000000000000050e-01
4.027999999999999914e-01
4.093999999999999861e-01
4.232000000000000206e-01
4.102000000000000091e-01
4.307000000000000273e-01
4.294999999999999929e-01
4.646000000000000130e-01
4.759999999999999787e-01
4.682999999999999940e-01
4.904999999999999916e-01
4.813999999999999946e-01
5.109000000000000208e-01
5.030999999999999917e-01
4.490999999999999992e-01
