9.058000000000000496e-01
9.202000000000000179e-01
9.225999999999999757e-01
9.144999999999999796e-01
9.165999999999999703e-01
9.180000000000000382e-01
9.018000000000000460e-01
8.725000000000000533e-01
8.708000000000000185e-01
8.535000000000000364e-01
8.549999999999999822e-01
8.671999999999999709e-01
8.669000000000000039e-01
8.869000000000000217e-01
8.952999999999999847e-01
8.963999999999999746e-01
8.870999999999999996e-01
8.991000000000000103e-01
8.997000000000000552e-01
9.002999999999999892e-01
9.012000000000000011e-01
8.970000000000000195e-01
9.003999999999999782e-01
9.015999999999999570e-01
9.062999999999999945e-01
9.033999999999999808e-01
8.960000000000000187e-01
8.868000000000000327e-01
8.798000000000000265e-01
8.766000000000000458e-01
8.783999999999999586e-01
8.813999999999999613e-01
8.800000000000000044e-01
8.712999999999999634e-01
8.571999999999999620e-01
8.607000000000000206e-01
8.580999999999999739e-01
8.456000000000000183e-01
8.444000000000000394e-01
8.391999999999999460e-01
8.355000000000000204e-01
8.132000000000000339e-01
8.238999999999999657e-01
7.990000000000000435e-01
8.024999999999999911e-01
8.272000000000000464e-01
8.489999999999999769e-01
8.615000000000000435e-01
8.656000000000000361e-01
8.582999999999999519e-01
8.433000000000000496e-01
8.443000000000000504e-01
8.436000000000000165e-01
8.362000000000000544e-01
8.135999999999999899e-01
8.512999999999999456e-01
8.581999999999999629e-01
8.504000000000000448e-01
8.689999999999999947e-01
8.608000000000000096e-01
8.544000000000000483e-01
8.607000000000000206e-01
8.511999999999999567e-01
8.889000000000000234e-01
8.895999999999999464e-01
8.880000000000000115e-01
8.749000000000000110e-01
8.663999999999999480e-01
8.848000000000000309e-01
8.933999999999999719e-01
9.075999999999999623e-01
9.108000000000000540e-01
9.052999999999999936e-01
8.938000000000000389e-01
8.810999999999999943e-01
8.918000000000000371e-01
8.847000000000000419e-01
8.739000000000000101e-01
8.751999999999999780e-01
8.878000000000000336e-01
8.981000000000000094e-01
9.004999999999999671e-01
8.908000000000000362e-01
8.995999999999999552e-01
9.075999999999999623e-01
9.105999999999999650e-01
9.022999999999999909e-01
8.972999999999999865e-01
9.051000000000000156e-01
8.873999999999999666e-01
8.935999999999999499e-01
9.118000000000000549e-01
9.031000000000000139e-01
9.070000000000000284e-01
9.094999999999999751e-01
9.191000000000000281e-01
9.150000000000000355e-01
9.290000000000000480e-01
9.183999999999999941e-01
9.089000000000000412e-01
9.054999999999999716e-01
8.895999999999999464e-01
8.927000000000000490e-01
9.012000000000000011e-01
8.814999999999999503e-01
8.882999999999999785e-01
9.045999999999999597e-01
9.090000000000000302e-01
9.295999999999999819e-01
9.151000000000000245e-01
9.288999999999999480e-01
9.301000000000000378e-01
9.433000000000000274e-01
9.005999999999999561e-01
8.746000000000000441e-01
8.669000000000000039e-01
8.639000000000000012e-01
8.425000000000000266e-01
8.316000000000000059e-01
8.370999999999999552e-01
8.233000000000000318e-01
8.217999999999999750e-01
7.982000000000000206e-01
8.108999999999999542e-01
8.128999999999999559e-01
7.905999999999999694e-01
8.070000000000000506e-01
8.023000000000000131e-01
8.038999999999999480e-01
8.091000000000000414e-01
8.303000000000000380e-01
8.526000000000000245e-01
8.551999999999999602e-01
8.597000000000000197e-01
8.626000000000000334e-01
8.594000000000000528e-01
8.538999999999999924e-01
8.497000000000000108e-01
8.488999999999999879e-01
8.317999999999999838e-01
8.397000000000000020e-01
8.476000000000000201e-01
8.493000000000000549e-01
8.496000000000000218e-01
8.532999999999999474e-01
8.470999999999999641e-01
8.538000000000000034e-01
8.558000000000000052e-01
8.527000000000000135e-01
8.539999999999999813e-01
8.471999999999999531e-01
8.574000000000000510e-01
8.616000000000000325e-01
8.723999999999999533e-01
8.727000000000000313e-01
8.661999999999999700e-01
8.614000000000000545e-01
8.552999999999999492e-01
8.399999999999999689e-01
8.294000000000000261e-01
8.223000000000000309e-01
8.255000000000000115e-01
8.276999999999999913e-01
8.169999999999999485e-01
7.935999999999999721e-01
7.782000000000000028e-01
7.601999999999999869e-01
7.284000000000000474e-01
7.166000000000000147e-01
6.989999999999999547e-01
6.875000000000000000e-01
6.725999999999999757e-01
6.613999999999999879e-01
6.633000000000000007e-01
6.747999999999999554e-01
6.905000000000000027e-01
7.204000000000000403e-01
7.419999999999999929e-01
7.524999999999999467e-01
7.458000000000000185e-01
7.357000000000000206e-01
7.197999999999999954e-01
6.873000000000000220e-01
6.616999999999999549e-01
6.756999999999999673e-01
6.854000000000000092e-01
7.006000000000000005e-01
7.060999999999999499e-01
6.999999999999999556e-01
7.080999999999999517e-01
6.955000000000000071e-01
6.983000000000000318e-01
6.723000000000000087e-01
6.826999999999999735e-01
6.788999999999999480e-01
6.592999999999999972e-01
6.888999999999999568e-01
6.941000000000000503e-01
6.991000000000000547e-01
6.925999999999999934e-01
6.864999999999999991e-01
6.772000000000000242e-01
6.679000000000000492e-01
6.593999999999999861e-01
6.229000000000000092e-01
6.354999999999999538e-01
5.997999999999999998e-01
5.980999999999999650e-01
5.852000000000000535e-01
5.895000000000000240e-01
5.542000000000000259e-01
5.447999999999999510e-01
5.076000000000000512e-01
4.880999999999999783e-01
4.742999999999999994e-01
4.506999999999999895e-01
4.459000000000000186e-01
4.243000000000000105e-01
4.244999999999999885e-01
4.064999999999999725e-01
4.208999999999999964e-01
4.546999999999999931e-01
4.793999999999999928e-01
5.046000000000000485e-01
5.521000000000000352e-01
5.901999999999999469e-01
6.278000000000000247e-01
6.922000000000000375e-01
7.367000000000000215e-01
7.785999999999999588e-01
8.064000000000000057e-01
8.266999999999999904e-01
8.688000000000000167e-01
8.738000000000000211e-01
8.920000000000000151e-01
8.961000000000000076e-01
9.052999999999999936e-01
9.084999999999999742e-01
9.015999999999999570e-01
9.200000000000000400e-01
9.118000000000000549e-01
9.213000000000000078e-01
9.103999999999999870e-01
9.054999999999999716e-01
9.072000000000000064e-01
9.042000000000000037e-01
8.962999999999999856e-01
8.937000000000000499e-01
9.001000000000000112e-01
8.928000000000000380e-01
8.961999999999999966e-01
8.938000000000000389e-01
8.982999999999999874e-01
8.943999999999999728e-01
8.940000000000000169e-01
8.880000000000000115e-01
8.915999999999999481e-01
8.888000000000000345e-01
8.867000000000000437e-01
8.965999999999999526e-01
8.981999999999999984e-01
8.973999999999999755e-01
8.783999999999999586e-01
8.653999999999999471e-01
8.667000000000000259e-01
8.615000000000000435e-01
8.494000000000000439e-01
8.355000000000000204e-01
8.285000000000000142e-01
8.288999999999999702e-01
8.148999999999999577e-01
8.107999999999999652e-01
8.028999999999999471e-01
7.893999999999999906e-01
7.943999999999999950e-01
8.094999999999999973e-01
8.405000000000000249e-01
8.379999999999999671e-01
8.365000000000000213e-01
8.486000000000000210e-01
8.701999999999999735e-01
8.831999999999999851e-01
8.820999999999999952e-01
8.854999999999999538e-01
8.776000000000000467e-01
8.671999999999999709e-01
8.648000000000000131e-01
8.629999999999999893e-01
8.496000000000000218e-01
8.357999999999999874e-01
8.176999999999999824e-01
8.145999999999999908e-01
8.024999999999999911e-01
7.869000000000000439e-01
7.826999999999999513e-01
7.681999999999999940e-01
7.812000000000000055e-01
7.900000000000000355e-01
7.645999999999999464e-01
7.395000000000000462e-01
7.310999999999999721e-01
6.947999999999999732e-01
6.961000000000000520e-01
6.821000000000000396e-01
6.773000000000000131e-01
6.710000000000000409e-01
6.492999999999999883e-01
6.481999999999999984e-01
6.484999999999999654e-01
6.621000000000000218e-01
6.791000000000000369e-01
7.076999999999999957e-01
7.124000000000000332e-01
7.455000000000000515e-01
7.828000000000000513e-01
8.204000000000000181e-01
8.355000000000000204e-01
8.358999999999999764e-01
8.228999999999999648e-01
8.096999999999999753e-01
7.985999999999999766e-01
7.893000000000000016e-01
7.860000000000000320e-01
7.901000000000000245e-01
7.866999999999999549e-01
7.642999999999999794e-01
7.808000000000000496e-01
7.802000000000000046e-01
7.674999999999999600e-01
7.576000000000000512e-01
7.459000000000000075e-01
7.327000000000000179e-01
7.249999999999999778e-01
7.068999999999999728e-01
7.157999999999999918e-01
7.078999999999999737e-01
7.161999999999999478e-01
7.180999999999999606e-01
7.215000000000000302e-01
7.316000000000000281e-01
7.315000000000000391e-01
7.220999999999999641e-01
7.483999999999999542e-01
7.577000000000000401e-01
7.448000000000000176e-01
7.439000000000000057e-01
7.256000000000000227e-01
7.261999999999999567e-01
7.154000000000000359e-01
7.195000000000000284e-01
7.280999999999999694e-01
7.127999999999999892e-01
6.844000000000000083e-01
