8.856000000000000538e-01
9.265999999999999792e-01
9.109000000000000430e-01
8.918000000000000371e-01
8.793999999999999595e-01
8.749000000000000110e-01
8.698000000000000176e-01
8.558000000000000052e-01
8.445000000000000284e-01
8.444000000000000394e-01
8.483000000000000540e-01
8.565000000000000391e-01
8.629000000000000004e-01
8.656000000000000361e-01
8.629000000000000004e-01
8.673999999999999488e-01
8.695000000000000506e-01
8.736000000000000432e-01
8.789000000000000146e-01
8.780999999999999917e-01
8.856000000000000538e-01
8.857000000000000428e-01
8.808000000000000274e-01
8.713999999999999524e-01
8.679000000000000048e-01
8.709000000000000075e-01
8.539999999999999813e-01
8.465000000000000302e-01
8.467000000000000082e-01
8.550999999999999712e-01
8.420999999999999597e-01
8.372000000000000552e-01
8.437000000000000055e-01
8.471999999999999531e-01
8.530999999999999694e-01
8.567000000000000171e-01
8.558000000000000052e-01
8.528000000000000025e-01
8.542999999999999483e-01
8.469999999999999751e-01
8.403000000000000469e-01
8.397999999999999909e-01
8.548000000000000043e-01
8.538999999999999924e-01
8.446000000000000174e-01
8.379999999999999671e-01
8.072000000000000286e-01
8.088999999999999524e-01
8.308999999999999719e-01
8.556000000000000272e-01
8.575000000000000400e-01
8.540999999999999703e-01
8.485000000000000320e-01
8.520999999999999686e-01
8.485000000000000320e-01
8.295000000000000151e-01
8.437999999999999945e-01
8.488999999999999879e-01
8.428999999999999826e-01
8.429999999999999716e-01
8.420999999999999597e-01
8.396000000000000130e-01
8.375000000000000222e-01
8.485000000000000320e-01
8.448999999999999844e-01
8.407000000000000028e-01
8.485000000000000320e-01
8.580999999999999739e-01
8.508999999999999897e-01
8.529999999999999805e-01
8.574000000000000510e-01
8.770000000000000018e-01
8.735000000000000542e-01
8.822999999999999732e-01
8.935999999999999499e-01
8.895999999999999464e-01
8.905999999999999472e-01
8.761999999999999789e-01
8.750000000000000000e-01
8.586000000000000298e-01
8.598000000000000087e-01
8.753999999999999559e-01
8.800999999999999934e-01
8.730999999999999872e-01
8.823999999999999622e-01
8.856000000000000538e-01
8.930000000000000160e-01
8.955999999999999517e-01
9.061000000000000165e-01
9.099000000000000421e-01
9.021000000000000130e-01
9.210000000000000409e-01
9.111000000000000210e-01
9.071000000000000174e-01
9.088000000000000522e-01
9.204999999999999849e-01
9.134999999999999787e-01
9.157999999999999474e-01
9.072999999999999954e-01
9.084999999999999742e-01
9.089000000000000412e-01
9.020000000000000240e-01
8.972999999999999865e-01
8.860000000000000098e-01
8.814999999999999503e-01
8.769000000000000128e-01
8.691999999999999726e-01
8.699000000000000066e-01
8.721999999999999753e-01
8.646000000000000352e-01
8.759000000000000119e-01
8.740999999999999881e-01
8.363000000000000433e-01
8.556000000000000272e-01
8.875999999999999446e-01
8.837000000000000410e-01
8.823999999999999622e-01
8.888000000000000345e-01
8.942999999999999838e-01
8.914999999999999591e-01
8.870999999999999996e-01
8.898000000000000353e-01
8.925999999999999490e-01
8.931000000000000050e-01
8.870000000000000107e-01
8.777000000000000357e-01
8.739999999999999991e-01
8.668000000000000149e-01
8.500999999999999668e-01
8.350999999999999535e-01
8.263000000000000345e-01
8.344000000000000306e-01
8.087999999999999634e-01
8.141000000000000458e-01
8.249999999999999556e-01
8.225999999999999979e-01
8.086999999999999744e-01
7.993999999999999995e-01
7.875999999999999668e-01
7.705999999999999517e-01
7.421999999999999709e-01
7.472999999999999643e-01
7.492999999999999661e-01
7.590000000000000080e-01
7.584999999999999520e-01
7.466000000000000414e-01
7.379000000000000004e-01
7.249999999999999778e-01
7.153000000000000469e-01
7.105000000000000204e-01
7.022000000000000464e-01
6.932000000000000384e-01
6.782000000000000250e-01
6.672000000000000153e-01
6.842000000000000304e-01
6.952000000000000401e-01
7.165000000000000258e-01
7.489999999999999991e-01
7.659000000000000252e-01
7.821000000000000174e-01
7.944999999999999840e-01
7.870000000000000329e-01
7.845999999999999641e-01
7.924999999999999822e-01
8.156999999999999806e-01
8.287999999999999812e-01
8.335000000000000187e-01
8.264000000000000234e-01
8.300999999999999490e-01
8.313000000000000389e-01
8.279999999999999583e-01
8.229999999999999538e-01
8.118999999999999551e-01
7.913999999999999924e-01
7.891000000000000236e-01
7.895999999999999686e-01
7.829000000000000403e-01
7.775999999999999579e-01
7.720000000000000195e-01
7.744999999999999662e-01
7.705999999999999517e-01
7.592999999999999750e-01
7.325000000000000400e-01
6.875999999999999890e-01
6.382999999999999785e-01
5.731000000000000538e-01
5.207000000000000517e-01
4.742000000000000104e-01
4.335999999999999854e-01
4.136000000000000232e-01
3.997999999999999887e-01
3.876999999999999891e-01
3.942999999999999838e-01
4.167000000000000148e-01
4.454000000000000181e-01
4.615000000000000213e-01
4.890999999999999792e-01
5.298000000000000487e-01
5.174999999999999600e-01
4.949000000000000066e-01
4.610000000000000209e-01
4.230999999999999761e-01
3.724000000000000088e-01
3.247999999999999776e-01
2.899999999999999800e-01
2.511999999999999789e-01
2.074999999999999900e-01
1.819999999999999951e-01
1.650999999999999968e-01
1.622000000000000108e-01
1.622999999999999998e-01
1.593999999999999861e-01
1.474999999999999922e-01
1.320000000000000062e-01
1.074999999999999983e-01
9.180000000000000659e-02
7.950000000000000122e-02
6.909999999999999476e-02
6.930000000000000049e-02
6.959999999999999520e-02
6.750000000000000444e-02
6.350000000000000089e-02
7.920000000000000651e-02
9.310000000000000220e-02
1.317000000000000115e-01
1.403999999999999970e-01
1.409999999999999865e-01
1.539000000000000090e-01
1.635000000000000064e-01
1.670000000000000095e-01
2.119999999999999940e-01
2.582999999999999741e-01
3.004999999999999893e-01
3.452999999999999958e-01
4.015000000000000235e-01
4.597999999999999865e-01
4.953000000000000180e-01
5.856000000000000094e-01
6.536999999999999478e-01
6.925000000000000044e-01
7.338000000000000078e-01
7.741999999999999993e-01
7.986999999999999655e-01
8.044999999999999929e-01
8.034999999999999920e-01
8.001000000000000334e-01
8.058999999999999497e-01
8.185000000000000053e-01
7.953000000000000069e-01
7.730000000000000204e-01
8.016999999999999682e-01
8.356000000000000094e-01
8.370999999999999552e-01
8.399999999999999689e-01
8.544000000000000483e-01
8.782999999999999696e-01
8.768000000000000238e-01
8.656000000000000361e-01
8.631999999999999673e-01
8.493000000000000549e-01
8.276999999999999913e-01
8.401999999999999469e-01
8.575000000000000400e-01
8.547000000000000153e-01
8.548000000000000043e-01
8.574000000000000510e-01
8.514000000000000457e-01
8.556000000000000272e-01
8.444000000000000394e-01
8.437999999999999945e-01
8.416000000000000147e-01
8.560999999999999721e-01
8.699000000000000066e-01
8.751999999999999780e-01
8.928000000000000380e-01
9.079000000000000403e-01
9.370000000000000551e-01
9.288999999999999480e-01
9.274000000000000021e-01
9.365999999999999881e-01
9.333000000000000185e-01
9.415000000000000036e-01
9.473000000000000309e-01
9.465000000000000080e-01
9.274000000000000021e-01
9.217999999999999527e-01
9.559999999999999609e-01
9.516999999999999904e-01
9.386999999999999789e-01
9.133000000000000007e-01
9.055999999999999606e-01
9.171000000000000263e-01
9.099000000000000421e-01
9.042000000000000037e-01
9.163000000000000034e-01
9.115999999999999659e-01
8.930000000000000160e-01
9.102000000000000091e-01
9.089000000000000412e-01
9.141000000000000236e-01
9.149000000000000465e-01
9.118000000000000549e-01
9.061000000000000165e-01
8.890000000000000124e-01
8.823999999999999622e-01
8.820999999999999952e-01
8.841999999999999860e-01
8.874999999999999556e-01
8.803999999999999604e-01
8.650999999999999801e-01
8.698000000000000176e-01
8.538000000000000034e-01
8.640999999999999792e-01
8.595000000000000417e-01
8.577000000000000179e-01
8.570999999999999730e-01
8.509999999999999787e-01
8.456000000000000183e-01
8.673999999999999488e-01
8.752999999999999670e-01
8.941000000000000059e-01
9.020000000000000240e-01
8.931999999999999940e-01
8.951000000000000068e-01
8.669999999999999929e-01
8.870999999999999996e-01
8.958000000000000407e-01
8.922999999999999821e-01
8.848000000000000309e-01
8.639000000000000012e-01
8.782999999999999696e-01
8.739999999999999991e-01
8.700999999999999845e-01
8.569999999999999840e-01
8.510999999999999677e-01
8.370999999999999552e-01
8.214000000000000190e-01
8.165999999999999925e-01
8.273000000000000353e-01
8.398999999999999799e-01
8.558000000000000052e-01
8.697000000000000286e-01
8.935999999999999499e-01
8.952999999999999847e-01
8.949000000000000288e-01
9.126999999999999558e-01
9.115999999999999659e-01
9.225999999999999757e-01
9.186999999999999611e-01
9.265999999999999792e-01
9.283000000000000140e-01
9.290000000000000480e-01
9.425000000000000044e-01
9.265999999999999792e-01
9.172000000000000153e-01
9.120000000000000329e-01
9.022999999999999909e-01
8.934999999999999609e-01
8.701999999999999735e-01
8.614000000000000545e-01
8.572999999999999510e-01
8.388999999999999790e-01
8.104000000000000092e-01
7.705999999999999517e-01
7.359999999999999876e-01
7.010999999999999455e-01
6.780000000000000471e-01
6.388000000000000345e-01
6.301999999999999824e-01
6.274999999999999467e-01
6.211999999999999744e-01
6.421000000000000041e-01
6.341999999999999860e-01
6.219000000000000083e-01
6.323999999999999622e-01
6.308000000000000274e-01
6.461999999999999966e-01
6.461999999999999966e-01
6.201999999999999735e-01
6.367000000000000437e-01
6.366000000000000547e-01
6.283999999999999586e-01
6.391000000000000014e-01
6.300000000000000044e-01
5.733000000000000318e-01
