9.008000000000000451e-01
8.895999999999999464e-01
8.968000000000000416e-01
9.225999999999999757e-01
9.367999999999999661e-01
9.554000000000000270e-01
9.604000000000000314e-01
9.534000000000000252e-01
9.747999999999999998e-01
9.283000000000000140e-01
9.728999999999999870e-01
9.416999999999999815e-01
9.540999999999999481e-01
9.691999999999999504e-01
9.476999999999999869e-01
9.569999999999999618e-01
9.574000000000000288e-01
9.355999999999999872e-01
9.105999999999999650e-01
8.742999999999999661e-01
8.487000000000000099e-01
7.893000000000000016e-01
6.903000000000000247e-01
6.300000000000000044e-01
5.312000000000000055e-01
4.793999999999999928e-01
4.571000000000000063e-01
4.625000000000000222e-01
4.798000000000000043e-01
5.118000000000000327e-01
5.209000000000000297e-01
5.000999999999999890e-01
4.792000000000000148e-01
4.606000000000000094e-01
4.391999999999999793e-01
3.865000000000000102e-01
3.332999999999999852e-01
3.125000000000000000e-01
2.950999999999999734e-01
2.659000000000000252e-01
2.462999999999999912e-01
2.330000000000000127e-01
1.928999999999999881e-01
1.597999999999999976e-01
1.439000000000000001e-01
1.222000000000000031e-01
8.659999999999999643e-02
7.019999999999999851e-02
6.919999999999999762e-02
5.899999999999999689e-02
5.600000000000000117e-02
6.130000000000000032e-02
4.569999999999999757e-02
4.569999999999999757e-02
5.770000000000000129e-02
6.619999999999999496e-02
7.969999999999999307e-02
1.052000000000000018e-01
1.077000000000000041e-01
9.370000000000000551e-02
8.970000000000000195e-02
8.699999999999999400e-02
7.599999999999999811e-02
5.670000000000000040e-02
4.080000000000000293e-02
3.150000000000000022e-02
4.889999999999999902e-02
5.940000000000000141e-02
7.870000000000000606e-02
1.048000000000000043e-01
1.144000000000000017e-01
1.255000000000000004e-01
1.307999999999999996e-01
1.277999999999999969e-01
1.174999999999999933e-01
1.029999999999999943e-01
8.840000000000000635e-02
7.860000000000000320e-02
6.990000000000000380e-02
5.790000000000000008e-02
3.520000000000000212e-02
2.829999999999999877e-02
2.330000000000000127e-02
1.949999999999999997e-02
2.060000000000000026e-02
1.220000000000000077e-02
8.999999999999999320e-03
4.899999999999999842e-03
6.700000000000000226e-03
1.269999999999999948e-02
1.409999999999999969e-02
2.019999999999999921e-02
2.730000000000000135e-02
3.119999999999999857e-02
4.970000000000000112e-02
6.750000000000000444e-02
6.439999999999999891e-02
8.100000000000000255e-02
6.439999999999999891e-02
5.940000000000000141e-02
5.899999999999999689e-02
5.650000000000000161e-02
6.469999999999999363e-02
7.220000000000000029e-02
5.960000000000000020e-02
4.109999999999999765e-02
3.470000000000000168e-02
3.620000000000000301e-02
3.470000000000000168e-02
3.629999999999999893e-02
3.660000000000000059e-02
3.219999999999999946e-02
3.330000000000000321e-02
3.400000000000000244e-02
3.610000000000000014e-02
3.500000000000000333e-02
1.930000000000000118e-02
2.510000000000000078e-02
2.479999999999999913e-02
2.380000000000000171e-02
2.750000000000000014e-02
2.029999999999999860e-02
7.799999999999999642e-03
1.430000000000000021e-02
1.290000000000000001e-02
1.260000000000000009e-02
1.779999999999999985e-02
1.179999999999999973e-02
2.409999999999999989e-02
2.489999999999999852e-02
2.790000000000000119e-02
3.379999999999999671e-02
4.970000000000000112e-02
7.099999999999999367e-02
8.749999999999999445e-02
1.233000000000000068e-01
1.607000000000000095e-01
2.263999999999999901e-01
2.654000000000000248e-01
3.047000000000000264e-01
2.916000000000000258e-01
2.929999999999999827e-01
2.793999999999999817e-01
2.600000000000000089e-01
2.733999999999999764e-01
2.617999999999999772e-01
2.510999999999999899e-01
2.346000000000000030e-01
2.167999999999999927e-01
1.879000000000000115e-01
1.673999999999999932e-01
1.484999999999999931e-01
1.200999999999999984e-01
8.930000000000000437e-02
6.339999999999999802e-02
4.499999999999999833e-02
4.050000000000000128e-02
4.469999999999999668e-02
4.889999999999999902e-02
7.049999999999999323e-02
7.900000000000000078e-02
1.121000000000000052e-01
1.671999999999999875e-01
2.419000000000000039e-01
2.997000000000000219e-01
3.574999999999999845e-01
4.007999999999999896e-01
4.096000000000000196e-01
4.336999999999999744e-01
4.618999999999999773e-01
4.975999999999999868e-01
4.984999999999999987e-01
5.007000000000000339e-01
4.868000000000000105e-01
4.334999999999999964e-01
3.729999999999999982e-01
3.150000000000000022e-01
2.386999999999999955e-01
1.832999999999999907e-01
1.426999999999999935e-01
9.500000000000000111e-02
7.209999999999999742e-02
4.719999999999999890e-02
3.679999999999999938e-02
3.030000000000000054e-02
3.049999999999999933e-02
3.020000000000000115e-02
3.670000000000000345e-02
5.260000000000000092e-02
7.979999999999999594e-02
1.003000000000000003e-01
1.202000000000000013e-01
1.242000000000000048e-01
1.302999999999999992e-01
1.383999999999999952e-01
1.658999999999999919e-01
1.691000000000000003e-01
1.607000000000000095e-01
1.509999999999999953e-01
1.572999999999999954e-01
1.786000000000000087e-01
2.089000000000000024e-01
2.308000000000000052e-01
2.503000000000000225e-01
2.611999999999999877e-01
2.650000000000000133e-01
2.675000000000000155e-01
2.721000000000000085e-01
2.702999999999999847e-01
2.686000000000000054e-01
2.572999999999999732e-01
2.270000000000000073e-01
1.683000000000000052e-01
1.232000000000000040e-01
8.530000000000000082e-02
3.919999999999999873e-02
2.809999999999999998e-02
2.089999999999999844e-02
1.669999999999999957e-02
1.329999999999999932e-02
2.239999999999999977e-02
1.640000000000000138e-02
1.969999999999999876e-02
1.849999999999999908e-02
2.419999999999999929e-02
5.009999999999999870e-02
7.109999999999999654e-02
1.088999999999999968e-01
1.381000000000000005e-01
1.872000000000000053e-01
2.242999999999999994e-01
2.492000000000000048e-01
2.644000000000000239e-01
2.731999999999999984e-01
2.504000000000000115e-01
2.401000000000000079e-01
2.048000000000000098e-01
1.754999999999999893e-01
1.716000000000000025e-01
1.670999999999999985e-01
1.728999999999999981e-01
1.821000000000000119e-01
1.923999999999999877e-01
2.129000000000000059e-01
2.394999999999999907e-01
2.635000000000000120e-01
3.091999999999999749e-01
3.472000000000000086e-01
3.764000000000000123e-01
4.118999999999999884e-01
4.592999999999999861e-01
4.766000000000000236e-01
4.938000000000000167e-01
5.229000000000000314e-01
5.653000000000000247e-01
5.677999999999999714e-01
5.834000000000000297e-01
5.797999999999999821e-01
5.691000000000000503e-01
5.987000000000000099e-01
6.518000000000000460e-01
7.233000000000000540e-01
7.812999999999999945e-01
8.138999999999999568e-01
8.651999999999999691e-01
9.035999999999999588e-01
9.275999999999999801e-01
9.479999999999999538e-01
9.558999999999999719e-01
9.545000000000000151e-01
9.362000000000000322e-01
9.301000000000000378e-01
9.378999999999999559e-01
9.126999999999999558e-01
9.214999999999999858e-01
9.325999999999999845e-01
9.306999999999999718e-01
9.408999999999999586e-01
9.293000000000000149e-01
9.428999999999999604e-01
9.771999999999999575e-01
9.869999999999999885e-01
9.943999999999999506e-01
1.000000000000000000e+00
9.979999999999999982e-01
1.000000000000000000e+00
1.000000000000000000e+00
9.993999999999999551e-01
1.000000000000000000e+00
1.000000000000000000e+00
1.000000000000000000e+00
1.000000000000000000e+00
1.000000000000000000e+00
1.000000000000000000e+00
1.000000000000000000e+00
1.000000000000000000e+00
1.000000000000000000e+00
1.000000000000000000e+00
9.997000000000000330e-01
9.720999999999999641e-01
9.677000000000000046e-01
9.473000000000000309e-01
9.086999999999999522e-01
8.955999999999999517e-01
8.517000000000000126e-01
8.207999999999999741e-01
7.872000000000000108e-01
7.367000000000000215e-01
7.377000000000000224e-01
7.005000000000000115e-01
6.563999999999999835e-01
6.441000000000000059e-01
6.471999999999999975e-01
5.939999999999999725e-01
5.833000000000000407e-01
5.717999999999999750e-01
5.625000000000000000e-01
5.243999999999999773e-01
5.124999999999999556e-01
5.285999999999999588e-01
5.251000000000000112e-01
5.211999999999999966e-01
5.171000000000000041e-01
5.610000000000000542e-01
5.427999999999999492e-01
5.345999999999999641e-01
5.901999999999999469e-01
6.119999999999999885e-01
6.483999999999999764e-01
6.758999999999999453e-01
6.927999999999999714e-01
7.282999999999999474e-01
7.431999999999999718e-01
7.661000000000000032e-01
7.860000000000000320e-01
7.865999999999999659e-01
7.510000000000000009e-01
7.341999999999999638e-01
7.159999999999999698e-01
6.884000000000000119e-01
6.633000000000000007e-01
6.508000000000000451e-01
6.548000000000000487e-01
6.723000000000000087e-01
6.509000000000000341e-01
6.159999999999999920e-01
5.906000000000000139e-01
5.520000000000000462e-01
4.792000000000000148e-01
4.621999999999999997e-01
4.368000000000000216e-01
4.262000000000000233e-01
3.972999999999999865e-01
3.558999999999999941e-01
3.464999999999999747e-01
3.411000000000000143e-01
3.247999999999999776e-01
3.300000000000000155e-01
3.190999999999999948e-01
3.024999999999999911e-01
2.601999999999999869e-01
2.510999999999999899e-01
2.529000000000000137e-01
2.437000000000000000e-01
2.169000000000000095e-01
1.907000000000000084e-01
1.766999999999999960e-01
1.603999999999999870e-01
1.468000000000000138e-01
1.378000000000000058e-01
1.381000000000000005e-01
1.421999999999999931e-01
1.454000000000000015e-01
1.303999999999999881e-01
1.175999999999999962e-01
9.909999999999999365e-02
9.940000000000000224e-02
8.279999999999999860e-02
7.349999999999999589e-02
6.529999999999999694e-02
4.130000000000000338e-02
2.960000000000000131e-02
1.810000000000000150e-02
1.450000000000000074e-02
1.439999999999999961e-02
2.000000000000000042e-02
1.930000000000000118e-02
2.419999999999999929e-02
2.699999999999999969e-02
3.049999999999999933e-02
3.350000000000000200e-02
2.659999999999999865e-02
1.969999999999999876e-02
3.280000000000000276e-02
4.560000000000000164e-02
5.290000000000000258e-02
6.180000000000000077e-02
6.389999999999999847e-02
6.719999999999999585e-02
7.739999999999999658e-02
7.530000000000000582e-02
6.729999999999999871e-02
5.279999999999999971e-02
3.699999999999999817e-02
4.420000000000000318e-02
5.220000000000000334e-02
5.770000000000000129e-02
6.450000000000000178e-02
8.260000000000000675e-02
9.510000000000000397e-02
9.460000000000000353e-02
1.081000000000000016e-01
1.034000000000000058e-01
9.270000000000000462e-02
7.850000000000000033e-02
8.400000000000000522e-02
9.260000000000000175e-02
8.429999999999999993e-02
7.320000000000000118e-02
6.110000000000000153e-02
6.130000000000000032e-02
6.900000000000000577e-02
8.580000000000000127e-02
9.149999999999999800e-02
1.233999999999999958e-01
1.468000000000000138e-01
1.973999999999999921e-01
2.630000000000000115e-01
3.294000000000000261e-01
4.060000000000000275e-01
4.919000000000000039e-01
5.701000000000000512e-01
6.449000000000000288e-01
7.252999999999999448e-01
7.619000000000000217e-01
7.907999999999999474e-01
8.054999999999999938e-01
8.374000000000000332e-01
8.441999999999999504e-01
8.444000000000000394e-01
8.794999999999999485e-01
8.635000000000000453e-01
8.843999999999999639e-01
8.828000000000000291e-01
9.005999999999999561e-01
9.085999999999999632e-01
8.961000000000000076e-01
9.176999999999999602e-01
9.483000000000000318e-01
9.447999999999999732e-01
9.727999999999999980e-01
9.893999999999999462e-01
9.979000000000000092e-01
1.000000000000000000e+00
9.965000000000000524e-01
9.986000000000000432e-01
9.902999999999999581e-01
1.000000000000000000e+00
1.000000000000000000e+00
1.000000000000000000e+00
9.883999999999999453e-01
9.925000000000000488e-01
1.000000000000000000e+00
9.876000000000000334e-01
9.919999999999999929e-01
9.867000000000000215e-01
9.697999999999999954e-01
9.614000000000000323e-01
9.427999999999999714e-01
9.306999999999999718e-01
9.284000000000000030e-01
9.073999999999999844e-01
9.012000000000000011e-01
8.811999999999999833e-01
8.502999999999999448e-01
8.363000000000000433e-01
8.083000000000000185e-01
7.893999999999999906e-01
7.522999999999999687e-01
6.937999999999999723e-01
6.592000000000000082e-01
5.868999999999999773e-01
5.366999999999999549e-01
4.878000000000000114e-01
4.423000000000000265e-01
4.250999999999999779e-01
4.134999999999999787e-01
4.018999999999999795e-01
3.602000000000000202e-01
3.078000000000000180e-01
2.555999999999999939e-01
2.096999999999999975e-01
1.671999999999999875e-01
1.438000000000000111e-01
1.320999999999999952e-01
1.391000000000000014e-01
1.479000000000000037e-01
1.703000000000000069e-01
2.200000000000000011e-01
2.773999999999999799e-01
2.843999999999999861e-01
3.148000000000000242e-01
3.373999999999999777e-01
3.684999999999999942e-01
4.017999999999999905e-01
3.882999999999999785e-01
3.627000000000000224e-01
3.205999999999999961e-01
2.706000000000000072e-01
2.195999999999999897e-01
2.011999999999999900e-01
1.622000000000000108e-01
1.179999999999999938e-01
1.120000000000000023e-01
9.840000000000000135e-02
6.990000000000000380e-02
6.650000000000000355e-02
3.679999999999999938e-02
2.139999999999999888e-02
1.480000000000000066e-02
1.099999999999999936e-02
2.099999999999999870e-03
0.000000000000000000e+00
0.000000000000000000e+00
5.999999999999999474e-04
8.000000000000000383e-04
1.290000000000000001e-02
2.429999999999999868e-02
3.629999999999999893e-02
6.850000000000000533e-02
1.181999999999999995e-01
1.885999999999999899e-01
1.731000000000000039e-01
1.971999999999999864e-01
1.791000000000000092e-01
1.713000000000000078e-01
1.471000000000000085e-01
1.300000000000000044e-01
1.160999999999999949e-01
1.102999999999999953e-01
1.228000000000000064e-01
1.439999999999999891e-01
1.617000000000000104e-01
1.885999999999999899e-01
2.207999999999999963e-01
2.497000000000000053e-01
2.924999999999999822e-01
3.603000000000000091e-01
4.010000000000000231e-01
4.303000000000000158e-01
4.696000000000000174e-01
4.894000000000000017e-01
5.050999999999999934e-01
5.255999999999999561e-01
5.202999999999999847e-01
4.677999999999999936e-01
3.804000000000000159e-01
3.043000000000000149e-01
2.177999999999999936e-01
1.477999999999999869e-01
1.078999999999999959e-01
6.199999999999999956e-02
5.099999999999999672e-02
2.929999999999999966e-02
2.359999999999999945e-02
1.770000000000000046e-02
3.009999999999999828e-02
3.549999999999999684e-02
5.129999999999999838e-02
3.819999999999999785e-02
6.230000000000000121e-02
5.500000000000000028e-02
3.780000000000000027e-02
3.839999999999999664e-02
2.409999999999999989e-02
1.209999999999999964e-02
1.439999999999999961e-02
1.940000000000000058e-02
3.020000000000000115e-02
4.340000000000000108e-02
5.330000000000000016e-02
5.500000000000000028e-02
5.720000000000000084e-02
4.100000000000000172e-02
4.610000000000000209e-02
4.359999999999999987e-02
4.599999999999999922e-02
3.889999999999999708e-02
1.069999999999999944e-02
2.299999999999999961e-03
0.000000000000000000e+00
0.000000000000000000e+00
4.799999999999999580e-03
4.100000000000000346e-03
5.300000000000000024e-03
1.340000000000000045e-02
1.529999999999999936e-02
2.069999999999999965e-02
1.490000000000000005e-02
1.490000000000000005e-02
3.000000000000000062e-03
1.050000000000000065e-02
1.099999999999999936e-02
8.800000000000000530e-03
1.310000000000000053e-02
1.290000000000000001e-02
1.760000000000000106e-02
1.250000000000000069e-02
1.069999999999999944e-02
4.799999999999999580e-03
1.149999999999999981e-02
9.199999999999999845e-03
1.519999999999999997e-02
1.299999999999999940e-02
1.760000000000000106e-02
8.000000000000000167e-03
2.179999999999999993e-02
2.719999999999999848e-02
2.960000000000000131e-02
3.189999999999999780e-02
3.409999999999999837e-02
4.309999999999999942e-02
4.399999999999999745e-02
3.950000000000000039e-02
3.830000000000000071e-02
5.199999999999999761e-02
5.480000000000000149e-02
7.399999999999999634e-02
6.700000000000000400e-02
5.070000000000000201e-02
4.970000000000000112e-02
4.299999999999999656e-02
3.880000000000000115e-02
3.640000000000000180e-02
3.280000000000000276e-02
2.580000000000000002e-02
4.030000000000000249e-02
3.520000000000000212e-02
3.899999999999999994e-02
4.299999999999999656e-02
4.050000000000000128e-02
3.579999999999999849e-02
3.039999999999999994e-02
1.919999999999999832e-02
1.679999999999999896e-02
1.260000000000000009e-02
2.999999999999999737e-04
0.000000000000000000e+00
0.000000000000000000e+00
0.000000000000000000e+00
0.000000000000000000e+00
8.300000000000000086e-03
1.280000000000000061e-02
1.089999999999999997e-02
1.909999999999999892e-02
2.819999999999999937e-02
3.330000000000000321e-02
3.459999999999999881e-02
2.529999999999999957e-02
2.029999999999999860e-02
1.510000000000000057e-02
1.179999999999999973e-02
1.760000000000000106e-02
3.059999999999999873e-02
4.100000000000000172e-02
5.949999999999999734e-02
7.679999999999999327e-02
8.210000000000000631e-02
7.349999999999999589e-02
6.389999999999999847e-02
4.970000000000000112e-02
5.170000000000000290e-02
4.819999999999999979e-02
7.190000000000000557e-02
6.759999999999999343e-02
6.389999999999999847e-02
6.199999999999999956e-02
6.909999999999999476e-02
7.499999999999999722e-02
8.820000000000000062e-02
9.009999999999999953e-02
8.000000000000000167e-02
7.290000000000000646e-02
7.939999999999999836e-02
7.799999999999999989e-02
7.240000000000000602e-02
6.250000000000000000e-02
5.899999999999999689e-02
6.869999999999999718e-02
6.289999999999999758e-02
6.090000000000000274e-02
6.550000000000000266e-02
6.809999999999999387e-02
7.040000000000000424e-02
9.059999999999999998e-02
9.500000000000000111e-02
9.919999999999999651e-02
1.106000000000000039e-01
1.310000000000000053e-01
1.343000000000000027e-01
1.375000000000000111e-01
1.542999999999999927e-01
1.852000000000000035e-01
2.102999999999999869e-01
2.881000000000000227e-01
3.300000000000000155e-01
3.729000000000000092e-01
3.963999999999999746e-01
4.627000000000000002e-01
4.847000000000000197e-01
5.235999999999999543e-01
5.219000000000000306e-01
5.423999999999999932e-01
6.098000000000000087e-01
5.865000000000000213e-01
5.486999999999999655e-01
5.010000000000000009e-01
4.419000000000000150e-01
4.082999999999999963e-01
3.335000000000000187e-01
2.520000000000000018e-01
1.724999999999999867e-01
1.360999999999999988e-01
8.290000000000000147e-02
4.850000000000000144e-02
3.400000000000000244e-02
1.140000000000000041e-02
6.199999999999999782e-03
6.100000000000000387e-03
7.400000000000000328e-03
4.199999999999999740e-03
4.000000000000000083e-03
6.400000000000000307e-03
4.799999999999999580e-03
8.999999999999999754e-04
0.000000000000000000e+00
7.199999999999999803e-03
0.000000000000000000e+00
0.000000000000000000e+00
0.000000000000000000e+00
0.000000000000000000e+00
0.000000000000000000e+00
9.299999999999999239e-03
1.179999999999999973e-02
1.689999999999999836e-02
1.569999999999999868e-02
1.830000000000000029e-02
1.269999999999999948e-02
1.779999999999999985e-02
1.190000000000000085e-02
2.670000000000000151e-02
4.220000000000000140e-02
5.460000000000000270e-02
9.339999999999999691e-02
1.386000000000000010e-01
1.718999999999999972e-01
1.970000000000000084e-01
2.205999999999999905e-01
2.457000000000000017e-01
2.601999999999999869e-01
2.373999999999999999e-01
1.955999999999999961e-01
1.574000000000000121e-01
1.567000000000000060e-01
1.938000000000000000e-01
2.607999999999999763e-01
3.536000000000000254e-01
4.254999999999999893e-01
5.140000000000000124e-01
5.678999999999999604e-01
5.605999999999999872e-01
5.441000000000000281e-01
5.098000000000000309e-01
4.600000000000000200e-01
3.860999999999999988e-01
3.549999999999999822e-01
3.030999999999999805e-01
2.765000000000000235e-01
2.341000000000000025e-01
1.661999999999999866e-01
1.218999999999999945e-01
8.450000000000000566e-02
5.709999999999999798e-02
5.249999999999999806e-02
3.009999999999999828e-02
3.610000000000000014e-02
3.520000000000000212e-02
3.830000000000000071e-02
4.870000000000000023e-02
6.769999999999999629e-02
1.060999999999999999e-01
1.147999999999999993e-01
1.127999999999999975e-01
1.033000000000000029e-01
9.139999999999999514e-02
8.659999999999999643e-02
7.180000000000000271e-02
5.170000000000000290e-02
3.839999999999999664e-02
1.849999999999999908e-02
2.580000000000000002e-02
1.729999999999999941e-02
1.830000000000000029e-02
7.799999999999999642e-03
1.480000000000000066e-02
8.000000000000000167e-03
1.220000000000000077e-02
9.400000000000000369e-03
9.799999999999999684e-03
1.409999999999999969e-02
1.050000000000000065e-02
8.399999999999999481e-03
8.600000000000000006e-03
5.599999999999999943e-03
7.300000000000000065e-03
1.650000000000000078e-02
2.340000000000000066e-02
2.860000000000000042e-02
4.449999999999999789e-02
4.819999999999999979e-02
4.039999999999999841e-02
4.139999999999999930e-02
2.889999999999999861e-02
2.390000000000000110e-02
1.650000000000000078e-02
1.640000000000000138e-02
1.569999999999999868e-02
1.580000000000000154e-02
1.660000000000000017e-02
1.689999999999999836e-02
2.690000000000000030e-02
3.629999999999999893e-02
6.619999999999999496e-02
8.830000000000000349e-02
9.760000000000000620e-02
1.026999999999999996e-01
1.063000000000000056e-01
9.279999999999999361e-02
6.400000000000000133e-02
4.080000000000000293e-02
2.620000000000000107e-02
2.539999999999999897e-02
2.440000000000000155e-02
2.790000000000000119e-02
3.479999999999999760e-02
3.160000000000000309e-02
3.239999999999999825e-02
2.630000000000000046e-02
2.340000000000000066e-02
2.469999999999999973e-02
3.200000000000000067e-02
4.420000000000000318e-02
4.529999999999999999e-02
4.519999999999999712e-02
5.099999999999999672e-02
4.769999999999999934e-02
4.850000000000000144e-02
6.110000000000000153e-02
7.290000000000000646e-02
7.549999999999999767e-02
6.859999999999999432e-02
7.000000000000000666e-02
5.929999999999999855e-02
5.559999999999999665e-02
5.500000000000000028e-02
4.499999999999999833e-02
4.880000000000000310e-02
4.979999999999999705e-02
4.580000000000000043e-02
6.180000000000000077e-02
7.720000000000000473e-02
9.990000000000000269e-02
1.011999999999999983e-01
9.379999999999999449e-02
7.929999999999999549e-02
6.610000000000000597e-02
4.889999999999999902e-02
5.360000000000000181e-02
4.519999999999999712e-02
4.039999999999999841e-02
4.270000000000000184e-02
4.390000000000000152e-02
4.000000000000000083e-02
2.620000000000000107e-02
2.469999999999999973e-02
2.340000000000000066e-02
2.520000000000000018e-02
2.639999999999999986e-02
3.099999999999999978e-02
1.940000000000000058e-02
1.170000000000000033e-02
1.250000000000000069e-02
1.540000000000000049e-02
3.799999999999999992e-03
6.199999999999999782e-03
1.359999999999999924e-02
1.640000000000000138e-02
2.239999999999999977e-02
2.850000000000000103e-02
2.659999999999999865e-02
5.220000000000000334e-02
7.380000000000000449e-02
7.910000000000000364e-02
7.169999999999999984e-02
8.509999999999999509e-02
1.095000000000000001e-01
1.173000000000000015e-01
9.990000000000000269e-02
1.000999999999999945e-01
8.759999999999999731e-02
7.799999999999999989e-02
7.349999999999999589e-02
7.140000000000000513e-02
7.900000000000000078e-02
7.370000000000000162e-02
7.199999999999999456e-02
6.909999999999999476e-02
6.859999999999999432e-02
7.420000000000000207e-02
7.080000000000000182e-02
5.430000000000000104e-02
5.630000000000000282e-02
6.569999999999999452e-02
5.709999999999999798e-02
6.040000000000000230e-02
5.439999999999999697e-02
6.809999999999999387e-02
6.329999999999999516e-02
6.149999999999999911e-02
6.370000000000000662e-02
7.270000000000000073e-02
6.250000000000000000e-02
6.400000000000000133e-02
7.030000000000000138e-02
7.889999999999999791e-02
8.939999999999999336e-02
1.101000000000000034e-01
1.010999999999999954e-01
1.112999999999999962e-01
1.060999999999999999e-01
1.170000000000000068e-01
1.212000000000000022e-01
1.307999999999999996e-01
1.403000000000000080e-01
1.491000000000000103e-01
1.482999999999999874e-01
1.491999999999999993e-01
1.537999999999999923e-01
1.608999999999999875e-01
1.950000000000000067e-01
2.162999999999999923e-01
2.174999999999999989e-01
2.121000000000000107e-01
1.935999999999999943e-01
1.887000000000000066e-01
1.678999999999999937e-01
1.724999999999999867e-01
1.693000000000000060e-01
1.710000000000000131e-01
1.932000000000000106e-01
2.235000000000000042e-01
2.321000000000000008e-01
2.826000000000000179e-01
3.292999999999999816e-01
3.736999999999999766e-01
4.300999999999999823e-01
4.560000000000000164e-01
4.948000000000000176e-01
5.215999999999999526e-01
5.320000000000000284e-01
4.877000000000000224e-01
4.561999999999999944e-01
4.050000000000000266e-01
3.628000000000000114e-01
3.370000000000000218e-01
2.992000000000000215e-01
2.745000000000000218e-01
2.614000000000000212e-01
2.394000000000000017e-01
2.313999999999999946e-01
2.278000000000000025e-01
2.227999999999999980e-01
2.139000000000000068e-01
2.165999999999999870e-01
2.058000000000000107e-01
2.036999999999999922e-01
1.908999999999999864e-01
1.625000000000000056e-01
1.229999999999999982e-01
9.080000000000000571e-02
5.920000000000000262e-02
3.330000000000000321e-02
2.479999999999999913e-02
2.479999999999999913e-02
1.770000000000000046e-02
7.799999999999999642e-03
1.329999999999999932e-02
1.859999999999999848e-02
1.299999999999999940e-02
2.170000000000000054e-02
2.270000000000000143e-02
1.640000000000000138e-02
3.799999999999999906e-02
2.719999999999999848e-02
1.409999999999999969e-02
1.039999999999999952e-02
7.499999999999999722e-03
1.170000000000000033e-02
1.349999999999999985e-02
1.669999999999999957e-02
3.099999999999999978e-02
3.570000000000000256e-02
4.760000000000000342e-02
5.840000000000000052e-02
7.309999999999999831e-02
7.280000000000000360e-02
7.699999999999999900e-02
5.879999999999999810e-02
4.809999999999999692e-02
5.160000000000000003e-02
5.099999999999999672e-02
3.819999999999999785e-02
3.289999999999999869e-02
2.199999999999999872e-02
1.880000000000000074e-02
1.250000000000000069e-02
1.450000000000000074e-02
2.009999999999999981e-02
1.959999999999999937e-02
1.640000000000000138e-02
2.170000000000000054e-02
1.329999999999999932e-02
1.420000000000000082e-02
1.510000000000000057e-02
3.300000000000000155e-02
4.449999999999999789e-02
6.160000000000000198e-02
6.529999999999999694e-02
8.100000000000000255e-02
8.680000000000000215e-02
8.659999999999999643e-02
7.599999999999999811e-02
6.629999999999999782e-02
5.369999999999999774e-02
3.839999999999999664e-02
2.610000000000000167e-02
1.779999999999999985e-02
6.300000000000000044e-03
1.190000000000000085e-02
2.390000000000000110e-02
2.779999999999999832e-02
4.519999999999999712e-02
4.039999999999999841e-02
4.540000000000000285e-02
5.410000000000000225e-02
4.889999999999999902e-02
6.579999999999999738e-02
9.429999999999999494e-02
1.237999999999999934e-01
1.710000000000000131e-01
2.144000000000000072e-01
2.506999999999999784e-01
3.150999999999999912e-01
3.690999999999999837e-01
3.768000000000000238e-01
4.153000000000000025e-01
3.951999999999999957e-01
3.822999999999999732e-01
3.667000000000000259e-01
3.469999999999999751e-01
3.205999999999999961e-01
2.829999999999999738e-01
2.556999999999999829e-01
2.421000000000000096e-01
2.278000000000000025e-01
2.172999999999999932e-01
1.900999999999999912e-01
1.391999999999999904e-01
1.136999999999999955e-01
8.039999999999999925e-02
6.700000000000000400e-02
6.429999999999999605e-02
4.299999999999999656e-02
3.280000000000000276e-02
3.649999999999999772e-02
4.220000000000000140e-02
4.950000000000000233e-02
6.779999999999999916e-02
8.300000000000000433e-02
1.205999999999999989e-01
1.567999999999999949e-01
2.210000000000000020e-01
3.170999999999999930e-01
3.877999999999999781e-01
4.736000000000000210e-01
5.693000000000000282e-01
6.613999999999999879e-01
7.320999999999999730e-01
7.625999999999999446e-01
7.861000000000000210e-01
7.859000000000000430e-01
7.734999999999999654e-01
