9.877000000000000224e-01
9.887000000000000233e-01
9.568999999999999728e-01
9.553000000000000380e-01
9.690999999999999615e-01
1.000000000000000000e+00
9.782999999999999474e-01
9.935000000000000497e-01
9.805000000000000382e-01
9.878000000000000114e-01
9.696000000000000174e-01
9.837000000000000188e-01
9.887000000000000233e-01
9.967000000000000304e-01
1.000000000000000000e+00
9.970999999999999863e-01
9.955000000000000515e-01
9.965000000000000524e-01
1.000000000000000000e+00
1.000000000000000000e+00
1.000000000000000000e+00
1.000000000000000000e+00
1.000000000000000000e+00
1.000000000000000000e+00
1.000000000000000000e+00
1.000000000000000000e+00
1.000000000000000000e+00
9.818999999999999950e-01
9.382000000000000339e-01
9.233000000000000096e-01
8.903999999999999693e-01
8.611999999999999655e-01
8.820999999999999952e-01
7.880000000000000338e-01
7.487000000000000322e-01
7.308999999999999941e-01
7.095000000000000195e-01
7.390999999999999792e-01
7.164000000000000368e-01
7.280999999999999694e-01
6.902000000000000357e-01
6.974000000000000199e-01
7.195000000000000284e-01
7.177000000000000046e-01
7.342999999999999527e-01
7.544999999999999485e-01
7.356000000000000316e-01
7.631999999999999895e-01
7.804999999999999716e-01
7.576000000000000512e-01
7.788000000000000478e-01
7.680000000000000160e-01
7.485000000000000542e-01
7.631999999999999895e-01
7.883000000000000007e-01
8.228999999999999648e-01
8.465000000000000302e-01
8.689000000000000057e-01
8.853999999999999648e-01
9.101000000000000201e-01
9.485000000000000098e-01
9.667000000000000037e-01
9.839999999999999858e-01
9.721999999999999531e-01
9.805000000000000382e-01
9.868999999999999995e-01
9.909999999999999920e-01
1.000000000000000000e+00
9.942999999999999616e-01
1.000000000000000000e+00
1.000000000000000000e+00
1.000000000000000000e+00
1.000000000000000000e+00
1.000000000000000000e+00
1.000000000000000000e+00
1.000000000000000000e+00
1.000000000000000000e+00
1.000000000000000000e+00
1.000000000000000000e+00
1.000000000000000000e+00
1.000000000000000000e+00
1.000000000000000000e+00
1.000000000000000000e+00
1.000000000000000000e+00
1.000000000000000000e+00
1.000000000000000000e+00
1.000000000000000000e+00
1.000000000000000000e+00
1.000000000000000000e+00
1.000000000000000000e+00
1.000000000000000000e+00
1.000000000000000000e+00
1.000000000000000000e+00
1.000000000000000000e+00
9.848999999999999977e-01
9.911999999999999700e-01
9.864000000000000545e-01
9.870999999999999774e-01
9.796000000000000263e-01
9.912999999999999590e-01
9.810999999999999721e-01
9.338999999999999524e-01
9.182000000000000162e-01
9.074999999999999734e-01
8.495000000000000329e-01
7.915999999999999703e-01
7.772999999999999909e-01
7.570000000000000062e-01
7.824999999999999734e-01
7.929000000000000492e-01
7.860000000000000320e-01
7.596000000000000529e-01
7.931000000000000272e-01
8.063000000000000167e-01
8.233000000000000318e-01
8.636000000000000343e-01
8.760999999999999899e-01
8.733999999999999542e-01
8.872999999999999776e-01
9.445999999999999952e-01
9.533000000000000362e-01
9.745000000000000329e-01
9.980999999999999872e-01
9.818999999999999950e-01
9.715000000000000302e-01
9.901999999999999691e-01
9.995000000000000551e-01
1.000000000000000000e+00
9.983999999999999542e-01
1.000000000000000000e+00
1.000000000000000000e+00
1.000000000000000000e+00
1.000000000000000000e+00
1.000000000000000000e+00
9.986000000000000432e-01
9.818000000000000060e-01
9.727999999999999980e-01
9.687000000000000055e-01
9.817000000000000171e-01
9.727000000000000091e-01
9.709999999999999742e-01
9.667000000000000037e-01
9.707000000000000073e-01
9.723000000000000531e-01
9.678999999999999826e-01
9.767000000000000126e-01
9.587999999999999856e-01
9.435999999999999943e-01
9.518999999999999684e-01
9.447999999999999732e-01
9.477999999999999758e-01
9.614000000000000323e-01
9.586999999999999966e-01
9.635000000000000231e-01
9.675000000000000266e-01
9.693000000000000504e-01
9.617999999999999883e-01
9.686000000000000165e-01
9.646000000000000130e-01
9.492000000000000437e-01
9.716000000000000192e-01
9.495999999999999996e-01
9.465999999999999970e-01
9.427999999999999714e-01
9.463000000000000300e-01
9.393000000000000238e-01
9.553000000000000380e-01
9.649999999999999689e-01
9.481000000000000538e-01
9.558999999999999719e-01
9.179000000000000492e-01
9.275999999999999801e-01
9.463000000000000300e-01
9.345999999999999863e-01
9.270000000000000462e-01
9.301000000000000378e-01
9.684000000000000385e-01
9.859999999999999876e-01
9.792999999999999483e-01
9.907000000000000250e-01
9.824000000000000510e-01
9.670999999999999597e-01
1.000000000000000000e+00
9.637000000000000011e-01
9.539999999999999591e-01
9.457999999999999741e-01
9.452000000000000401e-01
9.250000000000000444e-01
9.352000000000000313e-01
9.505000000000000115e-01
9.602000000000000535e-01
9.525000000000000133e-01
9.344000000000000083e-01
8.548999999999999932e-01
8.515000000000000346e-01
8.753999999999999559e-01
8.769000000000000128e-01
8.964999999999999636e-01
8.958000000000000407e-01
8.900000000000000133e-01
9.053999999999999826e-01
8.781999999999999806e-01
8.471999999999999531e-01
8.813999999999999613e-01
8.723999999999999533e-01
8.666000000000000369e-01
8.374000000000000332e-01
8.716000000000000414e-01
9.226999999999999647e-01
9.658999999999999808e-01
9.778000000000000025e-01
9.759999999999999787e-01
9.850999999999999757e-01
1.000000000000000000e+00
1.000000000000000000e+00
1.000000000000000000e+00
1.000000000000000000e+00
9.887000000000000233e-01
9.886000000000000343e-01
9.710999999999999632e-01
9.596000000000000085e-01
9.777000000000000135e-01
9.840999999999999748e-01
9.801999999999999602e-01
9.726000000000000201e-01
9.790999999999999703e-01
9.809999999999999831e-01
9.952999999999999625e-01
9.792999999999999483e-01
9.737999999999999989e-01
9.675000000000000266e-01
9.567999999999999838e-01
9.451000000000000512e-01
9.597999999999999865e-01
9.667000000000000037e-01
9.639999999999999680e-01
9.452000000000000401e-01
9.337999999999999634e-01
9.475000000000000089e-01
9.239000000000000545e-01
9.385999999999999899e-01
9.494000000000000217e-01
9.264000000000000012e-01
9.435000000000000053e-01
9.590999999999999526e-01
9.417999999999999705e-01
9.520999999999999464e-01
9.647999999999999909e-01
9.505000000000000115e-01
9.784000000000000474e-01
9.811999999999999611e-01
9.788999999999999924e-01
9.848000000000000087e-01
1.000000000000000000e+00
1.000000000000000000e+00
1.000000000000000000e+00
9.969000000000000083e-01
1.000000000000000000e+00
1.000000000000000000e+00
1.000000000000000000e+00
1.000000000000000000e+00
1.000000000000000000e+00
1.000000000000000000e+00
1.000000000000000000e+00
1.000000000000000000e+00
1.000000000000000000e+00
1.000000000000000000e+00
9.943999999999999506e-01
9.950999999999999845e-01
9.868000000000000105e-01
9.764000000000000457e-01
9.623000000000000442e-01
9.716000000000000192e-01
9.730999999999999650e-01
9.631999999999999451e-01
9.687999999999999945e-01
9.495000000000000107e-01
9.408999999999999586e-01
9.814000000000000501e-01
9.307999999999999607e-01
8.969000000000000306e-01
9.210000000000000409e-01
9.582000000000000517e-01
9.232000000000000206e-01
9.479999999999999538e-01
9.824000000000000510e-01
9.616999999999999993e-01
9.656000000000000139e-01
1.000000000000000000e+00
9.918000000000000149e-01
9.530999999999999472e-01
9.566000000000000059e-01
9.654000000000000359e-01
9.744000000000000439e-01
9.879000000000000004e-01
9.998000000000000220e-01
1.000000000000000000e+00
9.971999999999999753e-01
1.000000000000000000e+00
1.000000000000000000e+00
1.000000000000000000e+00
1.000000000000000000e+00
1.000000000000000000e+00
1.000000000000000000e+00
1.000000000000000000e+00
9.969999999999999973e-01
1.000000000000000000e+00
1.000000000000000000e+00
1.000000000000000000e+00
1.000000000000000000e+00
1.000000000000000000e+00
1.000000000000000000e+00
1.000000000000000000e+00
9.961999999999999744e-01
9.820999999999999730e-01
9.638999999999999790e-01
9.543000000000000371e-01
9.633000000000000451e-01
9.515000000000000124e-01
9.135999999999999677e-01
8.035999999999999810e-01
7.440999999999999837e-01
6.996999999999999886e-01
6.896999999999999797e-01
7.165000000000000258e-01
6.934000000000000163e-01
7.337000000000000188e-01
7.537000000000000366e-01
8.105999999999999872e-01
8.446000000000000174e-01
8.630999999999999783e-01
8.838000000000000300e-01
9.110000000000000320e-01
9.341000000000000414e-01
8.981000000000000094e-01
9.645000000000000240e-01
9.676000000000000156e-01
1.000000000000000000e+00
1.000000000000000000e+00
1.000000000000000000e+00
1.000000000000000000e+00
1.000000000000000000e+00
1.000000000000000000e+00
1.000000000000000000e+00
1.000000000000000000e+00
1.000000000000000000e+00
1.000000000000000000e+00
9.731999999999999540e-01
9.881999999999999673e-01
1.000000000000000000e+00
1.000000000000000000e+00
1.000000000000000000e+00
1.000000000000000000e+00
1.000000000000000000e+00
1.000000000000000000e+00
1.000000000000000000e+00
1.000000000000000000e+00
1.000000000000000000e+00
1.000000000000000000e+00
1.000000000000000000e+00
1.000000000000000000e+00
1.000000000000000000e+00
1.000000000000000000e+00
1.000000000000000000e+00
1.000000000000000000e+00
1.000000000000000000e+00
1.000000000000000000e+00
9.790999999999999703e-01
9.854000000000000536e-01
9.679999999999999716e-01
9.372000000000000330e-01
9.353000000000000203e-01
9.327999999999999625e-01
9.572000000000000508e-01
9.575000000000000178e-01
9.435000000000000053e-01
9.374000000000000110e-01
9.240000000000000435e-01
9.239000000000000545e-01
9.054999999999999716e-01
8.759000000000000119e-01
9.317999999999999616e-01
8.975999999999999535e-01
8.700999999999999845e-01
9.203000000000000069e-01
8.962999999999999856e-01
8.994999999999999662e-01
9.486999999999999877e-01
9.475999999999999979e-01
9.170000000000000373e-01
9.515000000000000124e-01
9.586000000000000076e-01
9.175999999999999712e-01
9.366999999999999771e-01
9.165999999999999703e-01
9.225999999999999757e-01
9.407999999999999696e-01
9.340000000000000524e-01
9.578999999999999737e-01
9.688999999999999835e-01
9.762999999999999456e-01
9.997000000000000330e-01
1.000000000000000000e+00
9.879999999999999893e-01
1.000000000000000000e+00
1.000000000000000000e+00
1.000000000000000000e+00
1.000000000000000000e+00
9.992999999999999661e-01
9.865000000000000435e-01
9.828000000000000069e-01
9.681999999999999496e-01
9.784000000000000474e-01
9.748999999999999888e-01
9.560999999999999499e-01
9.504000000000000226e-01
9.637999999999999901e-01
9.709999999999999742e-01
9.546999999999999931e-01
9.598999999999999755e-01
9.543000000000000371e-01
9.594000000000000306e-01
9.547999999999999821e-01
9.553000000000000380e-01
9.710999999999999632e-01
9.730999999999999650e-01
9.724000000000000421e-01
9.641999999999999460e-01
9.615000000000000213e-01
9.661999999999999478e-01
9.667999999999999927e-01
9.788999999999999924e-01
9.627000000000000002e-01
9.646000000000000130e-01
9.461000000000000520e-01
9.584000000000000297e-01
9.619999999999999662e-01
9.427999999999999714e-01
9.542000000000000481e-01
9.697999999999999954e-01
9.747999999999999998e-01
9.748999999999999888e-01
9.923999999999999488e-01
9.885000000000000453e-01
1.000000000000000000e+00
9.978000000000000203e-01
9.936000000000000387e-01
1.000000000000000000e+00
1.000000000000000000e+00
9.993999999999999551e-01
9.970999999999999863e-01
1.000000000000000000e+00
9.972999999999999643e-01
9.922999999999999599e-01
9.991999999999999771e-01
9.936000000000000387e-01
9.909000000000000030e-01
9.961999999999999744e-01
9.948000000000000176e-01
1.000000000000000000e+00
1.000000000000000000e+00
1.000000000000000000e+00
1.000000000000000000e+00
1.000000000000000000e+00
1.000000000000000000e+00
1.000000000000000000e+00
1.000000000000000000e+00
1.000000000000000000e+00
1.000000000000000000e+00
1.000000000000000000e+00
1.000000000000000000e+00
1.000000000000000000e+00
1.000000000000000000e+00
1.000000000000000000e+00
1.000000000000000000e+00
1.000000000000000000e+00
1.000000000000000000e+00
1.000000000000000000e+00
1.000000000000000000e+00
1.000000000000000000e+00
1.000000000000000000e+00
1.000000000000000000e+00
1.000000000000000000e+00
1.000000000000000000e+00
1.000000000000000000e+00
1.000000000000000000e+00
1.000000000000000000e+00
1.000000000000000000e+00
1.000000000000000000e+00
1.000000000000000000e+00
1.000000000000000000e+00
1.000000000000000000e+00
1.000000000000000000e+00
1.000000000000000000e+00
1.000000000000000000e+00
1.000000000000000000e+00
1.000000000000000000e+00
1.000000000000000000e+00
1.000000000000000000e+00
9.947000000000000286e-01
9.839999999999999858e-01
1.000000000000000000e+00
1.000000000000000000e+00
1.000000000000000000e+00
9.812999999999999501e-01
9.874000000000000554e-01
1.000000000000000000e+00
1.000000000000000000e+00
9.899000000000000021e-01
1.000000000000000000e+00
1.000000000000000000e+00
1.000000000000000000e+00
1.000000000000000000e+00
9.820999999999999730e-01
9.897000000000000242e-01
9.938000000000000167e-01
1.000000000000000000e+00
1.000000000000000000e+00
9.907000000000000250e-01
1.000000000000000000e+00
1.000000000000000000e+00
1.000000000000000000e+00
1.000000000000000000e+00
1.000000000000000000e+00
1.000000000000000000e+00
1.000000000000000000e+00
1.000000000000000000e+00
1.000000000000000000e+00
1.000000000000000000e+00
1.000000000000000000e+00
9.989999999999999991e-01
1.000000000000000000e+00
1.000000000000000000e+00
1.000000000000000000e+00
1.000000000000000000e+00
1.000000000000000000e+00
1.000000000000000000e+00
1.000000000000000000e+00
1.000000000000000000e+00
1.000000000000000000e+00
1.000000000000000000e+00
1.000000000000000000e+00
1.000000000000000000e+00
1.000000000000000000e+00
1.000000000000000000e+00
1.000000000000000000e+00
1.000000000000000000e+00
1.000000000000000000e+00
1.000000000000000000e+00
1.000000000000000000e+00
1.000000000000000000e+00
1.000000000000000000e+00
1.000000000000000000e+00
1.000000000000000000e+00
1.000000000000000000e+00
1.000000000000000000e+00
1.000000000000000000e+00
1.000000000000000000e+00
1.000000000000000000e+00
1.000000000000000000e+00
1.000000000000000000e+00
9.916000000000000369e-01
9.849999999999999867e-01
9.737000000000000099e-01
9.640999999999999570e-01
9.553000000000000380e-01
9.656000000000000139e-01
9.396999999999999797e-01
9.433000000000000274e-01
8.922999999999999821e-01
8.963999999999999746e-01
8.782999999999999696e-01
9.002000000000000002e-01
8.709000000000000075e-01
8.399999999999999689e-01
8.410999999999999588e-01
7.987999999999999545e-01
7.288999999999999924e-01
6.450000000000000178e-01
5.517999999999999572e-01
4.818000000000000060e-01
4.133999999999999897e-01
3.603000000000000091e-01
3.305000000000000160e-01
3.146999999999999797e-01
2.454999999999999960e-01
2.341000000000000025e-01
2.225999999999999923e-01
2.073000000000000120e-01
1.690000000000000113e-01
1.736000000000000043e-01
1.864000000000000101e-01
1.928999999999999881e-01
1.925999999999999934e-01
2.185999999999999888e-01
2.265999999999999959e-01
2.581999999999999851e-01
2.963000000000000078e-01
3.541000000000000258e-01
3.895000000000000129e-01
4.802000000000000157e-01
5.168000000000000371e-01
5.865000000000000213e-01
6.521000000000000130e-01
6.945000000000000062e-01
7.774999999999999689e-01
7.856999999999999540e-01
7.951000000000000290e-01
7.770000000000000240e-01
7.990000000000000435e-01
7.973999999999999977e-01
7.906999999999999584e-01
7.761000000000000121e-01
7.763999999999999790e-01
7.809000000000000385e-01
7.873999999999999888e-01
8.026999999999999691e-01
7.737000000000000544e-01
7.600000000000000089e-01
7.828000000000000513e-01
7.593999999999999639e-01
7.811000000000000165e-01
7.369999999999999885e-01
7.350999999999999757e-01
7.479000000000000092e-01
7.564999999999999503e-01
7.540999999999999925e-01
7.479000000000000092e-01
7.166000000000000147e-01
6.908999999999999586e-01
6.474999999999999645e-01
6.361999999999999877e-01
6.534999999999999698e-01
6.340999999999999970e-01
6.702000000000000179e-01
6.857999999999999652e-01
6.887999999999999678e-01
7.179999999999999716e-01
6.911000000000000476e-01
6.856999999999999762e-01
7.170999999999999597e-01
6.774999999999999911e-01
7.246000000000000218e-01
7.187999999999999945e-01
7.389000000000000012e-01
7.325000000000000400e-01
7.659000000000000252e-01
7.884999999999999787e-01
8.187999999999999723e-01
8.153000000000000247e-01
8.204000000000000181e-01
8.571999999999999620e-01
8.638000000000000123e-01
8.555000000000000382e-01
8.698000000000000176e-01
9.028000000000000469e-01
9.239000000000000545e-01
9.357999999999999652e-01
9.268999999999999462e-01
9.217999999999999527e-01
9.398999999999999577e-01
9.348999999999999533e-01
9.118000000000000549e-01
9.161000000000000254e-01
9.422000000000000375e-01
9.395000000000000018e-01
9.519999999999999574e-01
9.745000000000000329e-01
9.696000000000000174e-01
9.207999999999999519e-01
9.163999999999999924e-01
9.469999999999999529e-01
9.453000000000000291e-01
9.779999999999999805e-01
1.000000000000000000e+00
1.000000000000000000e+00
1.000000000000000000e+00
1.000000000000000000e+00
1.000000000000000000e+00
1.000000000000000000e+00
1.000000000000000000e+00
1.000000000000000000e+00
1.000000000000000000e+00
1.000000000000000000e+00
1.000000000000000000e+00
1.000000000000000000e+00
1.000000000000000000e+00
1.000000000000000000e+00
1.000000000000000000e+00
1.000000000000000000e+00
1.000000000000000000e+00
1.000000000000000000e+00
1.000000000000000000e+00
1.000000000000000000e+00
1.000000000000000000e+00
9.749999999999999778e-01
9.464000000000000190e-01
9.157999999999999474e-01
9.131000000000000227e-01
8.766000000000000458e-01
8.022000000000000242e-01
7.208999999999999853e-01
6.647999999999999465e-01
5.787999999999999812e-01
5.163999999999999702e-01
4.290999999999999814e-01
3.478999999999999870e-01
2.901000000000000245e-01
2.520999999999999908e-01
2.429000000000000048e-01
2.431999999999999995e-01
2.132000000000000006e-01
2.124999999999999944e-01
2.079999999999999905e-01
2.124999999999999944e-01
2.109000000000000041e-01
2.348000000000000087e-01
2.346000000000000030e-01
2.300000000000000100e-01
2.069999999999999896e-01
2.107999999999999874e-01
2.169999999999999984e-01
2.018000000000000071e-01
1.907000000000000084e-01
1.845999999999999863e-01
2.099000000000000032e-01
2.237999999999999989e-01
2.615999999999999992e-01
2.863999999999999879e-01
3.020999999999999797e-01
3.160999999999999921e-01
3.124000000000000110e-01
3.232999999999999763e-01
2.948999999999999955e-01
2.635000000000000120e-01
2.356999999999999929e-01
2.097999999999999865e-01
1.857999999999999929e-01
1.600000000000000033e-01
1.592999999999999972e-01
1.600999999999999923e-01
1.655000000000000082e-01
1.723000000000000087e-01
1.685999999999999999e-01
1.899000000000000132e-01
2.416999999999999982e-01
2.548000000000000265e-01
2.550000000000000044e-01
2.303999999999999937e-01
2.134000000000000064e-01
2.066000000000000059e-01
1.904000000000000137e-01
1.622000000000000108e-01
1.540999999999999870e-01
1.441999999999999948e-01
1.264000000000000123e-01
1.252999999999999947e-01
1.307999999999999996e-01
1.132999999999999979e-01
1.444999999999999896e-01
1.595000000000000029e-01
1.656999999999999862e-01
1.642000000000000126e-01
1.638000000000000012e-01
1.391999999999999904e-01
1.264000000000000123e-01
1.247999999999999943e-01
9.710000000000000575e-02
8.500000000000000611e-02
7.299999999999999545e-02
6.679999999999999827e-02
6.769999999999999629e-02
6.040000000000000230e-02
4.159999999999999809e-02
2.779999999999999832e-02
5.899999999999999689e-02
6.110000000000000153e-02
6.660000000000000642e-02
6.900000000000000577e-02
7.689999999999999614e-02
8.490000000000000324e-02
1.033000000000000029e-01
1.358000000000000040e-01
1.603999999999999870e-01
1.824000000000000066e-01
1.902999999999999969e-01
2.147000000000000020e-01
2.333000000000000074e-01
2.701000000000000068e-01
2.730000000000000204e-01
2.757000000000000006e-01
2.602999999999999758e-01
2.295999999999999985e-01
1.925000000000000044e-01
1.686999999999999889e-01
1.120000000000000023e-01
8.329999999999999905e-02
5.659999999999999754e-02
3.729999999999999982e-02
3.880000000000000115e-02
3.729999999999999982e-02
3.359999999999999792e-02
1.990000000000000102e-02
1.760000000000000106e-02
2.949999999999999845e-02
3.230000000000000232e-02
3.479999999999999760e-02
3.309999999999999748e-02
3.490000000000000047e-02
3.649999999999999772e-02
4.159999999999999809e-02
3.370000000000000079e-02
5.349999999999999895e-02
5.220000000000000334e-02
7.560000000000000053e-02
9.149999999999999800e-02
1.274000000000000132e-01
1.421000000000000041e-01
1.711000000000000021e-01
1.738999999999999990e-01
1.547000000000000042e-01
1.298999999999999877e-01
1.215999999999999998e-01
1.028000000000000025e-01
8.050000000000000211e-02
6.149999999999999911e-02
6.600000000000000311e-02
8.190000000000000058e-02
7.720000000000000473e-02
8.899999999999999578e-02
8.989999999999999380e-02
1.040999999999999981e-01
1.292999999999999983e-01
1.691000000000000003e-01
1.859000000000000097e-01
2.129000000000000059e-01
2.280000000000000082e-01
2.311999999999999889e-01
2.217999999999999972e-01
2.237000000000000099e-01
2.126000000000000112e-01
2.086999999999999966e-01
2.058000000000000107e-01
2.038999999999999979e-01
2.321999999999999897e-01
2.184999999999999998e-01
2.104000000000000037e-01
1.967000000000000137e-01
1.953999999999999904e-01
1.829000000000000070e-01
1.731000000000000039e-01
1.774999999999999911e-01
1.986999999999999877e-01
2.003999999999999948e-01
1.782999999999999863e-01
2.018000000000000071e-01
2.033999999999999975e-01
2.141000000000000125e-01
2.076999999999999957e-01
2.346000000000000030e-01
2.331999999999999906e-01
2.343999999999999972e-01
2.640000000000000124e-01
2.596999999999999864e-01
2.757999999999999896e-01
2.968999999999999972e-01
3.118000000000000216e-01
3.190000000000000058e-01
3.064999999999999947e-01
3.099000000000000088e-01
3.317999999999999838e-01
3.200000000000000067e-01
3.579999999999999849e-01
4.141000000000000236e-01
4.289999999999999925e-01
4.652999999999999914e-01
4.899999999999999911e-01
4.616999999999999993e-01
4.203000000000000069e-01
3.644999999999999907e-01
