4.139723821366069201e-01
4.139723821366069201e-01
4.835204847805152362e-01
5.248186532811394134e-01
4.896356008854763076e-01
6.338632879608337989e-01
5.000462343013952760e-01
3.374747781579254813e-01
0.000000000000000000e+00
0.000000000000000000e+00
0.000000000000000000e+00
3.597058530866721338e-01
0.000000000000000000e+00
1.542648765168888603e-01
1.974042087947724677e-01
0.000000000000000000e+00
0.000000000000000000e+00
3.864692638185598939e-01
7.722493963232468506e-01
0.000000000000000000e+00
4.233343566888324583e-01
6.955007998108505562e-01
7.525692569578927849e-01
8.126561248767860679e-01
9.197097678043368862e-01
7.924527606000165703e-01
6.788390712173476560e-01
3.812455876606836158e-01
4.365537097718578674e-01
0.000000000000000000e+00
4.233343566888324583e-01
1.542648765168888603e-01
0.000000000000000000e+00
5.912695552758530093e-01
4.842159123483020244e-01
0.000000000000000000e+00
0.000000000000000000e+00
5.268096450332829805e-01
1.974042087947724677e-01
3.812455876606836158e-01
7.761528256031725859e-02
1.974042087947724677e-01
0.000000000000000000e+00
0.000000000000000000e+00
1.275014657850011557e-01
7.761528256031725859e-02
4.197560021057321622e-01
0.000000000000000000e+00
0.000000000000000000e+00
0.000000000000000000e+00
0.000000000000000000e+00
1.275014657850011557e-01
0.000000000000000000e+00
0.000000000000000000e+00
0.000000000000000000e+00
0.000000000000000000e+00
0.000000000000000000e+00
2.947409791872701024e-01
7.761528256031725859e-02
7.761528256031725859e-02
7.761528256031725859e-02
1.275014657850011557e-01
0.000000000000000000e+00
0.000000000000000000e+00
7.761528256031725859e-02
0.000000000000000000e+00
1.542648765168888603e-01
1.275014657850011557e-01
0.000000000000000000e+00
7.102662142958625635e-01
0.000000000000000000e+00
3.044578517223233138e-01
0.000000000000000000e+00
7.761528256031725859e-02
2.768646853276164332e-01
1.542648765168888603e-01
2.031344995870713876e-01
1.542648765168888603e-01
0.000000000000000000e+00
6.084362475261879677e-01
1.542648765168888603e-01
6.079312838693556875e-01
7.173862045622295680e-01
8.394195356086738835e-01
6.567393928320871543e-01
8.113197545795441945e-01
8.091144891935193595e-01
7.353843034529742306e-01
5.914655676551509034e-01
6.076598210401952249e-01
6.291995556142067070e-01
5.061013170996812027e-01
5.515820640130272290e-01
4.497520972433524666e-01
4.879535604108667934e-01
3.830268883080825137e-01
4.633171205037455165e-01
3.864692638185598939e-01
3.430441244931692890e-01
4.233343566888324583e-01
3.597058530866721338e-01
3.965709459569446982e-01
3.864692638185598939e-01
3.872089714047191600e-01
3.656692368307076779e-01
4.573975214619975249e-01
4.139723821366069201e-01
3.872089714047192155e-01
5.269456241059058410e-01
4.835204847805152362e-01
5.102838955124030518e-01
4.352173394746161050e-01
5.370473062442906453e-01
5.001822133740182474e-01
5.102838955124029408e-01
5.269456241059058410e-01
3.830268883080825137e-01
4.835204847805152362e-01
5.001822133740181364e-01
4.835204847805152362e-01
3.715888358724557805e-01
4.835204847805152362e-01
4.139723821366069201e-01
4.198919811783550227e-01
3.830268883080824582e-01
4.084539287427283449e-01
4.567570740486275871e-01
4.734188026421304318e-01
5.638107169761784609e-01
4.084539287427283449e-01
4.567570740486275871e-01
4.567570740486275871e-01
4.139723821366069201e-01
4.139723821366069201e-01
3.597058530866721338e-01
3.162807137612815844e-01
2.947409791872701024e-01
9.565748606746092841e-01
8.107598107682953970e-01
7.911163903027746969e-01
8.394195356086738835e-01
8.880683510919405999e-01
8.762846284789462814e-01
8.107598107682953970e-01
8.648465760433197147e-01
7.108261581071115831e-01
8.459795820637917574e-01
8.012180724411595012e-01
6.985192105827018327e-01
8.547448939049349104e-01
6.449923891189263125e-01
9.363714963978396755e-01
8.863863106173310857e-01
8.178798010346624014e-01
8.006581286299104816e-01
8.828446749340643773e-01
9.666765428129943105e-01
8.995064035275672776e-01
8.459795820637917574e-01
9.183733975070950128e-01
7.157041640876201649e-01
7.738947178980226660e-01
8.293178534702890792e-01
8.547448939049349104e-01
8.981700332303254042e-01
7.793326676897806005e-01
8.648465760433199367e-01
7.905564464915256773e-01
8.394195356086738835e-01
9.183733975070950128e-01
8.613049403600528953e-01
9.030480392108342080e-01
7.892200761942839149e-01
8.714066224984376996e-01
7.757910320065135590e-01
8.064417485990357237e-01
5.912695552758528983e-01
5.912695552758528983e-01
6.180329660077406029e-01
5.645061445439651937e-01
5.429664099699536006e-01
6.079312838693556875e-01
5.645061445439650827e-01
5.313786997362575093e-01
5.032789187071279313e-01
4.510884675405943400e-01
6.179779858533236414e-01
7.310295223838813028e-01
7.692309855513955741e-01
7.525692569578927849e-01
6.674010187817209783e-01
6.234159356450813538e-01
6.520756604854599514e-01
6.616541177124291018e-01
5.554693698736615781e-01
6.559629663460944116e-01
5.710661909990831786e-01
5.248186532811395244e-01
4.835204847805152362e-01
4.352173394746161050e-01
5.001822133740182474e-01
4.573975214619975249e-01
3.656692368307076779e-01
3.430441244931692890e-01
3.597058530866721338e-01
4.233343566888324583e-01
3.430441244931692890e-01
3.511180959795771606e-01
2.708278637839141023e-01
3.142530031093046516e-01
3.778815067114649207e-01
3.243546852476894560e-01
4.139723821366069201e-01
3.503438785344466511e-01
3.937690178598372004e-01
4.942626143322700893e-01
4.573975214619975249e-01
4.573975214619975249e-01
5.210260250641577384e-01
4.306341107301097648e-01
4.139723821366069201e-01
4.139723821366069201e-01
3.656692368307077334e-01
4.139723821366069201e-01
4.139723821366069201e-01
4.139723821366069201e-01
4.139723821366069201e-01
3.134787856641741421e-01
3.389058260988200288e-01
3.503438785344466511e-01
3.872089714047192155e-01
4.139723821366069201e-01
3.864692638185598939e-01
3.430441244931692890e-01
2.947409791872701024e-01
3.430441244931692890e-01
3.430441244931692890e-01
3.430441244931692890e-01
7.542512974325020769e-01
4.306341107301097648e-01
5.707947281699226050e-01
5.001822133740182474e-01
3.430441244931692890e-01
5.816728367943002631e-01
3.162807137612815844e-01
7.761528256031725859e-02
2.298979103189590922e-01
3.511180959795771606e-01
2.947409791872701024e-01
7.761528256031725859e-02
1.542648765168888603e-01
1.542648765168888603e-01
3.389058260988200288e-01
2.298979103189590922e-01
8.661829463405615881e-01
5.544044624055802784e-01
4.835204847805152362e-01
4.567570740486274761e-01
4.835204847805152362e-01
4.353528232311537627e-01
6.180329660077406029e-01
5.808964103083074093e-01
5.808964103083074093e-01
6.818574819891989325e-01
6.550940712573112279e-01
5.914655676551509034e-01
6.335543366832997458e-01
5.966525249131936492e-01
6.788390712173476560e-01
7.692309855513955741e-01
7.845563438476566009e-01
7.959943962832833897e-01
8.495212177470586878e-01
7.577929331157690074e-01
8.714066224984378106e-01
8.293178534702890792e-01
8.279814831730472058e-01
9.096080856659520819e-01
7.356932547305085057e-01
9.732365892681122954e-01
7.796783378671480191e-01
8.244398474897804974e-01
8.293178534702890792e-01
9.298114499427216906e-01
8.227578070151708722e-01
8.596228998854436032e-01
9.183733975070950128e-01
7.007244759687267788e-01
8.113197545795444166e-01
2.776944409904356093e-01
5.313786997362573983e-01
5.515820640130271180e-01
4.980552425492517088e-01
4.980552425492517088e-01
6.180329660077404919e-01
6.291995556142065960e-01
6.726246949395972008e-01
6.291995556142065960e-01
6.458612842077093852e-01
6.291995556142067070e-01
5.046152890043698047e-01
6.990424354941172647e-01
7.525692569578927849e-01
7.255915725921237014e-01
7.839964000364075813e-01
7.102662142958624525e-01
7.102662142958625635e-01
7.304695785726321722e-01
7.839964000364075813e-01
6.234159356450813538e-01
6.887264797218509704e-01
7.624566654623962103e-01
7.102662142958624525e-01
7.037061678407445786e-01
7.757910320065135590e-01
8.293178534702890792e-01
7.542512974325020769e-01
6.788390712173476560e-01
7.108261581071115831e-01
7.389259391362410501e-01
7.261515164033726100e-01
8.547448939049349104e-01
6.619630689899633769e-01
8.012180724411595012e-01
5.186042770033889582e-01
6.239758794563303734e-01
7.761528256031725859e-02
1.542648765168888603e-01
7.761528256031725859e-02
4.842159123483020244e-01
7.761528256031725859e-02
1.275014657850011557e-01
7.761528256031725859e-02
2.031344995870713876e-01
3.656692368307077334e-01
2.031344995870713876e-01
1.542648765168888603e-01
0.000000000000000000e+00
3.956653319683280934e-01
0.000000000000000000e+00
2.708278637839141023e-01
7.761528256031725859e-02
2.298979103189590922e-01
5.429664099699536006e-01
0.000000000000000000e+00
1.275014657850011557e-01
3.656692368307077334e-01
0.000000000000000000e+00
7.375895688389993987e-01
3.864692638185598939e-01
7.761528256031725859e-02
1.974042087947724677e-01
0.000000000000000000e+00
7.761528256031725859e-02
0.000000000000000000e+00
2.947409791872701024e-01
1.542648765168888603e-01
2.768646853276164332e-01
0.000000000000000000e+00
0.000000000000000000e+00
0.000000000000000000e+00
4.352173394746161050e-01
1.275014657850011557e-01
7.761528256031725859e-02
3.452493898791942906e-01
0.000000000000000000e+00
0.000000000000000000e+00
5.489093234185434822e-01
4.879535604108669045e-01
0.000000000000000000e+00
1.275014657850011557e-01
6.291995556142065960e-01
2.708278637839140468e-01
3.452493898791942906e-01
4.306341107301097648e-01
7.738947178980227770e-01
6.018762010710698718e-01
5.287059591417737625e-01
4.835204847805152362e-01
3.965709459569446982e-01
3.597058530866721338e-01
6.548430787235962613e-01
1.542648765168888603e-01
7.761528256031725859e-02
3.374747781579254813e-01
1.275014657850011557e-01
2.776944409904356093e-01
4.835204847805152362e-01
2.225247184780148324e-01
0.000000000000000000e+00
7.761528256031725859e-02
4.306341107301097648e-01
0.000000000000000000e+00
7.761528256031725859e-02
2.768646853276164332e-01
2.298979103189590922e-01
3.142530031093045961e-01
1.275014657850011557e-01
3.276037527358162116e-01
2.708278637839140468e-01
6.835028035639748589e-01
7.761528256031725859e-02
7.761528256031725859e-02
3.044578517223233138e-01
7.761528256031725859e-02
4.907759588034200648e-01
5.248186532811395244e-01
7.471313071661350724e-01
3.562634775761947536e-01
5.008226607873880187e-01
4.445284210854762996e-01
0.000000000000000000e+00
3.656692368307076779e-01
4.497520972433524666e-01
5.032789187071279313e-01
2.776944409904355537e-01
5.923344627439340870e-01
0.000000000000000000e+00
3.134787856641741421e-01
7.761528256031725859e-02
7.761528256031725859e-02
2.694131989254135995e-01
7.761528256031725859e-02
1.542648765168888603e-01
0.000000000000000000e+00
0.000000000000000000e+00
1.542648765168888603e-01
0.000000000000000000e+00
0.000000000000000000e+00
1.542648765168888603e-01
1.542648765168888603e-01
7.761528256031725859e-02
3.243546852476894005e-01
7.761528256031725859e-02
2.031344995870713876e-01
7.310295223838811918e-01
1.542648765168888603e-01
6.076598210401952249e-01
3.044578517223233138e-01
6.734011214255899436e-01
8.762846284789462814e-01
7.738947178980227770e-01
6.485340248021931320e-01
3.830268883080824582e-01
3.430441244931692890e-01
3.430441244931692890e-01
3.430441244931692890e-01
2.947409791872701024e-01
7.810147081643898925e-01
7.656893498681287547e-01
7.001645321574776482e-01
8.661829463405615881e-01
7.924527606000165703e-01
7.738947178980226660e-01
9.197097678043368862e-01
7.441496152941173836e-01
9.298114499427216906e-01
8.916099867752073083e-01
7.722493963232468506e-01
8.495212177470587989e-01
8.332051593309234283e-01
8.916099867752073083e-01
1.000000000000000000e+00
7.858927141448984743e-01
7.102662142958625635e-01
7.624566654623962103e-01
7.656893498681288657e-01
5.682437926065300182e-01
8.714066224984378106e-01
8.547448939049349104e-01
8.293178534702890792e-01
7.839964000364075813e-01
7.157041640876201649e-01
7.310295223838813028e-01
6.283306605254233013e-01
6.436560188216845502e-01
6.182289783870386080e-01
7.187225748594714414e-01
6.985192105827017217e-01
7.353843034529743417e-01
6.919591641275836258e-01
6.436560188216845502e-01
5.248186532811394134e-01
4.835204847805152362e-01
5.102838955124030518e-01
5.102838955124030518e-01
4.835204847805152362e-01
4.352173394746161050e-01
5.269456241059058410e-01
4.352173394746161050e-01
4.198919811783550227e-01
5.001822133740181364e-01
4.567570740486275871e-01
4.352173394746161050e-01
4.835204847805152362e-01
5.370473062442906453e-01
5.370473062442906453e-01
5.001822133740182474e-01
4.942626143322699783e-01
4.573975214619975249e-01
4.306341107301097648e-01
5.269456241059058410e-01
4.198919811783550227e-01
4.567570740486275871e-01
5.269456241059058410e-01
4.835204847805152362e-01
4.352173394746161050e-01
4.734188026421304318e-01
4.084539287427283449e-01
4.352173394746161050e-01
4.352173394746161050e-01
5.269456241059058410e-01
3.430441244931692890e-01
3.864692638185598939e-01
3.430441244931692890e-01
3.430441244931692890e-01
2.947409791872701024e-01
3.430441244931692890e-01
3.430441244931692890e-01
3.864692638185598939e-01
2.947409791872701024e-01
4.139723821366069201e-01
7.757910320065135590e-01
8.446432117665498840e-01
8.727429927956795730e-01
8.929463570724491817e-01
9.082717153687102085e-01
8.394195356086738835e-01
9.262698142594548711e-01
8.375232215001829905e-01
8.929463570724494037e-01
8.279814831730472058e-01
7.793326676897803784e-01
8.661829463405615881e-01
9.399131320811066059e-01
8.981700332303254042e-01
7.911163903027745858e-01
5.912695552758528983e-01
4.907759588034200648e-01
5.697298207018414162e-01
5.276410516736925738e-01
5.912695552758528983e-01
5.645061445439650827e-01
5.645061445439651937e-01
6.180329660077406029e-01
6.180329660077406029e-01
5.429664099699536006e-01
6.346946946012435031e-01
5.697298207018414162e-01
5.645061445439650827e-01
5.912695552758528983e-01
4.626761777742905424e-01
5.697298207018414162e-01
5.811678731374679829e-01
5.429664099699536006e-01
5.429664099699536006e-01
4.621162339630415228e-01
6.079312838693556875e-01
5.912695552758530093e-01
5.645061445439651937e-01
5.429664099699536006e-01
5.912695552758528983e-01
5.162029992380660071e-01
5.912695552758528983e-01
5.429664099699537116e-01
7.722493963232468506e-01
8.006581286299104816e-01
8.547448939049349104e-01
9.096080856659520819e-01
6.182289783870386080e-01
5.384619711027910371e-01
7.959943962832833897e-01
6.818574819891989325e-01
7.454859855913591460e-01
7.255915725921235904e-01
6.941644295136086829e-01
6.234159356450813538e-01
3.965709459569446982e-01
6.993881056714849054e-01
6.344232317720829295e-01
5.638107169761784609e-01
7.525692569578927849e-01
7.744546617092717966e-01
7.375895688389992877e-01
8.547448939049349104e-01
7.804547643531408729e-01
8.025544427384013746e-01
7.924527606000164592e-01
5.905741277080661655e-01
2.694131989254135995e-01
5.429664099699536006e-01
5.429664099699536006e-01
7.905564464915256773e-01
5.370473062442906453e-01
6.116689319319206231e-01
6.674010187817209783e-01
7.624566654623959883e-01
7.796783378671480191e-01
8.828446749340643773e-01
8.981700332303254042e-01
5.546004747848783945e-01
6.889407533557324603e-01
7.911163903027746969e-01
7.656893498681287547e-01
8.661829463405615881e-01
5.515820640130272290e-01
8.560812642021767838e-01
7.643529795708871033e-01
7.911163903027746969e-01
8.091144891935193595e-01
8.064417485990357237e-01
8.279814831730472058e-01
5.418260520520099544e-01
5.418260520520099544e-01
7.738947178980227770e-01
8.700702522011960482e-01
7.160498342649878056e-01
7.362531985417575253e-01
8.394195356086738835e-01
8.560812642021767838e-01
8.910500429639583997e-01
6.818574819891989325e-01
8.762846284789462814e-01
6.168926080897967346e-01
9.197097678043368862e-01
6.559629663460944116e-01
9.030480392108342080e-01
8.279814831730473168e-01
3.511180959795771606e-01
4.751791376779984644e-01
1.662694067167988232e-01
7.102662142958625635e-01
7.471313071661350724e-01
5.440313174380349004e-01
4.765155079752402267e-01
4.510884675405943400e-01
4.139723821366069201e-01
3.872089714047191600e-01
3.872089714047191600e-01
3.864692638185598939e-01
4.233343566888324583e-01
3.511180959795771606e-01
2.708278637839140468e-01
2.031344995870713876e-01
6.079312838693556875e-01
4.039256801526388552e-01
4.674992036003823292e-01
1.542648765168888603e-01
7.761528256031725859e-02
7.761528256031725859e-02
7.761528256031725859e-02
1.275014657850011557e-01
1.542648765168888603e-01
0.000000000000000000e+00
7.761528256031725859e-02
7.761528256031725859e-02
7.761528256031725859e-02
3.433155873223299182e-01
7.761528256031725859e-02
3.374747781579254813e-01
2.298979103189590922e-01
3.044578517223233138e-01
7.255915725921235904e-01
6.889407533557324603e-01
6.988281618602357748e-01
6.788390712173476560e-01
6.559629663460943005e-01
8.091144891935193595e-01
7.269279428893654638e-01
6.739610652368389632e-01
8.279814831730472058e-01
7.160498342649879167e-01
7.911163903027746969e-01
5.966525249131936492e-01
7.525692569578927849e-01
6.722790247622296711e-01
6.625230128012123965e-01
5.554693698736615781e-01
5.707947281699226050e-01
4.352173394746161050e-01
4.835204847805152362e-01
4.835204847805152362e-01
6.180329660077406029e-01
4.621162339630415228e-01
5.544044624055802784e-01
6.344232317720829295e-01
6.559629663460944116e-01
6.357596020693245809e-01
6.357596020693245809e-01
6.827263770779820051e-01
5.645061445439650827e-01
5.544044624055802784e-01
6.346946946012435031e-01
6.344232317720829295e-01
5.268096450332829805e-01
6.076598210401952249e-01
6.726246949395972008e-01
6.076598210401952249e-01
6.190978734758219026e-01
4.418556804909926639e-01
5.808964103083074093e-01
5.923344627439339760e-01
7.362531985417575253e-01
6.076598210401952249e-01
5.923344627439340870e-01
6.827263770779821161e-01
6.919591641275837368e-01
5.914655676551509034e-01
6.919591641275836258e-01
3.142530031093046516e-01
2.708278637839141023e-01
2.708278637839141023e-01
3.243546852476894560e-01
8.459795820637919794e-01
8.459795820637919794e-01
6.936044857023597743e-01
6.152105676151874425e-01
3.142530031093046516e-01
3.503438785344466511e-01
4.677501961340971848e-01
2.776944409904356093e-01
1.542648765168888603e-01
2.031344995870713876e-01
1.542648765168888603e-01
2.298979103189590922e-01
1.542648765168888603e-01
2.031344995870713876e-01
1.275014657850011557e-01
2.031344995870713876e-01
3.142530031093045961e-01
3.142530031093045961e-01
