7.977905223034591486e-01
4.424836728199449953e-01
5.932076226429395804e-01
6.033756761986235340e-01
4.907999209199965795e-01
7.820138949719707133e-01
9.842233726685116757e-01
6.579621060033874480e-01
4.294726772690530825e-01
6.305185371849642006e-01
5.571074269973228521e-01
6.617407215573017920e-01
7.934808243805832051e-01
7.002732017376437357e-01
8.949418079185070818e-01
8.639501992538428654e-01
8.963796892133388816e-01
6.285265343096528845e-01
7.910069078336391390e-01
6.432596019711959157e-01
1.000000000000000000e+00
8.364473933440270681e-01
4.072026840534522241e-01
4.750232935885081997e-01
3.509981222876564222e-01
5.305096949930312444e-01
7.866360703847845581e-01
6.029131248839144641e-01
4.294726772690530270e-01
4.899472567797534261e-01
2.402927879241046616e-01
5.305096949930313555e-01
5.526451844296615956e-01
5.992065398246064767e-01
2.037752938166333128e-01
4.321811154852905901e-01
6.490302326676977707e-01
3.250920269012476105e-01
3.047915322898163137e-01
1.316737993245999105e-01
3.883887691563607247e-01
1.316737993245999105e-01
1.107744901079638217e-01
6.609687645455777916e-02
0.000000000000000000e+00
0.000000000000000000e+00
5.017220721106510073e-01
1.967121910739489943e-01
6.609687645455777916e-02
1.107744901079638217e-01
3.178025278407082266e-01
2.611920971407407643e-01
3.077186890463522451e-01
5.694653714310955461e-01
5.615770577653511619e-01
5.406777485487151980e-01
4.750232935885081997e-01
6.609687645455777916e-02
7.312834032030087750e-01
6.714139718800222756e-01
3.047915322898163692e-01
6.159241204348063770e-01
6.914657192621802562e-01
4.763350590027674580e-01
6.347809688450978260e-01
0.000000000000000000e+00
8.028070193411593891e-01
4.729344492282706591e-01
3.674599399580093517e-01
4.311358307949985647e-01
5.118901256663349608e-01
1.967121910739489943e-01
2.762755651924427291e-01
3.047915322898163137e-01
1.758128818573128915e-01
3.178025278407082266e-01
4.301578676079176322e-01
3.481466234806597781e-01
5.195552551526791962e-01
4.231863776032755431e-01
0.000000000000000000e+00
4.808227628940149323e-01
5.867279158763808455e-01
1.775948602741964089e-01
5.673364749221495584e-01
4.899472567797534261e-01
7.011047785006166988e-01
6.748128566341726753e-01
6.609687645455777916e-02
5.356323768781789951e-01
2.414947900347032828e-01
3.562738684950713663e-01
6.786220480847146019e-01
7.507917105996330109e-01
4.854776260117248943e-01
5.017220721106510073e-01
6.598837911371624454e-01
7.312834032030087750e-01
5.406777485487153090e-01
5.406777485487153090e-01
4.859454447791626830e-01
5.485711645202244746e-01
0.000000000000000000e+00
4.087557067703305735e-01
6.681482204150140936e-01
7.011047785006168098e-01
4.067923773570606416e-01
6.884412250997909988e-01
5.613538735859513462e-01
3.633152212599426445e-01
2.115051650417243689e-01
6.921729051649269104e-01
5.136895079915974049e-01
0.000000000000000000e+00
0.000000000000000000e+00
0.000000000000000000e+00
0.000000000000000000e+00
2.622782035359643715e-01
0.000000000000000000e+00
4.831025027839547237e-01
2.754050948022312983e-01
1.107744901079638217e-01
1.107744901079638217e-01
2.754050948022312983e-01
5.305096949930313555e-01
2.037752938166333128e-01
3.914260567219638443e-01
4.491921980164267914e-01
2.622782035359643715e-01
4.144970630711861670e-01
0.000000000000000000e+00
5.067725460869523246e-01
8.588275173686952257e-01
3.935977538545500365e-01
5.096103857763951694e-01
7.011047785006168098e-01
4.686106924250308947e-01
4.321811154852905901e-01
6.609687645455777916e-02
6.281309234510616957e-01
4.895100016416669697e-01
6.857367328451735577e-01
4.300922711250530495e-01
4.750232935885080887e-01
1.775948602741964089e-01
3.917531810509830015e-01
4.072026840534522241e-01
2.832934084679754605e-01
5.859542869710956392e-01
1.758128818573128915e-01
2.115051650417243689e-01
4.294726772690530270e-01
4.440695161312790407e-01
0.000000000000000000e+00
4.321811154852905901e-01
6.575554144946522683e-01
1.316737993245999105e-01
5.514090042096674305e-01
7.000612188306710726e-01
1.000000000000000000e+00
6.668634034424495427e-01
6.609687645455777916e-02
8.610315031509790940e-01
6.132324215834026315e-01
0.000000000000000000e+00
5.038109164708884924e-01
5.498559814927890255e-01
8.838059488005333142e-01
0.000000000000000000e+00
3.047915322898163692e-01
7.507917105996328999e-01
6.592163470793243052e-01
2.754050948022312983e-01
4.123253659385999748e-01
2.402927879241046616e-01
1.775948602741964089e-01
3.708538718343469820e-01
7.556444617201204528e-01
8.683767636191113137e-01
4.294726772690530825e-01
4.301578676079176322e-01
8.307630654605666631e-01
8.661541850361267336e-01
