7.983476966902945948e-01
7.983476966902943728e-01
5.126493157169952353e-01
8.023212195024372884e-01
8.124703226776438525e-01
8.157007454206823827e-01
7.694478239390547536e-01
9.334488721679593537e-01
9.012315603018012933e-01
9.005754766045772630e-01
8.474038746907818220e-01
7.815088305559654280e-01
8.457145368152367837e-01
8.701281670789575706e-01
8.511484800298793063e-01
7.948883564742104113e-01
8.648988245223347970e-01
8.157007454206824937e-01
8.793922690838946732e-01
8.865962146390761189e-01
7.768179874104269578e-01
9.578625024316805847e-01
4.791502643161211772e-01
4.339242451059282524e-01
4.360666689958878628e-01
4.001426249047332351e-01
5.534439771689545484e-01
4.429853494280557857e-01
7.207624645127780338e-01
7.983476966902943728e-01
8.482888758610512836e-01
7.618730598096629114e-01
8.491738770313205231e-01
7.689336413429959105e-01
8.186459030407073900e-01
8.735875072950415321e-01
9.688966067771563884e-01
7.817377480290106373e-01
8.846216116405175578e-01
9.014604777748466136e-01
8.084967998655010479e-01
8.802772702541641348e-01
7.267961437746764952e-01
8.828516092999788567e-01
8.677827455061883910e-01
8.732166887208311357e-01
8.229902444270608131e-01
9.500588208292433112e-01
8.833657918960374777e-01
8.723316875505616741e-01
8.965407171562629340e-01
7.896071639337300940e-01
5.469572118926415705e-01
6.733437744039781903e-01
5.454983944653520878e-01
8.547497213471284550e-01
5.091640557106754672e-01
7.297457990608122724e-01
2.579736635015461022e-01
6.938371947600971978e-01
6.224518597606699677e-01
4.943500291801664059e-01
4.162277605122488566e-01
2.695155985361941120e-01
7.131877003833861917e-01
2.048020615877506889e-01
3.464947135089800900e-01
2.872394658407926293e-01
3.220810832452590811e-01
2.939292287999151210e-01
4.173901827273739928e-01
2.215065590324525879e-01
4.449857321623232331e-01
3.116530961045136383e-01
3.145063191158671279e-01
1.793690614641330894e-01
4.162277605122488566e-01
5.205720445262553842e-01
3.929765524636529839e-01
5.260029218450045230e-01
2.579736635015461022e-01
5.260029218450045230e-01
1.860588244232556365e-01
3.226621657355244754e-01
1.116672767760108487e-01
2.756975308061445085e-01
1.793690614641330894e-01
2.695155985361941120e-01
3.116530961045135828e-01
3.851243672894052450e-01
5.504165521087255319e-01
5.617861581824762363e-01
6.521605668832959335e-01
9.325638709976901142e-01
5.818554470598438222e-01
5.424098728234786337e-01
6.738043160761474359e-01
3.819424481181770692e-01
8.146111435923931721e-01
5.330281865324019153e-01
3.116280613900485608e-01
1.116672767760108487e-01
1.116672767760108487e-01
0.000000000000000000e+00
1.116672767760108487e-01
1.116672767760108487e-01
2.579736635015461022e-01
5.605411429562943276e-02
0.000000000000000000e+00
5.605411429562943276e-02
0.000000000000000000e+00
3.974099643181461805e-01
1.668237325765866419e-01
1.116672767760108487e-01
2.048020615877506889e-01
3.974099643181462915e-01
3.575288178544560047e-01
6.623993931564609028e-01
3.985038932076503393e-01
3.403860330401229928e-01
5.326926848041271256e-01
3.643732149791049646e-01
4.597872957412388328e-01
3.842393661191358945e-01
2.048020615877506889e-01
6.061028594073742948e-01
6.056787279286230952e-01
1.668237325765866419e-01
2.215065590324525879e-01
1.116672767760108487e-01
2.037826917278541261e-01
4.039606903166352847e-01
1.793690614641330894e-01
8.811622714244334853e-01
7.833415324533588020e-01
7.683582221107656540e-01
8.236463281242848433e-01
8.305650085564528773e-01
3.647996633038439462e-01
4.609381342056996789e-01
4.676278971648222260e-01
4.179156354671108575e-01
4.155046501969553163e-01
4.829407791992650911e-01
4.762510162401424885e-01
5.294226181539378739e-01
4.864001194153491081e-01
5.116987508493394676e-01
5.330281865324018042e-01
5.617861581824762363e-01
5.861997884461972452e-01
5.824049465018384941e-01
6.300266238900618099e-01
6.406655928463017569e-01
7.326815700285232991e-01
8.500588782015899847e-01
8.256452479378689757e-01
7.596695393380589190e-01
7.196485458694633630e-01
8.857112134688068794e-01
8.945417973426786906e-01
8.090109824615598910e-01
9.267591092088369731e-01
8.457145368152365617e-01
7.592987207638484115e-01
6.631046201114642047e-01
8.909405560254295420e-01
8.909405560254295420e-01
8.547497213471282329e-01
7.936325367297305533e-01
8.727025061247722926e-01
8.869670332132867374e-01
9.032304801153852036e-01
8.390247738561141810e-01
6.978471277656578264e-01
8.656419245914390714e-01
8.878520343835560880e-01
7.191358261940875574e-01
5.547868132853146506e-01
6.770347388191859661e-01
7.701282244513043551e-01
7.648988818946815815e-01
7.578383003613484714e-01
7.337954886718380809e-01
7.157620394292006916e-01
8.262206671700994542e-01
5.746271846896369162e-01
5.824049465018384941e-01
5.934390508473144088e-01
5.858642867179223446e-01
4.144562952510268961e-01
4.162277605122488566e-01
3.752526851590544665e-01
3.116280613900485608e-01
2.584814941907181973e-01
1.793690614641330894e-01
2.215065590324525879e-01
2.037826917278541261e-01
1.793690614641330894e-01
1.793690614641330894e-01
2.215065590324525879e-01
2.037826917278541261e-01
1.793690614641330894e-01
2.215065590324525879e-01
8.768179300380800623e-01
7.942322727769863810e-01
8.835076929972026649e-01
9.564020820291807556e-01
9.023454789451159641e-01
8.137261424221237105e-01
7.703328251093242152e-01
9.511727394725579821e-01
8.204159053812463132e-01
8.334246127252809000e-01
8.524042997743590533e-01
9.055759016881544943e-01
9.012315603018010712e-01
8.524042997743591643e-01
9.822761326954015937e-01
9.401386351270819564e-01
8.945417973426788016e-01
8.435737159004872421e-01
7.979768781160837543e-01
7.160473045522141033e-01
6.661304421964827638e-01
7.213009639238623372e-01
7.833779426467767371e-01
6.829693083308118196e-01
7.748190675968426033e-01
5.323721028351778850e-01
4.010767693327818018e-01
4.676278971648222260e-01
4.786620015102981962e-01
4.365245039419786144e-01
4.499040298602238197e-01
4.432142669011012170e-01
4.179156354671108575e-01
3.642185808135786074e-01
3.929765524636529284e-01
3.322301864204656452e-01
3.464947135089800900e-01
3.996663154227755310e-01
3.996663154227755310e-01
2.695155985361941120e-01
2.335600332378250654e-01
2.402497961969476126e-01
8.059224608196864370e-01
6.880688431646619918e-01
8.980011375587625411e-01
8.602079813767965488e-01
7.582091189355590899e-01
8.517482160771352451e-01
7.880566924139226215e-01
9.224147678224835500e-01
8.648988245223350191e-01
8.444587170707567036e-01
9.468283980862047811e-01
8.084967998655009369e-01
8.182750844664969936e-01
9.511727394725579821e-01
9.081502407339691052e-01
9.330780535937489573e-01
8.404851942586140101e-01
8.980011375587625411e-01
7.035770966192639309e-01
9.046909005178851437e-01
8.625534029495657284e-01
5.086145562686809063e-01
7.413702528012300341e-01
8.593229802065270873e-01
9.099202430745078063e-01
8.535182184176739462e-01
8.913113745996401605e-01
1.000000000000000000e+00
9.232997689927532337e-01
9.220439492482729316e-01
9.299895319518756143e-01
9.401386351270821784e-01
8.323350108969915784e-01
8.558636399904433478e-01
9.822761326954015937e-01
9.090352419042385668e-01
7.187116947153363578e-01
7.768179874104269578e-01
9.435979753431661399e-01
8.625534029495657284e-01
8.947707148157238999e-01
7.945418547150253641e-01
9.831611338656710553e-01
8.732166887208311357e-01
7.251068058991313459e-01
8.227613269540153818e-01
8.612975832050858704e-01
9.755863697362789910e-01
8.549786388201736642e-01
8.305650085564526552e-01
8.811622714244335963e-01
8.616684017792962669e-01
8.898509541971402204e-01
5.990408149533579252e-01
6.176496834282257931e-01
5.888917117781514721e-01
6.597871809965452083e-01
6.310292093464708874e-01
4.842009260049598418e-01
4.872851205856184031e-01
4.449857321623232331e-01
4.693993624260442421e-01
4.449857321623232331e-01
3.985038932076504503e-01
3.642185808135786074e-01
3.575288178544560047e-01
4.173901827273739928e-01
3.575288178544560047e-01
4.173901827273739928e-01
3.464947135089800900e-01
3.145063191158671279e-01
4.173901827273739928e-01
3.996663154227755310e-01
3.642185808135786074e-01
3.929765524636529284e-01
3.819424481181770692e-01
3.752526851590544665e-01
3.819424481181770692e-01
3.464947135089800900e-01
3.996663154227755310e-01
3.996663154227755310e-01
3.464947135089800900e-01
3.464947135089800900e-01
3.647996633038440017e-01
3.226621657355244754e-01
3.403860330401229928e-01
3.825235306084424636e-01
2.939292287999151210e-01
2.939292287999151210e-01
2.872394658407925738e-01
2.584814941907181973e-01
2.872394658407926293e-01
2.584814941907181973e-01
2.872394658407926293e-01
2.872394658407926293e-01
8.634384041198349680e-01
8.213009065515157747e-01
8.811622714244335963e-01
8.444587170707567036e-01
8.921963757699094000e-01
7.815088305559654280e-01
9.224147678224835500e-01
8.988861387290320026e-01
7.415748534592498942e-01
8.837366104702480962e-01
8.511484800298793063e-01
8.634384041198349680e-01
7.881985935150880307e-01
6.947221959303666594e-01
6.836880915848906337e-01
6.903778545440131253e-01
6.477504911946603272e-01
6.477504911946603272e-01
6.178526811110354178e-01
5.183885138084619593e-01
5.471464854585363913e-01
4.339516278168472629e-01
3.929765524636529839e-01
3.929765524636529284e-01
6.224518597606699677e-01
9.334488721679595757e-01
3.322301864204656452e-01
4.442626218470295818e-01
3.647440335533154721e-01
7.620149609108280986e-01
2.215065590324525879e-01
2.215065590324525879e-01
1.506110898140587129e-01
2.037826917278541261e-01
1.793690614641330894e-01
2.037826917278541261e-01
2.215065590324525879e-01
1.793690614641330894e-01
2.037826917278541261e-01
1.793690614641330894e-01
1.506110898140587129e-01
1.506110898140587129e-01
4.230837413875620512e-01
3.116530961045136383e-01
1.116672767760108487e-01
1.246862350082671433e-01
3.293769634091120446e-01
2.037826917278541261e-01
1.668237325765866419e-01
0.000000000000000000e+00
0.000000000000000000e+00
1.246862350082671433e-01
0.000000000000000000e+00
0.000000000000000000e+00
2.037826917278541261e-01
5.605411429562943276e-02
0.000000000000000000e+00
1.116672767760108487e-01
5.605411429562943276e-02
1.246862350082671433e-01
0.000000000000000000e+00
2.158361659332266036e-01
9.394340947141237297e-02
0.000000000000000000e+00
9.394340947141237297e-02
5.478162828692894060e-01
4.254903995965028107e-01
2.264930997976052351e-01
5.402674489335190788e-01
1.668237325765866419e-01
5.605411429562943276e-02
2.872394658407926293e-01
4.664770587003614355e-01
4.429853494280557857e-01
3.990409296980515497e-01
5.933230695363850282e-01
7.470087966738926388e-01
4.528015071431529259e-01
7.267961437746764952e-01
7.773934066426574363e-01
2.037826917278541261e-01
0.000000000000000000e+00
6.219940248145791051e-01
7.278609191602122275e-01
3.810213647738387444e-01
4.724605013569986300e-01
5.547868132853146506e-01
1.116672767760108487e-01
2.619157996923371368e-01
6.836880915848906337e-01
2.872394658407925738e-01
1.116672767760108487e-01
1.793690614641330894e-01
1.490998652719881523e-01
9.394340947141237297e-02
3.943610865834233925e-01
7.131877003833860806e-01
1.668237325765866419e-01
2.694905638217290345e-01
2.215065590324525879e-01
3.464947135089801455e-01
2.872394658407925738e-01
6.631946712287718482e-01
5.936938881105955357e-01
7.506343548061671367e-01
5.605411429562943276e-02
6.258620567189747685e-01
8.117272226085395781e-01
7.337954886718381919e-01
3.842393661191358945e-01
8.084967998655009369e-01
7.081017218486116427e-01
5.504165521087255319e-01
6.178526811110354178e-01
7.459191948456033172e-01
7.305407491137739795e-01
6.059973684996269316e-01
8.370258540425300486e-01
5.294226181539378739e-01
4.872851205856184587e-01
4.872851205856184587e-01
5.116987508493393566e-01
5.116987508493394676e-01
5.361123811130605876e-01
5.538362484176589939e-01
4.609381342056996789e-01
4.676278971648222260e-01
4.542483712465771872e-01
4.609381342056996789e-01
3.453322912938549538e-01
7.035770966192639309e-01
6.694235644963761889e-01
3.647996633038440017e-01
5.888917117781514721e-01
5.081630732294767361e-01
3.116280613900486163e-01
2.335600332378250654e-01
2.796396669969355986e-01
3.364589976169390928e-01
3.116280613900485608e-01
5.511855719680656129e-01
4.188006366373802081e-01
6.415505940165712184e-01
5.239780718377986535e-01
5.354727178554437028e-01
9.401386351270821784e-01
5.440622908778777189e-01
6.788538844175039388e-01
