8.881435534579641689e-02
5.704107747339887124e-01
6.144458828317095334e-01
8.965272778916983931e-01
7.070893556113305722e-01
6.104978954312983985e-01
7.136806149703159852e-01
8.881435534579641689e-02
7.775478797331262237e-01
7.912576196211709156e-01
6.493558361637458143e-01
5.456443938588817488e-01
6.493558361637459253e-01
5.244343534724822398e-01
7.631648157107290276e-01
4.729660043749632226e-01
7.391188183840028403e-01
8.044870665563279566e-01
8.434779339193880787e-01
7.900812236248031528e-01
6.523819522908340662e-01
9.251245240630863176e-01
9.210549385702431202e-01
8.200693054842207452e-01
8.919186652940461757e-01
8.708987840944081293e-01
8.180638798137598311e-01
8.932867220729481250e-01
8.210899959408479720e-01
7.971997041538623208e-01
8.866726838048349935e-01
8.210899959408479720e-01
8.210899959408479720e-01
7.740401002542195430e-01
9.447535695746946960e-01
9.398549544077583473e-01
8.410664077747310730e-01
8.775128223625213719e-01
8.734432368696780635e-01
8.078605490056909311e-01
7.261653881067630101e-01
8.139942943209165227e-01
7.874024738199896234e-01
7.453854903298411383e-01
8.159997199913774368e-01
8.181968064443725375e-01
7.686024579824743963e-01
9.210549385702430092e-01
7.235706869034183031e-01
7.331995127604391538e-01
6.896573965527175165e-01
7.181330446316730454e-01
6.659587655482658297e-01
7.304979840464980168e-01
5.422136788533701290e-01
6.022257978149990754e-01
7.462145200039340676e-01
4.286191389980488764e-01
4.428119126368423863e-01
7.176172738325463651e-01
6.161626763318169830e-01
6.769096129693786823e-01
3.776339548481208452e-01
7.247129754524778145e-01
5.542667297921592962e-01
3.317498977892894829e-01
6.202811398538043974e-01
6.493558361637459253e-01
3.717667606968353411e-01
4.136756393606454418e-01
6.092226802516261808e-01
3.282480958944576366e-01
2.550939932421477652e-01
3.796407509175123707e-01
3.774891004500063318e-01
2.438028355263590075e-01
5.289328183486493584e-01
6.903307206870696877e-01
2.650769341751276209e-01
8.143416606431912452e-01
7.243656091302030919e-01
8.097330480455389168e-01
9.842261002895729138e-01
8.265276382125933408e-01
7.524811919497725876e-01
9.063017293164432608e-01
7.778952460554010573e-01
8.026373464256076895e-01
7.567424382251498605e-01
8.775128223625211499e-01
7.631420368016013089e-01
7.704521781131945524e-01
7.536575879461403504e-01
7.495880024532971531e-01
8.214373622631228056e-01
7.856870507188126185e-01
2.716969226266678361e-01
6.741595135002078631e-01
8.771654560402464273e-01
7.568981437648905075e-01
7.867077411754399563e-01
7.401736162879384295e-01
5.749392446695225090e-01
6.310147047689211863e-01
6.799944632483883034e-01
6.825616949327859562e-01
5.588166082378902555e-01
8.107537385021662546e-01
8.605625266557264119e-01
7.971997041538623208e-01
8.649794784708445539e-01
8.078605490056909311e-01
7.841619180012392443e-01
8.668291986015648209e-01
8.158440144516366788e-01
6.321911007652889491e-01
5.625616063175864490e-01
5.625616063175863379e-01
4.680916697129273163e-01
5.459586769330663225e-01
6.334603383608866656e-01
3.774891004500063318e-01
4.365452406910039218e-01
3.551638313123152702e-01
3.546194991196479074e-01
4.302785687451655128e-01
3.815586859428496402e-01
3.815586859428496402e-01
4.531481700755240483e-01
8.099247088280732143e-01
5.907131443799495951e-01
3.940920298345264028e-01
3.551638313123153257e-01
3.733740789716739616e-01
6.538843060992794998e-01
4.044282872732080647e-01
4.743583416587658363e-01
4.993904445982564333e-01
4.524707925429737321e-01
6.795971557719531209e-01
8.617389226520942858e-01
6.310147047689209643e-01
6.964057318503740213e-01
6.873387120072901313e-01
6.837507898662650296e-01
6.036782104692843820e-01
5.413846491792770887e-01
8.139942943209165227e-01
7.455184169604538447e-01
8.538141913580697961e-01
5.879528815140870890e-01
7.405712310382880359e-01
7.985677609327644921e-01
9.066490956387180944e-01
9.240810546973313722e-01
8.443069635934811190e-01
8.339707061547996236e-01
2.438028355263590075e-01
3.116451665099375656e-01
3.116451665099375656e-01
3.053784945640992121e-01
3.219814239486192275e-01
3.219814239486192275e-01
3.448510252789777075e-01
3.282480958944576366e-01
4.044282872732080647e-01
6.140630386631956705e-01
5.816862095682486800e-01
5.473039548028405532e-01
6.493558361637459253e-01
5.974115385234459730e-01
6.534869986228445393e-01
7.621213463449739711e-01
6.957096288068937984e-01
6.997792142997369957e-01
6.366080525804070911e-01
8.192402758101275939e-01
8.824114375294577206e-01
9.003824236928795743e-01
8.617389226520942858e-01
8.277040342089612146e-01
7.416632711592727745e-01
8.181968064443725375e-01
6.507238929426479856e-01
8.680055945979328058e-01
8.170204104480046636e-01
4.990390248777837878e-01
5.423795477898025741e-01
6.459008406533337521e-01
6.738607179331626007e-01
2.481031870629886449e-01
3.219814239486192275e-01
3.317498977892894829e-01
1.409102886792654163e-01
5.290828737844106150e-02
3.764001950987621581e-01
3.116451665099375656e-01
0.000000000000000000e+00
4.106949592190464182e-01
6.172550237267162565e-01
1.939940473727988224e-01
0.000000000000000000e+00
4.443930387084759071e-01
5.372517223493683547e-01
0.000000000000000000e+00
4.507352735319362647e-01
2.091813289235280870e-01
5.295474083310804936e-01
0.000000000000000000e+00
6.334262309135781921e-01
4.056881205165018822e-01
5.290828737844106150e-02
1.054172847303164601e-01
6.332345701310440056e-01
2.327001050801805748e-01
0.000000000000000000e+00
5.624400082251541644e-01
6.989501846256440665e-01
3.427224999203117295e-01
3.954132802290087900e-01
5.590067674246516072e-01
2.973676430238814117e-01
0.000000000000000000e+00
4.492342901224214424e-01
5.264840499869433144e-01
5.290828737844106150e-02
4.033393819219638909e-01
6.610601503813295921e-01
5.978088459998810444e-01
2.091813289235280870e-01
7.716285741095626483e-01
7.302349735996063185e-01
5.012975284819675137e-01
5.642056797544058311e-01
9.066490956387182054e-01
6.523819522908340662e-01
7.092864420643256729e-01
6.823472552411239400e-01
5.368347707335461294e-01
5.121382281815952675e-01
8.132981912774362998e-01
7.697075043144848694e-01
8.078605490056909311e-01
7.807884355518762698e-01
7.318086770724092638e-01
8.214373622631228056e-01
8.398900117783630881e-01
7.716285741095626483e-01
6.757332169730108085e-01
8.246779180818729627e-01
8.206083325890296543e-01
3.282480958944576366e-01
2.950422371254174947e-01
3.448275738736336082e-01
3.940920298345264028e-01
5.322448836468238742e-01
6.774841179204267316e-01
7.007010855730599896e-01
5.125971126242855336e-01
4.612616901573794448e-01
6.901390599045356122e-01
7.868634467151806033e-01
7.637038428155380476e-01
8.262143793376268697e-01
7.505098737266200359e-01
6.269451192760777669e-01
5.625616063175864490e-01
5.053056968236221413e-01
7.231392719796750912e-01
8.546432210321628364e-01
6.986028183033693439e-01
7.028640645787466168e-01
5.385115555926621722e-01
6.563801881193198628e-01
5.522253488789047315e-01
5.921039800679793741e-01
5.322448836468238742e-01
5.053056968236221413e-01
7.604632869967878905e-01
6.468227119266565239e-01
3.608861710654862609e-01
6.128380719115981146e-01
3.475237974997164025e-01
6.808234929224812326e-01
4.743583416587658363e-01
3.641267268842364735e-01
4.670136155033093872e-01
5.183578407134051824e-01
7.675589886167193399e-01
6.359934625979759559e-01
6.230899734748965857e-01
3.804697805916054665e-01
4.366968928325467569e-01
3.614305032581536792e-01
7.265626955831980816e-01
2.438028355263590075e-01
6.327529067792257989e-01
5.388629753131349842e-01
5.012975284819675137e-01
6.542316724215543333e-01
3.804697805916054665e-01
1.575132180637854595e-01
5.290828737844106150e-02
0.000000000000000000e+00
7.294059439255133892e-01
2.824854418283966884e-01
4.313206677119900689e-01
9.003824236928795743e-01
8.143416606431912452e-01
5.984792981395301581e-01
8.704171207425899226e-01
7.977387312586713408e-01
1.427696113854478588e-01
1.697087982086495639e-01
1.427696113854478588e-01
1.697087982086495639e-01
1.427696113854478588e-01
1.427696113854478588e-01
1.697087982086495639e-01
1.427696113854478588e-01
1.697087982086495639e-01
1.697087982086495639e-01
1.697087982086495639e-01
1.427696113854478588e-01
1.427696113854478588e-01
1.939940473727988224e-01
2.209332341960005552e-01
1.939940473727988224e-01
1.939940473727988224e-01
1.939940473727988224e-01
2.438028355263590075e-01
1.939940473727988224e-01
2.147924328531762017e-01
2.447577358034661310e-01
2.716969226266678361e-01
2.716969226266678361e-01
3.448275738736336082e-01
3.282246444891135928e-01
4.990390248777836768e-01
5.685139951892401733e-01
5.685139951892401733e-01
5.756096968091717336e-01
5.984792981395301581e-01
6.991646243173060826e-01
6.626468600651583829e-01
7.514605014931454718e-01
8.067069319184507759e-01
6.654197384434569207e-01
7.302835443548360006e-01
8.771654560402463163e-01
8.181968064443726485e-01
9.273216105160813072e-01
8.443069635934811190e-01
9.303477266431696702e-01
8.712461504166829629e-01
8.597334969816333716e-01
9.667941412309599691e-01
8.930722823812862199e-01
9.074781253128112457e-01
8.244634783902109465e-01
9.738898428508914185e-01
8.617389226520943968e-01
9.098896514574683625e-01
8.542958547098880029e-01
8.720751800907760032e-01
7.162264381445164751e-01
7.969097015845780785e-01
7.841619180012394663e-01
9.344173121360129786e-01
7.734782942402829153e-01
9.107186811315614028e-01
8.236344487161179062e-01
9.368288382806699843e-01
8.380402916476429320e-01
7.475825767828362389e-01
8.194319365926616694e-01
7.862260778236216385e-01
7.871880341283277183e-01
8.720751800907760032e-01
8.846085239824528212e-01
6.543645990521672617e-01
8.222663919372158459e-01
8.609098929780012455e-01
8.238488884077799224e-01
7.778952460554010573e-01
8.388693213217357503e-01
8.078605490056909311e-01
8.702026810509279064e-01
7.402952143803707141e-01
7.410026459620314698e-01
7.787242757294938755e-01
5.244343534724822398e-01
4.724512577750547004e-01
5.053056968236221413e-01
5.322448836468238742e-01
4.577554122742458209e-01
4.514887403284073009e-01
5.179004578664875291e-01
4.577554122742457099e-01
4.909612710432858518e-01
3.962436803020323861e-01
3.475237974997164025e-01
3.148622709233437345e-01
2.650769341751276209e-01
2.950422371254174947e-01
2.716969226266678361e-01
2.945665239570263161e-01
8.908751959282912303e-01
7.993967906068573104e-01
7.621213463449741932e-01
8.339707061547996236e-01
9.003824236928796854e-01
8.542958547098880029e-01
8.210899959408479720e-01
9.156172962984977515e-01
7.841619180012394663e-01
9.344173121360127565e-01
8.600808633039082052e-01
7.084574123902326326e-01
6.108224828444454024e-01
6.262717951417254847e-01
6.704872354837996262e-01
6.472203266770061303e-01
8.139942943209163007e-01
8.336233398325246791e-01
7.733794750569784604e-01
7.472352104605614054e-01
6.767880148769465087e-01
6.505449310972249988e-01
9.210549385702431202e-01
5.554659046976549996e-01
8.143416606431913563e-01
6.359934625979760670e-01
6.073160737644696106e-01
7.242313121006594967e-01
3.614539546634977785e-01
7.775478797331262237e-01
8.807533781812715290e-01
4.428119126368423863e-01
4.909612710432858518e-01
6.160786277303483827e-01
4.215234373781174826e-01
4.595664941629052369e-01
4.428119126368423863e-01
6.933568368141580507e-01
5.851169245737602997e-01
9.052810388598160340e-01
8.858436541307421752e-01
6.264862348333875008e-01
5.522253488789048426e-01
8.542958547098880029e-01
8.439595972712062855e-01
8.461566837242014971e-01
4.222951032992197096e-01
6.564515377836773746e-01
7.912576196211709156e-01
8.704171207425898116e-01
7.874024738199896234e-01
8.475475194122312761e-01
8.932867220729482360e-01
8.064169293491667556e-01
8.376929253253678764e-01
8.568403074851579371e-01
8.040054032045096388e-01
6.898490573352515920e-01
7.176172738325463651e-01
7.724576037836556885e-01
8.324469438361568052e-01
6.144117753844009489e-01
6.760805832952856420e-01
6.193905332134559405e-01
5.400753265522962865e-01
6.413850696549112662e-01
5.755010506834593587e-01
5.090078200843299872e-01
3.680880888414714280e-01
1.054172847303164601e-01
4.836165448878295137e-01
1.575132180637854595e-01
2.945665239570263161e-01
2.438028355263590075e-01
2.091813289235280870e-01
7.457328566521160829e-01
6.267622514913048226e-01
3.780334326426737501e-01
2.147924328531762017e-01
1.054172847303164601e-01
7.558546743991355621e-01
6.431507411841629329e-01
7.568753648557627889e-01
7.185792301372523339e-01
7.073653722692478940e-01
3.942368842326408607e-01
6.306659680477157970e-01
4.743583416587658363e-01
6.597536705686829483e-01
8.314262533795296894e-01
4.577554122742457099e-01
3.385609019277951992e-01
5.717174143617023141e-01
2.447577358034661310e-01
1.054172847303164601e-01
6.969447589551830413e-01
4.182828815593672145e-01
7.841619180012394663e-01
8.941157517470414984e-01
7.805967747693421943e-01
8.463711234158635133e-01
8.538141913580697961e-01
8.973563075657915444e-01
7.977387312586713408e-01
7.473909160003019414e-01
7.052168565714823645e-01
7.621213463449741932e-01
8.932867220729482360e-01
8.331416764807063613e-01
7.849909476753325066e-01
6.493558361637459253e-01
7.298032514019483497e-01
7.169566486353052825e-01
8.305972237054364271e-01
8.111011048244410881e-01
8.941157517470412763e-01
1.000000000000000000e+00
9.698202573580482211e-01
7.198987161609247121e-01
5.796792823020149310e-01
8.129736038642891849e-01
5.322448836468238742e-01
5.625616063175863379e-01
3.796407509175123707e-01
3.282480958944576366e-01
8.598664236122461890e-01
9.376578679547632467e-01
9.842261002895729138e-01
6.767880148769465087e-01
7.868634467151806033e-01
9.273216105160813072e-01
9.036229795116299535e-01
8.837794943083597810e-01
9.210549385702431202e-01
7.438603576122677641e-01
7.963706744797692805e-01
7.582662005437926789e-01
6.866928573918845702e-01
6.401246250570745699e-01
6.767539074296379242e-01
8.033447780072685562e-01
8.660001689274717807e-01
6.045558108986071044e-01
8.326026493758975633e-01
9.368288382806702064e-01
6.819998889188492175e-01
8.295765332488093113e-01
6.045558108986071044e-01
5.222600459286148578e-01
2.716969226266678361e-01
1.925783995390080161e-01
5.863530789212676453e-01
4.760177714058825282e-01
5.879528815140870890e-01
5.522253488789047315e-01
5.486705099859700008e-01
8.443069635934813411e-01
8.546432210321628364e-01
7.863104336990048848e-01
3.878253578886879938e-01
7.787242757294940976e-01
8.775128223625213719e-01
7.965623352623032449e-01
7.934547060741659052e-01
8.807533781812715290e-01
8.973563075657915444e-01
7.111361621950460510e-01
1.939940473727988224e-01
0.000000000000000000e+00
6.749041872989176571e-01
2.481031870629886449e-01
2.438028355263590075e-01
2.438028355263590075e-01
3.205378042920950521e-01
5.290828737844106150e-02
3.821950306351902249e-01
1.939940473727988224e-01
1.054172847303164601e-01
0.000000000000000000e+00
0.000000000000000000e+00
3.193381519900448384e-01
5.290828737844106150e-02
5.140980960338005223e-01
0.000000000000000000e+00
0.000000000000000000e+00
5.732224511694151703e-01
5.290828737844106150e-02
1.180406873489069502e-01
1.925783995390080161e-01
5.290828737844106150e-02
2.484740047906075777e-01
2.604057649108790784e-01
2.091813289235280870e-01
1.640287444225089208e-01
6.730544671681972790e-01
8.881435534579641689e-02
2.950422371254174947e-01
0.000000000000000000e+00
2.438028355263590075e-01
2.281548064189460601e-01
2.779635945725062451e-01
6.110724003823464479e-01
0.000000000000000000e+00
7.874024738199894013e-01
0.000000000000000000e+00
6.778314842427015652e-01
0.000000000000000000e+00
2.281548064189460601e-01
0.000000000000000000e+00
0.000000000000000000e+00
0.000000000000000000e+00
0.000000000000000000e+00
2.650769341751276209e-01
5.290828737844106150e-02
8.881435534579641689e-02
0.000000000000000000e+00
0.000000000000000000e+00
0.000000000000000000e+00
0.000000000000000000e+00
0.000000000000000000e+00
0.000000000000000000e+00
2.824854418283966884e-01
0.000000000000000000e+00
8.881435534579641689e-02
0.000000000000000000e+00
5.290828737844106150e-02
7.941508091176462392e-01
0.000000000000000000e+00
5.290828737844106150e-02
4.421345351042921257e-01
4.512743006367453957e-01
2.438028355263590075e-01
0.000000000000000000e+00
5.918895403763173579e-01
0.000000000000000000e+00
1.409102886792654163e-01
0.000000000000000000e+00
0.000000000000000000e+00
0.000000000000000000e+00
0.000000000000000000e+00
0.000000000000000000e+00
0.000000000000000000e+00
0.000000000000000000e+00
3.936265074634744399e-01
0.000000000000000000e+00
0.000000000000000000e+00
5.290828737844106150e-02
1.427696113854478588e-01
4.721038914527798669e-01
0.000000000000000000e+00
7.567765456724585560e-01
4.215234373781173716e-01
1.180406873489069502e-01
7.438603576122677641e-01
5.017549113288851670e-01
6.839297517116880165e-01
1.054172847303164601e-01
2.779635945725062451e-01
8.881435534579641689e-02
1.409102886792654163e-01
1.054172847303164601e-01
3.415349065826054353e-01
1.575132180637854595e-01
4.824360954932636059e-01
4.106949592190464182e-01
1.925783995390080161e-01
3.448510252789777075e-01
3.448275738736336082e-01
2.550939932421478207e-01
6.768340500917565672e-01
4.760177714058824727e-01
8.881435534579641689e-02
2.982593415388236635e-01
3.878253578886879938e-01
2.550939932421478207e-01
4.272978886035665447e-01
3.614305032581536792e-01
1.409102886792654163e-01
7.870551074977149009e-01
1.409102886792654163e-01
3.780334326426737501e-01
3.946363620271937656e-01
4.365452406910040328e-01
6.002203721445380502e-01
5.605334017379977052e-01
4.887027674391020704e-01
6.040755179457193424e-01
4.429635647783851660e-01
4.961498887795061097e-01
2.438028355263590075e-01
4.587187389778821789e-01
2.209332341960005275e-01
1.939940473727988224e-01
1.054172847303164601e-01
1.054172847303164601e-01
4.761694235474252523e-01
2.650769341751276209e-01
4.887027674391020704e-01
5.259782117009854652e-01
5.127528181640261806e-01
4.784279271516090337e-01
5.547470227450469471e-01
4.690737219274938585e-01
6.405219325335096414e-01
7.587478638956109966e-01
6.979067152598890100e-01
1.180406873489069502e-01
1.575132180637854595e-01
3.776339548481208452e-01
2.271999061418389365e-01
4.743583416587658363e-01
6.532109819649272175e-01
5.633766500803129018e-01
8.846085239824528212e-01
4.577554122742457099e-01
4.618249977670889628e-01
7.995884513893916079e-01
6.896573965527172945e-01
2.945665239570263161e-01
8.139942943209165227e-01
5.241671298123259382e-01
7.911246929905579872e-01
7.185792301372523339e-01
4.577554122742457099e-01
4.277901093239558916e-01
3.551638313123152702e-01
6.741595135002078631e-01
3.448510252789777075e-01
4.044282872732080647e-01
4.680916697129274273e-01
8.443069635934811190e-01
6.799944632483881923e-01
7.471009134310181432e-01
7.860344170410875630e-01
8.307301503360494666e-01
7.816174652259693101e-01
5.854312076479448734e-01
6.866928573918845702e-01
5.183578407134051824e-01
7.580517608521308848e-01
6.265478117996429175e-01
6.036782104692843820e-01
8.398900117783630881e-01
7.558546743991357841e-01
8.734432368696780635e-01
5.650832801837286645e-01
7.007010855730598786e-01
7.066203911966234541e-01
9.098896514574683625e-01
8.742722665437711038e-01
7.414488314676107583e-01
8.576693371592510884e-01
6.264862348333875008e-01
5.293557475485464181e-01
8.502262692170448055e-01
7.765271892764988859e-01
8.192402758101275939e-01
7.145096446444090255e-01
7.580517608521308848e-01
8.368638956512750582e-01
6.625037700378538785e-01
6.020341370324649999e-01
6.769096129693786823e-01
