2.666954308016823982e-01
4.668219815314405552e-01
5.132100651687301340e-01
6.601502732442821042e-01
5.743817515029571164e-01
5.743817515029571164e-01
4.956208752948865759e-01
6.029712587500654086e-01
6.493593423873551540e-01
7.768640352656669412e-01
6.388984428884098010e-01
8.448339806168103649e-01
8.856419710115668309e-01
8.856419710115667199e-01
8.926496165448211118e-01
8.748510401546397697e-01
7.082959405302743372e-01
7.552821735518130408e-01
7.660731044087398800e-01
6.782788809924450435e-01
8.856419710115668309e-01
8.570524637644584276e-01
7.712839420231336618e-01
7.604930111662067116e-01
7.476763786343098017e-01
7.768640352656669412e-01
6.925230658150630658e-01
7.374835971616316987e-01
6.283364057875919784e-01
6.391273366445189286e-01
6.161179226399440267e-01
6.963063511387356241e-01
7.248958583858440274e-01
5.767374845359086732e-01
6.855154202818086739e-01
7.141049275289170772e-01
6.447074298870524300e-01
5.603664604364484436e-01
6.161179226399441378e-01
6.029712587500654086e-01
6.029712587500654086e-01
6.207698351402468617e-01
5.242103825419949237e-01
5.350013133989218739e-01
5.513723374983821035e-01
5.359294941411523183e-01
5.645190013882606106e-01
4.965490560371170203e-01
5.359294941411523183e-01
5.359294941411523183e-01
5.645190013882606106e-01
5.359294941411523183e-01
4.571686179330817223e-01
5.359294941411523183e-01
5.645190013882606106e-01
5.129200801365773055e-01
5.132100651687301340e-01
3.880611053233699037e-01
3.728276484824778469e-01
4.244265697341612631e-01
3.958370624870528598e-01
3.728276484824778469e-01
3.728276484824778469e-01
4.422251461243426052e-01
4.244265697341612631e-01
6.029712587500654086e-01
5.799618447454905068e-01
5.799618447454905068e-01
4.364161591257000317e-01
4.656038157570572267e-01
6.105378293974108583e-01
5.011617442672618994e-01
3.631961518900047037e-01
4.374895969400260376e-01
1.604408046536623111e-01
2.388742351850026979e-01
2.388742351850026979e-01
3.517210751987011053e-01
4.650056663728083239e-01
8.079355765477055917e-02
1.604408046536623111e-01
6.496893737453367512e-01
5.831469806849143289e-01
7.584673094912368629e-01
8.054535425127752335e-01
2.102847279378944056e-01
8.079355765477055917e-02
4.285791106859734301e-01
2.102847279378944056e-01
8.079355765477055917e-02
4.954114887785488475e-01
2.102847279378944056e-01
3.917856591371129960e-01
8.079355765477055917e-02
7.304759516283773069e-01
8.079355765477055917e-02
8.079355765477055917e-02
8.079355765477055917e-02
8.079355765477055917e-02
1.604408046536623111e-01
4.843305728894690687e-01
8.079355765477055917e-02
4.244265697341612631e-01
8.079355765477055917e-02
2.102847279378944056e-01
8.079355765477055917e-02
7.389111494523528112e-01
4.843305728894690687e-01
8.079355765477055917e-02
3.160178896164007600e-01
1.604408046536623111e-01
8.079355765477055917e-02
8.079355765477055917e-02
8.079355765477055917e-02
8.079355765477055917e-02
2.388742351850026979e-01
8.079355765477055917e-02
8.079355765477055917e-02
8.079355765477055917e-02
6.391273366445190396e-01
8.079355765477055917e-02
8.079355765477055917e-02
5.823175777784419527e-01
8.079355765477055917e-02
1.604408046536623111e-01
8.079355765477055917e-02
8.079355765477055917e-02
3.380991228787453284e-01
8.079355765477055917e-02
8.079355765477055917e-02
8.079355765477055917e-02
2.102847279378944056e-01
9.250224091156020734e-01
8.079355765477055917e-02
2.388742351850026979e-01
4.285791106859734301e-01
8.079355765477055917e-02
7.088940899145232954e-01
2.774276301486797713e-01
6.747244894248816127e-01
1.604408046536623111e-01
3.880611053233699037e-01
8.079355765477055917e-02
8.079355765477055917e-02
8.079355765477055917e-02
8.079355765477055917e-02
8.079355765477055917e-02
3.358029434113941614e-01
8.079355765477055917e-02
8.079355765477055917e-02
3.160178896164007600e-01
5.242103825419949237e-01
0.000000000000000000e+00
5.533588149031940517e-01
0.000000000000000000e+00
4.140048945053738105e-01
8.079355765477055917e-02
3.346066446428964114e-01
6.283364057875919784e-01
1.604408046536623111e-01
4.650056663728083239e-01
4.438125675268654868e-01
4.668219815314404442e-01
6.677168438916273319e-01
6.175454749306650282e-01
6.391273366445190396e-01
6.225274187889495714e-01
5.761393351516599370e-01
6.333183496458765216e-01
5.297512515143703027e-01
6.511169260360578637e-01
6.817321349581362266e-01
7.088940899145234065e-01
6.231255681731983076e-01
5.227828302512738112e-01
7.660731044087399910e-01
7.374835971616316987e-01
6.231255681731984186e-01
6.782788809924450435e-01
6.803045826674150032e-01
7.088940899145234065e-01
6.245531204639193090e-01
5.889559676835568469e-01
7.088940899145234065e-01
7.298778022441285707e-01
7.012882949970201674e-01
6.619078568929848139e-01
6.388984428884098010e-01
7.012882949970201674e-01
6.225274187889494604e-01
7.012882949970200563e-01
6.103089356413015087e-01
6.782788809924450435e-01
7.012882949970201674e-01
5.545574734378059256e-01
7.389111494523527002e-01
7.211125730621713581e-01
5.603664604364484436e-01
7.782915875563880537e-01
7.675006566994609924e-01
6.225274187889494604e-01
7.497020803092797614e-01
6.966756067668753438e-01
8.054535425127752335e-01
7.389111494523525892e-01
8.054535425127752335e-01
8.462615329075314774e-01
7.782915875563880537e-01
7.103216422052442969e-01
6.531426277110277123e-01
8.392538873742771965e-01
5.931085086353690139e-01
7.960901639465692847e-01
7.998734492702419541e-01
7.675006566994609924e-01
8.518416261500647568e-01
9.428209855057834154e-01
6.493593423873551540e-01
7.298778022441283486e-01
7.584673094912367519e-01
6.531426277110278233e-01
7.360560448709105863e-01
7.552821735518130408e-01
8.856419710115667199e-01
5.997468985404836861e-01
7.538546212610919284e-01
0.000000000000000000e+00
0.000000000000000000e+00
2.874283823692924678e-01
0.000000000000000000e+00
8.079355765477055917e-02
0.000000000000000000e+00
0.000000000000000000e+00
8.079355765477055917e-02
8.079355765477055917e-02
2.443706917435222725e-01
7.604930111662066006e-01
5.209860223324132011e-01
0.000000000000000000e+00
2.480479442652571975e-01
8.176720256604232961e-01
6.601502732442821042e-01
9.714104927528917077e-01
6.855154202818087850e-01
6.001161541686232948e-01
6.461349821777733204e-01
9.034405474017483950e-01
8.232521189029565756e-01
7.604930111662066006e-01
5.823175777784419527e-01
7.604930111662067116e-01
9.142314782586753452e-01
5.132100651687301340e-01
3.564566243830176173e-01
2.774276301486797713e-01
6.619078568929848139e-01
8.079355765477055917e-02
1.604408046536623111e-01
1.604408046536623111e-01
8.079355765477055917e-02
5.129200801365773055e-01
2.480479442652571975e-01
4.244265697341612631e-01
1.604408046536623111e-01
4.775541808784379838e-01
3.238157137859694057e-01
5.939379115418411681e-01
8.054535425127752335e-01
7.374835971616316987e-01
5.931085086353690139e-01
7.374835971616316987e-01
7.932350593651271708e-01
8.340430497598835258e-01
7.932350593651271708e-01
7.476763786343096907e-01
6.677168438916273319e-01
5.209860223324132011e-01
6.315607659971738119e-01
4.438125675268654868e-01
4.438125675268654868e-01
4.438125675268654868e-01
4.708146533714508974e-01
3.958370624870528598e-01
3.728276484824779025e-01
3.695196515888825028e-01
3.517210751987011608e-01
3.695196515888825028e-01
3.517210751987011608e-01
2.774276301486797713e-01
5.350013133989217629e-01
5.242103825419949237e-01
5.875284153928356234e-01
4.028447080203072517e-01
6.391273366445190396e-01
5.743817515029571164e-01
6.029712587500655196e-01
4.650056663728083239e-01
6.963063511387357352e-01
5.997468985404836861e-01
5.997468985404836861e-01
5.875284153928356234e-01
5.245404138999765209e-01
6.388984428884098010e-01
6.155197732556950685e-01
6.496893737453367512e-01
6.782788809924450435e-01
6.511169260360578637e-01
6.496893737453367512e-01
6.388984428884098010e-01
7.876549661225938914e-01
7.482745280185585379e-01
8.068810948034963459e-01
4.557410656423607209e-01
6.531426277110278233e-01
7.675006566994609924e-01
6.333183496458765216e-01
4.244265697341612631e-01
3.958370624870528598e-01
4.244265697341611521e-01
3.958370624870528598e-01
3.442381412353696102e-01
3.958370624870528598e-01
3.728276484824778469e-01
4.422251461243424941e-01
4.244265697341611521e-01
3.958370624870528598e-01
4.244265697341611521e-01
5.101950914754862509e-01
4.244265697341611521e-01
4.422251461243426052e-01
4.816055842283779032e-01
4.708146533714508974e-01
5.132100651687301340e-01
4.668219815314405552e-01
4.382324742843322074e-01
3.880611053233699592e-01
5.417995724158384263e-01
4.274415434274052572e-01
3.958370624870528598e-01
4.422251461243424941e-01
8.340430497598835258e-01
6.677168438916273319e-01
6.981031590575964563e-01
5.123219307523284582e-01
4.438125675268654868e-01
5.350013133989217629e-01
3.917856591371129960e-01
3.631961518900047037e-01
3.958370624870529708e-01
6.747244894248817237e-01
7.482745280185585379e-01
6.695136518104880530e-01
3.160178896164007600e-01
3.981091588359907951e-01
5.743817515029571164e-01
6.858846759099483936e-01
5.603664604364484436e-01
5.537280705313336604e-01
7.604930111662067116e-01
7.998734492702418430e-01
7.604930111662066006e-01
7.768640352656668302e-01
5.537280705313336604e-01
7.660731044087399910e-01
4.660791041871344409e-01
8.284629565173502463e-01
5.931085086353689029e-01
5.997468985404836861e-01
7.476763786343096907e-01
9.142314782586753452e-01
8.048553931285263863e-01
6.803045826674151142e-01
6.817321349581361156e-01
9.142314782586750121e-01
8.640601092977129305e-01
7.768640352656669412e-01
8.068810948034963459e-01
8.964329018684940031e-01
8.748510401546398807e-01
7.946626116558482833e-01
7.998734492702419541e-01
8.162444733697021837e-01
8.462615329075315884e-01
7.088940899145232954e-01
6.797064332831660449e-01
8.640601092977129305e-01
8.340430497598835258e-01
8.626325570069917070e-01
6.797064332831660449e-01
7.712839420231336618e-01
7.946626116558481723e-01
8.054535425127752335e-01
7.876549661225941135e-01
7.660731044087399910e-01
7.675006566994609924e-01
7.319035039190984193e-01
6.904973641400931061e-01
8.354706020506046382e-01
8.462615329075314774e-01
7.173292877384987998e-01
3.346066446428964114e-01
6.502875231295857095e-01
7.604930111662067116e-01
7.426944347760253695e-01
6.981031590575964563e-01
8.340430497598835258e-01
6.619078568929848139e-01
4.422251461243424941e-01
7.675006566994609924e-01
9.034405474017483950e-01
7.762658858814180940e-01
8.462615329075315884e-01
7.604930111662067116e-01
5.429371396744067102e-01
4.708146533714508974e-01
4.846205579216218973e-01
5.101950914754862509e-01
8.926496165448212228e-01
8.570524637644585386e-01
6.531426277110277123e-01
7.012882949970201674e-01
7.196850207714502456e-01
8.462615329075315884e-01
7.890825184133148928e-01
7.604930111662067116e-01
7.782915875563880537e-01
7.604930111662066006e-01
8.068810948034963459e-01
8.626325570069918180e-01
8.176720256604231851e-01
4.954114887785488475e-01
6.531426277110277123e-01
6.315607659971738119e-01
8.176720256604231851e-01
7.646455521180188786e-01
6.496893737453367512e-01
8.340430497598835258e-01
8.748510401546398807e-01
8.734234878639189903e-01
7.768640352656669412e-01
8.340430497598835258e-01
7.248958583858440274e-01
8.068810948034963459e-01
8.068810948034962349e-01
7.762658858814180940e-01
8.162444733697021837e-01
8.462615329075315884e-01
7.088940899145232954e-01
8.748510401546397697e-01
9.428209855057836375e-01
6.689155024262390947e-01
7.584673094912367519e-01
7.298778022441284596e-01
7.782915875563880537e-01
6.695136518104880530e-01
8.640601092977129305e-01
5.837451300691630651e-01
7.768640352656669412e-01
8.570524637644584276e-01
8.068810948034962349e-01
7.389111494523527002e-01
7.768640352656669412e-01
7.141049275289171883e-01
6.782788809924451545e-01
5.997468985404837971e-01
9.142314782586751232e-01
6.966756067668753438e-01
5.767374845359086732e-01
8.856419710115668309e-01
7.660731044087399910e-01
9.591920096052438671e-01
7.768640352656669412e-01
7.389111494523528112e-01
6.817321349581362266e-01
8.162444733697021837e-01
8.156463239854533365e-01
7.768640352656669412e-01
6.569259130347003817e-01
7.476763786343098017e-01
8.176720256604231851e-01
7.389111494523527002e-01
7.248958583858440274e-01
8.054535425127752335e-01
7.782915875563879426e-01
8.054535425127752335e-01
7.768640352656669412e-01
7.712839420231336618e-01
7.946626116558482833e-01
7.018864443812689036e-01
7.946626116558481723e-01
6.225274187889495714e-01
8.176720256604232961e-01
7.998734492702418430e-01
7.946626116558482833e-01
8.748510401546398807e-01
7.675006566994609924e-01
8.176720256604232961e-01
5.359294941411523183e-01
8.626325570069918180e-01
8.054535425127752335e-01
8.734234878639187682e-01
8.570524637644587607e-01
4.965490560371170203e-01
7.890825184133148928e-01
6.493593423873552650e-01
5.645190013882606106e-01
8.912220642541001103e-01
8.354706020506046382e-01
6.216980158824773062e-01
7.584673094912367519e-01
6.904973641400932172e-01
9.020129951110272826e-01
6.601502732442821042e-01
6.747244894248818348e-01
7.497020803092797614e-01
8.448339806168104760e-01
6.109070850255503560e-01
6.963063511387357352e-01
6.779488496344634463e-01
7.211125730621713581e-01
5.525905032727654875e-01
7.675006566994609924e-01
5.073399868940441371e-01
4.422251461243424941e-01
8.068810948034962349e-01
7.211125730621713581e-01
5.761393351516598260e-01
7.374835971616316987e-01
5.443646919651277116e-01
7.088940899145232954e-01
4.843305728894690687e-01
7.068683882395534468e-01
7.088940899145234065e-01
7.088940899145232954e-01
8.054535425127752335e-01
7.768640352656669412e-01
8.912220642540999993e-01
8.246796711936775770e-01
6.225274187889495714e-01
7.368854477773827405e-01
7.675006566994609924e-01
8.448339806168104760e-01
7.712839420231336618e-01
7.890825184133150039e-01
6.207698351402467507e-01
9.034405474017481730e-01
7.998734492702418430e-01
8.964329018684937811e-01
7.870568167383450442e-01
8.570524637644584276e-01
8.748510401546398807e-01
7.960901639465692847e-01
6.388984428884098010e-01
5.513723374983821035e-01
3.160178896164007600e-01
3.958370624870529708e-01
2.874283823692924678e-01
3.631961518900047037e-01
3.160178896164007600e-01
4.816055842283778476e-01
4.954114887785488475e-01
6.695136518104880530e-01
5.603664604364484436e-01
6.207698351402467507e-01
6.797064332831660449e-01
5.537280705313336604e-01
5.921803278931384584e-01
3.631961518900047037e-01
5.919122098668713194e-01
4.244265697341612631e-01
6.216980158824773062e-01
5.481479772888003810e-01
4.660791041871344409e-01
7.082959405302743372e-01
7.360560448709105863e-01
7.782915875563880537e-01
8.926496165448211118e-01
8.462615329075315884e-01
6.231255681731984186e-01
8.462615329075314774e-01
7.946626116558482833e-01
9.606195618959647575e-01
6.493593423873551540e-01
6.493593423873551540e-01
6.207698351402467507e-01
6.225274187889495714e-01
8.734234878639187682e-01
6.925230658150630658e-01
7.088940899145234065e-01
3.170761862789823748e-01
8.079355765477055917e-02
3.288563891541833595e-01
6.493593423873550430e-01
6.423516968541007621e-01
4.449501347854337707e-01
3.238157137859694057e-01
7.782915875563880537e-01
4.136356388772342019e-01
8.079355765477055917e-02
8.340430497598835258e-01
7.476763786343095797e-01
5.347331953726546239e-01
1.604408046536623111e-01
7.482745280185586489e-01
3.695196515888825028e-01
1.604408046536623111e-01
8.284629565173502463e-01
7.660731044087399910e-01
4.089000896929178008e-01
6.726987877499117641e-01
5.073399868940440260e-01
8.570524637644585386e-01
5.227828302512738112e-01
6.099789042833198005e-01
8.570524637644584276e-01
7.374835971616316987e-01
8.462615329075314774e-01
7.604930111662066006e-01
7.319035039190983083e-01
5.635908206460301662e-01
7.018864443812690146e-01
6.315607659971738119e-01
7.360560448709105863e-01
6.161179226399440267e-01
7.252651140139836361e-01
5.603664604364484436e-01
4.708146533714508974e-01
7.319035039190984193e-01
3.631961518900047037e-01
7.074665376238022940e-01
4.668219815314404442e-01
8.079355765477055917e-02
4.028447080203072517e-01
6.493593423873550430e-01
8.246796711936775770e-01
1.318512974065540466e-01
0.000000000000000000e+00
0.000000000000000000e+00
8.162444733697021837e-01
3.346066446428964114e-01
3.517210751987011608e-01
7.604930111662066006e-01
3.979639017638952336e-01
1.318512974065540466e-01
6.782788809924451545e-01
7.018864443812690146e-01
6.569259130347003817e-01
0.000000000000000000e+00
4.089000896929178008e-01
6.161179226399440267e-01
8.079355765477055917e-02
5.409114379994368615e-01
2.874283823692924678e-01
2.774276301486797713e-01
0.000000000000000000e+00
1.604408046536623111e-01
4.816055842283779032e-01
5.209860223324132011e-01
4.452401198175865438e-01
3.695196515888825028e-01
7.374835971616315877e-01
4.274415434274052572e-01
1.318512974065540466e-01
5.132100651687301340e-01
7.782915875563880537e-01
6.207698351402467507e-01
3.442381412353696102e-01
6.517150754203067109e-01
7.252651140139836361e-01
0.000000000000000000e+00
5.081693898005161802e-01
6.001161541686232948e-01
2.388742351850026979e-01
3.981091588359907951e-01
3.695196515888825028e-01
3.517210751987011608e-01
3.517210751987011053e-01
3.517210751987011608e-01
3.981091588359907951e-01
2.443706917435222725e-01
3.231315679515928685e-01
4.374895969400260376e-01
3.981091588359907951e-01
3.631961518900047037e-01
3.001221539470178001e-01
3.594715980762616114e-01
5.823175777784419527e-01
5.073399868940440260e-01
6.283364057875919784e-01
6.103089356413015087e-01
6.782788809924450435e-01
6.572951686628398793e-01
6.391273366445191506e-01
8.340430497598835258e-01
7.946626116558481723e-01
6.689155024262390947e-01
6.695136518104880530e-01
6.109070850255502449e-01
7.211125730621713581e-01
8.462615329075314774e-01
5.743817515029571164e-01
6.981031590575963452e-01
7.946626116558481723e-01
4.089000896929178008e-01
8.162444733697021837e-01
5.939379115418412791e-01
3.442381412353696102e-01
4.285791106859734301e-01
3.728276484824778469e-01
3.695196515888825028e-01
8.079355765477055917e-02
0.000000000000000000e+00
0.000000000000000000e+00
8.079355765477055917e-02
1.709042898338591077e-01
4.136356388772342019e-01
2.952262065388611134e-01
1.318512974065540466e-01
5.997468985404836861e-01
0.000000000000000000e+00
0.000000000000000000e+00
4.089000896929178008e-01
4.501609723998274415e-01
2.388742351850026979e-01
8.176720256604231851e-01
2.874283823692924678e-01
7.374835971616316987e-01
6.695136518104880530e-01
7.762658858814180940e-01
5.831469806849142179e-01
2.102847279378944056e-01
6.747244894248817237e-01
3.238157137859694612e-01
8.079355765477055917e-02
0.000000000000000000e+00
0.000000000000000000e+00
4.670313680477782281e-01
1.604408046536623111e-01
8.079355765477055917e-02
1.604408046536623111e-01
4.274415434274052572e-01
8.079355765477055917e-02
1.604408046536623111e-01
3.631961518900047037e-01
2.443706917435222725e-01
0.000000000000000000e+00
2.588388751221841755e-01
4.668219815314405552e-01
3.358029434113941614e-01
2.774276301486797713e-01
7.768640352656669412e-01
8.748510401546397697e-01
6.925230658150629548e-01
7.998734492702418430e-01
7.768640352656669412e-01
8.748510401546397697e-01
9.142314782586751232e-01
7.932350593651271708e-01
8.176720256604231851e-01
7.998734492702419541e-01
9.034405474017481730e-01
6.207698351402467507e-01
5.799618447454903958e-01
4.923965150853047978e-01
0.000000000000000000e+00
0.000000000000000000e+00
4.668219815314405552e-01
0.000000000000000000e+00
1.318512974065540466e-01
0.000000000000000000e+00
4.449501347854337707e-01
0.000000000000000000e+00
1.318512974065540466e-01
4.098523535535616436e-01
5.639208520040117634e-01
1.318512974065540466e-01
3.238157137859694057e-01
4.738296270646949471e-01
2.774276301486798268e-01
1.604408046536623111e-01
3.238157137859694057e-01
7.012882949970200563e-01
5.417995724158385373e-01
5.537280705313336604e-01
5.533588149031940517e-01
6.029712587500654086e-01
4.244265697341612631e-01
4.965490560371170203e-01
7.088940899145234065e-01
5.603664604364484436e-01
5.373570464318734308e-01
4.846205579216218973e-01
2.443706917435222725e-01
0.000000000000000000e+00
3.891986725819381321e-01
4.089000896929178008e-01
0.000000000000000000e+00
4.153932225259369670e-01
1.318512974065540466e-01
2.388742351850026979e-01
5.869302660085868872e-01
4.449501347854337707e-01
2.710573582698322381e-01
6.461349821777733204e-01
3.981091588359907951e-01
5.837451300691629541e-01
1.709042898338591077e-01
5.823175777784419527e-01
8.068810948034962349e-01
3.231315679515928130e-01
4.708146533714508974e-01
8.734234878639189903e-01
8.340430497598835258e-01
4.244265697341612631e-01
6.216980158824773062e-01
5.823175777784419527e-01
5.242103825419949237e-01
7.389111494523527002e-01
6.817321349581361156e-01
7.211125730621713581e-01
6.695136518104880530e-01
7.604930111662067116e-01
7.998734492702418430e-01
8.162444733697021837e-01
6.493593423873551540e-01
8.068810948034962349e-01
1.604408046536623111e-01
7.660731044087398800e-01
3.238157137859694057e-01
6.726987877499117641e-01
6.137621896069924698e-01
5.939379115418412791e-01
3.160178896164007600e-01
2.588388751221841755e-01
5.420089589321762658e-01
4.708146533714508974e-01
8.079355765477055917e-02
8.079355765477055917e-02
3.346066446428964114e-01
1.709042898338591077e-01
8.079355765477055917e-02
3.594715980762616669e-01
3.880611053233699037e-01
3.631961518900047037e-01
3.631961518900047037e-01
6.747244894248817237e-01
8.079355765477055917e-02
6.103089356413015087e-01
4.422251461243424941e-01
8.079355765477055917e-02
2.874283823692924678e-01
3.631961518900047037e-01
0.000000000000000000e+00
4.708146533714508974e-01
4.656038157570571157e-01
1.604408046536623111e-01
4.725722370201535516e-01
4.923965150853047978e-01
5.132100651687301340e-01
7.538546212610919284e-01
5.359294941411523183e-01
7.852992330896423345e-01
5.417995724158385373e-01
3.517210751987011608e-01
3.288563891541833595e-01
7.876549661225938914e-01
4.422251461243426052e-01
8.176720256604232961e-01
2.874283823692924678e-01
4.229990174434401506e-01
6.210998664982284589e-01
7.998734492702419541e-01
4.136356388772342019e-01
7.304759516283773069e-01
2.102847279378944056e-01
8.079355765477055917e-02
2.388742351850026979e-01
6.161179226399439157e-01
8.079355765477055917e-02
8.448339806168104760e-01
7.012882949970200563e-01
8.079355765477055917e-02
9.034405474017480620e-01
6.502875231295855984e-01
7.482745280185586489e-01
4.660791041871344409e-01
5.367588970476244725e-01
7.998734492702419541e-01
9.892090691430730498e-01
9.034405474017481730e-01
8.570524637644585386e-01
9.428209855057833044e-01
8.626325570069918180e-01
7.768640352656669412e-01
6.782788809924450435e-01
1.604408046536623111e-01
4.374895969400260376e-01
5.767374845359087843e-01
7.646455521180188786e-01
7.018864443812690146e-01
6.502875231295855984e-01
1.604408046536623111e-01
7.426944347760253695e-01
6.388984428884098010e-01
2.388742351850026979e-01
1.604408046536623111e-01
8.284629565173502463e-01
2.874283823692924678e-01
1.604408046536623111e-01
5.799618447454903958e-01
3.517210751987011608e-01
4.274415434274052572e-01
6.441092805028034718e-01
5.889559676835568469e-01
3.917856591371129960e-01
7.012882949970200563e-01
1.604408046536623111e-01
8.079355765477055917e-02
2.102847279378944056e-01
7.360560448709105863e-01
8.079355765477055917e-02
6.966756067668753438e-01
7.012882949970200563e-01
7.074665376238022940e-01
1.604408046536623111e-01
4.244265697341611521e-01
3.979639017638951226e-01
8.079355765477055917e-02
8.079355765477055917e-02
3.380991228787453284e-01
5.635908206460301662e-01
7.646455521180188786e-01
8.068810948034962349e-01
8.068810948034963459e-01
8.570524637644585386e-01
6.105378293974107473e-01
7.196850207714502456e-01
3.517210751987011608e-01
4.089000896929178008e-01
4.285791106859734301e-01
8.079355765477055917e-02
1.318512974065540466e-01
5.359294941411523183e-01
2.578714701097957751e-01
2.388742351850026979e-01
2.388742351850026979e-01
2.874283823692924678e-01
2.388742351850026979e-01
2.774276301486798268e-01
1.604408046536623111e-01
8.079355765477055917e-02
7.675006566994609924e-01
2.774276301486798268e-01
4.530160769812696109e-01
7.604930111662066006e-01
7.389111494523527002e-01
5.359294941411523183e-01
7.304759516283771958e-01
8.176720256604232961e-01
7.890825184133150039e-01
7.368854477773828515e-01
3.958370624870529708e-01
7.360560448709105863e-01
6.283364057875919784e-01
5.997468985404836861e-01
7.768640352656669412e-01
8.054535425127751225e-01
8.232521189029565756e-01
8.748510401546397697e-01
9.606195618959647575e-01
6.029712587500654086e-01
7.768640352656669412e-01
6.216980158824773062e-01
1.604408046536623111e-01
7.368854477773827405e-01
7.482745280185586489e-01
2.102847279378944056e-01
6.788770303766940017e-01
3.695196515888825028e-01
6.207698351402467507e-01
3.631961518900047037e-01
3.358029434113941614e-01
8.079355765477055917e-02
6.788770303766938907e-01
8.079355765477055917e-02
2.874283823692924678e-01
5.997468985404836861e-01
3.517210751987011053e-01
7.876549661225938914e-01
3.238157137859694057e-01
3.517210751987011608e-01
7.298778022441284596e-01
7.012882949970200563e-01
4.438125675268654868e-01
1.604408046536623111e-01
7.360560448709105863e-01
8.176720256604232961e-01
2.102847279378944056e-01
7.482745280185586489e-01
7.088940899145232954e-01
2.874283823692924678e-01
4.285791106859734301e-01
4.438125675268654868e-01
4.675902931618691749e-01
6.029712587500654086e-01
7.368854477773827405e-01
6.391273366445190396e-01
9.034405474017480620e-01
6.619078568929848139e-01
4.571686179330817779e-01
3.979639017638951226e-01
6.161179226399440267e-01
6.601502732442819932e-01
2.874283823692924678e-01
8.079355765477055917e-02
6.788770303766938907e-01
3.728276484824778469e-01
7.426944347760253695e-01
6.619078568929848139e-01
6.855154202818087850e-01
8.079355765477055917e-02
5.837451300691629541e-01
2.388742351850026979e-01
4.285791106859734301e-01
5.919122098668713194e-01
4.422251461243426052e-01
8.079355765477055917e-02
4.816055842283779032e-01
5.997468985404836861e-01
5.931085086353689029e-01
4.244265697341611521e-01
4.244265697341612631e-01
3.958370624870528598e-01
2.102847279378944056e-01
8.079355765477055917e-02
2.102847279378944056e-01
2.480479442652571975e-01
2.102847279378944056e-01
2.874283823692924678e-01
3.917856591371129960e-01
1.604408046536623111e-01
1.604408046536623111e-01
4.501609723998274415e-01
8.079355765477055917e-02
2.874283823692924678e-01
5.119918993943467500e-01
8.354706020506046382e-01
3.631961518900047037e-01
6.333183496458765216e-01
7.675006566994609924e-01
8.964329018684940031e-01
9.320300546488564652e-01
7.211125730621713581e-01
7.252651140139836361e-01
8.462615329075314774e-01
2.874283823692924678e-01
2.874283823692924678e-01
1.709042898338591077e-01
2.016598606279675632e-01
2.874283823692924678e-01
2.874283823692924678e-01
2.874283823692924678e-01
3.631961518900047037e-01
2.774276301486797713e-01
4.374895969400260376e-01
7.768640352656669412e-01
8.340430497598835258e-01
4.089000896929178008e-01
8.748510401546398807e-01
4.364161591257000317e-01
4.028447080203072517e-01
7.476763786343098017e-01
8.162444733697021837e-01
5.743817515029571164e-01
5.823175777784420637e-01
2.102847279378944056e-01
5.513723374983821035e-01
2.774276301486797713e-01
3.160178896164007600e-01
5.129200801365773055e-01
3.346066446428964114e-01
4.816055842283779032e-01
2.102847279378944056e-01
3.238157137859694057e-01
4.374895969400260376e-01
4.738296270646949471e-01
8.079355765477055917e-02
2.774276301486798268e-01
7.074665376238022940e-01
3.695196515888825028e-01
3.346066446428964114e-01
8.079355765477055917e-02
1.604408046536623111e-01
3.288563891541833595e-01
3.238157137859694612e-01
8.079355765477055917e-02
8.079355765477055917e-02
8.079355765477055917e-02
6.216980158824773062e-01
2.874283823692924678e-01
8.079355765477055917e-02
8.079355765477055917e-02
8.079355765477055917e-02
8.079355765477055917e-02
1.604408046536623111e-01
8.079355765477055917e-02
4.965490560371170203e-01
1.604408046536623111e-01
3.001221539470178001e-01
4.956208752948865204e-01
1.604408046536623111e-01
8.079355765477055917e-02
4.285791106859734301e-01
2.774276301486798268e-01
1.604408046536623111e-01
1.604408046536623111e-01
3.981091588359907951e-01
7.890825184133148928e-01
6.225274187889495714e-01
3.695196515888825028e-01
3.001221539470178001e-01
8.079355765477055917e-02
6.097695177669821831e-01
3.728276484824778469e-01
6.099789042833198005e-01
8.448339806168104760e-01
7.248958583858440274e-01
2.874283823692924678e-01
1.604408046536623111e-01
8.448339806168104760e-01
4.708146533714508974e-01
8.079355765477055917e-02
8.678433946213854888e-01
7.584673094912368629e-01
3.160178896164007600e-01
2.588388751221841755e-01
3.564566243830176173e-01
2.774276301486797713e-01
2.774276301486797713e-01
3.346066446428964114e-01
3.981091588359907951e-01
4.152230602797572501e-01
5.819483221503024550e-01
6.391273366445190396e-01
7.190868713872013984e-01
7.946626116558482833e-01
7.482745280185586489e-01
8.640601092977129305e-01
8.532691784407858693e-01
9.320300546488563542e-01
8.570524637644584276e-01
8.856419710115668309e-01
7.998734492702418430e-01
6.925230658150630658e-01
9.212391237919295151e-01
8.748510401546398807e-01
7.604930111662067116e-01
8.162444733697021837e-01
5.645190013882606106e-01
5.359294941411523183e-01
5.240009960256571953e-01
8.640601092977128195e-01
7.838716807989212221e-01
8.246796711936775770e-01
8.856419710115667199e-01
6.981031590575963452e-01
7.374835971616315877e-01
8.106643801271689043e-01
3.631961518900047037e-01
2.774276301486797713e-01
3.346066446428964114e-01
2.774276301486797713e-01
2.774276301486797713e-01
3.346066446428964114e-01
2.774276301486797713e-01
3.238157137859694057e-01
3.981091588359907951e-01
3.346066446428964114e-01
6.855154202818086739e-01
5.297512515143701917e-01
6.726987877499117641e-01
2.102847279378944056e-01
2.388742351850026979e-01
4.708146533714507864e-01
5.645190013882606106e-01
1.604408046536623111e-01
4.708146533714508974e-01
4.244265697341612631e-01
3.001221539470178001e-01
8.079355765477055917e-02
1.604408046536623111e-01
5.129200801365773055e-01
2.480479442652571975e-01
8.079355765477055917e-02
8.079355765477055917e-02
8.079355765477055917e-02
5.635908206460301662e-01
3.001221539470178001e-01
2.102847279378944056e-01
8.079355765477055917e-02
5.799618447454903958e-01
8.079355765477055917e-02
6.391273366445190396e-01
4.675902931618691749e-01
6.210998664982284589e-01
7.319035039190981973e-01
7.768640352656669412e-01
3.631961518900047037e-01
1.604408046536623111e-01
1.604408046536623111e-01
6.817321349581360046e-01
1.604408046536623111e-01
6.695136518104880530e-01
7.190868713872013984e-01
8.462615329075314774e-01
8.232521189029565756e-01
6.155197732556951795e-01
6.461349821777734315e-01
5.819483221503023440e-01
6.677168438916273319e-01
4.886132297616321285e-01
6.207698351402467507e-01
6.029712587500655196e-01
5.799618447454903958e-01
4.656038157570571157e-01
6.601502732442819932e-01
6.029712587500655196e-01
6.493593423873550430e-01
6.493593423873551540e-01
6.099789042833198005e-01
7.604930111662067116e-01
9.034405474017481730e-01
7.998734492702419541e-01
8.856419710115668309e-01
8.678433946213854888e-01
7.088940899145232954e-01
9.250224091156020734e-01
6.855154202818087850e-01
1.000000000000000000e+00
7.946626116558481723e-01
7.033139966719901270e-01
8.340430497598835258e-01
7.604930111662067116e-01
6.207698351402467507e-01
5.939379115418412791e-01
9.142314782586751232e-01
6.619078568929848139e-01
3.880611053233699592e-01
7.374835971616316987e-01
2.388742351850026979e-01
5.129200801365773055e-01
6.245531204639195311e-01
5.011617442672618994e-01
2.388742351850026979e-01
3.958370624870529708e-01
7.870568167383450442e-01
7.870568167383452662e-01
7.590654588754855991e-01
7.782915875563879426e-01
9.034405474017480620e-01
9.250224091156020734e-01
8.462615329075314774e-01
8.964329018684937811e-01
8.284629565173502463e-01
7.768640352656668302e-01
9.034405474017480620e-01
9.714104927528917077e-01
6.782788809924450435e-01
5.931085086353689029e-01
7.876549661225937804e-01
5.303494008986191499e-01
2.388742351850026979e-01
5.132100651687301340e-01
1.318512974065540466e-01
5.525905032727654875e-01
4.668219815314404442e-01
3.517210751987011608e-01
1.604408046536623111e-01
4.675902931618691749e-01
8.079355765477055917e-02
2.102847279378944056e-01
7.590654588754855991e-01
8.079355765477055917e-02
2.874283823692924678e-01
5.011617442672618994e-01
7.088940899145234065e-01
2.774276301486798268e-01
3.160178896164007600e-01
3.981091588359907951e-01
4.244265697341611521e-01
3.981091588359907951e-01
2.102847279378944056e-01
7.782915875563879426e-01
7.782915875563878316e-01
4.843305728894689577e-01
7.782915875563879426e-01
4.089000896929178008e-01
6.619078568929848139e-01
4.846205579216218973e-01
6.695136518104880530e-01
4.089000896929178008e-01
3.981091588359907951e-01
3.917856591371129960e-01
5.889559676835567359e-01
3.631961518900047037e-01
5.831469806849143289e-01
3.631961518900047037e-01
5.132100651687301340e-01
7.304759516283773069e-01
8.532691784407858693e-01
3.160178896164007600e-01
4.816055842283779032e-01
9.034405474017481730e-01
8.678433946213854888e-01
3.231315679515928130e-01
4.668219815314405552e-01
7.552821735518130408e-01
9.034405474017483950e-01
5.101950914754862509e-01
7.304759516283771958e-01
8.068810948034963459e-01
7.360560448709105863e-01
6.231255681731983076e-01
