5.550524693489774508e-01
6.380703771181939210e-01
6.310158248640320711e-01
6.689130839135994933e-01
5.463099122174844835e-01
5.974086587498533829e-01
7.220635302879170325e-01
7.104277419709503771e-01
7.548629753673694598e-01
6.589379563203695556e-01
6.543567202575647501e-01
7.249841056269851203e-01
6.206240153542876836e-01
6.917374013998218718e-01
6.761429178604774215e-01
7.976631908383540193e-01
9.163175658136744062e-01
7.545522563839718311e-01
8.201511465428763525e-01
8.489372190634391080e-01
8.504772754309712912e-01
8.121633344648896413e-01
8.480039592396144688e-01
8.014608059717477362e-01
8.167445705276946688e-01
8.455050002499547857e-01
8.912645325884102077e-01
4.688549133025048388e-01
8.379082272901801076e-01
8.500862363127594801e-01
8.351935108750245806e-01
6.503980250351869552e-01
9.580380827949379619e-01
7.251593873197011986e-01
7.600667522706011647e-01
8.409494069854523968e-01
8.106232780973574581e-01
8.443559830006343025e-01
7.591334924467765255e-01
8.409494069854526188e-01
7.671213045247631257e-01
3.068909426562861920e-01
3.068909426562861920e-01
4.713973683455693897e-01
4.804907016194715497e-01
5.062355944447620715e-01
5.262547969715396512e-01
5.590542420509918564e-01
5.333093492257015011e-01
4.772383275123158741e-01
6.250185285298059945e-01
6.179639762756441446e-01
5.922190834503536783e-01
6.169067203557082602e-01
6.380703771181939210e-01
5.918536871304442837e-01
7.579588323991535148e-01
7.276327035110584651e-01
7.766491729702821312e-01
7.650133846533154758e-01
7.706323946933563152e-01
7.349286559890184645e-01
8.676275596345677243e-01
7.657970055827265643e-01
7.288073635586812538e-01
7.591334924467765255e-01
6.797908940994574767e-01
7.661880447009383754e-01
7.391188529336113477e-01
7.848783852720668808e-01
7.413764116994726594e-01
8.341106121567865017e-01
9.065482971443570293e-01
8.409494069854526188e-01
8.538838514461534190e-01
7.612157695199216478e-01
8.304626359178063355e-01
8.201511465428763525e-01
6.938999986077812876e-01
7.167805361235027872e-01
5.400101050168291117e-01
7.333885996214860592e-01
6.650592487507067663e-01
7.404431518756480202e-01
8.231923262381487527e-01
8.645863799392952131e-01
7.482940778832476436e-01
6.808286680766937327e-01
7.999207496042153309e-01
7.391188529336113477e-01
2.316204577836501743e-01
1.568590954991360142e-01
1.568590954991360142e-01
1.568590954991360142e-01
5.817032778444982677e-01
1.871852243872312027e-01
9.811948738712134022e-02
3.629033011577781909e-01
1.557841399309193575e-01
5.864571930789369558e-02
0.000000000000000000e+00
5.864571930789369558e-02
5.864571930789369558e-02
5.864571930789369558e-02
2.518667789269224966e-01
0.000000000000000000e+00
5.402270154094764854e-01
0.000000000000000000e+00
6.727363418452955157e-01
2.129301172125216413e-01
2.956952157796338132e-01
6.424102129572003550e-01
2.518667789269224966e-01
1.300392471056289190e-01
0.000000000000000000e+00
5.864571930789369558e-02
0.000000000000000000e+00
0.000000000000000000e+00
0.000000000000000000e+00
1.168098279582498733e-01
5.864571930789369558e-02
5.864571930789369558e-02
1.797329347417915557e-01
5.864571930789369558e-02
5.864571930789369558e-02
0.000000000000000000e+00
9.811948738712134022e-02
2.421666491093126261e-01
2.421666491093126261e-01
0.000000000000000000e+00
0.000000000000000000e+00
0.000000000000000000e+00
0.000000000000000000e+00
0.000000000000000000e+00
0.000000000000000000e+00
6.362889205268632553e-01
6.929667387839566484e-01
0.000000000000000000e+00
1.568590954991360142e-01
3.837015616003544016e-01
0.000000000000000000e+00
0.000000000000000000e+00
0.000000000000000000e+00
1.568590954991360142e-01
3.096336016088538923e-01
6.561539211456148823e-01
4.351222083992278833e-01
4.989814476355918793e-01
5.409433648406537509e-01
5.480252502777329671e-01
7.600667522706012758e-01
6.290974822023145396e-01
6.432065867106383505e-01
7.589966063763897708e-01
8.746821118887296853e-01
7.999207496042153309e-01
7.741758567789249756e-01
8.409494069854526188e-01
8.158113107038699185e-01
7.490377604973422754e-01
7.766491729702821312e-01
6.057875099460519053e-01
6.281258267561605768e-01
6.281258267561605768e-01
6.109094240214822946e-01
5.213197644457004953e-01
5.550524693489774508e-01
5.333093492257015011e-01
4.538125489703564996e-01
4.431100204772144835e-01
5.249259350158905768e-01
5.249259350158905768e-01
4.351222083992278833e-01
3.966360060610551463e-01
3.895814538068932964e-01
4.002839823000353126e-01
4.713973683455693897e-01
4.269621349491503626e-01
4.688549133025049498e-01
4.351222083992278833e-01
4.538125489703564996e-01
4.431100204772144835e-01
3.895814538068932964e-01
3.966360060610552574e-01
4.101398567186585464e-01
4.545750901150775181e-01
7.332517135510993045e-01
7.793638893854374361e-01
8.045019856670200253e-01
8.422480631291865416e-01
8.210844063667009918e-01
8.094486180497344474e-01
7.707436379654406533e-01
8.351935108750248027e-01
7.482556822609184310e-01
9.319021508514355734e-01
9.389567031055975344e-01
9.696738711119045062e-01
8.500862363127594801e-01
8.094486180497344474e-01
1.000000000000000000e+00
8.645863799392953242e-01
8.933724524598579686e-01
3.997298768956709103e-01
4.618003610483429888e-01
2.882270019295827268e-01
3.727591755764014247e-01
6.888164801546802218e-01
4.328030941158969025e-01
2.695366613584541660e-01
4.591274503019777131e-01
5.453105338625776621e-01
3.815936417289067517e-01
7.793638893854373251e-01
0.000000000000000000e+00
0.000000000000000000e+00
0.000000000000000000e+00
0.000000000000000000e+00
2.689141205180270999e-01
0.000000000000000000e+00
1.168098279582498733e-01
1.993301352923196601e-01
3.046854265331524481e-01
0.000000000000000000e+00
4.656025391953492187e-01
2.357775566107520870e-01
2.421666491093126261e-01
3.786601475676303341e-01
2.160834083051536292e-01
0.000000000000000000e+00
3.786601475676303341e-01
2.844939626342838923e-01
0.000000000000000000e+00
1.568590954991360142e-01
5.110755465690044463e-01
5.864571930789369558e-02
9.811948738712134022e-02
7.677281010684708917e-01
0.000000000000000000e+00
2.251014279620352221e-01
0.000000000000000000e+00
5.847991348762823227e-01
1.168098279582498733e-01
3.611233872594347694e-01
0.000000000000000000e+00
1.993301352923196601e-01
3.050523655460491423e-01
6.052709320387416048e-01
1.568590954991360142e-01
4.164107880434092523e-01
2.595065105226389002e-01
0.000000000000000000e+00
1.557841399309193575e-01
0.000000000000000000e+00
0.000000000000000000e+00
0.000000000000000000e+00
6.580046964965449163e-01
6.701261395835517165e-01
0.000000000000000000e+00
2.357775566107520870e-01
7.103327804130485923e-01
7.713760773074508359e-01
5.361480617369680512e-01
5.864571930789369558e-02
6.555860576416995267e-01
4.391657867700323181e-01
2.547883883894472845e-01
3.561478790008159589e-01
0.000000000000000000e+00
4.959286680834444350e-01
0.000000000000000000e+00
2.357775566107520870e-01
0.000000000000000000e+00
1.168098279582498733e-01
0.000000000000000000e+00
9.811948738712134022e-02
2.518667789269224966e-01
6.166653201319099997e-01
5.899871674827947832e-01
7.345376168708065423e-01
0.000000000000000000e+00
5.864571930789369558e-02
0.000000000000000000e+00
4.263296956071402910e-01
8.113812562284659080e-01
6.460581891961806322e-01
6.701261395835517165e-01
6.708698221976462372e-01
2.129301172125216413e-01
3.986747870807954564e-01
0.000000000000000000e+00
9.811948738712134022e-02
0.000000000000000000e+00
0.000000000000000000e+00
0.000000000000000000e+00
0.000000000000000000e+00
5.764202836800839114e-01
0.000000000000000000e+00
1.300392471056289190e-01
5.421980492105372695e-01
3.798137278305633302e-01
5.864571930789369558e-02
2.695102615140291258e-01
2.689141205180270999e-01
4.070582012906064917e-01
5.864571930789369558e-02
0.000000000000000000e+00
6.651538644025349889e-01
4.463443351203054132e-01
5.805832951333871339e-01
5.992736357045156392e-01
6.109094240214822946e-01
8.085153582259096972e-01
7.971209701327411912e-01
8.096900182735327078e-01
8.375171881719682965e-01
8.504772754309712912e-01
8.869246967494036626e-01
6.502227433424708769e-01
8.060420420345525416e-01
9.215906614765054794e-01
7.858116450958916310e-01
4.501645727313763889e-01
5.249259350158905768e-01
4.688549133025049498e-01
4.688549133025049498e-01
4.688549133025049498e-01
4.879408560054578348e-01
5.519996897968300065e-01
5.777445826221204728e-01
5.479979170948156009e-01
5.035626836983966292e-01
5.665659519544479217e-01
6.310158248640320711e-01
6.043376722149169655e-01
6.431681910883089159e-01
6.725610601525794374e-01
6.164900384391939214e-01
7.322139395738630485e-01
7.312806797500384093e-01
6.620338133521537216e-01
6.317076844640583388e-01
8.351935108750245806e-01
8.571407885669214410e-01
8.424894633529848020e-01
8.265138391970118237e-01
7.778238330179051419e-01
8.424894633529848020e-01
6.948332584316061489e-01
6.969411783030536878e-01
4.429104259222062523e-01
7.728515578368883032e-01
1.744744805020478906e-01
6.063281879586774892e-01
4.893056306802741062e-01
6.954799932906302606e-01
8.167445705276946688e-01
7.711346770836525755e-01
8.151788713618596249e-01
7.664038021264342193e-01
6.538707195814510431e-01
7.861770414158010256e-01
8.152045141601621525e-01
5.922190834503536783e-01
5.165244613420147957e-01
7.153050555940652089e-01
7.869606623452120031e-01
8.371261490537562633e-01
6.037052328729067829e-01
8.384504479957928247e-01
8.674522779418515350e-01
6.727363418452956267e-01
6.883855027211517319e-01
8.794791053770301126e-01
8.701008758259246578e-01
8.302468784923104916e-01
8.281389586208627307e-01
7.205781512568963931e-01
8.538838514461534190e-01
5.785927793896264992e-01
8.268146596788262803e-01
8.420984242347729909e-01
7.823794262824073087e-01
6.916424398419199759e-01
7.671213045247631257e-01
8.327201946836676472e-01
8.081243191076976640e-01
8.363681709226475913e-01
7.713760773074508359e-01
8.737488520649047130e-01
8.538838514461533080e-01
6.374379377761838494e-01
7.212248861159207269e-01
6.929667387839566484e-01
8.666942998107429741e-01
8.491529764889347298e-01
8.047177430925159802e-01
7.706323946933563152e-01
5.655409308012385727e-01
7.625400684619583203e-01
5.479979170948156009e-01
6.838442049736636053e-01
7.597402889904841805e-01
7.536189965601469698e-01
6.834388703384376429e-01
8.384504479957928247e-01
7.789728502672256250e-01
8.317869348598428969e-01
9.389567031055973123e-01
7.932315936699629866e-01
8.771554280800866188e-01
8.842099803342483577e-01
9.261718975393102848e-01
8.701008758259246578e-01
7.973105473424715317e-01
8.222590664143241135e-01
8.983190848425722796e-01
9.322931899696472735e-01
9.298198737782902290e-01
7.288073635586812538e-01
9.322931899696473845e-01
7.673370619502589696e-01
6.426516131809986154e-01
5.378748409917869511e-01
4.101398567186585464e-01
4.991810421906001660e-01
5.864571930789369558e-02
1.168098279582498733e-01
5.864571930789369558e-02
5.864571930789369558e-02
5.864571930789369558e-02
5.235077086394087642e-01
4.578561273411608790e-01
5.864571930789369558e-02
8.010697668535359250e-01
5.104031689116775850e-01
6.696951621500232266e-01
7.104277419709503771e-01
5.795953579730505068e-01
6.206240153542877946e-01
6.846828491456600219e-01
6.734943199764041877e-01
6.210712745019986158e-01
6.094354861850320715e-01
7.057771871485462034e-01
5.865805914676130994e-01
4.713973683455693897e-01
4.713973683455693897e-01
5.706900303679586228e-01
6.366543168467727609e-01
5.502571662452918622e-01
5.805832951333870229e-01
5.421453580711940168e-01
6.310158248640319600e-01
5.408210591291574554e-01
6.230280127860454709e-01
5.446186742625511723e-01
5.608356986423226331e-01
6.052709320387416048e-01
6.006896959759367993e-01
5.665659519544479217e-01
6.567607176893224263e-01
5.865805914676130994e-01
5.665659519544478107e-01
6.567607176893224263e-01
5.972831199607550046e-01
6.310158248640320711e-01
5.972831199607550046e-01
6.052709320387416048e-01
5.174577211658395459e-01
5.548384023080966676e-01
5.618929545622585175e-01
5.213197644457004953e-01
5.550524693489774508e-01
5.777445826221204728e-01
4.959286680834444350e-01
5.216735609087349568e-01
4.431100204772144835e-01
4.688549133025048388e-01
4.688549133025049498e-01
4.688549133025049498e-01
4.875452538736334551e-01
4.538125489703564996e-01
6.402476157492409392e-01
6.846828491456600219e-01
6.053402507983409730e-01
6.987919536539838328e-01
6.206240153542876836e-01
6.730470608286932555e-01
7.781345520013026595e-01
7.211302704640923933e-01
6.286118274322743948e-01
6.459778690613663388e-01
6.099214868611457785e-01
7.291180825420788825e-01
7.398206110352210096e-01
7.125903391789099039e-01
7.706323946933563152e-01
7.075068207258088382e-01
7.038588444868286720e-01
6.405436933095509655e-01
8.878579565732286349e-01
8.903312727645855684e-01
8.434227231768097743e-01
8.691676160021001296e-01
7.125903391789099039e-01
9.126695895746942400e-01
9.065482971443570293e-01
8.657610399869182238e-01
9.181840854613235736e-01
8.575318276851332522e-01
7.907582774786058311e-01
8.828856813922117963e-01
6.946836195371924871e-01
9.929454477458379280e-01
9.626193188577427673e-01
8.559917713176010690e-01
9.767284233660664672e-01
8.866832965256056243e-01
9.692828319936924730e-01
8.397747469378296081e-01
8.531919918461268182e-01
7.747826533226327417e-01
6.696404848135115717e-01
8.525595525041165246e-01
8.424894633529848020e-01
9.086305742175023736e-01
8.748978693142255292e-01
8.748978693142251961e-01
8.537342125517395353e-01
8.621130637479381686e-01
8.621130637479380576e-01
8.237991227818564077e-01
8.878579565732286349e-01
8.279893197264492910e-01
8.268146596788262803e-01
6.159734605318835099e-01
5.853785982370727226e-01
4.431100204772144835e-01
4.244196799060859226e-01
4.456524755202789234e-01
9.393477422238092345e-01
9.177930463431117625e-01
8.302468784923104916e-01
7.410499484193556752e-01
9.136028493985191012e-01
9.555647666035808063e-01
8.630463235717628079e-01
8.106232780973574581e-01
8.514105352547960415e-01
8.609384037003150469e-01
8.201511465428763525e-01
7.519420541222276988e-01
8.197601074246643194e-01
6.801016130828552164e-01
6.846828491456599108e-01
6.103687460088567107e-01
7.366198939439517757e-01
6.805488722305660376e-01
5.972831199607550046e-01
5.348237627949313788e-01
5.876378473875489838e-01
8.828856813922117963e-01
8.234080836636445966e-01
7.560923127515041253e-01
7.499710203211670256e-01
8.538838514461534190e-01
8.420984242347729909e-01
8.874669174550167128e-01
6.701261395835517165e-01
8.167445705276946688e-01
9.543901065559577956e-01
9.626193188577425452e-01
8.981694459481585069e-01
9.519167903646006401e-01
9.215906614765054794e-01
7.976631908383540193e-01
8.798701444952420347e-01
9.181840854613235736e-01
8.737488520649047130e-01
9.999999999999996669e-01
8.272056987970380915e-01
8.500862363127594801e-01
8.279893197264491800e-01
7.968795699089429307e-01
8.678433170600633462e-01
9.101962733833370844e-01
8.842099803342483577e-01
8.559917713176010690e-01
8.945214697091785627e-01
8.924391926360332183e-01
8.167445705276944468e-01
9.439289782866141509e-01
8.958457686512151241e-01
8.268146596788262803e-01
8.397747469378293861e-01
9.660258948729244510e-01
9.473355543017958347e-01
8.575318276851334742e-01
6.846828491456600219e-01
8.728155922410801848e-01
7.778238330179051419e-01
8.488003329930521312e-01
9.065482971443570293e-01
9.813096594288711616e-01
9.439289782866141509e-01
8.903312727645855684e-01
8.716409321934571741e-01
7.141703338617588770e-01
5.805832951333870229e-01
5.161334222238028735e-01
6.366543168467727609e-01
5.161334222238028735e-01
3.353784944341443586e-01
3.798137278305632747e-01
4.340166872033123235e-01
4.002839823000352570e-01
4.804907016194715497e-01
4.875452538736334551e-01
5.249259350158906878e-01
5.062355944447620715e-01
4.199075826949885126e-01
4.643428160914074843e-01
4.340166872033123235e-01
3.985040684016918355e-01
3.727591755764014247e-01
4.101398567186585464e-01
9.136028493985189902e-01
8.958457686512151241e-01
9.509835305407758899e-01
8.045019856670200253e-01
7.695946207161201702e-01
9.776616831898909954e-01
7.625400684619583203e-01
8.655196397631199634e-01
9.580380827949378508e-01
9.132118102803069570e-01
9.892974715068577618e-01
8.994937448901950683e-01
7.533775963363487094e-01
9.650926350490999228e-01
8.500862363127597021e-01
8.945214697091785627e-01
9.660258948729244510e-01
9.543901065559577956e-01
6.317076844640584499e-01
8.641953408210831800e-01
9.473355543017958347e-01
7.823794262824073087e-01
8.023940657955724864e-01
8.197601074246645414e-01
9.019670610815524459e-01
9.074815569681817795e-01
7.449987451401501870e-01
7.482940778832476436e-01
7.141703338617587660e-01
7.145613729799706881e-01
6.992776084240239776e-01
7.225491850579571773e-01
6.502227433424708769e-01
5.618929545622585175e-01
5.035626836983966292e-01
5.213197644457004953e-01
4.879408560054578348e-01
4.879408560054578348e-01
4.842928797664777241e-01
5.146190086545729958e-01
4.318698342920722077e-01
5.066311965765863956e-01
5.066311965765863956e-01
4.888741158292825850e-01
4.692505154343292739e-01
4.959286680834444350e-01
5.075644564004111459e-01
5.066311965765863956e-01
4.692505154343292739e-01
4.959286680834444350e-01
5.066311965765863956e-01
4.688549133025049498e-01
3.786601475676303341e-01
3.986747870807954564e-01
4.351222083992278833e-01
4.173651276519240727e-01
4.875452538736334551e-01
4.875452538736334551e-01
4.688549133025049498e-01
4.431100204772144835e-01
4.804907016194715497e-01
4.688549133025049498e-01
4.501645727313763334e-01
