7.976631908383540193e-01
9.163175658136744062e-01
7.545522563839718311e-01
8.201511465428763525e-01
8.489372190634391080e-01
8.504772754309715133e-01
8.121633344648896413e-01
8.480039592396144688e-01
8.014608059717477362e-01
8.167445705276944468e-01
8.455050002499547857e-01
8.912645325884103187e-01
4.688549133025048388e-01
8.379082272901802186e-01
8.500862363127594801e-01
8.351935108750245806e-01
6.503980250351869552e-01
9.580380827949378508e-01
8.341106121567862797e-01
9.065482971443570293e-01
8.409494069854523968e-01
8.538838514461533080e-01
7.612157695199216478e-01
8.304626359178063355e-01
8.201511465428763525e-01
6.938999986077813986e-01
7.167805361235027872e-01
5.400101050168291117e-01
7.333885996214860592e-01
6.650592487507067663e-01
7.404431518756480202e-01
8.231923262381487527e-01
8.645863799392952131e-01
7.482940778832476436e-01
6.808286680766937327e-01
7.999207496042153309e-01
7.391188529336114588e-01
5.817032778444982677e-01
1.871852243872312027e-01
9.811948738712134022e-02
3.629033011577781354e-01
1.557841399309193575e-01
5.864571930789369558e-02
0.000000000000000000e+00
5.864571930789369558e-02
5.864571930789369558e-02
5.864571930789369558e-02
2.518667789269224966e-01
0.000000000000000000e+00
5.402270154094765964e-01
0.000000000000000000e+00
6.727363418452956267e-01
2.129301172125216413e-01
2.956952157796338132e-01
6.424102129572004660e-01
2.518667789269224966e-01
1.300392471056289190e-01
0.000000000000000000e+00
5.864571930789369558e-02
0.000000000000000000e+00
0.000000000000000000e+00
0.000000000000000000e+00
1.168098279582498733e-01
5.864571930789369558e-02
5.864571930789369558e-02
1.797329347417915557e-01
5.864571930789369558e-02
5.864571930789369558e-02
0.000000000000000000e+00
9.811948738712134022e-02
2.421666491093126261e-01
2.421666491093126261e-01
0.000000000000000000e+00
0.000000000000000000e+00
0.000000000000000000e+00
0.000000000000000000e+00
0.000000000000000000e+00
0.000000000000000000e+00
6.362889205268632553e-01
6.929667387839566484e-01
0.000000000000000000e+00
1.568590954991360142e-01
3.837015616003544016e-01
0.000000000000000000e+00
0.000000000000000000e+00
0.000000000000000000e+00
1.568590954991360142e-01
3.096336016088538923e-01
6.561539211456147713e-01
4.351222083992278833e-01
4.989814476355917683e-01
5.409433648406537509e-01
5.480252502777329671e-01
7.600667522706012758e-01
9.999999999999996669e-01
8.645863799392952131e-01
8.933724524598580796e-01
3.997298768956709103e-01
4.618003610483429888e-01
2.882270019295827268e-01
3.727591755764014247e-01
6.888164801546803329e-01
4.328030941158969025e-01
2.695366613584541660e-01
4.591274503019776576e-01
5.453105338625776621e-01
3.815936417289066962e-01
7.793638893854373251e-01
0.000000000000000000e+00
0.000000000000000000e+00
0.000000000000000000e+00
0.000000000000000000e+00
2.689141205180270999e-01
0.000000000000000000e+00
1.168098279582498733e-01
1.993301352923196601e-01
3.046854265331524481e-01
0.000000000000000000e+00
4.656025391953492187e-01
2.357775566107520870e-01
2.421666491093126261e-01
3.786601475676303896e-01
2.160834083051536292e-01
0.000000000000000000e+00
3.786601475676303341e-01
2.844939626342838923e-01
0.000000000000000000e+00
1.568590954991360142e-01
5.110755465690044463e-01
5.864571930789369558e-02
9.811948738712134022e-02
7.677281010684707807e-01
0.000000000000000000e+00
2.251014279620352221e-01
0.000000000000000000e+00
5.847991348762824337e-01
1.168098279582498733e-01
3.611233872594347694e-01
0.000000000000000000e+00
1.993301352923196601e-01
1.568590954991360142e-01
1.568590954991360142e-01
3.050523655460491423e-01
6.052709320387416048e-01
1.568590954991360142e-01
4.164107880434093634e-01
2.595065105226389002e-01
0.000000000000000000e+00
1.557841399309193575e-01
0.000000000000000000e+00
0.000000000000000000e+00
0.000000000000000000e+00
6.580046964965449163e-01
6.701261395835517165e-01
0.000000000000000000e+00
2.357775566107520870e-01
7.103327804130485923e-01
7.713760773074508359e-01
5.361480617369680512e-01
5.864571930789369558e-02
6.555860576416995267e-01
4.391657867700323181e-01
2.547883883894472845e-01
3.561478790008159589e-01
0.000000000000000000e+00
4.959286680834444350e-01
0.000000000000000000e+00
2.357775566107520870e-01
0.000000000000000000e+00
1.168098279582498733e-01
0.000000000000000000e+00
9.811948738712134022e-02
2.518667789269224966e-01
6.166653201319099997e-01
5.899871674827948942e-01
7.345376168708066533e-01
0.000000000000000000e+00
5.864571930789369558e-02
0.000000000000000000e+00
4.263296956071402910e-01
8.113812562284659080e-01
6.460581891961805212e-01
6.701261395835517165e-01
6.708698221976461262e-01
2.129301172125216413e-01
3.986747870807955674e-01
0.000000000000000000e+00
9.811948738712134022e-02
0.000000000000000000e+00
0.000000000000000000e+00
0.000000000000000000e+00
0.000000000000000000e+00
5.764202836800839114e-01
0.000000000000000000e+00
1.300392471056289190e-01
5.421980492105373806e-01
3.798137278305632747e-01
5.864571930789369558e-02
2.357775566107520870e-01
2.695102615140291258e-01
2.689141205180270999e-01
4.070582012906064917e-01
5.864571930789369558e-02
0.000000000000000000e+00
6.651538644025349889e-01
8.085153582259096972e-01
7.971209701327411912e-01
8.096900182735327078e-01
8.375171881719682965e-01
8.504772754309715133e-01
8.869246967494038847e-01
6.502227433424709879e-01
8.060420420345525416e-01
9.215906614765057014e-01
7.858116450958916310e-01
8.351935108750248027e-01
8.571407885669214410e-01
8.424894633529848020e-01
8.265138391970118237e-01
7.778238330179051419e-01
8.424894633529850241e-01
6.948332584316060379e-01
6.969411783030536878e-01
4.429104259222062523e-01
7.728515578368883032e-01
1.744744805020478906e-01
6.063281879586774892e-01
4.893056306802741062e-01
6.954799932906302606e-01
8.167445705276944468e-01
8.056510029163406195e-01
8.899402336463737573e-01
7.711346770836525755e-01
8.151788713618596249e-01
7.664038021264342193e-01
6.538707195814510431e-01
7.861770414158010256e-01
8.152045141601621525e-01
5.922190834503536783e-01
8.538838514461533080e-01
5.785927793896264992e-01
8.268146596788262803e-01
8.420984242347729909e-01
7.823794262824073087e-01
6.916424398419199759e-01
7.671213045247631257e-01
8.327201946836676472e-01
8.081243191076978860e-01
8.363681709226478134e-01
7.713760773074508359e-01
8.737488520649047130e-01
8.538838514461533080e-01
7.706323946933563152e-01
5.655409308012385727e-01
7.625400684619583203e-01
5.479979170948156009e-01
6.838442049736636053e-01
7.597402889904841805e-01
8.317869348598430079e-01
9.389567031055975344e-01
7.932315936699629866e-01
8.771554280800866188e-01
8.842099803342483577e-01
9.261718975393102848e-01
8.701008758259245468e-01
7.973105473424715317e-01
8.222590664143241135e-01
8.983190848425722796e-01
9.322931899696473845e-01
9.298198737782904510e-01
7.288073635586812538e-01
9.322931899696473845e-01
7.673370619502589696e-01
6.426516131809987264e-01
5.378748409917869511e-01
4.101398567186585464e-01
4.991810421906001660e-01
5.864571930789369558e-02
1.168098279582498733e-01
5.864571930789369558e-02
5.864571930789369558e-02
5.864571930789369558e-02
5.235077086394087642e-01
4.578561273411608790e-01
5.864571930789369558e-02
8.010697668535359250e-01
5.104031689116775850e-01
6.696951621500232266e-01
6.405436933095510765e-01
8.878579565732284129e-01
8.903312727645857905e-01
8.434227231768095523e-01
8.691676160020999076e-01
7.125903391789099039e-01
9.126695895746942400e-01
9.065482971443570293e-01
8.657610399869182238e-01
9.181840854613236846e-01
8.575318276851334742e-01
7.907582774786058311e-01
8.828856813922117963e-01
6.946836195371924871e-01
9.929454477458377060e-01
9.626193188577427673e-01
8.559917713176008469e-01
9.767284233660664672e-01
8.866832965256056243e-01
9.692828319936924730e-01
8.397747469378296081e-01
8.531919918461269292e-01
7.747826533226327417e-01
6.696404848135115717e-01
8.525595525041166356e-01
8.424894633529848020e-01
9.086305742175022626e-01
8.748978693142251961e-01
8.748978693142251961e-01
8.537342125517396463e-01
8.621130637479381686e-01
8.621130637479381686e-01
8.237991227818564077e-01
8.878579565732284129e-01
8.279893197264491800e-01
8.268146596788262803e-01
9.393477422238093455e-01
9.177930463431117625e-01
8.302468784923106027e-01
7.410499484193556752e-01
9.136028493985189902e-01
9.555647666035810284e-01
8.630463235717628079e-01
8.106232780973572360e-01
8.514105352547960415e-01
8.609384037003150469e-01
8.201511465428763525e-01
7.519420541222278098e-01
8.828856813922116853e-01
8.234080836636443745e-01
7.560923127515040143e-01
7.499710203211669146e-01
8.538838514461533080e-01
8.420984242347729909e-01
8.874669174550166018e-01
6.701261395835517165e-01
8.167445705276946688e-01
9.543901065559580177e-01
9.626193188577425452e-01
8.981694459481585069e-01
9.519167903646007511e-01
9.215906614765057014e-01
7.976631908383540193e-01
8.798701444952419237e-01
9.181840854613236846e-01
8.737488520649047130e-01
1.000000000000000000e+00
8.272056987970383135e-01
8.500862363127594801e-01
8.279893197264492910e-01
7.968795699089429307e-01
8.678433170600635682e-01
9.101962733833370844e-01
8.842099803342483577e-01
8.559917713176008469e-01
8.945214697091785627e-01
8.924391926360333294e-01
8.167445705276944468e-01
9.439289782866142620e-01
8.958457686512151241e-01
8.268146596788262803e-01
8.397747469378293861e-01
9.660258948729243400e-01
9.473355543017958347e-01
8.575318276851332522e-01
6.846828491456600219e-01
8.728155922410802958e-01
7.778238330179051419e-01
8.488003329930522423e-01
9.065482971443570293e-01
9.813096594288711616e-01
9.439289782866141509e-01
8.903312727645855684e-01
8.716409321934571741e-01
7.141703338617587660e-01
9.136028493985189902e-01
8.958457686512151241e-01
9.509835305407758899e-01
8.045019856670202474e-01
7.695946207161202812e-01
9.776616831898912174e-01
7.625400684619583203e-01
8.655196397631199634e-01
9.580380827949378508e-01
9.132118102803069570e-01
9.892974715068577618e-01
8.994937448901950683e-01
7.533775963363487094e-01
9.650926350490997008e-01
8.500862363127594801e-01
8.945214697091783407e-01
9.660258948729244510e-01
9.543901065559575736e-01
6.317076844640584499e-01
8.641953408210834020e-01
9.473355543017960567e-01
7.823794262824073087e-01
8.023940657955724864e-01
8.197601074246643194e-01
9.019670610815523348e-01
9.074815569681817795e-01
7.449987451401501870e-01
7.482940778832476436e-01
7.141703338617587660e-01
7.145613729799706881e-01
6.992776084240239776e-01
7.225491850579571773e-01
6.502227433424708769e-01
