3.321660654893002218e-01
6.378470873282781062e-01
5.446026471423311976e-01
6.245466818004737908e-01
8.250413648316796689e-01
4.262736427685377416e-01
3.386946479315124381e-01
8.314822313450518365e-01
3.830581265971161886e-01
4.223390445800364046e-01
4.339501877049320999e-01
6.595971575767892725e-01
5.227625595848420792e-01
6.124010567743701783e-01
7.567433847772585542e-01
6.368345979919473043e-01
5.191566165884231587e-01
7.346646593366650269e-01
6.499927123543818297e-01
7.484095294566992518e-01
7.738555600106072907e-01
7.232572426160481793e-01
5.446026471423311976e-01
5.926597847331939173e-01
4.166691975461302433e-01
6.837725982288490600e-01
6.866424332246278128e-01
7.676184199015140264e-01
7.917938605535738139e-01
8.172398911074818528e-01
7.149233872954888769e-01
1.000000000000000000e+00
9.174247682291832851e-01
7.912614789572127716e-01
6.526761833234476784e-01
8.764658075358570111e-01
8.460532267747041812e-01
8.268443363298891846e-01
7.917938605535738139e-01
6.027966115519627355e-01
7.141851789900020009e-01
7.188230740051644307e-01
6.097719599665426538e-01
6.487221224525336893e-01
8.050942660813780183e-01
5.277291097920869811e-01
5.350504757763154817e-01
4.897343583659989341e-01
4.166691975461302433e-01
4.587123841145915315e-01
3.830581265971161886e-01
5.598353099186297310e-01
2.932508144821348028e-01
4.166691975461302433e-01
4.085041571510240610e-01
3.386946479315124381e-01
8.008659241796202144e-01
7.995953342777718520e-01
4.085041571510240610e-01
3.753815816607218303e-01
7.613812797924209841e-01
4.682645554806073029e-01
3.386946479315124381e-01
4.490556650357924173e-01
6.524180827579303399e-01
5.654630565374683115e-01
0.000000000000000000e+00
0.000000000000000000e+00
1.484640218870164063e-01
7.466921033383551454e-02
7.466921033383551454e-02
2.327543081519114210e-01
0.000000000000000000e+00
0.000000000000000000e+00
0.000000000000000000e+00
0.000000000000000000e+00
7.466921033383551454e-02
0.000000000000000000e+00
3.727175733740685781e-01
2.646963110493436577e-01
0.000000000000000000e+00
7.466921033383551454e-02
0.000000000000000000e+00
1.958946485462972897e-01
1.484640218870164063e-01
0.000000000000000000e+00
0.000000000000000000e+00
0.000000000000000000e+00
1.484640218870164063e-01
7.466921033383551454e-02
0.000000000000000000e+00
7.466921033383551454e-02
0.000000000000000000e+00
0.000000000000000000e+00
1.484640218870164063e-01
1.958946485462972897e-01
0.000000000000000000e+00
0.000000000000000000e+00
0.000000000000000000e+00
0.000000000000000000e+00
1.608441727699818635e-01
0.000000000000000000e+00
0.000000000000000000e+00
7.466921033383551454e-02
7.466921033383551454e-02
7.466921033383551454e-02
7.466921033383551454e-02
7.466921033383551454e-02
7.466921033383551454e-02
1.484640218870164063e-01
7.466921033383551454e-02
1.958946485462972897e-01
0.000000000000000000e+00
5.832590659150652668e-01
7.466921033383551454e-02
7.466921033383551454e-02
7.466921033383551454e-02
0.000000000000000000e+00
1.230179913331084507e-01
0.000000000000000000e+00
7.466921033383551454e-02
7.466921033383551454e-02
0.000000000000000000e+00
0.000000000000000000e+00
0.000000000000000000e+00
7.466921033383551454e-02
0.000000000000000000e+00
0.000000000000000000e+00
1.230179913331084507e-01
0.000000000000000000e+00
0.000000000000000000e+00
1.914666922665030080e-01
1.484640218870164063e-01
0.000000000000000000e+00
0.000000000000000000e+00
7.466921033383551454e-02
7.466921033383551454e-02
7.466921033383551454e-02
0.000000000000000000e+00
0.000000000000000000e+00
7.466921033383551454e-02
4.781076385861192102e-01
2.862405545887292679e-01
0.000000000000000000e+00
1.484640218870164063e-01
3.036441721551969564e-01
4.586601102581999156e-01
7.466921033383551454e-02
2.623565562697885434e-01
2.213406791002052176e-01
0.000000000000000000e+00
2.932508144821348028e-01
0.000000000000000000e+00
0.000000000000000000e+00
7.466921033383551454e-02
0.000000000000000000e+00
0.000000000000000000e+00
0.000000000000000000e+00
1.914666922665030080e-01
0.000000000000000000e+00
0.000000000000000000e+00
4.166691975461302433e-01
7.141851789900020009e-01
0.000000000000000000e+00
7.466921033383551454e-02
4.535421075030677263e-01
1.608441727699818635e-01
0.000000000000000000e+00
7.466921033383551454e-02
5.978300613447177225e-01
0.000000000000000000e+00
0.000000000000000000e+00
0.000000000000000000e+00
0.000000000000000000e+00
0.000000000000000000e+00
0.000000000000000000e+00
7.466921033383551454e-02
0.000000000000000000e+00
0.000000000000000000e+00
0.000000000000000000e+00
2.213406791002052176e-01
7.466921033383551454e-02
0.000000000000000000e+00
7.466921033383551454e-02
2.862405545887292679e-01
1.484640218870164063e-01
0.000000000000000000e+00
7.466921033383551454e-02
7.466921033383551454e-02
0.000000000000000000e+00
7.466921033383551454e-02
0.000000000000000000e+00
7.466921033383551454e-02
0.000000000000000000e+00
0.000000000000000000e+00
0.000000000000000000e+00
7.466921033383551454e-02
0.000000000000000000e+00
2.678047839282268749e-01
7.466921033383551454e-02
4.020982021164777875e-01
7.466921033383551454e-02
0.000000000000000000e+00
7.466921033383551454e-02
1.484640218870164063e-01
4.430571628098038395e-01
0.000000000000000000e+00
7.466921033383551454e-02
3.294560707601508209e-01
7.466921033383551454e-02
0.000000000000000000e+00
0.000000000000000000e+00
5.158415853315005961e-01
0.000000000000000000e+00
3.321660654893002218e-01
5.606828703569360917e-01
1.608441727699818635e-01
5.482085901387500071e-01
1.608441727699818635e-01
3.549021013140587488e-01
3.321660654893002218e-01
7.466921033383551454e-02
0.000000000000000000e+00
7.466921033383551454e-02
7.466921033383551454e-02
7.466921033383551454e-02
1.958946485462972897e-01
1.484640218870164063e-01
7.466921033383551454e-02
1.484640218870164063e-01
7.466921033383551454e-02
0.000000000000000000e+00
0.000000000000000000e+00
0.000000000000000000e+00
0.000000000000000000e+00
0.000000000000000000e+00
1.230179913331084507e-01
7.466921033383551454e-02
7.466921033383551454e-02
7.466921033383551454e-02
5.736546206926579350e-01
2.678047839282268749e-01
0.000000000000000000e+00
0.000000000000000000e+00
3.321660654893002773e-01
0.000000000000000000e+00
0.000000000000000000e+00
7.466921033383551454e-02
0.000000000000000000e+00
7.466921033383551454e-02
0.000000000000000000e+00
2.327543081519114210e-01
0.000000000000000000e+00
7.466921033383551454e-02
1.958946485462972897e-01
1.484640218870164063e-01
0.000000000000000000e+00
7.466921033383551454e-02
7.466921033383551454e-02
2.678047839282268749e-01
0.000000000000000000e+00
7.466921033383551454e-02
0.000000000000000000e+00
0.000000000000000000e+00
0.000000000000000000e+00
1.230179913331084507e-01
7.466921033383551454e-02
7.466921033383551454e-02
0.000000000000000000e+00
0.000000000000000000e+00
0.000000000000000000e+00
7.466921033383551454e-02
0.000000000000000000e+00
0.000000000000000000e+00
7.466921033383551454e-02
1.484640218870164063e-01
7.466921033383551454e-02
0.000000000000000000e+00
4.279672621339274396e-01
0.000000000000000000e+00
5.158415853315005961e-01
2.213406791002052176e-01
1.230179913331084507e-01
2.731943635990135011e-01
0.000000000000000000e+00
2.862405545887292679e-01
0.000000000000000000e+00
0.000000000000000000e+00
0.000000000000000000e+00
7.466921033383551454e-02
1.484640218870164063e-01
1.230179913331084507e-01
1.230179913331084507e-01
3.727175733740685781e-01
5.150511031696219932e-01
0.000000000000000000e+00
3.480076508208007624e-01
3.734536813747086903e-01
1.484640218870164063e-01
3.386946479315124381e-01
7.466921033383551454e-02
1.484640218870164063e-01
7.466921033383551454e-02
7.466921033383551454e-02
7.466921033383551454e-02
0.000000000000000000e+00
0.000000000000000000e+00
0.000000000000000000e+00
0.000000000000000000e+00
1.230179913331084507e-01
3.861472646521577623e-01
1.230179913331084507e-01
0.000000000000000000e+00
0.000000000000000000e+00
1.958946485462972897e-01
0.000000000000000000e+00
0.000000000000000000e+00
7.466921033383551454e-02
2.862405545887292679e-01
0.000000000000000000e+00
0.000000000000000000e+00
7.466921033383551454e-02
1.230179913331084507e-01
0.000000000000000000e+00
0.000000000000000000e+00
0.000000000000000000e+00
7.466921033383551454e-02
0.000000000000000000e+00
7.466921033383551454e-02
1.958946485462972897e-01
7.466921033383551454e-02
2.423587533743189193e-01
0.000000000000000000e+00
7.466921033383551454e-02
7.466921033383551454e-02
1.484640218870164063e-01
7.466921033383551454e-02
0.000000000000000000e+00
0.000000000000000000e+00
0.000000000000000000e+00
1.484640218870164063e-01
0.000000000000000000e+00
0.000000000000000000e+00
7.466921033383551454e-02
0.000000000000000000e+00
0.000000000000000000e+00
1.484640218870164063e-01
0.000000000000000000e+00
7.466921033383551454e-02
1.230179913331084507e-01
0.000000000000000000e+00
0.000000000000000000e+00
7.466921033383551454e-02
7.466921033383551454e-02
6.009936400537534418e-01
1.958946485462972897e-01
3.036441721551969564e-01
5.277291097920869811e-01
3.132486173776044547e-01
3.321660654893002218e-01
6.673986313009873106e-01
1.484640218870164063e-01
7.466921033383551454e-02
5.343892793647216921e-01
3.386946479315124381e-01
7.045807337675944471e-01
3.036441721551969564e-01
6.245466818004739018e-01
7.466921033383551454e-02
7.466921033383551454e-02
8.122733409002368399e-01
5.334338683048187590e-01
0.000000000000000000e+00
4.508586365340018220e-01
4.173724943727914471e-01
7.466921033383551454e-02
7.442691045590724697e-01
4.781076385861192102e-01
1.958946485462972897e-01
5.502308646962221772e-01
4.339501877049320999e-01
2.932508144821348028e-01
4.166691975461302433e-01
5.222650894673063204e-01
2.781981416012890285e-01
4.133962667042751504e-01
1.484640218870164063e-01
5.095521713660157159e-01
0.000000000000000000e+00
7.466921033383551454e-02
4.738927730344983380e-01
6.975174683488833960e-01
7.466921033383551454e-02
4.085041571510240610e-01
8.122733409002368399e-01
4.490556650357924173e-01
5.412876158854084130e-01
7.466921033383551454e-02
4.587123841145916425e-01
5.131581143624345254e-01
1.230179913331084507e-01
3.379057354808576163e-01
0.000000000000000000e+00
7.466921033383551454e-02
0.000000000000000000e+00
3.052806301080909779e-01
3.052806301080909779e-01
3.308210349334581579e-01
4.077680491503839488e-01
0.000000000000000000e+00
2.164310453692175618e-01
2.164310453692175618e-01
4.630177379102428104e-01
4.421152281000381712e-01
6.261459268944045142e-01
8.668613623134495683e-01
7.388050842342916980e-01
2.164310453692175618e-01
1.230179913331084507e-01
5.736546206926580460e-01
1.958946485462972897e-01
1.608441727699818635e-01
0.000000000000000000e+00
7.466921033383551454e-02
4.122544916176593688e-01
0.000000000000000000e+00
2.623565562697885434e-01
7.232572426160479573e-01
6.165414816719969604e-01
3.861472646521577068e-01
0.000000000000000000e+00
7.466921033383551454e-02
0.000000000000000000e+00
7.466921033383551454e-02
7.466921033383551454e-02
3.753815816607218303e-01
7.466921033383551454e-02
7.466921033383551454e-02
1.914666922665030080e-01
0.000000000000000000e+00
5.515758952520642966e-01
4.897343583659988231e-01
2.525855975020656619e-01
5.861289009108441306e-01
2.678047839282268749e-01
1.230179913331084507e-01
2.213406791002052176e-01
4.421152281000381712e-01
5.412876158854084130e-01
7.466921033383551454e-02
1.484640218870164063e-01
0.000000000000000000e+00
4.968190589133984481e-01
2.213406791002052176e-01
7.551441396833279418e-01
7.466921033383551454e-02
3.830581265971161331e-01
1.484640218870164063e-01
5.264585198902388408e-01
7.466921033383551454e-02
7.466921033383551454e-02
3.830581265971161886e-01
0.000000000000000000e+00
1.230179913331084507e-01
0.000000000000000000e+00
5.131581143624346364e-01
1.958946485462972897e-01
1.608441727699818635e-01
4.122544916176593688e-01
0.000000000000000000e+00
0.000000000000000000e+00
7.466921033383551454e-02
7.466921033383551454e-02
2.213406791002052176e-01
2.327543081519114210e-01
7.466921033383551454e-02
7.466921033383551454e-02
1.914666922665030080e-01
7.466921033383551454e-02
0.000000000000000000e+00
7.466921033383551454e-02
7.466921033383551454e-02
0.000000000000000000e+00
2.782353544602524376e-01
5.954947082501471645e-01
1.230179913331084507e-01
2.423587533743189193e-01
3.549021013140587488e-01
1.484640218870164063e-01
3.903621302037785235e-01
7.466921033383551454e-02
6.515919574483123311e-01
2.164310453692175618e-01
3.200225407680433176e-01
7.855567204444809937e-01
6.544268809652654673e-01
0.000000000000000000e+00
5.544457302478430494e-01
6.499927123543818297e-01
8.060362007911439086e-01
7.901946154596433125e-01
7.551441396833279418e-01
9.286284585455211182e-01
7.312973542233505153e-01
7.141851789900020009e-01
7.492356547663172606e-01
6.622806285458552322e-01
4.428185249266994861e-01
6.887391484360940730e-01
6.946476333531046432e-01
8.709668757322509558e-01
5.502308646962221772e-01
3.753815816607218303e-01
3.753815816607218303e-01
3.067200349353922939e-01
2.213406791002052176e-01
6.378470873282781062e-01
4.841061408121078435e-01
4.421152281000381712e-01
5.654630565374684226e-01
3.753815816607217748e-01
7.709857250148286489e-01
2.678047839282268749e-01
6.866424332246277018e-01
3.132486173776044547e-01
1.608441727699818635e-01
3.036441721551969564e-01
2.423587533743189193e-01
3.753815816607217748e-01
6.528625473501604715e-01
1.958946485462972897e-01
3.472715428201606502e-01
5.247848341423143603e-01
6.113885674380392654e-01
1.958946485462972897e-01
4.517196733224456695e-01
2.678047839282268749e-01
5.773505809980546966e-01
5.773505809980546966e-01
7.421723893476062095e-01
4.834972182569058918e-01
3.132486173776044547e-01
2.423587533743189193e-01
2.423587533743189193e-01
1.958946485462972897e-01
1.230179913331084507e-01
1.230179913331084507e-01
1.230179913331084507e-01
1.230179913331084507e-01
1.230179913331084507e-01
3.132486173776044547e-01
1.230179913331084507e-01
1.230179913331084507e-01
6.424849823434405360e-01
1.230179913331084507e-01
2.781981416012890285e-01
4.371486778927931582e-01
4.841061408121078435e-01
1.230179913331084507e-01
2.423587533743189193e-01
4.947753492272377596e-01
6.103043415629039181e-01
1.230179913331084507e-01
1.230179913331084507e-01
3.753815816607217748e-01
2.327543081519114210e-01
1.484640218870164063e-01
5.402033900102730657e-01
4.973165290309342068e-01
2.213406791002052176e-01
1.230179913331084507e-01
1.230179913331084507e-01
1.230179913331084507e-01
1.230179913331084507e-01
3.067200349353922939e-01
2.781981416012890285e-01
5.664755458737992244e-01
1.230179913331084507e-01
5.158415853315005961e-01
1.958946485462972897e-01
1.958946485462972897e-01
6.894773567415808380e-01
4.631465527254752246e-01
1.230179913331084507e-01
5.501015789459373639e-01
1.230179913331084507e-01
4.947753492272377596e-01
4.428185249266993750e-01
4.133962667042750394e-01
4.375717073563349380e-01
1.958946485462972897e-01
3.753815816607217748e-01
3.386946479315124381e-01
1.230179913331084507e-01
4.937105860345153419e-01
6.837725982288490600e-01
5.131581143624345254e-01
1.230179913331084507e-01
5.131581143624347474e-01
3.830581265971161886e-01
6.269720522040225230e-01
1.230179913331084507e-01
1.230179913331084507e-01
5.640501754702506032e-01
6.544268809652654673e-01
4.254126059800940052e-01
7.393025543518276788e-01
1.958946485462972897e-01
1.958946485462972897e-01
5.131581143624347474e-01
1.230179913331084507e-01
3.294560707601508209e-01
1.230179913331084507e-01
1.230179913331084507e-01
1.230179913331084507e-01
1.230179913331084507e-01
1.230179913331084507e-01
5.010124893363309129e-01
3.067200349353922939e-01
3.472715428201606502e-01
3.472715428201606502e-01
1.230179913331084507e-01
4.517196733224456695e-01
2.781981416012890285e-01
4.834972182569058363e-01
3.480076508208007624e-01
1.230179913331084507e-01
5.089432488108138752e-01
2.678047839282268749e-01
3.132486173776044547e-01
6.307838219095669441e-01
2.678047839282268749e-01
4.085041571510240610e-01
1.958946485462972897e-01
1.958946485462972897e-01
1.230179913331084507e-01
4.631465527254753356e-01
1.230179913331084507e-01
1.230179913331084507e-01
2.423587533743189193e-01
1.230179913331084507e-01
1.230179913331084507e-01
3.067200349353922939e-01
1.230179913331084507e-01
1.230179913331084507e-01
1.230179913331084507e-01
3.700863762613943453e-01
3.132486173776044547e-01
6.341511270228812336e-01
5.482085901387500071e-01
2.423587533743189193e-01
3.480076508208007624e-01
1.230179913331084507e-01
1.230179913331084507e-01
1.230179913331084507e-01
1.230179913331084507e-01
1.230179913331084507e-01
1.958946485462972897e-01
1.230179913331084507e-01
4.332663535606837146e-01
1.230179913331084507e-01
6.378470873282781062e-01
6.781222138773554953e-01
1.958946485462972897e-01
4.133962667042751504e-01
8.268443363298895177e-01
3.480076508208007624e-01
5.544457302478430494e-01
3.480076508208007624e-01
1.230179913331084507e-01
3.294560707601508209e-01
1.230179913331084507e-01
1.230179913331084507e-01
1.230179913331084507e-01
1.230179913331084507e-01
1.958946485462972897e-01
1.230179913331084507e-01
1.230179913331084507e-01
1.958946485462972897e-01
3.472715428201606502e-01
1.230179913331084507e-01
4.781076385861192102e-01
6.069021249707639010e-01
2.781981416012890285e-01
3.067200349353922939e-01
1.230179913331084507e-01
2.678047839282268749e-01
6.728975631045935879e-01
6.515919574483123311e-01
4.223390445800364046e-01
4.517196733224456695e-01
5.264585198902388408e-01
2.932508144821348028e-01
4.085041571510240610e-01
7.466921033383551454e-02
2.932508144821348028e-01
2.623565562697885434e-01
1.230179913331084507e-01
1.230179913331084507e-01
1.958946485462972897e-01
1.230179913331084507e-01
1.230179913331084507e-01
1.230179913331084507e-01
1.230179913331084507e-01
1.230179913331084507e-01
1.230179913331084507e-01
1.230179913331084507e-01
3.480076508208007624e-01
2.781981416012890285e-01
1.230179913331084507e-01
1.230179913331084507e-01
1.958946485462972897e-01
1.230179913331084507e-01
1.230179913331084507e-01
1.958946485462972897e-01
1.230179913331084507e-01
5.131581143624346364e-01
4.517196733224456695e-01
1.230179913331084507e-01
5.247848341423143603e-01
3.472715428201606502e-01
1.230179913331084507e-01
2.423587533743189193e-01
1.230179913331084507e-01
1.230179913331084507e-01
1.230179913331084507e-01
4.375717073563349380e-01
1.230179913331084507e-01
2.781981416012890285e-01
3.472715428201606502e-01
1.230179913331084507e-01
1.230179913331084507e-01
7.466921033383551454e-02
1.484640218870164063e-01
3.386946479315124381e-01
1.484640218870164063e-01
1.484640218870164063e-01
1.230179913331084507e-01
4.517196733224456695e-01
3.480076508208007624e-01
4.693293186733299427e-01
1.958946485462972897e-01
6.946476333531046432e-01
6.526761833234476784e-01
1.958946485462972897e-01
1.958946485462972897e-01
1.230179913331084507e-01
6.627607362858247697e-01
1.230179913331084507e-01
1.230179913331084507e-01
1.230179913331084507e-01
3.294560707601508209e-01
2.678047839282268749e-01
1.230179913331084507e-01
1.230179913331084507e-01
1.230179913331084507e-01
1.230179913331084507e-01
1.230179913331084507e-01
3.753815816607217748e-01
3.753815816607218303e-01
1.958946485462972897e-01
3.700863762613943453e-01
1.230179913331084507e-01
3.753815816607218303e-01
1.958946485462972897e-01
2.678047839282268749e-01
1.958946485462972897e-01
2.423587533743189193e-01
3.480076508208007624e-01
2.678047839282268749e-01
3.480076508208007624e-01
4.371486778927931582e-01
7.229634989027913239e-01
6.370209620186599864e-01
7.325679441251986557e-01
5.196889981847846451e-01
8.522903668837972235e-01
8.076354458850745210e-01
4.586601102581999156e-01
1.230179913331084507e-01
5.640501754702506032e-01
7.167263587936981706e-01
1.230179913331084507e-01
1.230179913331084507e-01
7.042520785755120860e-01
5.196889981847845341e-01
1.230179913331084507e-01
6.027966115519625134e-01
1.230179913331084507e-01
2.423587533743189193e-01
4.517196733224456695e-01
3.472715428201606502e-01
7.741493037238640351e-01
5.482085901387500071e-01
1.958946485462972897e-01
3.968930140261284212e-01
1.230179913331084507e-01
1.958946485462972897e-01
1.958946485462972897e-01
3.294560707601508209e-01
4.517196733224456695e-01
1.958946485462972897e-01
7.421723893476062095e-01
1.958946485462972897e-01
2.678047839282268749e-01
1.230179913331084507e-01
1.958946485462972897e-01
2.678047839282268749e-01
5.991006512465658629e-01
3.472715428201606502e-01
1.230179913331084507e-01
1.230179913331084507e-01
1.230179913331084507e-01
1.230179913331084507e-01
3.607012340982497789e-01
1.958946485462972897e-01
3.386946479315124381e-01
5.852813404725375479e-01
5.654630565374683115e-01
1.230179913331084507e-01
1.230179913331084507e-01
3.968930140261284212e-01
1.230179913331084507e-01
4.173724943727914471e-01
3.480076508208007624e-01
3.480076508208007624e-01
2.423587533743189193e-01
1.958946485462972897e-01
1.230179913331084507e-01
1.230179913331084507e-01
1.230179913331084507e-01
1.230179913331084507e-01
1.230179913331084507e-01
1.230179913331084507e-01
1.230179913331084507e-01
1.230179913331084507e-01
1.230179913331084507e-01
1.230179913331084507e-01
2.423587533743189193e-01
3.132486173776044547e-01
1.230179913331084507e-01
1.230179913331084507e-01
3.607012340982497789e-01
1.230179913331084507e-01
1.230179913331084507e-01
2.678047839282268749e-01
3.700863762613943453e-01
3.386946479315124381e-01
1.230179913331084507e-01
1.958946485462972897e-01
1.230179913331084507e-01
1.230179913331084507e-01
6.307838219095669441e-01
1.230179913331084507e-01
1.230179913331084507e-01
1.230179913331084507e-01
8.823742924528676923e-01
5.773505809980546966e-01
2.678047839282268749e-01
3.386946479315124381e-01
6.720714377949753571e-01
8.268443363298894067e-01
6.983435936585014048e-01
