7.793995739359709241e-01
9.240338304080337739e-01
6.274672347520384719e-01
8.345496804519783041e-01
9.240338304080337739e-01
7.929175543000602788e-01
8.345496804519783041e-01
6.274672347520384719e-01
6.798635456111303821e-01
8.688837238920263939e-01
8.688837238920263939e-01
8.688837238920263939e-01
9.240338304080337739e-01
6.798635456111303821e-01
8.137336173760192359e-01
6.274672347520384719e-01
7.242494674199636551e-01
7.793995739359709241e-01
3.038646783678647934e-01
9.105158500439444191e-01
8.896997869679852400e-01
7.558297152030963861e-01
8.688837238920263939e-01
8.345496804519783041e-01
1.000000000000000000e+00
9.105158500439444191e-01
1.000000000000000000e+00
1.000000000000000000e+00
7.793995739359709241e-01
9.105158500439444191e-01
9.105158500439444191e-01
9.448498934839926200e-01
7.034334043440046980e-01
9.105158500439444191e-01
1.000000000000000000e+00
8.345496804519783041e-01
8.553657435279370391e-01
7.929175543000602788e-01
9.240338304080337739e-01
9.240338304080337739e-01
8.688837238920263939e-01
7.450655304959227232e-01
8.345496804519783041e-01
8.137336173760190139e-01
6.899154239799153432e-01
7.242494674199637661e-01
6.455295021710821812e-01
6.455295021710821812e-01
6.455295021710821812e-01
6.455295021710821812e-01
6.455295021710821812e-01
7.793995739359709241e-01
6.139492543879492281e-01
6.899154239799153432e-01
8.345496804519783041e-01
6.899154239799153432e-01
7.793995739359709241e-01
6.899154239799153432e-01
6.139492543879492281e-01
5.723171282360312029e-01
6.274672347520384719e-01
7.350136521271375400e-01
7.350136521271377621e-01
6.274672347520384719e-01
7.929175543000602788e-01
9.448498934839926200e-01
7.793995739359709241e-01
9.240338304080337739e-01
7.350136521271377621e-01
8.688837238920263939e-01
8.137336173760191249e-01
7.793995739359709241e-01
8.553657435279370391e-01
9.656659565599516881e-01
8.137336173760192359e-01
9.105158500439444191e-01
7.793995739359709241e-01
8.688837238920266159e-01
7.929175543000602788e-01
4.237752261309524204e-01
4.384470564711425156e-01
1.369322602341841166e-01
8.688837238920263939e-01
2.702429412662054053e-01
3.444186194601326911e-01
3.995687259761399601e-01
2.150928347501981919e-01
0.000000000000000000e+00
3.995687259761399601e-01
0.000000000000000000e+00
3.995687259761399601e-01
3.444186194601326911e-01
1.369322602341841166e-01
0.000000000000000000e+00
3.444186194601326911e-01
1.369322602341841166e-01
0.000000000000000000e+00
1.369322602341841166e-01
4.384470564711425156e-01
1.369322602341841166e-01
0.000000000000000000e+00
0.000000000000000000e+00
2.702429412662054053e-01
0.000000000000000000e+00
2.684524498681664650e-01
0.000000000000000000e+00
0.000000000000000000e+00
0.000000000000000000e+00
2.702429412662054053e-01
0.000000000000000000e+00
0.000000000000000000e+00
0.000000000000000000e+00
1.369322602341841166e-01
1.369322602341841166e-01
3.933488283239203187e-01
0.000000000000000000e+00
0.000000000000000000e+00
2.150928347501981919e-01
0.000000000000000000e+00
4.384470564711424601e-01
0.000000000000000000e+00
0.000000000000000000e+00
0.000000000000000000e+00
1.369322602341841166e-01
3.995687259761399601e-01
3.933488283239203187e-01
6.443756521949813854e-01
5.244651044318937583e-01
2.702429412662054053e-01
1.369322602341841166e-01
0.000000000000000000e+00
0.000000000000000000e+00
1.369322602341841166e-01
0.000000000000000000e+00
3.933488283239203187e-01
1.369322602341841166e-01
0.000000000000000000e+00
1.369322602341841166e-01
0.000000000000000000e+00
3.444186194601326911e-01
3.444186194601326911e-01
5.340754391629668474e-01
3.242391978061118230e-01
3.995687259761399601e-01
5.132593760870077793e-01
6.482832978279975400e-01
1.369322602341841166e-01
0.000000000000000000e+00
1.369322602341841166e-01
7.558297152030964972e-01
0.000000000000000000e+00
2.150928347501981919e-01
3.444186194601326911e-01
6.274672347520384719e-01
0.000000000000000000e+00
3.038646783678647934e-01
5.892255456789742274e-01
6.482832978279975400e-01
7.450655304959227232e-01
5.892255456789742274e-01
8.896997869679852400e-01
8.109798217191036551e-01
7.558297152030964972e-01
7.350136521271377621e-01
8.109798217191038772e-01
7.034334043440046980e-01
6.443756521949813854e-01
5.892255456789741164e-01
5.379830847959830020e-01
6.455295021710821812e-01
7.006796086870892282e-01
5.903793956550749122e-01
6.455295021710821812e-01
6.798635456111303821e-01
5.892255456789741164e-01
5.132593760870077793e-01
5.892255456789742274e-01
