6.537580130206145368e-01
7.455121234850922152e-01
7.899069280848516339e-01
6.150320520824585913e-01
7.277021698715255837e-01
8.194562803360035952e-01
8.638510849357626808e-01
7.994425762028019022e-01
6.321912820319017801e-01
7.629203657842807962e-01
8.194562803360035952e-01
8.755904835733480107e-01
9.066928626800109248e-01
8.521116862981777951e-01
8.832140654048407091e-01
7.883539012293403481e-01
2.558993509243554509e-01
4.510607324138604102e-01
3.738366010606474776e-01
8.664783375068906002e-02
5.293484965939626585e-01
2.139172044880628676e-01
4.690984765505260556e-01
0.000000000000000000e+00
0.000000000000000000e+00
5.249409955546929796e-01
3.452060239826352794e-01
0.000000000000000000e+00
1.819551940734444040e-01
7.899069280848516339e-01
2.139172044880628676e-01
0.000000000000000000e+00
3.738366010606474776e-01
1.819551940734444040e-01
0.000000000000000000e+00
8.664783375068906002e-02
2.643825640638038377e-01
0.000000000000000000e+00
0.000000000000000000e+00
6.204518833943166722e-01
1.819551940734444040e-01
3.072243418080518595e-01
0.000000000000000000e+00
2.247969718176924814e-01
7.705439476157738277e-01
0.000000000000000000e+00
0.000000000000000000e+00
0.000000000000000000e+00
4.884187851361718180e-01
8.664783375068906002e-02
0.000000000000000000e+00
2.947406644068943926e-01
0.000000000000000000e+00
8.664783375068906002e-02
7.394415685091108026e-01
3.342747978187012858e-01
6.185398171078594354e-01
0.000000000000000000e+00
6.889762089333696382e-01
8.664783375068906002e-02
7.011173188853332405e-01
5.893495042876538692e-01
8.133857253600217385e-01
6.500012356454685225e-01
6.506519593095921872e-01
7.144097443784293011e-01
6.195495802029290511e-01
5.456054233520180041e-01
6.578738298267067242e-01
8.521116862981777951e-01
8.755904835733480107e-01
8.077168816984184874e-01
7.572515221226773230e-01
8.638510849357626808e-01
9.260558431490887310e-01
8.077168816984184874e-01
7.766145025917553513e-01
9.688976208933370859e-01
8.505586594426665092e-01
7.822833462533588245e-01
9.066928626800109248e-01
8.873298822109330075e-01
9.260558431490889530e-01
8.873298822109330075e-01
7.899069280848516339e-01
6.461344311891217274e-01
8.562275031042699824e-01
8.444881044666848746e-01
8.934004371869146421e-01
7.648751039541702434e-01
8.873298822109330075e-01
7.683401970961388772e-01
8.873298822109328965e-01
7.572515221226774340e-01
8.388192608050814014e-01
9.245028162935775562e-01
7.689909207602626529e-01
7.766145025917554623e-01
8.210093071915148810e-01
6.506519593095922982e-01
7.899069280848516339e-01
8.092699085539296622e-01
9.377952417866741719e-01
8.251251239976068463e-01
7.883539012293404591e-01
7.254984193518908553e-01
7.470651503406036120e-01
8.832140654048407091e-01
7.455121234850924372e-01
7.766145025917554623e-01
8.505586594426665092e-01
8.444881044666848746e-01
8.210093071915146590e-01
8.714746667672556013e-01
8.638510849357626808e-01
8.622980580802515060e-01
7.648751039541702434e-01
7.572515221226774340e-01
7.083391894024477775e-01
8.949534640424258169e-01
5.680744575321184930e-01
3.141036448759723654e-01
5.443678697338494299e-01
7.277021698715256948e-01
3.931995815297255059e-01
4.704237128829384385e-01
5.893495042876537582e-01
3.177023978233031731e-01
1.408727836510206000e-01
3.452060239826352794e-01
2.558993509243554509e-01
3.427342219539845636e-01
8.664783375068906002e-02
1.719751627576835695e-01
8.664783375068906002e-02
0.000000000000000000e+00
8.664783375068906002e-02
5.119402542947741885e-01
0.000000000000000000e+00
1.719751627576835695e-01
2.247969718176924814e-01
5.430426334014371026e-01
3.072243418080518595e-01
3.949265291765161057e-01
4.982461174872994114e-01
5.767078024586810292e-01
7.394415685091108026e-01
8.210093071915146590e-01
6.537580130206146478e-01
7.899069280848516339e-01
8.816610385493295343e-01
8.194562803360035952e-01
8.327487058290997668e-01
9.143164445115038452e-01
9.377952417866741719e-01
8.622980580802515060e-01
8.949534640424259280e-01
8.755904835733477887e-01
8.133857253600217385e-01
8.755904835733477887e-01
8.194562803360035952e-01
8.444881044666848746e-01
8.444881044666848746e-01
7.664281308096815293e-01
8.311956789735884810e-01
7.705439476157737166e-01
7.061354388828128270e-01
8.444881044666846526e-01
8.622980580802515060e-01
7.705439476157738277e-01
8.832140654048407091e-01
6.696132284642917210e-01
7.394415685091108026e-01
7.254984193518908553e-01
7.261491430160144089e-01
9.377952417866741719e-01
8.016463267224368527e-01
8.327487058290997668e-01
8.505586594426665092e-01
8.638510849357629029e-01
6.188988565388056085e-01
6.537580130206145368e-01
7.394415685091108026e-01
6.204518833943166722e-01
7.372378179894758521e-01
6.134790252269474164e-01
7.007156075709547460e-01
5.262424428829400869e-01
4.701082396455957269e-01
5.573448219896031119e-01
4.704237128829384385e-01
6.195495802029290511e-01
4.884187851361718180e-01
9.066928626800109248e-01
7.705439476157737166e-01
7.588045489781887198e-01
8.077168816984184874e-01
3.880478017268834123e-01
8.133857253600217385e-01
8.505586594426665092e-01
7.883539012293405701e-01
9.184322613175959216e-01
6.715679666341813903e-01
7.144097443784293011e-01
7.572515221226774340e-01
6.924839739587703713e-01
8.327487058290997668e-01
7.061354388828129380e-01
6.943960402452279412e-01
5.395348683760363695e-01
2.558993509243554509e-01
3.072243418080518595e-01
5.443678697338494299e-01
5.823766461202845024e-01
5.217249147624696270e-01
6.302792157454445432e-01
8.210093071915146590e-01
6.578738298267067242e-01
3.072243418080518595e-01
1.719751627576835695e-01
6.613815948521074572e-01
3.177023978233031731e-01
7.144097443784294121e-01
6.134790252269474164e-01
5.884472010962661370e-01
2.947406644068943926e-01
8.755904835733480107e-01
1.819551940734444040e-01
6.074084702509657818e-01
4.179823933106615041e-01
3.072243418080518595e-01
1.719751627576835695e-01
0.000000000000000000e+00
5.132654906271865158e-01
7.378885416535994057e-01
6.134790252269474164e-01
3.072243418080518595e-01
1.719751627576835695e-01
2.698662890857405627e-01
3.738366010606474776e-01
6.185398171078594354e-01
8.664783375068906002e-02
1.408727836510206000e-01
4.788831370182216052e-01
6.632936611385648051e-01
1.719751627576835695e-01
2.247969718176924814e-01
4.084467451927113468e-01
5.084324892693734554e-01
8.664783375068906002e-02
0.000000000000000000e+00
3.383267209147148846e-01
2.558993509243554509e-01
1.719751627576835695e-01
3.072243418080519706e-01
0.000000000000000000e+00
8.664783375068906002e-02
2.247969718176924814e-01
0.000000000000000000e+00
4.399081637303204340e-01
1.719751627576835695e-01
0.000000000000000000e+00
2.247969718176924814e-01
1.408727836510206000e-01
8.664783375068906002e-02
3.342747978187012858e-01
2.947406644068943926e-01
3.072243418080518595e-01
6.071594579012205006e-01
8.664783375068906002e-02
0.000000000000000000e+00
4.701082396455957269e-01
5.252326797878703601e-01
0.000000000000000000e+00
0.000000000000000000e+00
1.819551940734444040e-01
0.000000000000000000e+00
2.139172044880628676e-01
8.664783375068906002e-02
4.360413592739735833e-01
1.408727836510206000e-01
1.719751627576835695e-01
1.719751627576835695e-01
3.342747978187012858e-01
0.000000000000000000e+00
3.342747978187012858e-01
0.000000000000000000e+00
8.664783375068906002e-02
2.139172044880628676e-01
6.188988565388056085e-01
8.664783375068906002e-02
7.007156075709547460e-01
4.890695088002954272e-01
5.645666925067177599e-01
4.671437383806364974e-01
6.385108493576286959e-01
6.522049861651033620e-01
3.072243418080518595e-01
3.569454226202203873e-01
6.924839739587703713e-01
7.899069280848516339e-01
6.537580130206145368e-01
8.133857253600217385e-01
1.719751627576835695e-01
2.698662890857405627e-01
2.947406644068943926e-01
5.015260919896014080e-01
2.643825640638038377e-01
0.000000000000000000e+00
3.177023978233031731e-01
4.510607324138604102e-01
0.000000000000000000e+00
0.000000000000000000e+00
6.385108493576288069e-01
1.719751627576835695e-01
0.000000000000000000e+00
0.000000000000000000e+00
4.512885229369593687e-01
1.819551940734444040e-01
2.247969718176924814e-01
0.000000000000000000e+00
2.558993509243554509e-01
8.664783375068906002e-02
2.774234100296360528e-01
0.000000000000000000e+00
2.558993509243554509e-01
8.664783375068906002e-02
0.000000000000000000e+00
0.000000000000000000e+00
0.000000000000000000e+00
0.000000000000000000e+00
0.000000000000000000e+00
1.719751627576835695e-01
0.000000000000000000e+00
0.000000000000000000e+00
3.342747978187012858e-01
8.664783375068906002e-02
8.664783375068906002e-02
0.000000000000000000e+00
2.774234100296360528e-01
2.799214119599671147e-01
0.000000000000000000e+00
0.000000000000000000e+00
0.000000000000000000e+00
0.000000000000000000e+00
0.000000000000000000e+00
0.000000000000000000e+00
0.000000000000000000e+00
3.427342219539845636e-01
0.000000000000000000e+00
0.000000000000000000e+00
3.452060239826352794e-01
5.132654906271865158e-01
4.191501808335463264e-01
3.072243418080518595e-01
0.000000000000000000e+00
8.664783375068906002e-02
8.664783375068906002e-02
1.719751627576835695e-01
5.512742670136215883e-01
5.443678697338494299e-01
5.119402542947741885e-01
6.195495802029290511e-01
6.889762089333697492e-01
4.788831370182216052e-01
6.965997907648626697e-01
7.200785880400327743e-01
7.277021698715255837e-01
5.262424428829400869e-01
7.200785880400327743e-01
6.889762089333696382e-01
8.755904835733480107e-01
8.755904835733480107e-01
9.066928626800109248e-01
7.899069280848516339e-01
7.705439476157737166e-01
8.444881044666848746e-01
6.500012356454685225e-01
6.195495802029290511e-01
7.394415685091108026e-01
4.701082396455957269e-01
5.456054233520180041e-01
3.880478017268834123e-01
1.719751627576835695e-01
0.000000000000000000e+00
6.889762089333697492e-01
6.188988565388056085e-01
8.664783375068906002e-02
3.783541291811179930e-01
8.664783375068906002e-02
1.408727836510206000e-01
0.000000000000000000e+00
8.664783375068906002e-02
0.000000000000000000e+00
0.000000000000000000e+00
2.570506664654883533e-01
0.000000000000000000e+00
8.664783375068906002e-02
1.408727836510206000e-01
3.383267209147148846e-01
0.000000000000000000e+00
4.788831370182216052e-01
8.664783375068906002e-02
8.664783375068906002e-02
0.000000000000000000e+00
8.664783375068906002e-02
0.000000000000000000e+00
0.000000000000000000e+00
8.664783375068906002e-02
2.558993509243554509e-01
4.671437383806364974e-01
3.383267209147148846e-01
3.452060239826352794e-01
4.275819351386903611e-01
3.503578037854773730e-01
2.139172044880628676e-01
5.456054233520181151e-01
1.719751627576835695e-01
2.386064611695500326e-01
2.558993509243554509e-01
5.566940983254796693e-01
2.947406644068943926e-01
2.558993509243554509e-01
8.664783375068906002e-02
1.408727836510206000e-01
3.452060239826352794e-01
1.819551940734444040e-01
3.072243418080518595e-01
7.067861625469364917e-01
6.750330597761499130e-01
1.408727836510206000e-01
1.719751627576835695e-01
0.000000000000000000e+00
3.427342219539845636e-01
1.819551940734444040e-01
2.247969718176924814e-01
3.452060239826352794e-01
3.452060239826352794e-01
7.083391894024477775e-01
0.000000000000000000e+00
4.510607324138604102e-01
4.704237128829384385e-01
1.719751627576835695e-01
2.774234100296360528e-01
5.119402542947741885e-01
5.798138561697036009e-01
6.817543384162552123e-01
5.754702488405123439e-01
5.573448219896031119e-01
6.750330597761499130e-01
9.066928626800107027e-01
9.495346404242590577e-01
7.144097443784293011e-01
8.311956789735884810e-01
6.185398171078594354e-01
5.756980393636113025e-01
4.179823933106615041e-01
4.941303006812074461e-01
6.074084702509657818e-01
6.385108493576286959e-01
7.372378179894759631e-01
6.071594579012205006e-01
8.327487058290997668e-01
6.833073652717663871e-01
7.144097443784294121e-01
6.639443848026883588e-01
4.360413592739735833e-01
2.247969718176924814e-01
8.664783375068906002e-02
7.261491430160145200e-01
5.145030442453550901e-01
3.452060239826352794e-01
3.880478017268834123e-01
6.185398171078594354e-01
6.811036147521315476e-01
3.072243418080518595e-01
3.452060239826352794e-01
6.404655875275183652e-01
5.132654906271865158e-01
6.185398171078594354e-01
4.951400637762771173e-01
3.072243418080518595e-01
4.360413592739734723e-01
5.767078024586810292e-01
2.247969718176924814e-01
1.719751627576835695e-01
6.889762089333697492e-01
7.572515221226774340e-01
6.211026070584403369e-01
4.243019606363884200e-01
6.211026070584403369e-01
8.638510849357626808e-01
7.470651503406037230e-01
8.832140654048407091e-01
8.327487058290997668e-01
7.011173188853332405e-01
8.622980580802515060e-01
8.016463267224367417e-01
7.822833462533587134e-01
7.372378179894759631e-01
7.394415685091108026e-01
7.566007984585538804e-01
9.688976208933368639e-01
3.569454226202203873e-01
5.991768366387814071e-01
8.664783375068906002e-02
7.822833462533587134e-01
1.719751627576835695e-01
3.383267209147148846e-01
1.719751627576835695e-01
8.664783375068906002e-02
8.664783375068906002e-02
1.719751627576835695e-01
0.000000000000000000e+00
0.000000000000000000e+00
2.247969718176924814e-01
5.956690716133806740e-01
1.719751627576835695e-01
2.643825640638038377e-01
1.719751627576835695e-01
6.613815948521074572e-01
5.991768366387814071e-01
8.311956789735884810e-01
6.826566416076427224e-01
5.132654906271864048e-01
6.578738298267067242e-01
6.195495802029290511e-01
7.705439476157737166e-01
7.822833462533587134e-01
9.066928626800107027e-01
8.327487058290997668e-01
7.011173188853331295e-01
7.455121234850925482e-01
8.016463267224368527e-01
5.249409955546929796e-01
4.982461174872994114e-01
7.318179866776177711e-01
3.383267209147148846e-01
2.247969718176924814e-01
6.811036147521315476e-01
2.247969718176924814e-01
3.177023978233032286e-01
6.889762089333696382e-01
8.521116862981775730e-01
8.664783375068906002e-02
2.947406644068943926e-01
8.664783375068906002e-02
1.719751627576835695e-01
3.141036448759723654e-01
0.000000000000000000e+00
2.386064611695500326e-01
3.177023978233031731e-01
2.247969718176924814e-01
0.000000000000000000e+00
5.798138561697036009e-01
4.199583533071974961e-01
4.199583533071974961e-01
3.450479995548201839e-01
8.664783375068906002e-02
3.072243418080518595e-01
3.072243418080518595e-01
8.664783375068906002e-02
0.000000000000000000e+00
5.760570787945575866e-01
5.680744575321184930e-01
4.393213337762754134e-01
6.537580130206145368e-01
5.573448219896031119e-01
6.750330597761499130e-01
4.704237128829384385e-01
2.558993509243554509e-01
7.042233725963554791e-01
6.074084702509657818e-01
6.811036147521315476e-01
3.949265291765161057e-01
3.880478017268834123e-01
7.061354388828129380e-01
4.275819351386903611e-01
2.558993509243554509e-01
8.664783375068906002e-02
3.503578037854773730e-01
4.199583533071974961e-01
0.000000000000000000e+00
6.150320520824585913e-01
3.638241500698531916e-01
3.868800142039985901e-01
1.819551940734444040e-01
1.719751627576835695e-01
2.558993509243554509e-01
3.141036448759723654e-01
3.880478017268834123e-01
5.217249147624696270e-01
0.000000000000000000e+00
4.522982860320290399e-01
7.144097443784294121e-01
5.991768366387814071e-01
1.719751627576835695e-01
6.404655875275183652e-01
7.572515221226774340e-01
2.643825640638038377e-01
8.664783375068906002e-02
6.188988565388056085e-01
3.880478017268834123e-01
9.260558431490887310e-01
6.578738298267068352e-01
6.188988565388056085e-01
8.133857253600217385e-01
4.671437383806364974e-01
6.522049861651034730e-01
6.578738298267067242e-01
6.321912820319018911e-01
7.588045489781887198e-01
8.638510849357626808e-01
6.889762089333697492e-01
7.566007984585538804e-01
5.132654906271864048e-01
1.719751627576835695e-01
6.500012356454685225e-01
8.873298822109328965e-01
6.613815948521074572e-01
6.267714507200438101e-01
6.071594579012206117e-01
6.772368102957846414e-01
7.067861625469364917e-01
7.899069280848516339e-01
7.261491430160145200e-01
2.247969718176924814e-01
5.604508757006255726e-01
7.061354388828129380e-01
0.000000000000000000e+00
1.819551940734444040e-01
4.573164060295087929e-01
1.719751627576835695e-01
4.960423669676647385e-01
8.664783375068906002e-02
2.139172044880628676e-01
4.094565082877809625e-01
0.000000000000000000e+00
8.664783375068906002e-02
0.000000000000000000e+00
0.000000000000000000e+00
0.000000000000000000e+00
8.664783375068906002e-02
2.698662890857405627e-01
0.000000000000000000e+00
8.664783375068906002e-02
8.664783375068906002e-02
0.000000000000000000e+00
1.719751627576835695e-01
3.880478017268834123e-01
2.643825640638038377e-01
7.061354388828129380e-01
4.671437383806364974e-01
8.327487058290997668e-01
7.254984193518909663e-01
6.385108493576286959e-01
1.719751627576835695e-01
5.976238097832702323e-01
4.906225356558067685e-01
5.015260919896014080e-01
8.664783375068906002e-02
3.452060239826352794e-01
5.874374380011965213e-01
4.716612665011069572e-01
2.643825640638038377e-01
8.664783375068906002e-02
4.884187851361718180e-01
1.408727836510206000e-01
8.664783375068906002e-02
2.558993509243554509e-01
4.360413592739735833e-01
0.000000000000000000e+00
8.664783375068906002e-02
6.500012356454685225e-01
2.570506664654883533e-01
0.000000000000000000e+00
1.719751627576835695e-01
1.719751627576835695e-01
3.072243418080519706e-01
1.408727836510206000e-01
9.571582222557518671e-01
0.000000000000000000e+00
1.719751627576835695e-01
7.689909207602626529e-01
0.000000000000000000e+00
2.247969718176924814e-01
4.510607324138605212e-01
4.884187851361718180e-01
4.199583533071974961e-01
6.826566416076428334e-01
2.643825640638038377e-01
0.000000000000000000e+00
1.408727836510206000e-01
2.247969718176924814e-01
1.719751627576835695e-01
0.000000000000000000e+00
8.664783375068906002e-02
8.664783375068906002e-02
0.000000000000000000e+00
2.247969718176924814e-01
6.256201351789107967e-01
0.000000000000000000e+00
1.408727836510206000e-01
3.342747978187013413e-01
1.719751627576835695e-01
2.698662890857405627e-01
4.094565082877809625e-01
2.947406644068943926e-01
0.000000000000000000e+00
4.199583533071974961e-01
8.664783375068906002e-02
8.664783375068906002e-02
0.000000000000000000e+00
1.719751627576835695e-01
2.558993509243554509e-01
3.383267209147148846e-01
2.558993509243554509e-01
3.880478017268834123e-01
5.767078024586810292e-01
6.889762089333697492e-01
6.226556339139515117e-01
6.889762089333697492e-01
6.750330597761500240e-01
6.750330597761499130e-01
4.191501808335463264e-01
4.510607324138604102e-01
4.510607324138604102e-01
3.072243418080519706e-01
6.204518833943166722e-01
5.369720784254555790e-01
8.664783375068906002e-02
1.719751627576835695e-01
5.445956602569483884e-01
1.719751627576835695e-01
3.931995815297255059e-01
5.566940983254795583e-01
1.719751627576835695e-01
3.450479995548201839e-01
5.456054233520181151e-01
3.738366010606474776e-01
1.819551940734444040e-01
4.951400637762771173e-01
6.032926534448735945e-01
7.318179866776177711e-01
5.084324892693734554e-01
8.664783375068906002e-02
5.915532548072885977e-01
7.067861625469364917e-01
3.450479995548201839e-01
8.664783375068906002e-02
4.573164060295089040e-01
3.638241500698531916e-01
0.000000000000000000e+00
4.510607324138604102e-01
2.558993509243554509e-01
1.819551940734444040e-01
4.316338582347040154e-01
0.000000000000000000e+00
0.000000000000000000e+00
8.664783375068906002e-02
1.408727836510206000e-01
0.000000000000000000e+00
0.000000000000000000e+00
3.072243418080518595e-01
7.200785880400327743e-01
1.408727836510206000e-01
1.408727836510206000e-01
2.139172044880628676e-01
4.906225356558067685e-01
8.664783375068906002e-02
8.664783375068906002e-02
3.177023978233031731e-01
3.931995815297255059e-01
1.719751627576835695e-01
1.408727836510206000e-01
5.817259224561609487e-01
0.000000000000000000e+00
3.452060239826352794e-01
3.880478017268834123e-01
7.007156075709547460e-01
4.510607324138604102e-01
7.899069280848516339e-01
8.016463267224368527e-01
7.200785880400326633e-01
8.194562803360037062e-01
8.832140654048407091e-01
8.133857253600217385e-01
8.638510849357626808e-01
6.924839739587704823e-01
9.571582222557518671e-01
8.311956789735884810e-01
8.311956789735888140e-01
7.083391894024477775e-01
9.377952417866738388e-01
7.061354388828128270e-01
7.822833462533587134e-01
8.832140654048409312e-01
6.924839739587703713e-01
6.613815948521074572e-01
9.066928626800109248e-01
9.245028162935775562e-01
8.210093071915146590e-01
9.260558431490889530e-01
8.133857253600217385e-01
8.873298822109328965e-01
8.194562803360035952e-01
8.505586594426665092e-01
5.884472010962661370e-01
8.210093071915146590e-01
9.688976208933368639e-01
9.688976208933368639e-01
9.571582222557518671e-01
9.066928626800109248e-01
8.251251239976068463e-01
9.377952417866738388e-01
9.184322613175959216e-01
8.622980580802517281e-01
8.210093071915146590e-01
7.705439476157737166e-01
5.015260919896014080e-01
5.132654906271864048e-01
4.393213337762754134e-01
5.015260919896014080e-01
5.443678697338494299e-01
5.027636456077699822e-01
5.456054233520181151e-01
5.456054233520181151e-01
4.094565082877809625e-01
5.884472010962661370e-01
5.884472010962661370e-01
5.027636456077699822e-01
5.027636456077699822e-01
5.884472010962660260e-01
5.767078024586810292e-01
5.767078024586810292e-01
5.145030442453550901e-01
5.445956602569483884e-01
6.302792157454445432e-01
6.302792157454445432e-01
6.185398171078594354e-01
5.395348683760363695e-01
6.150320520824585913e-01
6.321912820319017801e-01
7.372378179894758521e-01
7.011173188853330185e-01
7.822833462533587134e-01
7.572515221226774340e-01
7.572515221226773230e-01
8.327487058290997668e-01
9.066928626800109248e-01
8.755904835733480107e-01
7.766145025917554623e-01
7.689909207602625418e-01
8.016463267224367417e-01
7.572515221226774340e-01
8.873298822109328965e-01
8.832140654048409312e-01
8.505586594426665092e-01
7.572515221226774340e-01
6.750330597761499130e-01
7.572515221226774340e-01
8.327487058290997668e-01
8.638510849357626808e-01
8.311956789735885920e-01
8.638510849357626808e-01
7.883539012293405701e-01
6.188988565388057195e-01
8.505586594426665092e-01
6.833073652717664981e-01
8.755904835733480107e-01
8.388192608050814014e-01
8.816610385493295343e-01
8.327487058290997668e-01
8.327487058290997668e-01
8.016463267224367417e-01
8.873298822109328965e-01
9.806370195309219717e-01
8.210093071915145480e-01
7.766145025917553513e-01
6.150320520824585913e-01
6.889762089333697492e-01
7.061354388828129380e-01
3.072243418080519706e-01
4.390058605389328128e-01
8.327487058290997668e-01
4.704237128829384385e-01
4.243019606363884200e-01
6.772368102957846414e-01
1.408727836510206000e-01
8.664783375068906002e-02
8.664783375068906002e-02
6.185398171078594354e-01
5.893495042876537582e-01
2.247969718176924814e-01
6.328420056960254447e-01
3.638241500698531916e-01
8.664783375068906002e-02
0.000000000000000000e+00
0.000000000000000000e+00
3.503578037854773730e-01
0.000000000000000000e+00
0.000000000000000000e+00
1.719751627576835695e-01
2.643825640638038377e-01
0.000000000000000000e+00
1.408727836510206000e-01
1.408727836510206000e-01
3.342747978187012858e-01
2.643825640638038377e-01
0.000000000000000000e+00
2.558993509243554509e-01
3.931995815297255059e-01
3.177023978233031731e-01
4.960423669676647385e-01
5.132654906271865158e-01
6.321912820319017801e-01
5.456054233520180041e-01
5.443678697338494299e-01
5.991768366387814071e-01
3.177023978233032286e-01
3.383267209147148846e-01
8.194562803360035952e-01
8.077168816984184874e-01
4.191501808335463264e-01
5.027636456077699822e-01
5.874374380011964103e-01
3.383267209147148846e-01
5.015260919896014080e-01
6.613815948521074572e-01
2.139172044880628676e-01
2.139172044880628676e-01
2.643825640638038377e-01
2.139172044880628676e-01
2.643825640638038377e-01
4.522982860320290399e-01
5.456054233520181151e-01
5.456054233520181151e-01
5.456054233520181151e-01
5.456054233520180041e-01
4.951400637762771173e-01
6.302792157454445432e-01
7.566007984585537693e-01
7.200785880400326633e-01
6.109162352763665149e-01
6.506519593095921872e-01
5.027636456077699822e-01
1.000000000000000000e+00
8.210093071915146590e-01
2.947406644068943926e-01
3.452060239826352794e-01
