2.486668444618587159e-01
5.339471529439109299e-01
6.276899645474505185e-01
4.901156212582315486e-01
8.736589599714696952e-01
6.653282548015992948e-01
5.217067860643231914e-01
5.454211899262475516e-01
7.506744622594599958e-01
7.300374912341934808e-01
5.578998340231527964e-01
7.506744622594602179e-01
0.000000000000000000e+00
0.000000000000000000e+00
0.000000000000000000e+00
8.410567602361665451e-02
8.410567602361665451e-02
0.000000000000000000e+00
0.000000000000000000e+00
0.000000000000000000e+00
0.000000000000000000e+00
0.000000000000000000e+00
8.410567602361665451e-02
0.000000000000000000e+00
0.000000000000000000e+00
0.000000000000000000e+00
0.000000000000000000e+00
0.000000000000000000e+00
0.000000000000000000e+00
0.000000000000000000e+00
0.000000000000000000e+00
0.000000000000000000e+00
1.670180485779427793e-01
2.992114607805801407e-01
2.189053151518772777e-01
0.000000000000000000e+00
0.000000000000000000e+00
0.000000000000000000e+00
0.000000000000000000e+00
0.000000000000000000e+00
0.000000000000000000e+00
0.000000000000000000e+00
0.000000000000000000e+00
8.410567602361665451e-02
0.000000000000000000e+00
1.670180485779428070e-01
0.000000000000000000e+00
8.410567602361665451e-02
0.000000000000000000e+00
2.888007293971027178e-01
3.710695040183056292e-01
0.000000000000000000e+00
5.159387700961293177e-01
2.582166282099103150e-01
8.410567602361665451e-02
6.950897841115807330e-01
7.267217811802183514e-01
6.480478260928538292e-01
7.300374912341935918e-01
8.199447495822462795e-01
4.120643365889754550e-01
7.549972359323346982e-01
7.491883877015951265e-01
8.682345049415209903e-01
8.214308241401113708e-01
8.624256567107813076e-01
8.326641274007996474e-01
8.326641274007998694e-01
9.034204892814511334e-01
8.029025980908183202e-01
8.809538827600742472e-01
8.326641274007998694e-01
6.050053877445562556e-01
8.570012016808326027e-01
7.843743720415253806e-01
7.506744622594602179e-01
6.838564808508923454e-01
7.282078557380833317e-01
8.624256567107813076e-01
7.506744622594601068e-01
7.974781430608697264e-01
7.140024033616649834e-01
7.300374912341935918e-01
7.862448398001812278e-01
8.867627309908138189e-01
6.462181905967435691e-01
7.789499170115764537e-01
7.895605498541565792e-01
9.389908668221723653e-01
7.862448398001812278e-01
7.075708847128167056e-01
8.101975208794230943e-01
9.034204892814511334e-01
8.882488055486789102e-01
7.662305391930230858e-01
8.682345049415209903e-01
7.789499170115764537e-01
7.677166137508881771e-01
7.677166137508881771e-01
8.272396723708509425e-01
6.969602518702368021e-01
5.833385896602596432e-01
6.763232808449702871e-01
6.763232808449702871e-01
6.480478260928538292e-01
6.950897841115807330e-01
6.726231775902039578e-01
6.413755737223575393e-01
7.136180101608738946e-01
5.706192118417061643e-01
6.276899645474505185e-01
6.276899645474504075e-01
6.759797199067251183e-01
4.142783652858766930e-01
4.418258658989570042e-01
4.418258658989570042e-01
6.037372834682087630e-01
5.013489245189199917e-01
5.578998340231529074e-01
8.682345049415209903e-01
6.950897841115807330e-01
5.752438584345748174e-01
7.485657172834866424e-01
8.682345049415209903e-01
5.514683153743046296e-01
3.289729900905615789e-01
3.780853173270470879e-01
7.506744622594601068e-01
6.413755737223575393e-01
4.133121339295230401e-01
6.276899645474504075e-01
4.039696053632905737e-01
1.372565192679613411e-01
4.305925626382685611e-01
7.843743720415253806e-01
4.120643365889755660e-01
2.684428678516994071e-01
8.794678082022092669e-01
6.061895893824273962e-01
5.460438603443559247e-01
3.846680478373410428e-01
8.410567602361665451e-02
6.243334222309293580e-01
3.661398217880478811e-01
2.189053151518772777e-01
4.256628804080108686e-01
2.486668444618587159e-01
5.044874965539234424e-01
6.389232678081389061e-01
5.086438473075246547e-01
0.000000000000000000e+00
4.193592593775801736e-01
4.603540919482500549e-01
5.157207998146118300e-01
0.000000000000000000e+00
5.979284352374690803e-01
4.554244097179923068e-01
4.901156212582315486e-01
4.120643365889755660e-01
5.651947568117574594e-01
3.780853173270470879e-01
4.554244097179923068e-01
7.169745524773949441e-01
6.243334222309294690e-01
6.799181003788087319e-01
7.677166137508882882e-01
8.794678082022092669e-01
7.546128427315437204e-01
4.569975496317290053e-01
3.483237880170656497e-01
7.373324140227982548e-01
5.013489245189198806e-01
6.950897841115808440e-01
4.554244097179923068e-01
6.050053877445563666e-01
1.670180485779427793e-01
2.486668444618587159e-01
8.384729756315395521e-01
4.901156212582315486e-01
3.483237880170656497e-01
5.772914642122024542e-01
7.604216909622834031e-01
6.838564808508924564e-01
8.287257469287160339e-01
6.799181003788087319e-01
6.759797199067250073e-01
5.752438584345749284e-01
7.564833104901996785e-01
7.075708847128167056e-01
8.326641274007996474e-01
9.404769413800374567e-01
9.629435479014141208e-01
5.608719831388828680e-01
8.214308241401114818e-01
8.384729756315395521e-01
6.950897841115808440e-01
8.736589599714696952e-01
8.399590501894044214e-01
9.034204892814511334e-01
5.864160224969174884e-01
6.759797199067251183e-01
7.974781430608696153e-01
7.916692948301298216e-01
6.784320258209436405e-01
7.789499170115765647e-01
6.799181003788088429e-01
7.023847069001856180e-01
8.193220791641380174e-01
7.597990205441750300e-01
5.864160224969174884e-01
7.188041879735050932e-01
6.003807411516876025e-01
6.243334222309294690e-01
5.739757541582272138e-01
6.037372834682087630e-01
4.620065894253884697e-01
4.859592705046302807e-01
4.418258658989570042e-01
7.506744622594601068e-01
6.763232808449702871e-01
8.029025980908183202e-01
6.061895893824272852e-01
7.916692948301300436e-01
7.677166137508880661e-01
5.311104538289014299e-01
7.549972359323346982e-01
6.353284482743004613e-01
8.272396723708509425e-01
8.326641274007996474e-01
7.358463394649332745e-01
7.989642176187347067e-01
6.559654192995669764e-01
1.670180485779427793e-01
2.582166282099103150e-01
1.670180485779427793e-01
1.670180485779427793e-01
2.189053151518772777e-01
1.372565192679613411e-01
2.694499314705987025e-01
0.000000000000000000e+00
0.000000000000000000e+00
0.000000000000000000e+00
8.410567602361665451e-02
5.640105551738864298e-01
2.543886273367267359e-01
8.410567602361665451e-02
2.350865190078794131e-01
5.354332275017760212e-01
0.000000000000000000e+00
4.461486395718315401e-01
3.780853173270470879e-01
6.653282548015992948e-01
3.780853173270470879e-01
0.000000000000000000e+00
3.289729900905615789e-01
6.061895893824272852e-01
1.670180485779427793e-01
8.410567602361665451e-02
8.410567602361665451e-02
1.670180485779427793e-01
4.039696053632906292e-01
0.000000000000000000e+00
1.372565192679613411e-01
8.410567602361665451e-02
0.000000000000000000e+00
0.000000000000000000e+00
0.000000000000000000e+00
2.099268728506357429e-01
0.000000000000000000e+00
1.779104825812073964e-01
5.706192118417061643e-01
4.120643365889755660e-01
2.992114607805801407e-01
1.372565192679613411e-01
5.752438584345748174e-01
0.000000000000000000e+00
0.000000000000000000e+00
1.372565192679613411e-01
8.410567602361665451e-02
8.410567602361665451e-02
8.410567602361665451e-02
6.559654192995669764e-01
4.144295771473225365e-01
8.410567602361665451e-02
2.189053151518772777e-01
7.267217811802182403e-01
5.457002994061108669e-01
0.000000000000000000e+00
3.483237880170656497e-01
6.462181905967435691e-01
0.000000000000000000e+00
0.000000000000000000e+00
0.000000000000000000e+00
0.000000000000000000e+00
8.410567602361665451e-02
0.000000000000000000e+00
2.776285653347600468e-01
4.324221981343788213e-01
3.495691288532823959e-01
0.000000000000000000e+00
0.000000000000000000e+00
8.410567602361665451e-02
1.670180485779427793e-01
0.000000000000000000e+00
8.410567602361665451e-02
2.992114607805801407e-01
2.992114607805801407e-01
3.289729900905615789e-01
5.739757541582272138e-01
9.687523961321536925e-01
7.974781430608695043e-01
6.003807411516876025e-01
8.214308241401114818e-01
7.783272465934680806e-01
6.540949515409110182e-01
6.480478260928538292e-01
7.023847069001853960e-01
5.752438584345748174e-01
2.582166282099103150e-01
2.992114607805801407e-01
2.486668444618587159e-01
0.000000000000000000e+00
0.000000000000000000e+00
0.000000000000000000e+00
8.410567602361665451e-02
1.372565192679613411e-01
8.410567602361665451e-02
8.410567602361665451e-02
3.124256113988246319e-01
0.000000000000000000e+00
8.410567602361665451e-02
1.372565192679613411e-01
1.372565192679613411e-01
0.000000000000000000e+00
2.189053151518772777e-01
0.000000000000000000e+00
1.670180485779427793e-01
8.410567602361665451e-02
8.410567602361665451e-02
3.370904847563772067e-01
8.410567602361665451e-02
2.189053151518772777e-01
2.486668444618587159e-01
3.780853173270470879e-01
1.372565192679613411e-01
8.410567602361665451e-02
0.000000000000000000e+00
2.776285653347600468e-01
2.694499314705987025e-01
4.561977411946488981e-01
2.694499314705987025e-01
1.372565192679613411e-01
1.670180485779427793e-01
3.780853173270470879e-01
0.000000000000000000e+00
2.486668444618587159e-01
0.000000000000000000e+00
8.410567602361665451e-02
0.000000000000000000e+00
0.000000000000000000e+00
0.000000000000000000e+00
8.410567602361665451e-02
8.410567602361665451e-02
2.486668444618587159e-01
2.189053151518772777e-01
8.410567602361665451e-02
4.940540017303152176e-01
0.000000000000000000e+00
1.670180485779427793e-01
1.670180485779427793e-01
3.370904847563772622e-01
0.000000000000000000e+00
1.779104825812073964e-01
1.372565192679613411e-01
2.582166282099103150e-01
1.372565192679613411e-01
0.000000000000000000e+00
8.410567602361665451e-02
2.099268728506357429e-01
0.000000000000000000e+00
5.156596606162660024e-01
0.000000000000000000e+00
0.000000000000000000e+00
7.060848101549517253e-01
4.461486395718315401e-01
7.789499170115765647e-01
4.603540919482499993e-01
6.650899775842818995e-01
6.574514938574319567e-01
6.471844219530972220e-01
5.651947568117574594e-01
4.324221981343788213e-01
1.670180485779427793e-01
2.099268728506357429e-01
8.410567602361665451e-02
1.670180485779427793e-01
0.000000000000000000e+00
8.410567602361665451e-02
8.410567602361665451e-02
0.000000000000000000e+00
0.000000000000000000e+00
2.189053151518772777e-01
0.000000000000000000e+00
8.410567602361665451e-02
8.410567602361665451e-02
1.670180485779427793e-01
0.000000000000000000e+00
8.410567602361665451e-02
3.423378017673542328e-01
8.410567602361665451e-02
3.300746714476358035e-01
1.670180485779427793e-01
4.051538070011617143e-01
0.000000000000000000e+00
3.742080760533091910e-01
0.000000000000000000e+00
8.410567602361665451e-02
0.000000000000000000e+00
0.000000000000000000e+00
0.000000000000000000e+00
2.486668444618587159e-01
1.670180485779427793e-01
3.583501261997522058e-01
1.670180485779427793e-01
7.136180101608738946e-01
6.076756639402922655e-01
0.000000000000000000e+00
8.410567602361665451e-02
0.000000000000000000e+00
0.000000000000000000e+00
5.945718929209480308e-01
8.410567602361665451e-02
0.000000000000000000e+00
4.859592705046302807e-01
3.300746714476358035e-01
2.099268728506357429e-01
3.780853173270470879e-01
0.000000000000000000e+00
2.486668444618587159e-01
4.859592705046303363e-01
8.410567602361665451e-02
8.410567602361665451e-02
2.992114607805801407e-01
7.677166137508881771e-01
3.300746714476358035e-01
3.742080760533091355e-01
5.943336157036305245e-01
5.013489245189199917e-01
2.582166282099103150e-01
5.997580707335792294e-01
2.992114607805801407e-01
7.379550844409067389e-01
7.081935551309251897e-01
5.764280600724458470e-01
8.410567602361665451e-02
8.410567602361665451e-02
0.000000000000000000e+00
4.543069665001929769e-01
2.992114607805801407e-01
1.372565192679613411e-01
3.124256113988246319e-01
0.000000000000000000e+00
4.461486395718315401e-01
0.000000000000000000e+00
0.000000000000000000e+00
8.410567602361665451e-02
8.410567602361665451e-02
6.353284482743004613e-01
2.543886273367267359e-01
8.410567602361665451e-02
2.694499314705987025e-01
5.159387700961293177e-01
7.692026883087531575e-01
0.000000000000000000e+00
6.116140444123759901e-01
7.619077655201484944e-01
4.851859390279738560e-01
0.000000000000000000e+00
0.000000000000000000e+00
1.372565192679613411e-01
4.144295771473225365e-01
1.670180485779427793e-01
1.779104825812073964e-01
4.078468466370285261e-01
3.661398217880478811e-01
3.780853173270470879e-01
6.486704965109623133e-01
1.372565192679613411e-01
1.670180485779427793e-01
8.410567602361665451e-02
5.342490258639048806e-01
4.039696053632906292e-01
2.099268728506357429e-01
2.992114607805801407e-01
7.789499170115765647e-01
8.410567602361665451e-02
0.000000000000000000e+00
4.851859390279738560e-01
1.670180485779427793e-01
0.000000000000000000e+00
3.289729900905615789e-01
7.974781430608696153e-01
0.000000000000000000e+00
4.078468466370285261e-01
3.370904847563772067e-01
7.023847069001855070e-01
0.000000000000000000e+00
0.000000000000000000e+00
8.497062788922278287e-01
8.410567602361665451e-02
0.000000000000000000e+00
7.023847069001856180e-01
8.410567602361665451e-02
4.193592593775801736e-01
7.096796296887902811e-01
6.653282548015992948e-01
4.569975496317290053e-01
4.193592593775801736e-01
3.661398217880479367e-01
6.174228926431157838e-01
4.983767754031898090e-01
1.670180485779427793e-01
3.780853173270470879e-01
4.078468466370285261e-01
8.410567602361665451e-02
8.410567602361665451e-02
5.864160224969174884e-01
1.670180485779427793e-01
0.000000000000000000e+00
8.410567602361665451e-02
8.410567602361665451e-02
1.670180485779427793e-01
8.410567602361665451e-02
1.372565192679613411e-01
3.300746714476358035e-01
0.000000000000000000e+00
0.000000000000000000e+00
3.363782924780664429e-01
1.670180485779427793e-01
0.000000000000000000e+00
0.000000000000000000e+00
8.410567602361665451e-02
0.000000000000000000e+00
0.000000000000000000e+00
0.000000000000000000e+00
8.410567602361665451e-02
8.410567602361665451e-02
8.410567602361665451e-02
0.000000000000000000e+00
4.305925626382685611e-01
3.959013510980294304e-01
8.029025980908183202e-01
8.809538827600743582e-01
8.511923534500929200e-01
9.107154120700557964e-01
7.379550844409066279e-01
8.399590501894046435e-01
2.486668444618587159e-01
7.188041879735052042e-01
8.410567602361665451e-02
1.670180485779427793e-01
5.223294564824315644e-01
5.339471529439109299e-01
1.670180485779427793e-01
0.000000000000000000e+00
3.881116555097336440e-01
8.410567602361665451e-02
2.543886273367267359e-01
2.189053151518772777e-01
6.890426586635236550e-01
0.000000000000000000e+00
2.350865190078794131e-01
0.000000000000000000e+00
3.483237880170656497e-01
1.779104825812073964e-01
4.142783652858766930e-01
6.462181905967435691e-01
1.372565192679613411e-01
1.670180485779427793e-01
5.217067860643231914e-01
4.193592593775801736e-01
1.372565192679613411e-01
6.076756639402923765e-01
7.485657172834866424e-01
4.039696053632905737e-01
3.363782924780664985e-01
4.603540919482500549e-01
2.350865190078794131e-01
4.461486395718315401e-01
8.410567602361665451e-02
1.670180485779427793e-01
1.372565192679613411e-01
0.000000000000000000e+00
2.543886273367267359e-01
4.846911662282828437e-01
5.772914642122024542e-01
0.000000000000000000e+00
2.189053151518772777e-01
1.670180485779428070e-01
0.000000000000000000e+00
2.776285653347600468e-01
1.670180485779427793e-01
8.410567602361665451e-02
1.670180485779427793e-01
3.289729900905615789e-01
8.410567602361665451e-02
3.124256113988246319e-01
3.124256113988246319e-01
0.000000000000000000e+00
3.846680478373409873e-01
2.189053151518772777e-01
1.670180485779427793e-01
3.300746714476358035e-01
7.804359915694415450e-01
3.495691288532823959e-01
5.217067860643231914e-01
3.661398217880479367e-01
5.342490258639048806e-01
6.243334222309293580e-01
5.342490258639048806e-01
5.764280600724457360e-01
7.433795394708554438e-01
8.410567602361665451e-02
8.410567602361665451e-02
5.651947568117574594e-01
5.943336157036305245e-01
1.372565192679613411e-01
5.013489245189199917e-01
3.846680478373410428e-01
2.582166282099103150e-01
3.483237880170656497e-01
2.486668444618587159e-01
7.067074805730600984e-01
0.000000000000000000e+00
3.124256113988246319e-01
7.485657172834867534e-01
2.543886273367267359e-01
8.410567602361665451e-02
6.182862967828723910e-01
5.342490258639047696e-01
1.372565192679613411e-01
0.000000000000000000e+00
2.486668444618587159e-01
3.423378017673542328e-01
0.000000000000000000e+00
2.992114607805801407e-01
0.000000000000000000e+00
0.000000000000000000e+00
6.413755737223575393e-01
0.000000000000000000e+00
1.372565192679613411e-01
1.670180485779427793e-01
1.670180485779427793e-01
2.888007293971026623e-01
0.000000000000000000e+00
3.289729900905615789e-01
6.950897841115807330e-01
2.099268728506357429e-01
0.000000000000000000e+00
2.992114607805801407e-01
3.780853173270470879e-01
2.888007293971026623e-01
0.000000000000000000e+00
3.846680478373410428e-01
2.582166282099103150e-01
8.410567602361665451e-02
3.780853173270470879e-01
7.096796296887902811e-01
4.256628804080108686e-01
4.461486395718315401e-01
7.959920685030046350e-01
6.763232808449702871e-01
6.355667254916178566e-01
7.783272465934680806e-01
5.764280600724458470e-01
7.467360817873764933e-01
8.809538827600743582e-01
7.549972359323346982e-01
8.384729756315395521e-01
7.604216909622834031e-01
8.682345049415209903e-01
8.809538827600742472e-01
8.511923534500929200e-01
8.624256567107813076e-01
8.384729756315395521e-01
7.506744622594599958e-01
8.214308241401114818e-01
9.702384706900185618e-01
8.624256567107810856e-01
7.604216909622834031e-01
8.697205794993858596e-01
9.404769413800372346e-01
8.101975208794230943e-01
9.517102446407256222e-01
1.000000000000000000e+00
8.272396723708511646e-01
8.511923534500928090e-01
7.209129329494785576e-01
7.843743720415252696e-01
6.763232808449702871e-01
7.677166137508882882e-01
8.087114463215581139e-01
8.087114463215580029e-01
7.060848101549518363e-01
9.517102446407255112e-01
8.193220791641380174e-01
7.002759619242120426e-01
9.034204892814509114e-01
7.789499170115765647e-01
7.789499170115765647e-01
8.570012016808326027e-01
8.384729756315393301e-01
9.702384706900187838e-01
5.454211899262475516e-01
7.783272465934680806e-01
9.219487153307441840e-01
1.000000000000000000e+00
7.604216909622835141e-01
8.570012016808326027e-01
6.462181905967436801e-01
8.979960342515025395e-01
8.511923534500929200e-01
8.193220791641381284e-01
7.916692948301299326e-01
8.438974306614880350e-01
7.060848101549518363e-01
8.199447495822463905e-01
4.859592705046302807e-01
5.157207998146117189e-01
4.322450601154070315e-01
4.142783652858765819e-01
5.041856236339294917e-01
4.859592705046303363e-01
4.322450601154070315e-01
7.789499170115765647e-01
6.759797199067251183e-01
8.736589599714696952e-01
7.394411589987717193e-01
7.136180101608738946e-01
6.471844219530972220e-01
4.554244097179923068e-01
8.199447495822463905e-01
7.300374912341935918e-01
9.629435479014140098e-01
8.682345049415209903e-01
9.107154120700560185e-01
7.023847069001856180e-01
4.846911662282828437e-01
6.969602518702368021e-01
8.384729756315395521e-01
8.736589599714696952e-01
7.373324140227982548e-01
7.895605498541564682e-01
5.752438584345748174e-01
7.804359915694416561e-01
6.653282548015992948e-01
7.060848101549517253e-01
9.331820185914326826e-01
5.864160224969174884e-01
6.778093554028352674e-01
8.384729756315395521e-01
7.959920685030046350e-01
7.843743720415252696e-01
6.052233580260737433e-01
6.471844219530972220e-01
8.399590501894044214e-01
8.257535978129860732e-01
8.141359013515067078e-01
7.060848101549518363e-01
8.101975208794230943e-01
5.041856236339294917e-01
7.549972359323348092e-01
7.789499170115765647e-01
7.081935551309251897e-01
8.214308241401113708e-01
6.407529033042491662e-01
6.131001189702410814e-01
5.342490258639048806e-01
4.859592705046302807e-01
6.050053877445563666e-01
4.620065894253884697e-01
4.120643365889755660e-01
4.120643365889754550e-01
3.881116555097336995e-01
4.901156212582315486e-01
3.846680478373410428e-01
3.661398217880479367e-01
3.661398217880479367e-01
3.661398217880479367e-01
4.144295771473225365e-01
3.846680478373410428e-01
4.144295771473225365e-01
2.350865190078794131e-01
2.888007293971027178e-01
7.916692948301299326e-01
7.677166137508881771e-01
7.677166137508881771e-01
7.847587652423161364e-01
8.257535978129860732e-01
7.604216909622835141e-01
7.379550844409066279e-01
8.682345049415209903e-01
3.846680478373410428e-01
7.604216909622835141e-01
6.276899645474505185e-01
7.023847069001855070e-01
7.267217811802183514e-01
6.486704965109623133e-01
7.379550844409067389e-01
6.763232808449702871e-01
6.650899775842820105e-01
6.653282548015992948e-01
6.540949515409110182e-01
6.413755737223574283e-01
7.023847069001855070e-01
6.759797199067250073e-01
6.276899645474505185e-01
5.764280600724458470e-01
5.640105551738864298e-01
6.050053877445563666e-01
4.120643365889754550e-01
5.013489245189199917e-01
3.881116555097336440e-01
4.418258658989570042e-01
3.661398217880479367e-01
3.661398217880479367e-01
3.661398217880478811e-01
4.851859390279738560e-01
4.554244097179923068e-01
4.256628804080108686e-01
4.554244097179923068e-01
2.888007293971027178e-01
2.888007293971027178e-01
2.888007293971026623e-01
3.073289554463958240e-01
3.370904847563772067e-01
2.888007293971026623e-01
3.370904847563772067e-01
2.992114607805801407e-01
2.582166282099103150e-01
1.779104825812073964e-01
2.189053151518772777e-01
1.779104825812073964e-01
1.372565192679613411e-01
1.372565192679613411e-01
1.670180485779427793e-01
1.670180485779427793e-01
8.384729756315395521e-01
8.570012016808326027e-01
8.497062788922278287e-01
7.023847069001856180e-01
9.590051674293301742e-01
8.087114463215580029e-01
7.136180101608738946e-01
8.101975208794230943e-01
8.160063691101627770e-01
6.076756639402923765e-01
8.570012016808326027e-01
6.969602518702368021e-01
6.950897841115807330e-01
6.061895893824273962e-01
7.546128427315437204e-01
6.759797199067250073e-01
8.736589599714696952e-01
8.570012016808326027e-01
7.209129329494786687e-01
7.506744622594601068e-01
8.080887759034496298e-01
8.682345049415209903e-01
7.989642176187345957e-01
8.809538827600743582e-01
8.697205794993860817e-01
8.809538827600742472e-01
7.597990205441750300e-01
9.331820185914326826e-01
9.034204892814511334e-01
7.597990205441750300e-01
8.921871860207627458e-01
7.895605498541565792e-01
6.389232678081389061e-01
1.670180485779427793e-01
1.372565192679613411e-01
1.670180485779427793e-01
2.486668444618587159e-01
1.779104825812073964e-01
1.779104825812073964e-01
1.779104825812073964e-01
2.189053151518772777e-01
1.779104825812073964e-01
2.189053151518772777e-01
2.189053151518772777e-01
1.779104825812073964e-01
2.189053151518772777e-01
1.779104825812073964e-01
1.779104825812073964e-01
1.779104825812073964e-01
1.779104825812073964e-01
1.779104825812073964e-01
2.189053151518772777e-01
1.779104825812073964e-01
1.779104825812073964e-01
1.779104825812073964e-01
1.779104825812073964e-01
2.189053151518772777e-01
2.486668444618587159e-01
1.779104825812073964e-01
1.779104825812073964e-01
2.189053151518772777e-01
1.779104825812073964e-01
2.189053151518772777e-01
1.779104825812073964e-01
1.779104825812073964e-01
1.779104825812073964e-01
2.189053151518772777e-01
2.189053151518772777e-01
1.779104825812073964e-01
1.779104825812073964e-01
1.779104825812073964e-01
2.189053151518772777e-01
2.189053151518772777e-01
2.189053151518772777e-01
1.779104825812073964e-01
1.779104825812073964e-01
1.779104825812073964e-01
5.640105551738863188e-01
6.726231775902039578e-01
7.783272465934683026e-01
8.994821088093672978e-01
7.506744622594602179e-01
7.662305391930231968e-01
9.219487153307441840e-01
6.471844219530972220e-01
8.399590501894046435e-01
6.799181003788088429e-01
7.804359915694416561e-01
7.506744622594601068e-01
7.023847069001855070e-01
5.457002994061108669e-01
7.188041879735050932e-01
2.099268728506357429e-01
5.223294564824315644e-01
6.168002222250072997e-01
5.569336026667991435e-01
6.174228926431157838e-01
3.289729900905615789e-01
2.992114607805801407e-01
3.289729900905615789e-01
2.486668444618587159e-01
3.780853173270470879e-01
6.763232808449702871e-01
4.859592705046303363e-01
3.483237880170656497e-01
1.670180485779428070e-01
2.992114607805801407e-01
4.543069665001929769e-01
2.992114607805801407e-01
5.454823291245933792e-01
2.992114607805801407e-01
7.060848101549517253e-01
6.131001189702410814e-01
5.454823291245933792e-01
8.257535978129860732e-01
7.546128427315438314e-01
8.160063691101626659e-01
