3.289017093488129095e-01
5.177544055139090551e-01
5.812286020466720382e-01
7.897382412811759789e-01
9.360128903392175292e-01
7.789808584264116265e-01
8.859974995062517289e-01
7.719949990125033468e-01
7.807329779107314849e-01
8.182388664046131854e-01
7.935097647220323847e-01
8.397536321141420013e-01
8.112530069907049057e-01
7.004648424700087306e-01
6.158882622141763630e-01
5.943734965046475471e-01
7.257511316203936191e-01
7.368766221218328027e-01
8.845743853430630965e-01
9.808336435681387355e-01
6.617640219596113704e-01
7.187652722064854505e-01
7.185370900598124777e-01
7.827523818672679212e-01
7.354535079586442814e-01
6.336315044828489951e-01
3.197565204783664461e-01
6.402492562500824436e-01
1.621673010977565665e-01
2.130663070770490997e-01
2.912558953549294061e-01
2.415669322004861397e-01
4.044339239086570115e-01
6.827216002013360985e-01
6.344583288526899345e-01
7.719949990125033468e-01
2.519978873767279581e-01
2.519978873767279581e-01
3.197565204783664461e-01
2.519978873767279026e-01
2.912558953549294061e-01
2.519978873767279026e-01
2.912558953549294061e-01
2.826578419567032374e-01
2.826578419567032374e-01
4.044339239086570115e-01
3.289017093488129651e-01
6.621321296062859796e-01
7.757665224533595305e-01
6.958273923337680023e-01
5.818248918400197311e-01
8.042671475767966260e-01
9.252555074844531768e-01
8.662348532810427715e-01
8.289962492593775378e-01
9.130750104664999700e-01
8.845743853430630965e-01
6.900364649363753822e-01
8.220103898454693692e-01
5.902338654171166432e-01
7.883151271179873465e-01
5.754962235683973582e-01
7.813292677040791778e-01
7.612376161577389944e-01
7.022169619543284780e-01
6.958273923337680023e-01
5.757049591214959960e-01
5.262467557563342835e-01
6.009912482718809956e-01
6.737163368308913824e-01
6.042055842449330916e-01
5.812286020466720382e-01
6.431963077509179616e-01
6.344583288526899345e-01
6.437925975442657656e-01
7.007938477911398456e-01
7.080078893517209870e-01
6.687498813735195391e-01
7.129743448090929414e-01
6.542209750778990029e-01
4.783515920543628952e-01
5.469955984449603736e-01
4.955570934488058299e-01
2.312193369605486659e-01
4.247928599272137729e-01
7.013901375844875385e-01
2.130663070770490997e-01
1.621673010977565665e-01
1.621673010977565665e-01
2.912558953549294061e-01
0.000000000000000000e+00
8.162492311254949950e-02
8.269768453028413235e-01
5.240577185722429254e-01
8.967548823610160813e-01
9.429987497531258089e-01
6.042055842449330916e-01
4.094589282851469614e-01
4.966911241163832758e-01
5.929503823414589148e-01
4.163838863501168608e-01
7.327369910343018988e-01
5.882144614605802069e-01
2.057540199846182027e-01
2.057540199846182027e-01
8.289962492593775378e-01
6.437925975442657656e-01
2.312193369605486659e-01
2.312193369605486659e-01
7.868920129547988251e-01
6.027824700817444592e-01
6.565693843555664433e-01
5.644497572180218192e-01
5.644497572180218192e-01
6.798753718749587227e-01
5.251917492398203713e-01
6.673267672103307957e-01
6.795072642282840025e-01
7.080078893517209870e-01
5.888107512539280108e-01
7.292944729145769411e-01
6.952311025404203093e-01
8.092336030341684694e-01
7.612376161577389944e-01
7.883151271179873465e-01
6.798753718749588337e-01
8.953317681978275600e-01
6.906327547297231861e-01
6.958273923337680023e-01
7.883151271179873465e-01
8.275731350961890165e-01
9.008945134485469852e-01
1.000000000000000000e+00
8.397536321141420013e-01
6.864931236421921712e-01
9.037407417749243610e-01
6.807021962447996621e-01
7.761346301000343617e-01
9.252555074844531768e-01
7.598145019945503620e-01
7.414749699325299259e-01
6.621321296062859796e-01
3.977153489669654207e-01
3.386946947635549043e-01
3.977153489669654207e-01
3.386946947635549043e-01
3.977153489669654207e-01
4.477307397999312766e-01
5.047319900468054676e-01
8.383305179509533689e-01
8.046352552234713462e-01
8.453163773648614265e-01
8.953317681978275600e-01
7.868920129547988251e-01
8.967548823610160813e-01
7.490571191397858986e-01
8.859974995062517289e-01
8.967548823610160813e-01
9.714993748765629045e-01
7.542517567438307147e-01
8.682542572375789858e-01
8.182388664046130744e-01
0.000000000000000000e+00
1.621673010977565665e-01
2.826578419567032374e-01
0.000000000000000000e+00
2.826578419567032374e-01
1.621673010977565665e-01
0.000000000000000000e+00
4.789478818477105881e-01
0.000000000000000000e+00
0.000000000000000000e+00
8.162492311254949950e-02
5.481296291125378195e-01
8.162492311254949950e-02
7.414749699325299259e-01
4.955570934488058299e-01
8.162492311254949950e-02
3.966603424504514530e-01
6.167150865840173024e-01
2.767269890593089254e-01
7.574660927168828106e-01
9.023176276117358396e-01
2.511734154367072369e-01
0.000000000000000000e+00
0.000000000000000000e+00
0.000000000000000000e+00
2.519978873767279581e-01
5.754962235683974692e-01
8.560737602196260010e-01
1.621673010977565665e-01
5.932394658370701013e-01
9.714993748765629045e-01
8.162492311254949950e-02
3.518395892215304688e-01
8.560737602196260010e-01
4.322525301435978240e-01
1.621673010977565665e-01
6.228741216280845316e-01
7.004648424700086196e-01
8.162492311254949950e-02
8.162492311254949950e-02
2.826578419567032374e-01
7.187652722064854505e-01
6.629589539761270300e-01
3.681597173270144130e-01
1.621673010977565665e-01
6.158882622141763630e-01
4.499957724122705116e-01
2.519978873767279026e-01
7.598145019945503620e-01
4.762313649233683721e-01
2.130663070770490997e-01
8.953317681978275600e-01
7.789808584264116265e-01
4.436919318868584594e-01
6.324974738152715492e-01
6.452157117074543979e-01
8.112530069907049057e-01
9.252555074844531768e-01
7.719949990125033468e-01
4.322525301435978240e-01
7.490571191397858986e-01
7.883151271179873465e-01
8.574968743828146334e-01
4.762313649233683721e-01
9.415756355899372876e-01
8.554774704262784191e-01
7.761346301000343617e-01
9.144981246296888244e-01
8.397536321141420013e-01
7.984762201794040060e-01
7.490571191397858986e-01
9.130750104664999700e-01
8.845743853430628745e-01
7.327369910343018988e-01
8.289962492593775378e-01
3.197565204783664461e-01
3.966603424504514530e-01
3.681597173270144130e-01
3.289017093488129651e-01
3.681597173270144130e-01
3.289017093488129651e-01
3.681597173270144685e-01
3.681597173270144685e-01
6.443888873376134585e-01
6.336315044828489951e-01
6.443888873376134585e-01
5.224752323154780997e-01
5.047319900468054676e-01
5.617332402936795477e-01
5.047319900468054676e-01
3.581900565165472283e-01
3.581900565165472283e-01
4.044339239086570115e-01
4.044339239086570115e-01
4.892537803904719595e-01
5.509758574389151953e-01
5.047319900468054676e-01
5.224752323154780997e-01
5.469955984449603736e-01
5.240577185722429254e-01
5.539814578588685423e-01
4.955570934488058299e-01
3.474912225809009270e-01
3.067515515203926846e-01
8.162492311254949950e-02
4.094589282851469059e-01
2.415669322004861397e-01
7.205564940163488030e-01
2.826578419567032374e-01
4.721925570102955549e-01
1.621673010977565665e-01
4.784963975357075516e-01
8.162492311254949950e-02
7.583913878313617296e-01
7.528286425806420823e-01
1.621673010977565665e-01
3.681597173270144685e-01
3.808140251474432803e-01
5.477615214658629883e-01
6.431963077509179616e-01
7.935097647220321626e-01
6.228741216280845316e-01
9.075122652157805447e-01
7.775577442632229941e-01
7.598145019945503620e-01
2.826578419567032374e-01
3.296894313931102438e-01
8.162492311254949950e-02
0.000000000000000000e+00
0.000000000000000000e+00
2.912558953549294061e-01
8.162492311254949950e-02
0.000000000000000000e+00
8.397536321141420013e-01
9.415756355899372876e-01
8.505110149689063537e-01
9.645135154626546248e-01
9.360128903392175292e-01
9.360128903392175292e-01
7.807329779107314849e-01
8.967548823610160813e-01
8.168157522414245530e-01
6.615358398129383977e-01
7.650091395985950671e-01
6.795072642282838915e-01
7.257511316203936191e-01
7.080078893517209870e-01
8.042671475767966260e-01
7.365085144751580826e-01
7.004648424700087306e-01
6.443888873376134585e-01
6.621321296062859796e-01
5.647388407136330057e-01
6.609980989387086447e-01
6.217400909605070858e-01
7.013901375844875385e-01
6.228741216280845316e-01
5.373722462577734671e-01
6.158882622141763630e-01
6.336315044828489951e-01
9.429987497531258089e-01
8.790116400923434492e-01
0.000000000000000000e+00
2.662152348603473162e-01
2.912558953549294061e-01
6.344583288526899345e-01
3.518395892215304688e-01
0.000000000000000000e+00
4.151913067634214194e-01
1.621673010977565665e-01
0.000000000000000000e+00
1.336666759743194988e-01
2.415669322004861397e-01
5.481296291125378195e-01
2.511734154367072369e-01
2.312193369605486659e-01
7.598145019945503620e-01
5.419705940684704792e-01
6.324974738152716602e-01
6.906327547297231861e-01
8.275731350961890165e-01
8.845743853430630965e-01
8.668311430743904644e-01
8.275731350961890165e-01
4.322525301435978240e-01
4.322525301435978240e-01
5.224752323154780997e-01
5.359491320945847237e-01
6.312830952051815547e-01
7.083759969983958182e-01
9.714993748765629045e-01
6.737163368308913824e-01
0.000000000000000000e+00
1.738082990988475962e-01
0.000000000000000000e+00
1.336666759743194988e-01
8.162492311254949950e-02
0.000000000000000000e+00
8.162492311254949950e-02
2.130663070770490997e-01
0.000000000000000000e+00
5.088716211343363716e-01
3.386946947635549043e-01
4.943427148387158354e-01
8.162492311254949950e-02
3.581900565165472283e-01
1.738082990988475962e-01
1.621673010977565665e-01
6.117486311266454591e-01
3.681597173270144685e-01
0.000000000000000000e+00
2.130663070770490997e-01
5.303863868438651874e-01
1.336666759743194988e-01
3.681597173270144130e-01
6.737163368308913824e-01
6.897074596152443782e-01
4.892537803904719595e-01
4.832172243372766518e-01
7.699755950559670215e-01
7.719949990125033468e-01
6.900364649363753822e-01
8.845743853430628745e-01
6.039968486918345647e-01
4.436919318868584594e-01
8.845743853430628745e-01
8.168157522414244420e-01
8.289962492593775378e-01
6.958273923337678912e-01
7.434943738890664733e-01
7.757665224533595305e-01
7.883151271179873465e-01
8.042671475767967371e-01
9.360128903392175292e-01
7.397228504482100675e-01
4.044339239086570115e-01
4.044339239086570115e-01
6.629589539761270300e-01
7.219796081795375464e-01
8.327677727002337216e-01
7.668003614084586417e-01
7.699755950559670215e-01
7.650091395985950671e-01
5.932394658370701013e-01
6.728895124610504430e-01
6.336315044828489951e-01
7.682234755716472741e-01
4.892537803904719595e-01
6.042055842449330916e-01
7.004648424700087306e-01
6.437925975442656545e-01
9.645135154626546248e-01
8.662348532810425494e-01
9.467702731939819927e-01
6.324974738152715492e-01
7.699755950559669104e-01
7.199602042230012211e-01
8.289962492593775378e-01
8.560737602196260010e-01
7.650091395985950671e-01
7.807329779107314849e-01
6.906327547297230751e-01
7.042363659108648033e-01
8.682542572375789858e-01
7.775577442632229941e-01
8.004956241359404423e-01
4.498509669309258552e-01
8.162492311254949950e-02
6.621321296062859796e-01
6.629589539761270300e-01
7.004648424700086196e-01
7.935097647220321626e-01
8.574968743828146334e-01
8.098298928275162734e-01
7.243280174572050978e-01
6.097292271701091337e-01
2.912558953549294061e-01
3.681597173270144685e-01
8.859974995062517289e-01
3.067515515203926846e-01
2.415669322004861397e-01
6.902646470830482439e-01
4.151913067634214194e-01
6.565693843555665543e-01
8.182388664046130744e-01
7.191333798531602817e-01
6.507784569581739342e-01
6.615358398129383977e-01
6.051308793594118995e-01
5.873876370907392674e-01
7.187652722064854505e-01
6.864931236421921712e-01
5.812286020466720382e-01
6.565693843555665543e-01
7.149937487656293778e-01
5.177544055139090551e-01
4.151913067634214194e-01
7.612376161577389944e-01
3.681597173270144685e-01
8.074814835498486110e-01
7.699755950559670215e-01
7.650091395985950671e-01
5.177544055139090551e-01
5.902338654171166432e-01
5.166843049180855907e-01
9.075122652157805447e-01
7.013901375844875385e-01
9.075122652157805447e-01
8.738170024882985221e-01
8.345589945100971851e-01
6.952311025404203093e-01
8.574968743828146334e-01
8.182388664046131854e-01
8.377342281576056759e-01
5.462550306373461506e-01
8.397536321141420013e-01
7.414749699325299259e-01
7.583913878313617296e-01
6.798753718749587227e-01
6.565693843555665543e-01
6.906327547297231861e-01
6.217400909605070858e-01
6.149629670996975550e-01
6.615358398129383977e-01
7.612376161577389944e-01
7.080078893517210981e-01
6.722932226677027501e-01
5.224752323154780997e-01
4.369733569451668687e-01
7.434943738890663623e-01
5.332326151702424522e-01
8.327677727002337216e-01
6.167150865840174134e-01
8.845743853430628745e-01
0.000000000000000000e+00
7.577950980380139256e-01
0.000000000000000000e+00
3.296894313931101883e-01
0.000000000000000000e+00
0.000000000000000000e+00
4.939746071920410042e-01
2.912558953549294061e-01
2.826578419567032374e-01
8.162492311254949950e-02
0.000000000000000000e+00
0.000000000000000000e+00
0.000000000000000000e+00
0.000000000000000000e+00
0.000000000000000000e+00
0.000000000000000000e+00
0.000000000000000000e+00
0.000000000000000000e+00
1.336666759743194988e-01
7.434943738890663623e-01
5.757049591214959960e-01
8.162492311254949950e-02
4.247928599272137729e-01
2.130663070770490997e-01
0.000000000000000000e+00
0.000000000000000000e+00
0.000000000000000000e+00
0.000000000000000000e+00
0.000000000000000000e+00
0.000000000000000000e+00
0.000000000000000000e+00
0.000000000000000000e+00
0.000000000000000000e+00
2.130663070770490997e-01
8.162492311254949950e-02
0.000000000000000000e+00
0.000000000000000000e+00
3.808140251474432803e-01
0.000000000000000000e+00
0.000000000000000000e+00
0.000000000000000000e+00
8.162492311254949950e-02
8.162492311254949950e-02
5.088716211343363716e-01
7.789808584264116265e-01
0.000000000000000000e+00
2.627552702314923661e-01
8.162492311254949950e-02
0.000000000000000000e+00
0.000000000000000000e+00
2.511734154367072369e-01
0.000000000000000000e+00
2.312193369605486659e-01
0.000000000000000000e+00
2.057540199846182027e-01
6.097292271701091337e-01
3.289017093488129651e-01
0.000000000000000000e+00
0.000000000000000000e+00
4.789478818477105881e-01
1.621673010977565665e-01
2.912558953549294061e-01
7.257511316203936191e-01
7.883151271179873465e-01
6.507784569581739342e-01
6.897074596152442671e-01
7.883151271179873465e-01
7.827523818672678102e-01
7.327369910343018988e-01
7.028132517476762819e-01
7.022169619543284780e-01
8.168157522414244420e-01
8.397536321141420013e-01
4.247928599272137729e-01
5.359491320945847237e-01
4.436919318868584594e-01
8.162492311254949950e-02
3.523134000240061847e-01
5.254808327354314468e-01
0.000000000000000000e+00
0.000000000000000000e+00
0.000000000000000000e+00
0.000000000000000000e+00
2.519978873767279581e-01
6.743126266242391864e-01
3.396590922035773730e-01
3.692147238435283252e-01
3.681597173270144130e-01
8.162492311254949950e-02
8.275731350961890165e-01
7.682234755716472741e-01
5.757049591214959960e-01
