6.084904791060018470e-01
8.621481855851405030e-01
7.977617353306830639e-01
9.032722369240278049e-01
8.207298395780620037e-01
7.538048538132342546e-01
7.447278206276704005e-01
8.363472511591998337e-01
8.005139594068144682e-01
7.305424548976640065e-01
6.966179307066603377e-01
7.149563048402279852e-01
6.379989617489549847e-01
7.691279707261809984e-01
7.691279707261809984e-01
6.049985001751307934e-01
6.835703161595945154e-01
6.431860196754468628e-01
7.201433627667197523e-01
6.215380936530675582e-01
6.929103824896476471e-01
7.061891134837334771e-01
6.650650621448462863e-01
7.203744792137398711e-01
6.662028133277867470e-01
7.117741677384262777e-01
5.694282415672343722e-01
6.235999074531873854e-01
4.537323364087064159e-01
4.789446814982646905e-01
3.850476878273736414e-01
4.078333650326934623e-01
3.850476878273736414e-01
3.708623220973672474e-01
9.077195399957802557e-01
8.844571410802098965e-01
8.405002595627611983e-01
9.488435913346675576e-01
8.665954886568928428e-01
8.763335513151467859e-01
1.000000000000000000e+00
8.946719254487143225e-01
8.177145823574413219e-01
7.710054767638611084e-01
8.577008825133879411e-01
8.302854751942567724e-01
8.844571410802098965e-01
8.135615739538801794e-01
8.374850023421406275e-01
8.232996366121341225e-01
8.577008825133881631e-01
8.079765196991872678e-01
8.074997979889368960e-01
8.546856252927675923e-01
8.349152053080682867e-01
6.834034362784137118e-01
7.807435394221150515e-01
2.688771217320756746e-01
6.793860462323314531e-01
4.333733270876251042e-01
2.688771217320756746e-01
5.967080305288867681e-01
2.460914445267558259e-01
7.396194880832277496e-01
5.396567257797919570e-01
4.164336765080069447e-01
2.688771217320756746e-01
2.460914445267558259e-01
4.475586928176314427e-01
4.862560762722803465e-01
3.113489307010558482e-01
1.800117959970581882e-01
5.845670507177413988e-01
2.460914445267558259e-01
2.662598608396560818e-01
2.799629420204224894e-01
7.507895965926134618e-01
2.688771217320756746e-01
4.720707105422740080e-01
4.723018269892941268e-01
4.475586928176313872e-01
2.460914445267558259e-01
2.688771217320756746e-01
3.341346079063757246e-01
4.789446814982646905e-01
6.378320818677740700e-01
6.757097595390205713e-01
7.665581736921087685e-01
7.538048538132341436e-01
7.093712505855351846e-01
8.251771426498143436e-01
7.851908424938673914e-01
7.979441623727421273e-01
8.905189170451530689e-01
5.552428758372280893e-01
7.407572392661683214e-01
8.849338627904606014e-01
8.263148938327549153e-01
8.232996366121343446e-01
7.833133364561872813e-01
6.854478221972748475e-01
8.005139594068144682e-01
8.763335513151467859e-01
7.705287550536107366e-01
8.621481855851405030e-01
9.260579141293476813e-01
6.898951252690270763e-01
8.079765196991872678e-01
6.896008306008358790e-01
5.908131344451245104e-01
6.929103824896476471e-01
5.750601045065076855e-01
5.857048019006819706e-01
5.830683468977266859e-01
4.641001670159487502e-01
4.092987331810074014e-01
4.862560762722802910e-01
5.780285530425479656e-01
4.475586928176313872e-01
6.062149767401207034e-01
6.372400127836798100e-01
5.987524164477477928e-01
5.640568758783026659e-01
4.178990446563208283e-01
2.027974732023780369e-01
2.027974732023780369e-01
3.997137167614913666e-01
6.832484716586599560e-02
2.147054558461224949e-01
4.093832407304816012e-01
3.113489307010558482e-01
5.168710485744720806e-01
5.976146652648071100e-01
3.997137167614913666e-01
5.374969924870869331e-01
6.793860462323315641e-01
5.239036958411750211e-01
6.951858848555287906e-01
7.691279707261809984e-01
7.840530913109268196e-01
7.063559933649143918e-01
7.168338108779079842e-01
7.452045423379206612e-01
9.219049057257867608e-01
9.402432798593542973e-01
7.452045423379206612e-01
6.984954367443404477e-01
7.893438508974286449e-01
8.946719254487143225e-01
8.632859367680811857e-01
7.977617353306830639e-01
9.630289570646738406e-01
6.659716968807666282e-01
6.668151533955160026e-01
7.377419820455477506e-01
7.433270363002405512e-01
7.407572392661684324e-01
6.215380936530676692e-01
5.090417534776001673e-01
6.529240823337008059e-01
3.985266209998227227e-01
3.850476878273736414e-01
4.105876498823052834e-01
3.708623220973673029e-01
2.460914445267558259e-01
3.850476878273736414e-01
3.850476878273735859e-01
6.596468877713341783e-01
6.984954367443405587e-01
8.479628198551342200e-01
7.749760581253630765e-01
7.605276592508674049e-01
6.693849504295882324e-01
7.507895965926135728e-01
6.324139074942620731e-01
6.290006539454404688e-01
8.124238227709396076e-01
7.156960596949675235e-01
8.979814773375260906e-01
8.524101229268863378e-01
6.215380936530675582e-01
7.391427663729775999e-01
6.379989617489549847e-01
6.966179307066604487e-01
7.351721850114756318e-01
7.979441623727421273e-01
4.445434355970107609e-01
7.305424548976641175e-01
4.361394992973033902e-01
6.329712353069425479e-01
3.621129058771768716e-01
4.164336765080069447e-01
3.529552665891830809e-01
3.757409437945029018e-01
2.027974732023780369e-01
6.508328877302596016e-01
5.501658048164874693e-01
5.845670507177413988e-01
5.374969924870869331e-01
7.391427663729774888e-01
6.982011420761494724e-01
4.913331472930209110e-01
8.677332398398335256e-01
7.705287550536107366e-01
5.288966810117735617e-01
6.110290146163720459e-01
4.626993826885191230e-01
3.529552665891830809e-01
2.147054558461225227e-01
5.640568758783026659e-01
8.405002595627613093e-01
7.919136479315009858e-01
2.799629420204224894e-01
3.113489307010558482e-01
3.113489307010558482e-01
2.799629420204224894e-01
2.799629420204225450e-01
2.799629420204224894e-01
5.324571986319082129e-01
5.324571986319082129e-01
5.412711986729829006e-01
6.290006539454404688e-01
6.980187150340900759e-01
5.580263614370614134e-01
4.475586928176313872e-01
7.235566163155414676e-01
3.757409437945029573e-01
8.632859367680810747e-01
8.405002595627611983e-01
4.392193537133267656e-01
5.971379435545567382e-01
2.885632534957360273e-01
3.529552665891830809e-01
7.149563048402279852e-01
6.434171361224669816e-01
7.847141207836172416e-01
2.885632534957360273e-01
8.632859367680810747e-01
9.032722369240278049e-01
7.254341223532215777e-01
8.393625083798206266e-01
8.005139594068142461e-01
6.835703161595947375e-01
7.993762082238740074e-01
8.363472511592002778e-01
8.763335513151467859e-01
7.021717234376512184e-01
7.796057882391747018e-01
6.591701660610839175e-01
7.605276592508674049e-01
7.833133364561875034e-01
5.868425530836225423e-01
6.521843274789613787e-01
7.377419820455477506e-01
8.161001094642504894e-01
8.318999480874479380e-01
7.840530913109269306e-01
8.946719254487143225e-01
6.206314589171471052e-01
7.354664796796666071e-01
3.865130559756875250e-01
6.582148419202026313e-01
5.971379435545568493e-01
3.850476878273736414e-01
2.460914445267558259e-01
2.460914445267558259e-01
2.688771217320756746e-01
2.460914445267558259e-01
2.460914445267558259e-01
6.422793849395265209e-01
6.882806523758362438e-01
8.665954886568926208e-01
7.294047037147235457e-01
3.621129058771769271e-01
4.720707105422740080e-01
4.309466592033866505e-01
4.092987331810074014e-01
4.309466592033866505e-01
4.105876498823051723e-01
3.380776098627845672e-01
4.092987331810074014e-01
2.027974732023780369e-01
3.113489307010558482e-01
5.494260499617479310e-01
2.460914445267558259e-01
1.486258073164248572e-01
5.664597930311940921e-01
2.885632534957360273e-01
3.757409437945029018e-01
6.975888020084201058e-01
5.664597930311940921e-01
5.420596429326833832e-01
4.392193537133267656e-01
5.694282415672343722e-01
3.113489307010558482e-01
4.392193537133267656e-01
3.757409437945029018e-01
5.694282415672343722e-01
4.392193537133267656e-01
3.341346079063757246e-01
3.113489307010558482e-01
4.188699159580805964e-01
3.113489307010558482e-01
5.017303587035845114e-01
4.950875041946139477e-01
4.392193537133267656e-01
7.619284435782974763e-01
6.058540241030465623e-01
4.475586928176313872e-01
5.017303587035845114e-01
7.949289051521215566e-01
8.135615739538801794e-01
8.019147437342442064e-01
3.069525935531601246e-01
2.845982349732235628e-01
3.301695893838632601e-01
3.073839121785434392e-01
3.215692779085497777e-01
2.218262576119569840e-01
1.777344129107963355e-01
2.233057673214360050e-01
1.777344129107963355e-01
1.777344129107963355e-01
1.777344129107963355e-01
1.777344129107963355e-01
1.777344129107963355e-01
1.777344129107963355e-01
2.147054558461224949e-01
2.460914445267558259e-01
2.233057673214360050e-01
1.777344129107963355e-01
2.233057673214360050e-01
1.777344129107963355e-01
2.460914445267558259e-01
1.777344129107963355e-01
2.688771217320756746e-01
2.460914445267558259e-01
2.460914445267558259e-01
2.147054558461225227e-01
1.777344129107963355e-01
2.233057673214360050e-01
2.460914445267558259e-01
2.460914445267558259e-01
2.147054558461224949e-01
2.460914445267558259e-01
2.147054558461224949e-01
2.233057673214360050e-01
1.777344129107963355e-01
2.147054558461224949e-01
1.777344129107963355e-01
1.777344129107963355e-01
2.460914445267558259e-01
2.460914445267558259e-01
2.147054558461224949e-01
2.233057673214360050e-01
1.777344129107963355e-01
1.486258073164248572e-01
1.131491660776890312e-01
6.832484716586599560e-02
6.832484716586599560e-02
6.832484716586599560e-02
6.832484716586599560e-02
6.832484716586599560e-02
6.832484716586599560e-02
6.832484716586599560e-02
6.832484716586599560e-02
6.832484716586599560e-02
6.832484716586599560e-02
6.832484716586599560e-02
7.705287550536107366e-01
9.088572911787208275e-01
7.893438508974286449e-01
6.652006805023250591e-01
9.219049057257867608e-01
8.905189170451534020e-01
7.375282934797865453e-01
8.266091885009458906e-01
9.674762601364261805e-01
9.858146342699934950e-01
8.491005710380745697e-01
7.624051652885475150e-01
7.579578622167953972e-01
7.691279707261809984e-01
7.754527798356132262e-01
6.749700046842811441e-01
8.946719254487145445e-01
9.002569797034072341e-01
8.632859367680810747e-01
6.835703161595948485e-01
8.207298395780620037e-01
8.991192285204666623e-01
9.260579141293477923e-01
8.530711523995766488e-01
8.221618854291935508e-01
9.158431297608434773e-01
8.632859367680811857e-01
7.257284170214127750e-01
8.247004209395638608e-01
8.718862482433946681e-01
8.352094999762593730e-01
2.799629420204225450e-01
2.429918990850963856e-01
3.215692779085497777e-01
3.073839121785434392e-01
2.799629420204225450e-01
3.480766448920474820e-01
3.850476878273736414e-01
4.164336765080069447e-01
4.164336765080069447e-01
3.536616991467402826e-01
3.936479993026871238e-01
3.480766448920474820e-01
3.878019726769854070e-01
4.475586928176314427e-01
3.694635985434178704e-01
4.720707105422740080e-01
5.954428645589360247e-01
7.396194880832278606e-01
5.640568758783025549e-01
6.668151533955161137e-01
7.384817369002871779e-01
8.023914654444944672e-01
6.891553704142875381e-01
7.979441623727424604e-01
9.174576026540341989e-01
8.060990136615071577e-01
5.972537126277330799e-01
5.552428758372280893e-01
6.896008306008357680e-01
7.710054767638611084e-01
7.380050151900372502e-01
8.677332398398334146e-01
9.574439028099811511e-01
7.799000829073658991e-01
8.263148938327546933e-01
8.291477240113164227e-01
8.935341742657737507e-01
9.260579141293477923e-01
8.505326168892065608e-01
8.632859367680810747e-01
7.619284435782974763e-01
8.449475626345136492e-01
9.219049057257865387e-01
8.535478741098269095e-01
8.935341742657737507e-01
9.002569797034073451e-01
8.535478741098269095e-01
8.210241342462530900e-01
8.763335513151470080e-01
8.665954886568928428e-01
8.819186055698396975e-01
7.526671026302935719e-01
7.112487566232150726e-01
7.896381455656199533e-01
9.133045942504729453e-01
7.533281321029837718e-01
8.318999480874477159e-01
8.388857866695703658e-01
8.291477240113164227e-01
8.616714638748902422e-01
7.521903809200432001e-01
8.318999480874476049e-01
9.088572911787208275e-01
8.318999480874476049e-01
8.916566682280936407e-01
8.491005710380747917e-01
9.002569797034072341e-01
9.032722369240279159e-01
7.893438508974286449e-01
7.384817369002873999e-01
7.224188651326008959e-01
8.491005710380747917e-01
6.701247052843277707e-01
8.663011939887017565e-01
8.121295281027484103e-01
8.763335513151470080e-01
7.582521568849864835e-01
8.849338627904601573e-01
7.380050151900370281e-01
7.122040807640964699e-01
7.077567776923443521e-01
7.007709391102215912e-01
7.235566163155414676e-01
7.298814254249738065e-01
6.473390280790080054e-01
7.440667911549800895e-01
7.212811139496603241e-01
6.637998961748953208e-01
6.096282302889423077e-01
5.857048019006818595e-01
6.724002076502089142e-01
6.865855733802153082e-01
5.374969924870869331e-01
6.008142302478676200e-01
3.621129058771768716e-01
4.078333650326934623e-01
4.164336765080069447e-01
3.708623220973672474e-01
3.215692779085497777e-01
8.074997979889368960e-01
9.260579141293477923e-01
8.251771426498144546e-01
8.263148938327549153e-01
9.032722369240279159e-01
8.849338627904601573e-01
6.745720083560801106e-01
7.289279820044731739e-01
8.632859367680810747e-01
8.849338627904603793e-01
9.391055286764137255e-01
7.463422935208611220e-01
8.916566682280937517e-01
6.701247052843277707e-01
9.305052172011001321e-01
8.763335513151467859e-01
8.079765196991872678e-01
9.858146342699937170e-01
1.000000000000000000e+00
8.774713024980874687e-01
8.177145823574414329e-01
8.860716139734009511e-01
4.537323364087065269e-01
5.744680354224130925e-01
7.163570891676577235e-01
5.739223533235670027e-01
6.496145304448890379e-01
2.460914445267558259e-01
4.105876498823051723e-01
6.832484716586599560e-02
5.326708871976694182e-01
1.359348432830088660e-01
3.757409437945029573e-01
2.662598608396560818e-01
1.131491660776890312e-01
2.027974732023780369e-01
6.832484716586599560e-02
2.027974732023780369e-01
6.832484716586599560e-02
4.746092460526443180e-01
1.800117959970581882e-01
3.297382707584800010e-01
1.359348432830088660e-01
6.832484716586599560e-02
2.460914445267558259e-01
2.460914445267558259e-01
1.359348432830088660e-01
4.309466592033866505e-01
2.027974732023780369e-01
4.092987331810074014e-01
4.548700875916470432e-01
3.006298452172080915e-01
7.919136479315008748e-01
3.478156725210386213e-01
5.602826696924068095e-01
7.835763696006766699e-01
3.443549551138695985e-01
6.832484716586599560e-02
7.533281321029838828e-01
1.359348432830088660e-01
4.776557647969667530e-01
5.190428492803433880e-01
5.928730675248637949e-01
7.691279707261809984e-01
6.245533508736882400e-01
6.298441104601899543e-01
6.510465762960209180e-01
1.800117959970581882e-01
3.577813718786007069e-01
6.832484716586599560e-02
3.443549551138695985e-01
7.077567776923442411e-01
5.239036958411750211e-01
3.622953329192360461e-01
1.359348432830088660e-01
2.460914445267558259e-01
6.832484716586599560e-02
0.000000000000000000e+00
2.027974732023780369e-01
2.460914445267558259e-01
0.000000000000000000e+00
1.359348432830088660e-01
4.392193537133267656e-01
6.277841773804506698e-01
7.477430778482910823e-01
6.757097595390206823e-01
5.374969924870870441e-01
4.105876498823051723e-01
4.105876498823051723e-01
5.010712099512749651e-01
6.757097595390206823e-01
1.359348432830088660e-01
2.853046675307808755e-01
3.113489307010558482e-01
3.480766448920474820e-01
6.832484716586599560e-02
3.985266209998227227e-01
2.027974732023780369e-01
6.832484716586599560e-02
2.027974732023780369e-01
3.805670490839205278e-01
6.763707890117108823e-01
0.000000000000000000e+00
5.420596429326832721e-01
6.832484716586599560e-02
4.599471586123876632e-01
1.359348432830088660e-01
6.832484716586599560e-02
1.359348432830088660e-01
1.800117959970581882e-01
6.832484716586599560e-02
6.832484716586599560e-02
3.621129058771769271e-01
1.359348432830088660e-01
1.359348432830088660e-01
6.832484716586599560e-02
3.297382707584800010e-01
6.832484716586599560e-02
2.460914445267558259e-01
6.832484716586599560e-02
6.832484716586599560e-02
3.069525935531601246e-01
5.744680354224130925e-01
0.000000000000000000e+00
6.520174475977803530e-01
3.621129058771769271e-01
0.000000000000000000e+00
1.359348432830088660e-01
6.832484716586599560e-02
3.113489307010558482e-01
6.832484716586599560e-02
1.359348432830088660e-01
6.832484716586599560e-02
2.027974732023780369e-01
6.832484716586599560e-02
6.832484716586599560e-02
6.832484716586599560e-02
2.799629420204224894e-01
6.832484716586599560e-02
6.832484716586599560e-02
6.196605876153874481e-01
1.359348432830088660e-01
6.832484716586599560e-02
6.832484716586599560e-02
6.832484716586599560e-02
1.359348432830088660e-01
6.832484716586599560e-02
2.662598608396560818e-01
1.359348432830088660e-01
2.147054558461225227e-01
6.017676736683682526e-01
6.832484716586599560e-02
4.817108537079429764e-01
6.712624564672684535e-01
6.832484716586599560e-02
5.192739657273636178e-01
2.147054558461225227e-01
3.729574581946695222e-01
6.832484716586599560e-02
1.359348432830088660e-01
6.832484716586599560e-02
1.359348432830088660e-01
6.832484716586599560e-02
6.832484716586599560e-02
6.832484716586599560e-02
2.429918990850963856e-01
1.359348432830088660e-01
6.832484716586599560e-02
8.632859367680810747e-01
4.817108537079430874e-01
6.832484716586599560e-02
6.832484716586599560e-02
6.277841773804507808e-01
5.288966810117735617e-01
4.720707105422740080e-01
1.800117959970581882e-01
1.359348432830088660e-01
3.478156725210386213e-01
6.793860462323315641e-01
6.832484716586599560e-02
1.359348432830088660e-01
2.027974732023780369e-01
3.297382707584800010e-01
5.420596429326833832e-01
6.832484716586599560e-02
4.620050309186465309e-01
1.359348432830088660e-01
4.967338937852738834e-01
6.832484716586599560e-02
2.027974732023780369e-01
6.832484716586599560e-02
6.832484716586599560e-02
6.832484716586599560e-02
6.832484716586599560e-02
1.359348432830088660e-01
6.832484716586599560e-02
3.757409437945029018e-01
6.832484716586599560e-02
1.359348432830088660e-01
6.832484716586599560e-02
2.853046675307808755e-01
1.359348432830088660e-01
6.832484716586599560e-02
5.916686583730400573e-01
5.724747603115570849e-01
6.832484716586599560e-02
3.113489307010558482e-01
6.410142189695755555e-01
5.601669006192306899e-01
6.832484716586599560e-02
2.147054558461224949e-01
6.749700046842810330e-01
4.224993939668111320e-01
2.027974732023780369e-01
2.027974732023780369e-01
6.637998961748954319e-01
4.078333650326934623e-01
4.739482165799540625e-01
2.688771217320756746e-01
6.529240823337008059e-01
4.537323364087064159e-01
5.324571986319082129e-01
2.885632534957360273e-01
4.956998442623432033e-01
8.221618854291937728e-01
6.215380936530675582e-01
2.662598608396560818e-01
3.708623220973672474e-01
4.333733270876249932e-01
3.443549551138695985e-01
6.832484716586599560e-02
5.505446070341527554e-01
6.832484716586599560e-02
2.027974732023780369e-01
2.688771217320756746e-01
3.850476878273736414e-01
3.865772925415268957e-01
6.832484716586599560e-02
2.027974732023780369e-01
2.027974732023780369e-01
1.359348432830088660e-01
2.027974732023780369e-01
3.213555893427886279e-01
1.131491660776890312e-01
1.800117959970581882e-01
1.800117959970581882e-01
1.800117959970581882e-01
1.800117959970581882e-01
1.131491660776890312e-01
2.885632534957360273e-01
3.073839121785433837e-01
3.073839121785433837e-01
3.792016612016718691e-01
6.066129730683217369e-01
6.824325649766540547e-01
6.768475107219612541e-01
6.768475107219612541e-01
8.079765196991874898e-01
2.429918990850963856e-01
2.018678477462090282e-01
2.429918990850963856e-01
3.478156725210386213e-01
7.294047037147234347e-01
6.843100710143340537e-01
5.878766026065532779e-01
6.108933962588931621e-01
6.268288532395691615e-01
6.268288532395692725e-01
6.010279188136288253e-01
4.821875754181934037e-01
5.505446070341528664e-01
3.865130559756875805e-01
8.318999480874477159e-01
7.949289051521215566e-01
8.091142708821280616e-01
8.449475626345134271e-01
9.174576026540341989e-01
7.777282822014945918e-01
8.632859367680808527e-01
8.849338627904601573e-01
7.851908424938676134e-01
8.221618854291937728e-01
8.023914654444944672e-01
9.047042827751595739e-01
6.650650621448461752e-01
7.949289051521215566e-01
8.161001094642504894e-01
7.203744792137398711e-01
5.954428645589359137e-01
5.812574988289296307e-01
6.551995846995819495e-01
5.412711986729830116e-01
5.374969924870870441e-01
5.602826696924068095e-01
5.238568871565947305e-01
3.215692779085497777e-01
7.919136479315009858e-01
7.194036079119801030e-01
7.691279707261809984e-01
7.063559933649143918e-01
7.209868192814691268e-01
7.209868192814691268e-01
8.035292166274351500e-01
8.135615739538802904e-01
7.463422935208613440e-01
8.263148938327550264e-01
8.207298395780620037e-01
8.707484970604538743e-01
7.607906923953567935e-01
8.291477240113164227e-01
7.807435394221152736e-01
7.523728079621024856e-01
7.607906923953567935e-01
6.596468877713344003e-01
7.993762082238738964e-01
6.966179307066604487e-01
6.185228364324468764e-01
7.765905310185540200e-01
7.254341223532215777e-01
5.968749104100676828e-01
6.108933962588930511e-01
6.206314589171472162e-01
6.520174475977804640e-01
7.280039193872938075e-01
6.898951252690270763e-01
6.440294761901963483e-01
6.656774022125754309e-01
8.251771426498144546e-01
7.396194880832277496e-01
8.935341742657739728e-01
8.577008825133881631e-01
8.621481855851405030e-01
4.475586928176313872e-01
4.247730156123115663e-01
3.922492757487376913e-01
4.537323364087064159e-01
5.176420649529135387e-01
4.913331472930209665e-01
5.141188244983407873e-01
6.144543355783599337e-01
4.590230959952082412e-01
6.745720083560802216e-01
5.987524164477477928e-01
6.324139074942621841e-01
5.752269843876883781e-01
6.896008306008358790e-01
3.551270672950542773e-01
7.354664796796666071e-01
7.533281321029839939e-01
6.363844888557642632e-01
6.282608990907009305e-01
6.066129730683217369e-01
6.215380936530675582e-01
6.473390280790081164e-01
5.726571873536161483e-01
5.868425530836224313e-01
6.324139074942621841e-01
5.640568758783026659e-01
4.913331472930209110e-01
4.720707105422740080e-01
4.862560762722802910e-01
4.948563877475937733e-01
5.090417534776001673e-01
4.078333650326934623e-01
3.215692779085497777e-01
2.662598608396560818e-01
2.799629420204224894e-01
2.799629420204224894e-01
2.429918990850963856e-01
2.799629420204225450e-01
3.341346079063757246e-01
6.379989617489549847e-01
7.519273477755541446e-01
8.060990136615072688e-01
6.010279188136288253e-01
4.495161497839743614e-01
6.150464046624543046e-01
5.967080305288867681e-01
6.194937077342066445e-01
6.348168246471534992e-01
9.118725483993413983e-01
8.091142708821278395e-01
6.919569390691470145e-01
8.632859367680811857e-01
7.526671026302936829e-01
4.333733270876249932e-01
7.477430778482909712e-01
3.073839121785434392e-01
6.798627679425818249e-01
3.069525935531601246e-01
7.224188651326007848e-01
5.412711986729829006e-01
7.037861963308421620e-01
6.701247052843278817e-01
7.993762082238738964e-01
5.404277421582335261e-01
8.905189170451532910e-01
8.535478741098270206e-01
7.754527798356134483e-01
8.935341742657737507e-01
7.440667911549802005e-01
8.307621969045071442e-01
7.607906923953566825e-01
7.563433893236043426e-01
7.477430778482910823e-01
3.422306182663457097e-01
6.245533508736882400e-01
1.777344129107963355e-01
2.845982349732235628e-01
5.147113152817672788e-01
4.409158383086608235e-01
5.516823582170934381e-01
4.963729411481997977e-01
6.865855733802153082e-01
6.615243938090143994e-01
