5.657548800791786237e-01
7.183637059225141952e-01
8.598326213287670328e-01
7.816352183472647930e-01
6.286897324966145284e-01
8.486927108916844098e-01
6.442166699937593721e-01
7.066784470581343180e-01
8.077010193410989469e-01
6.252404123842604244e-01
6.550921934977633754e-01
7.063775488431170979e-01
4.813792633883929306e-01
8.423036573019758722e-01
3.730429856621565454e-01
4.420793156327952333e-01
7.978626456390360833e-01
8.747585118855185637e-01
8.436051940369959645e-01
3.619030752250739225e-01
2.167244334499579816e-01
4.324318450903594790e-01
0.000000000000000000e+00
3.978072499209707735e-01
2.345519382585881107e-01
7.559217805101983712e-02
3.159001205706055138e-01
0.000000000000000000e+00
0.000000000000000000e+00
0.000000000000000000e+00
1.241780379514271920e-01
2.345519382585881107e-01
1.619354614499559086e-01
3.503298319037976838e-01
1.241780379514271920e-01
3.300719742800772294e-01
6.350787860863230661e-01
5.497918397204856200e-01
7.559217805101983712e-02
2.513292228712776799e-01
5.027477545875063125e-01
0.000000000000000000e+00
2.704561129544849063e-01
1.241780379514271920e-01
3.053077100212630568e-01
2.623907280971115585e-01
0.000000000000000000e+00
5.912753326457154124e-01
6.853635029116741384e-01
0.000000000000000000e+00
5.111388347068613891e-01
8.013119657513904093e-01
4.553134623945588877e-01
2.637685185829374279e-01
4.709171360477842905e-01
7.797883331849477795e-01
6.970487617760540155e-01
4.031818604068907463e-01
5.659657199596037636e-01
6.380185195636776108e-01
2.623907280971115585e-01
1.619354614499559086e-01
4.031818604068907463e-01
7.896267068870106431e-01
3.862340065996944793e-01
0.000000000000000000e+00
3.730429856621565454e-01
7.276567311972795826e-01
3.053077100212630568e-01
3.673312327636471530e-01
4.194092876986620921e-01
3.190644985121712796e-01
7.559217805101983712e-02
4.292476614007247893e-01
5.175278882965699268e-01
7.559217805101983712e-02
8.058541341787818224e-01
7.537225321911137366e-01
5.665110683869011288e-01
5.481358577177954938e-01
2.345519382585881107e-01
7.034378153657625532e-01
2.704561129544849063e-01
5.747470071389269020e-01
0.000000000000000000e+00
2.513292228712776799e-01
8.175393930431615885e-01
4.240050031787067075e-01
3.763956328976318377e-01
7.162159225451798505e-01
9.154135434287892226e-01
0.000000000000000000e+00
7.247527595122227329e-01
8.486927108916846318e-01
7.816352183472647930e-01
7.752461647575562553e-01
7.559217805101983712e-02
3.343667915451048467e-01
5.353577505383784185e-01
7.559217805101983712e-02
1.502438389452612766e-01
3.673312327636470975e-01
2.167244334499579816e-01
0.000000000000000000e+00
7.559217805101983712e-02
0.000000000000000000e+00
4.448513350539501920e-01
3.343667915451048467e-01
7.559217805101983712e-02
0.000000000000000000e+00
0.000000000000000000e+00
0.000000000000000000e+00
1.502438389452612766e-01
1.978396361458527319e-01
1.922587099729826665e-01
1.619354614499559086e-01
0.000000000000000000e+00
2.167244334499579816e-01
0.000000000000000000e+00
2.239054371396868304e-01
5.758576407143198850e-01
2.345519382585881107e-01
0.000000000000000000e+00
0.000000000000000000e+00
7.850845384596190080e-01
4.511079539744822231e-01
0.000000000000000000e+00
4.194092876986620921e-01
2.239054371396868304e-01
3.053077100212630568e-01
1.922587099729826665e-01
3.763956328976317822e-01
4.454750886924961906e-01
2.799959458747087182e-01
0.000000000000000000e+00
3.771160594130565924e-01
2.637685185829373724e-01
0.000000000000000000e+00
2.239054371396868304e-01
5.409906158203643400e-01
2.623907280971115585e-01
1.619354614499559086e-01
6.909963681936601709e-01
4.238730509148048720e-01
1.619354614499559086e-01
5.918206810730126666e-01
1.502438389452612766e-01
0.000000000000000000e+00
0.000000000000000000e+00
0.000000000000000000e+00
0.000000000000000000e+00
0.000000000000000000e+00
0.000000000000000000e+00
7.559217805101983712e-02
0.000000000000000000e+00
0.000000000000000000e+00
0.000000000000000000e+00
3.862340065996944793e-01
0.000000000000000000e+00
7.559217805101983712e-02
0.000000000000000000e+00
3.469771846683224470e-01
0.000000000000000000e+00
5.111388347068612781e-01
3.190644985121712240e-01
2.637685185829373724e-01
4.393304853150676870e-01
0.000000000000000000e+00
0.000000000000000000e+00
0.000000000000000000e+00
4.640947495738819151e-01
0.000000000000000000e+00
4.448513350539501920e-01
5.534320629924668333e-01
5.920850680060911753e-01
0.000000000000000000e+00
7.559217805101983712e-02
0.000000000000000000e+00
6.024152430827979243e-01
0.000000000000000000e+00
1.241780379514271920e-01
2.965219139483190602e-01
7.559217805101983712e-02
0.000000000000000000e+00
7.559217805101983712e-02
6.904510197663630278e-01
7.559217805101983712e-02
0.000000000000000000e+00
0.000000000000000000e+00
1.241780379514271920e-01
0.000000000000000000e+00
0.000000000000000000e+00
4.506161525998381712e-01
0.000000000000000000e+00
0.000000000000000000e+00
2.443903119606508356e-01
7.559217805101983712e-02
7.559217805101983712e-02
2.704561129544849618e-01
4.555579126068389773e-01
0.000000000000000000e+00
0.000000000000000000e+00
0.000000000000000000e+00
0.000000000000000000e+00
0.000000000000000000e+00
0.000000000000000000e+00
0.000000000000000000e+00
0.000000000000000000e+00
0.000000000000000000e+00
0.000000000000000000e+00
0.000000000000000000e+00
7.559217805101983712e-02
0.000000000000000000e+00
1.241780379514271920e-01
0.000000000000000000e+00
3.300719742800772294e-01
2.167244334499579816e-01
3.771160594130566479e-01
0.000000000000000000e+00
4.194092876986620921e-01
5.175278882965699268e-01
0.000000000000000000e+00
3.503298319037976838e-01
4.640947495738819151e-01
5.760485438739466613e-01
0.000000000000000000e+00
4.813792633883930416e-01
4.553134623945588877e-01
0.000000000000000000e+00
1.922587099729826665e-01
3.771160594130565924e-01
3.419659215644396122e-01
5.273662619986326794e-01
5.399534660184229784e-01
6.290263925039292214e-01
5.920850680060911753e-01
6.540550436958221248e-01
8.029501624937248616e-01
7.034378153657625532e-01
6.917525565013827871e-01
5.040492913225261828e-01
5.758576407143197740e-01
4.500708041725408615e-01
5.409906158203643400e-01
6.019234417081539279e-01
5.920850680060911753e-01
5.149248148265301861e-01
6.811579944915975293e-01
6.811579944915975293e-01
6.649305671998261280e-01
5.920850680060911753e-01
7.901720553143077863e-01
9.119642233164352296e-01
8.063994826060790766e-01
8.747585118855185637e-01
7.457310436513679974e-01
8.579857361664499082e-01
9.119642233164352296e-01
7.704953079101822810e-01
7.393419900616595708e-01
7.276567311972795826e-01
6.675336406698658687e-01
7.340457847869881203e-01
8.747585118855185637e-01
8.696709950308296744e-01
7.183637059225141952e-01
8.162378563081417182e-01
7.686484227478651565e-01
8.111503394534529399e-01
7.345911332142854855e-01
8.058541341787818224e-01
8.114869994607678549e-01
3.771160594130565924e-01
3.561377752739113833e-01
4.031818604068907463e-01
3.561377752739113278e-01
3.771160594130566479e-01
5.288135555813404665e-01
5.758576407143197740e-01
6.388647662059920851e-01
7.162159225451798505e-01
6.739226942595745173e-01
8.372161404472872048e-01
8.534435677390582731e-01
7.162159225451798505e-01
7.965611089040163240e-01
8.324652835999132305e-01
6.611445870801572200e-01
8.858984223226011867e-01
8.486927108916846318e-01
7.063775488431170979e-01
8.175393930431615885e-01
9.316409707205607349e-01
9.218025970184977602e-01
8.423036573019758722e-01
8.957367960246637173e-01
8.324652835999132305e-01
8.213253731628306076e-01
9.380300243102691615e-01
8.436051940369957425e-01
7.590187374657848540e-01
7.068871354781166572e-01
6.970487617760540155e-01
8.436051940369957425e-01
8.175393930431615885e-01
7.965611089040163240e-01
8.226269098978504779e-01
7.965611089040163240e-01
9.218025970184977602e-01
7.329529364719508111e-01
7.896267068870105321e-01
6.739226942595744063e-01
6.999884952534085603e-01
8.957367960246638283e-01
8.734569751504988044e-01
8.324652835999132305e-01
6.008128081327609449e-01
7.965611089040163240e-01
8.436051940369957425e-01
9.154135434287892226e-01
7.850845384596191190e-01
9.316409707205605129e-01
8.579857361664501303e-01
8.063994826060790766e-01
8.486927108916844098e-01
7.457310436513679974e-01
8.845968855875812054e-01
8.473911741566647615e-01
8.957367960246638283e-01
7.196652426575339545e-01
7.165168207601969597e-01
8.127885361957876142e-01
6.909963681936601709e-01
6.808213344842826142e-01
6.909963681936601709e-01
7.457310436513679974e-01
8.324652835999132305e-01
7.896267068870105321e-01
8.063994826060790766e-01
9.316409707205607349e-01
8.858984223226011867e-01
8.162378563081419403e-01
9.380300243102691615e-01
9.055751697267265810e-01
8.058541341787818224e-01
8.858984223226011867e-01
8.957367960246638283e-01
8.111503394534531619e-01
7.850845384596190080e-01
8.957367960246637173e-01
8.213253731628306076e-01
9.008243128793527177e-01
7.329529364719508111e-01
7.132761890678254169e-01
7.521200972410765351e-01
8.632819414411211367e-01
7.752461647575562553e-01
7.555694173534307501e-01
7.752461647575562553e-01
9.106626865814153593e-01
7.066784470581342070e-01
8.747585118855185637e-01
7.170621691874942139e-01
8.063994826060790766e-01
8.534435677390582731e-01
7.521200972410766461e-01
8.845968855875812054e-01
8.042516992287449540e-01
7.332895964792656152e-01
7.816352183472649040e-01
8.063994826060790766e-01
7.393419900616594598e-01
7.438841584890508729e-01
8.957367960246638283e-01
7.699499594828850269e-01
8.213253731628306076e-01
8.585310845937472735e-01
8.957367960246638283e-01
9.367284875752492912e-01
8.127885361957877253e-01
9.478683980123319142e-01
9.316409707205607349e-01
8.226269098978504779e-01
9.316409707205605129e-01
9.218025970184979823e-01
9.021258496143723660e-01
8.858984223226009647e-01
6.970487617760540155e-01
4.553134623945588877e-01
8.683694582958098040e-01
8.795093687328924270e-01
7.704953079101822810e-01
7.590187374657848540e-01
8.696709950308298964e-01
7.635609058931763782e-01
8.401558739246416385e-01
6.268786091265949878e-01
6.170402354245323462e-01
6.071660999301718986e-01
7.537225321911136255e-01
4.901605505677160690e-01
8.683694582958100261e-01
6.181508689999252182e-01
3.973739170367771023e-01
7.816352183472649040e-01
5.918206810730126666e-01
4.228943696033138910e-01
0.000000000000000000e+00
2.799959458747087182e-01
2.870583194790469750e-01
5.111388347068612781e-01
0.000000000000000000e+00
1.978396361458527319e-01
2.704561129544849618e-01
5.372046357006954320e-01
6.077114483574691528e-01
3.771160594130565924e-01
4.813792633883930416e-01
4.292476614007247893e-01
3.080366036181922951e-01
2.345519382585881107e-01
4.194092876986620921e-01
7.559217805101983712e-02
7.066784470581342070e-01
1.502438389452612766e-01
4.699384547362932540e-01
4.240050031787067075e-01
6.021143448677809262e-01
7.132761890678253058e-01
1.502438389452612766e-01
1.241780379514271920e-01
3.763956328976318377e-01
2.239054371396868304e-01
7.559217805101983712e-02
3.362501879893606271e-01
4.420793156327952333e-01
3.419659215644396122e-01
7.559217805101983712e-02
1.922587099729826665e-01
2.239054371396868304e-01
4.627932128388621558e-01
5.111388347068613891e-01
7.559217805101983712e-02
3.763956328976317822e-01
1.241780379514271920e-01
1.502438389452612766e-01
2.345519382585881107e-01
1.241780379514271920e-01
7.559217805101983712e-02
0.000000000000000000e+00
1.241780379514271920e-01
7.559217805101983712e-02
2.345519382585881107e-01
0.000000000000000000e+00
0.000000000000000000e+00
6.268786091265949878e-01
6.656867555075486331e-01
7.170621691874942139e-01
7.965611089040163240e-01
7.170621691874942139e-01
7.867227352019535713e-01
6.709829607822198616e-01
9.281916506082065199e-01
7.896267068870105321e-01
8.239284466328701262e-01
7.952595721689964536e-01
7.276567311972795826e-01
8.175393930431615885e-01
8.499942476267042801e-01
9.106626865814152483e-01
7.358926699493053558e-01
7.276567311972795826e-01
8.175393930431615885e-01
7.196652426575339545e-01
8.319199351726157543e-01
7.457310436513679974e-01
7.816352183472647930e-01
7.491803637637221014e-01
7.901720553143077863e-01
6.380185195636776108e-01
7.098268689554712019e-01
7.495170237710370165e-01
7.438841584890508729e-01
6.388647662059920851e-01
7.425826217540311136e-01
6.960838850483489493e-01
8.696709950308296744e-01
6.970487617760540155e-01
8.319199351726157543e-01
5.372046357006954320e-01
5.111388347068612781e-01
5.111388347068613891e-01
5.273662619986326794e-01
4.627932128388621558e-01
5.409906158203643400e-01
6.388647662059920851e-01
6.191880188018665798e-01
6.127989652121580422e-01
6.529444101204291417e-01
6.803117478492829440e-01
5.662101701718839086e-01
7.358926699493054668e-01
7.704953079101822810e-01
6.960838850483489493e-01
7.327442480519683610e-01
8.696709950308298964e-01
8.598326213287671438e-01
8.747585118855185637e-01
7.704953079101822810e-01
7.704953079101821700e-01
7.880242719369734417e-01
8.324652835999132305e-01
7.978626456390361943e-01
6.021143448677808152e-01
5.712619252342751031e-01
7.593553974730996581e-01
8.747585118855186748e-01
6.638398703452316196e-01
7.183637059225140842e-01
4.448513350539501920e-01
2.239054371396868304e-01
4.122998075935286333e-01
4.194092876986620921e-01
5.811002989363377447e-01
4.870121286703789631e-01
3.419659215644396122e-01
4.813792633883929306e-01
3.286782277500227001e-01
6.029605915100952895e-01
7.704953079101822810e-01
4.640947495738819151e-01
7.119746523328055465e-01
3.419659215644396122e-01
5.149248148265301861e-01
7.066784470581343180e-01
4.031818604068907463e-01
4.031818604068907463e-01
4.031818604068907463e-01
4.194092876986620921e-01
4.555579126068389773e-01
6.540550436958221248e-01
5.548793565751745094e-01
5.288135555813404665e-01
6.181508689999252182e-01
6.019234417081539279e-01
5.399534660184230894e-01
5.758576407143197740e-01
5.548793565751745094e-01
5.768947905162611356e-01
5.918206810730126666e-01
6.029605915100952895e-01
5.670564168141984940e-01
5.758576407143198850e-01
5.758576407143197740e-01
6.019234417081538169e-01
5.758576407143197740e-01
4.779834903286920844e-01
5.027477545875063125e-01
5.040492913225261828e-01
8.324652835999133416e-01
8.140900729308075956e-01
9.106626865814152483e-01
5.751803400231206842e-01
7.542678806184109908e-01
8.162378563081419403e-01
7.332895964792656152e-01
8.239284466328701262e-01
8.324652835999132305e-01
9.478683980123319142e-01
8.372161404472872048e-01
8.678241098685126609e-01
7.260542962472426032e-01
9.106626865814152483e-01
8.063994826060791876e-01
8.845968855875812054e-01
7.901720553143077863e-01
7.755828247648711704e-01
8.473911741566647615e-01
7.816352183472647930e-01
7.178183574952168300e-01
8.417583088746786180e-01
7.797883331849476685e-01
8.319199351726157543e-01
8.058541341787818224e-01
8.337668203349331009e-01
7.276567311972795826e-01
7.457310436513679974e-01
6.563937302327831347e-01
6.268786091265949878e-01
8.944352592896439580e-01
6.999884952534085603e-01
8.747585118855185637e-01
7.914735920493276566e-01
8.598326213287671438e-01
8.114869994607678549e-01
6.999884952534085603e-01
6.019234417081538169e-01
5.548793565751745094e-01
4.850730337130272352e-01
4.969829370416182779e-01
7.854211984669338120e-01
6.760704776369087510e-01
4.122998075935286333e-01
4.383656085873627317e-01
5.893362376883635179e-01
6.917525565013827871e-01
2.239054371396868304e-01
7.654077910554936137e-01
6.127989652121580422e-01
4.194092876986620921e-01
5.957252912780721665e-01
5.230487380354523763e-01
6.388647662059920851e-01
4.640947495738819151e-01
6.500046766430745970e-01
6.909963681936601709e-01
5.548793565751745094e-01
3.286782277500227001e-01
5.122316830218986983e-01
4.969829370416182779e-01
2.965219139483190602e-01
4.187855340601160381e-01
0.000000000000000000e+00
7.260542962472424922e-01
5.499827428801126183e-01
0.000000000000000000e+00
0.000000000000000000e+00
1.241780379514271920e-01
2.704561129544849618e-01
0.000000000000000000e+00
1.502438389452612766e-01
3.419659215644396122e-01
4.292476614007247893e-01
4.819246118156902403e-01
2.732430624976883715e-01
1.241780379514271920e-01
3.080366036181922951e-01
0.000000000000000000e+00
4.031818604068907463e-01
0.000000000000000000e+00
0.000000000000000000e+00
4.031818604068907463e-01
6.279356956493348241e-01
5.920850680060911753e-01
4.031818604068907463e-01
7.457310436513679974e-01
5.111388347068613891e-01
6.529444101204291417e-01
4.122998075935286333e-01
6.500046766430745970e-01
5.548793565751745094e-01
4.553134623945588877e-01
3.763956328976318377e-01
3.419659215644396122e-01
4.813792633883930416e-01
3.862340065996944793e-01
2.704561129544849063e-01
6.388647662059920851e-01
7.491803637637221014e-01
9.055751697267266920e-01
8.598326213287670328e-01
7.978626456390361943e-01
9.119642233164351186e-01
6.917525565013827871e-01
8.795093687328924270e-01
5.372046357006954320e-01
6.935994416636999116e-01
5.504923295151121776e-01
4.752346600109645380e-01
5.175278882965699268e-01
7.393419900616595708e-01
7.635609058931763782e-01
7.183637059225141952e-01
7.850845384596191190e-01
8.058541341787818224e-01
8.436051940369957425e-01
6.970487617760540155e-01
6.181508689999252182e-01
8.534435677390584951e-01
8.858984223226011867e-01
9.119642233164351186e-01
7.867227352019536823e-01
7.606569342081196394e-01
8.239284466328703482e-01
6.803117478492829440e-01
9.316409707205607349e-01
9.106626865814152483e-01
8.175393930431618106e-01
8.319199351726157543e-01
7.816352183472649040e-01
8.436051940369957425e-01
8.063994826060790766e-01
8.696709950308298964e-01
8.324652835999132305e-01
8.175393930431615885e-01
7.952595721689964536e-01
7.965611089040163240e-01
8.696709950308298964e-01
8.598326213287670328e-01
8.058541341787818224e-01
8.486927108916844098e-01
8.436051940369959645e-01
6.170402354245323462e-01
8.063994826060790766e-01
8.957367960246638283e-01
7.978626456390361943e-01
8.486927108916846318e-01
8.058541341787818224e-01
7.952595721689966757e-01
8.845968855875812054e-01
9.640958253041033155e-01
4.393304853150676870e-01
3.763956328976317822e-01
3.286782277500227001e-01
3.341024046120263380e-01
7.072237954854316833e-01
2.239054371396868304e-01
7.559217805101983712e-02
7.559217805101983712e-02
7.559217805101983712e-02
3.858973465923797308e-01
7.559217805101983712e-02
1.978396361458527319e-01
3.862340065996944793e-01
7.559217805101983712e-02
2.704561129544849063e-01
7.165168207601969597e-01
7.431279701813283678e-01
5.534320629924667223e-01
7.752461647575562553e-01
7.431279701813283678e-01
5.111388347068613891e-01
4.122998075935286333e-01
3.060617468685427611e-01
2.345519382585881107e-01
2.345519382585881107e-01
9.055751697267266920e-01
8.957367960246638283e-01
8.436051940369957425e-01
7.797883331849476685e-01
7.654077910554936137e-01
9.055751697267265810e-01
8.957367960246637173e-01
8.957367960246638283e-01
7.327442480519683610e-01
8.957367960246638283e-01
9.316409707205607349e-01
3.060617468685427611e-01
3.060617468685427611e-01
3.060617468685427611e-01
3.060617468685427611e-01
3.060617468685427611e-01
4.122998075935286333e-01
4.122998075935286333e-01
4.454750886924961906e-01
4.194092876986620921e-01
4.813792633883929306e-01
4.031818604068907463e-01
4.813792633883929306e-01
5.491145390292865303e-01
6.181508689999252182e-01
6.550921934977633754e-01
6.649305671998261280e-01
7.260542962472424922e-01
7.345911332142854855e-01
8.175393930431615885e-01
6.760704776369086400e-01
5.111388347068612781e-01
5.138876650245888245e-01
7.965611089040165460e-01
5.931222178080324259e-01
7.332895964792656152e-01
7.704953079101822810e-01
7.178183574952168300e-01
7.345911332142854855e-01
6.576952669678030050e-01
7.965611089040163240e-01
7.345911332142854855e-01
8.226269098978504779e-01
7.691937711751625217e-01
8.683694582958098040e-01
8.213253731628306076e-01
6.773720143719285103e-01
7.329529364719508111e-01
7.276567311972795826e-01
7.537225321911136255e-01
7.896267068870105321e-01
6.279356956493347131e-01
8.417583088746785069e-01
7.686484227478651565e-01
7.165168207601969597e-01
8.140900729308074846e-01
7.183637059225141952e-01
1.000000000000000000e+00
7.755828247648711704e-01
7.606569342081196394e-01
8.324652835999132305e-01
7.606569342081196394e-01
7.704953079101822810e-01
7.234512227772028625e-01
6.478568932657403634e-01
7.880242719369735527e-01
8.337668203349331009e-01
8.795093687328924270e-01
7.457310436513679974e-01
5.288135555813403554e-01
3.561377752739113833e-01
6.401663029410119554e-01
2.637685185829374279e-01
3.341024046120263380e-01
2.870583194790469750e-01
