6.306626392314212959e-01
7.823567075563144790e-01
6.380850519313000513e-01
6.804139851204921152e-01
6.630270333636801849e-01
4.998261928776839835e-01
4.998261928776839835e-01
7.380242873871781795e-01
5.356870742190240620e-01
5.240449197781427149e-01
7.378000055579144734e-01
7.278645694567190683e-01
6.304928240857601285e-01
5.903633978009074079e-01
5.689556224044919341e-01
4.433150804521951982e-01
4.958555760368980048e-01
4.709135946045177046e-01
9.355428021865598298e-01
9.311044420973858537e-01
9.863309191045291913e-01
8.595788322120163638e-01
8.622088841947718185e-01
8.346368507796361191e-01
8.984237661640613881e-01
8.470229339229955468e-01
8.381710568156008900e-01
8.368880590634895089e-01
8.003315315652695938e-01
5.769017077924435410e-01
4.983824491179297822e-01
4.684504316421736481e-01
6.835693474575544881e-01
6.781504217376200794e-01
5.693359606840905363e-01
6.481669546879000876e-01
4.896913180181777236e-01
4.869411370316668597e-01
2.504063785538825915e-01
7.149531759590527225e-01
4.459716131721376819e-01
2.386146570352799534e-01
7.939836087211731286e-01
2.205072160506351964e-01
4.254010092251487851e-01
2.132873425313840388e-01
6.227541295848154634e-01
2.322733610623191058e-01
3.915977666662366630e-02
1.523266319270249747e-01
2.454491974830153855e-01
3.915977666662366630e-02
3.915977666662366630e-02
3.915977666662366630e-02
2.081928848111380403e-01
3.915977666662366630e-02
3.915977666662366630e-02
1.342191909423802454e-01
3.915977666662366630e-02
9.597649957910531215e-02
3.915977666662366630e-02
1.342191909423802454e-01
3.915977666662366630e-02
1.342191909423802454e-01
3.915977666662366630e-02
3.737087382539701075e-01
9.597649957910531215e-02
1.765536395804011838e-01
2.856915299630440885e-01
3.833737713148026027e-01
0.000000000000000000e+00
1.523266319270249747e-01
6.212993014494347932e-01
3.296451064332781011e-01
1.765536395804011838e-01
9.364469562397689240e-01
9.057836169661035441e-01
0.000000000000000000e+00
2.934558009709074544e-01
7.975178147571377885e-01
6.567178032702515322e-01
7.138151502816496574e-01
7.563407569250638618e-01
6.265782797701968665e-01
4.697378501002313911e-01
4.264231937318275212e-01
7.167614840654711328e-01
2.263003257957827141e-01
5.461570753512284826e-01
6.476961110171955971e-01
2.081928848111380403e-01
5.726721765126837477e-02
2.635566384676600316e-01
6.792636043440702931e-01
4.433430557700784869e-01
2.675840889783993592e-01
8.141332294364298505e-01
7.309654651101791245e-01
1.523266319270249747e-01
4.867713218860055258e-01
8.108328950246590505e-01
5.726721765126837477e-02
3.821861923684088391e-01
4.765723905479667399e-01
2.092343155137259547e-01
2.081928848111380403e-01
1.523266319270249747e-01
4.546159563069877008e-01
6.916496874874296097e-01
6.365930256259476616e-01
8.254061299733391754e-01
6.766431421562448811e-01
2.386146570352799534e-01
7.048183010995465736e-01
6.236582836380246686e-01
3.755170463603884623e-01
2.821829004339981295e-01
6.586273660251743545e-01
4.709135946045178156e-01
3.002903414186429143e-01
6.360443667813840962e-01
7.847528879148760739e-01
7.714378076473544787e-01
6.519254425531284536e-01
8.675513983371549998e-01
8.728939124795378479e-01
1.000000000000000000e+00
9.673193240666754233e-01
8.483059316751070389e-01
8.764032754445494344e-01
8.743859387848902376e-01
8.346368507796361191e-01
8.752900928380994428e-01
7.971389710582353905e-01
5.881746083293527549e-01
6.581568574726979204e-01
6.084708387855520817e-01
7.540895486412106941e-01
8.008181491689083664e-01
4.071281738007890283e-01
8.224597961895178111e-01
8.586746781588070476e-01
9.388431365983306298e-01
9.355428021865598298e-01
7.984219688103468826e-01
7.785062197192837985e-01
4.958555760368978937e-01
4.264231937318275212e-01
3.365052233879323174e-01
7.359821076565660203e-01
6.987552977293306489e-01
6.761082420070076981e-01
4.865578726268183218e-01
4.709135946045178156e-01
3.833737713148026027e-01
3.721008707778933888e-01
3.721008707778933888e-01
6.383189235554939112e-01
7.829445798084577746e-01
6.766431421562448811e-01
8.514612940121694118e-01
6.504959781456124412e-01
5.726721765126837477e-02
8.405672371741624849e-01
8.372669027623915738e-01
8.450055972633361279e-01
8.414713912273715790e-01
8.734817847316809214e-01
8.527442917642809039e-01
9.174353612019152671e-01
8.660593720318024991e-01
8.913553540921319573e-01
8.684555523903639829e-01
8.728939124795377369e-01
9.432814966875043838e-01
8.426094169047746441e-01
8.346368507796363412e-01
8.562784978002455638e-01
7.685550096851541113e-01
8.980449224651589901e-01
7.324727446915542117e-01
8.071288738430333343e-01
7.324727446915542117e-01
8.233639502427267942e-01
7.398951573914328561e-01
5.698597764577012503e-01
8.235978218669209872e-01
7.066017661350120216e-01
4.184010743376982422e-01
7.639329847706036736e-01
5.835288573531719480e-01
6.617688786825216551e-01
6.912163771049250061e-01
7.064939922302753139e-01
8.003315315652697048e-01
7.930794546679638124e-01
8.651303749076403315e-01
8.176674354723945104e-01
8.108080519537061992e-01
8.847546852685903573e-01
8.933975338227440055e-01
9.785922246035846372e-01
7.870040961987292416e-01
8.594338601373079367e-01
8.627341945490786257e-01
9.320085961505951699e-01
9.604847836189399635e-01
8.191594617777470111e-01
8.880550196803611573e-01
8.333538530275247380e-01
8.664133726597517127e-01
6.798763196671664399e-01
6.323885371609676564e-01
6.323885371609676564e-01
6.436614376978769814e-01
6.798763196671664399e-01
6.016362983378167328e-01
5.870630633891367189e-01
6.142810961763229827e-01
6.265782797701968665e-01
6.084708387855520817e-01
6.798763196671663289e-01
6.118849158177614989e-01
6.211156366240584425e-01
6.256211536140815488e-01
5.898395820272969159e-01
7.714378076473544787e-01
7.016767884421991619e-01
5.490413678941251652e-01
4.703008792814216132e-01
3.879031295037478899e-01
5.637844179884665685e-01
4.184010743376982422e-01
4.875428589635252274e-01
3.726945288503029641e-01
6.785044223655694040e-01
5.157183530250547543e-01
7.657412928770223060e-01
3.726945288503029641e-01
4.115665338899629488e-01
4.709135946045178156e-01
5.114998540591985110e-01
1.140839405637499859e-01
4.071281738007890283e-01
4.933924130745537262e-01
7.737138590021606088e-01
3.539934297932486040e-01
4.269600181342838030e-01
8.278023103319008813e-01
4.390700901206196494e-01
6.065424016753783176e-01
5.196218129649915474e-01
7.271302305491711415e-01
1.523266319270249747e-01
6.287765159511440327e-01
5.196218129649915474e-01
8.494439573525101039e-01
7.023972776700317944e-01
5.408801955807525097e-01
5.575625928638272555e-01
5.813400678816174061e-01
7.054885835285618079e-01
8.075077175419356212e-01
9.794963786567939534e-01
8.924933797695349114e-01
8.582958344599048717e-01
8.627341945490786257e-01
8.776862731966611486e-01
8.586746781588070476e-01
8.924933797695349114e-01
5.807786763666611396e-01
8.278023103319006593e-01
8.740070950859879506e-01
9.375601388462192487e-01
7.825657361095554876e-01
7.933133262921575612e-01
8.191594617777470111e-01
8.223148241148092730e-01
9.242699016496506159e-01
8.259940022254824710e-01
8.993279202172702602e-01
8.096948693472562075e-01
8.594338601373079367e-01
8.006731770942000503e-01
8.252363148276777860e-01
7.101359721709765704e-01
8.514612940121694118e-01
8.549955000481342937e-01
7.923466103411122008e-01
8.446267535644340629e-01
8.501782962600580307e-01
7.790315300735908277e-01
9.238910579507483289e-01
8.309576726689630322e-01
7.054885835285618079e-01
9.026282546290412823e-01
9.139011551659504962e-01
8.381710568156008900e-01
9.002320742704795764e-01
8.304323623146562250e-01
9.174353612019150450e-01
9.492118830820306385e-01
9.233657475964412997e-01
6.006791721817014151e-01
6.106690749664991369e-01
6.398933600377183506e-01
6.558136492170424381e-01
6.757934547866382147e-01
7.838487338616668687e-01
6.006120152808521739e-01
6.509964454289662861e-01
8.743859387848902376e-01
7.829445798084575525e-01
8.616210119426285230e-01
5.046653136114629401e-01
6.441991031512027677e-01
5.950091487770883258e-01
6.803767869505202848e-01
5.477147360284878586e-01
6.487700802160660807e-01
8.915892257163257062e-01
9.274252639867129888e-01
9.174353612019150450e-01
9.750580185676199774e-01
8.803163251794163813e-01
9.174353612019150450e-01
9.242699016496505049e-01
8.598127038362103347e-01
8.847546852685903573e-01
8.743859387848902376e-01
9.785922246035846372e-01
9.013452568769296791e-01
8.120910497058176913e-01
8.405672371741624849e-01
7.226918704599973875e-01
7.666454469302312891e-01
6.912163771049250061e-01
7.378000055579144734e-01
7.387041596111236785e-01
6.598731656073140162e-01
6.726380924495757307e-01
7.753895501328893491e-01
8.117370490778683667e-01
9.887270994630907861e-01
5.257860709837117730e-01
5.196218129649915474e-01
4.184010743376982422e-01
5.573038781686804333e-01
8.220809524906155241e-01
5.373864914113833935e-01
5.739441359189256797e-01
7.459720104413637420e-01
5.739441359189256797e-01
4.958555760368980048e-01
6.263255337907519538e-01
5.726721765126837477e-02
4.795579377393678899e-01
4.978307731637275912e-01
3.949119058030908791e-01
3.545870878656582903e-01
4.415332530829637614e-01
2.753483599862627251e-01
3.545870878656582903e-01
3.833737713148026027e-01
5.937526317621637517e-01
5.114998540591985110e-01
9.597649957910531215e-02
3.394201948445686456e-01
1.651434623941131496e-01
3.545870878656582903e-01
4.165912716505836833e-01
5.527047720718639701e-01
5.726721765126837477e-02
3.563400568828196113e-01
1.832509033787578789e-01
4.346987126352284125e-01
5.726721765126837477e-02
5.726721765126837477e-02
8.414713912273715790e-01
1.140839405637499859e-01
5.726721765126837477e-02
3.213127538599238608e-01
7.166288670897814628e-01
3.296451064332781011e-01
5.726721765126837477e-02
2.092343155137259547e-01
2.753483599862627251e-01
2.640754594493534557e-01
3.524503556382092562e-01
5.338787661126056516e-01
1.900854438264933111e-01
3.365052233879323174e-01
3.213127538599238608e-01
2.454491974830153855e-01
2.737739235040382302e-01
6.980509175526604659e-01
4.682570618845753874e-01
7.129496889791084868e-01
3.915977666662366630e-02
2.675840889783993592e-01
3.652663303301579290e-01
8.586746781588071586e-01
4.357697557088489049e-01
1.523266319270249747e-01
8.256151585265801840e-01
4.254010092251487851e-01
3.364796468810135055e-01
5.567800623950698302e-01
7.314359736626554476e-01
