5.426719638422782266e-01
7.100433701859431013e-01
8.763456270400589165e-01
7.634767088509818445e-01
7.883363459723435884e-01
7.694789497099812081e-01
5.651982430159535609e-01
7.554047673594835866e-01
7.365473710971214283e-01
4.859498975976058177e-01
7.446193125886195752e-01
6.559210373630347535e-01
3.191259647785312792e-01
3.191259647785312792e-01
8.088381060245223297e-01
3.520575433913910590e-01
2.664806775525291882e-01
4.358052865122006292e-01
4.358052865122006292e-01
3.520575433913910590e-01
3.699421292864810695e-01
4.028737078993408494e-01
6.229894587501748626e-01
4.028737078993408494e-01
5.843192965935032346e-01
4.846395607219417534e-01
7.305451302381219536e-01
7.446193125886195752e-01
6.706842138714019796e-01
7.100433701859431013e-01
8.477719254963818063e-01
7.883363459723434774e-01
5.178123267209165936e-01
5.181924820525961595e-01
5.313112947711464695e-01
8.148403468835218044e-01
5.511240606654560503e-01
4.190175908823371431e-01
7.759065274116626609e-01
2.203312289399518842e-01
7.899807097621601715e-01
8.353421069357008788e-01
6.377526352585420888e-01
7.634767088509819555e-01
7.116877339757597953e-01
9.341368427742802183e-01
9.012052641614204385e-01
6.771117915730832104e-01
8.353421069357008788e-01
8.434140484271990257e-01
7.181153116774412482e-01
8.417696846373823316e-01
5.511240606654560503e-01
7.100433701859431013e-01
7.217841945887543131e-01
7.899807097621601715e-01
4.640701492296879227e-01
6.172508752063632365e-01
7.775508912014793550e-01
6.105596401894942682e-01
6.229894587501749736e-01
6.333947581893594192e-01
5.097403852294183357e-01
2.737645676049906829e-01
0.000000000000000000e+00
3.417937645854858819e-01
2.335490989396694084e-01
0.000000000000000000e+00
0.000000000000000000e+00
0.000000000000000000e+00
0.000000000000000000e+00
0.000000000000000000e+00
0.000000000000000000e+00
0.000000000000000000e+00
2.335490989396694084e-01
0.000000000000000000e+00
0.000000000000000000e+00
1.462739935408259029e-01
1.462739935408259029e-01
0.000000000000000000e+00
0.000000000000000000e+00
9.034561740060643997e-02
9.034561740060643997e-02
1.792055721536856827e-01
0.000000000000000000e+00
0.000000000000000000e+00
0.000000000000000000e+00
9.034561740060643997e-02
9.034561740060643997e-02
0.000000000000000000e+00
0.000000000000000000e+00
3.191259647785313347e-01
0.000000000000000000e+00
0.000000000000000000e+00
0.000000000000000000e+00
0.000000000000000000e+00
0.000000000000000000e+00
2.446433925367232920e-01
3.040789720607614544e-01
0.000000000000000000e+00
0.000000000000000000e+00
1.462739935408259029e-01
0.000000000000000000e+00
5.843192965935032346e-01
0.000000000000000000e+00
3.537982463034847758e-01
2.203312289399518842e-01
2.621904519234213304e-01
0.000000000000000000e+00
2.203312289399518842e-01
0.000000000000000000e+00
0.000000000000000000e+00
0.000000000000000000e+00
0.000000000000000000e+00
2.621904519234213304e-01
9.034561740060643997e-02
0.000000000000000000e+00
0.000000000000000000e+00
1.462739935408259029e-01
1.462739935408259029e-01
0.000000000000000000e+00
0.000000000000000000e+00
0.000000000000000000e+00
9.034561740060643997e-02
3.191259647785312792e-01
0.000000000000000000e+00
0.000000000000000000e+00
2.621904519234213304e-01
0.000000000000000000e+00
0.000000000000000000e+00
3.537982463034847758e-01
0.000000000000000000e+00
2.335490989396694084e-01
1.792055721536856827e-01
2.335490989396694084e-01
4.190175908823371431e-01
1.792055721536856827e-01
4.028737078993407938e-01
4.935965022464220975e-01
9.034561740060643997e-02
5.322666644030936700e-01
6.646819730124023939e-01
3.191259647785312792e-01
4.028737078993408494e-01
4.028737078993407938e-01
4.260889812308856772e-01
4.976907220004171961e-01
6.911859739235807210e-01
7.446193125886195752e-01
6.787561553629001265e-01
6.458245767500402357e-01
7.365473710971213173e-01
9.341368427742804403e-01
8.417696846373822206e-01
7.160456110449424649e-01
8.229122883750200623e-01
7.899807097621601715e-01
5.571263015244553030e-01
6.646819730124023939e-01
7.964082874638416243e-01
8.024105283228409879e-01
4.795223198959245314e-01
6.377526352585420888e-01
5.863889972260020178e-01
3.575123107258002531e-01
6.105596401894941572e-01
7.634767088509818445e-01
6.559210373630347535e-01
6.294170364518564265e-01
3.520575433913911145e-01
4.253999870730161836e-01
6.787561553629000155e-01
3.191259647785313347e-01
2.664806775525291882e-01
3.520575433913911145e-01
1.792055721536856827e-01
5.426719638422782266e-01
2.861943861656714994e-01
2.737645676049906829e-01
3.520575433913911145e-01
2.664806775525291882e-01
5.964854578389965356e-01
6.706842138714019796e-01
8.024105283228409879e-01
8.088381060245223297e-01
7.634767088509818445e-01
7.547157732016142040e-01
6.646819730124025050e-01
8.088381060245225518e-01
8.353421069357008788e-01
8.353421069357008788e-01
8.148403468835220265e-01
7.775508912014794660e-01
6.771117915730832104e-01
7.365473710971214283e-01
7.160456110449424649e-01
7.160456110449424649e-01
7.554047673594836976e-01
8.212679245852032572e-01
6.301060306097259200e-01
8.088381060245225518e-01
8.417696846373823316e-01
8.417696846373823316e-01
7.570491311493006137e-01
7.241175525364406118e-01
6.559210373630347535e-01
7.093543760280736077e-01
6.639929788545330114e-01
6.172508752063632365e-01
5.923912380850014925e-01
5.718894780328225291e-01
5.578152956823249076e-01
6.706842138714019796e-01
5.513877179806435658e-01
7.694789497099812081e-01
2.664806775525291882e-01
5.756035424551380064e-01
2.737645676049906829e-01
5.313112947711464695e-01
4.846395607219417534e-01
7.241175525364405008e-01
8.353421069357008788e-01
4.358052865122006292e-01
6.317503943995426141e-01
6.787561553629000155e-01
9.217070242135992908e-01
2.335490989396693806e-01
1.792055721536856827e-01
7.899807097621601715e-01
3.699421292864810140e-01
9.034561740060643997e-02
3.040789720607614544e-01
3.858448248833623029e-01
2.664806775525291882e-01
4.060125580213886920e-01
4.846395607219417534e-01
4.392781635484011571e-01
2.664806775525291882e-01
2.664806775525291882e-01
3.191259647785312792e-01
5.651982430159535609e-01
1.881877017661287843e-01
0.000000000000000000e+00
0.000000000000000000e+00
0.000000000000000000e+00
0.000000000000000000e+00
4.325165589325670745e-01
2.335490989396693806e-01
0.000000000000000000e+00
0.000000000000000000e+00
0.000000000000000000e+00
0.000000000000000000e+00
3.575123107258002531e-01
9.034561740060643997e-02
2.335490989396694084e-01
1.792055721536856827e-01
0.000000000000000000e+00
9.034561740060643997e-02
5.776280615766343773e-01
3.191259647785312792e-01
3.699421292864810140e-01
5.097403852294184468e-01
4.935965022464221530e-01
4.392781635484011571e-01
3.040789720607614544e-01
6.458245767500402357e-01
2.664806775525291882e-01
4.517079821090819736e-01
0.000000000000000000e+00
0.000000000000000000e+00
0.000000000000000000e+00
4.846395607219417534e-01
0.000000000000000000e+00
0.000000000000000000e+00
2.792193349393998769e-01
2.335490989396694084e-01
1.881877017661287843e-01
3.508210757089313403e-01
0.000000000000000000e+00
0.000000000000000000e+00
1.881877017661287843e-01
0.000000000000000000e+00
1.462739935408259029e-01
0.000000000000000000e+00
0.000000000000000000e+00
0.000000000000000000e+00
9.034561740060643997e-02
1.881877017661287843e-01
0.000000000000000000e+00
0.000000000000000000e+00
9.034561740060643997e-02
9.034561740060643997e-02
3.040789720607614544e-01
3.040789720607614544e-01
2.335490989396693806e-01
4.190175908823371431e-01
9.034561740060643997e-02
5.322666644030937810e-01
3.537982463034847758e-01
0.000000000000000000e+00
1.881877017661287843e-01
3.040789720607614544e-01
0.000000000000000000e+00
0.000000000000000000e+00
1.462739935408259029e-01
1.462739935408259029e-01
9.034561740060643997e-02
0.000000000000000000e+00
1.462739935408259029e-01
2.621904519234213304e-01
0.000000000000000000e+00
1.881877017661287843e-01
0.000000000000000000e+00
2.735972494120800236e-01
9.034561740060643997e-02
0.000000000000000000e+00
0.000000000000000000e+00
6.004631795764995283e-01
7.160456110449424649e-01
4.846395607219416979e-01
3.191259647785312792e-01
7.289007664483053706e-01
4.503048057053802289e-01
6.764227974152138279e-01
5.426719638422782266e-01
4.832363843182399532e-01
6.085351210679977862e-01
5.302421452815974101e-01
4.060125580213886920e-01
4.654481375454268544e-01
3.040789720607614544e-01
3.040789720607614544e-01
2.737645676049906829e-01
3.191259647785312792e-01
2.203312289399518842e-01
2.203312289399518842e-01
1.881877017661287843e-01
2.664806775525291882e-01
1.881877017661287843e-01
1.881877017661287843e-01
1.881877017661287843e-01
2.664806775525291882e-01
2.335490989396693806e-01
9.136350827221011439e-01
8.088381060245223297e-01
7.100433701859431013e-01
5.642428733840062494e-01
8.434140484271990257e-01
8.024105283228410990e-01
4.983797161582866897e-01
6.566100315209042471e-01
9.136350827221011439e-01
3.040789720607614544e-01
5.961053025073170808e-01
6.639929788545330114e-01
4.392781635484010461e-01
2.446433925367232920e-01
1.792055721536856827e-01
3.575123107258002531e-01
4.028737078993408494e-01
6.004631795764995283e-01
5.302421452815974101e-01
2.737645676049906829e-01
4.654481375454268544e-01
8.682736855485606586e-01
8.477719254963815843e-01
0.000000000000000000e+00
4.190175908823371431e-01
9.217070242135992908e-01
7.819087682706620246e-01
3.245807321129404732e-01
1.792055721536856827e-01
3.040789720607614544e-01
4.190175908823371431e-01
4.405885004240652214e-01
8.871310818109229279e-01
6.831140324320826851e-01
3.858448248833623029e-01
3.264092453593241405e-01
4.392781635484010461e-01
3.858448248833623029e-01
4.846395607219416979e-01
8.682736855485606586e-01
7.241175525364406118e-01
8.887754456007397330e-01
8.353421069357006568e-01
6.764227974152138279e-01
8.229122883750200623e-01
8.024105283228409879e-01
7.964082874638417353e-01
6.663263368022191990e-01
6.458245767500402357e-01
6.048210566456823090e-01
0.000000000000000000e+00
4.859498975976059287e-01
6.787561553629000155e-01
7.883363459723433664e-01
9.034561740060643997e-02
2.664806775525291882e-01
4.976907220004171961e-01
3.191259647785312792e-01
9.034561740060643997e-02
5.658872371738230544e-01
7.100433701859428792e-01
4.392781635484011571e-01
2.446433925367232920e-01
0.000000000000000000e+00
7.181153116774412482e-01
8.229122883750199513e-01
2.335490989396693806e-01
5.097403852294183357e-01
6.764227974152137168e-01
6.911859739235807210e-01
2.446433925367232920e-01
1.792055721536856827e-01
3.575123107258002531e-01
3.730809794085289122e-01
4.060125580213886920e-01
5.329556585609631636e-01
6.663263368022191990e-01
3.040789720607614544e-01
0.000000000000000000e+00
6.959691878354454797e-01
7.181153116774412482e-01
3.191259647785312792e-01
4.503048057053802289e-01
5.971744519968661402e-01
5.635538792261367558e-01
9.034561740060643997e-02
2.203312289399518842e-01
7.217841945887544242e-01
6.835393692747646632e-01
4.869052672295531847e-01
5.097403852294183357e-01
8.088381060245223297e-01
7.100433701859429902e-01
5.923912380850014925e-01
8.104824698143390238e-01
6.048210566456823090e-01
6.229894587501749736e-01
8.024105283228409879e-01
7.634767088509818445e-01
8.104824698143391348e-01
7.694789497099812081e-01
7.634767088509817334e-01
5.776280615766343773e-01
6.895416101337640269e-01
7.759065274116626609e-01
6.172508752063631254e-01
7.305451302381220646e-01
6.706842138714019796e-01
5.923912380850013815e-01
5.843192965935032346e-01
4.253999870730161836e-01
3.858448248833623029e-01
2.737645676049906829e-01
1.792055721536856827e-01
0.000000000000000000e+00
4.190175908823371431e-01
3.264092453593241405e-01
5.571263015244553030e-01
1.462739935408259029e-01
6.414666996808576771e-01
6.317503943995426141e-01
5.571263015244554140e-01
3.529132462705025230e-01
9.034561740060643997e-02
2.335490989396694084e-01
9.034561740060643997e-02
2.335490989396694084e-01
3.040789720607614544e-01
5.776280615766343773e-01
9.034561740060643997e-02
4.640701492296879227e-01
0.000000000000000000e+00
7.775508912014793550e-01
5.642428733840062494e-01
4.795223198959245314e-01
6.333947581893594192e-01
4.503048057053802289e-01
5.313112947711464695e-01
3.264092453593241405e-01
3.858448248833623029e-01
3.858448248833623029e-01
4.846395607219416979e-01
7.759065274116626609e-01
8.353421069357008788e-01
8.088381060245225518e-01
8.417696846373823316e-01
4.517079821090819736e-01
5.658872371738229434e-01
8.682736855485606586e-01
7.289007664483053706e-01
2.737645676049906274e-01
4.028737078993407938e-01
6.193205758388619087e-01
9.034561740060643997e-02
0.000000000000000000e+00
4.325165589325670745e-01
6.310614002416732315e-01
4.606649236335622621e-01
6.229894587501749736e-01
7.289007664483053706e-01
7.759065274116626609e-01
3.924684084601564038e-01
6.888526159758945333e-01
6.663263368022191990e-01
9.034561740060643997e-02
3.191259647785312792e-01
2.737645676049906829e-01
9.034561740060643997e-02
3.040789720607614544e-01
6.458245767500402357e-01
6.506077906619048834e-01
6.764227974152138279e-01
3.871551617590264782e-01
1.792055721536857105e-01
1.462739935408259029e-01
3.924684084601564038e-01
4.049434085318395771e-01
3.575123107258002531e-01
1.462739935408259029e-01
1.462739935408259029e-01
3.575123107258002531e-01
2.664806775525291882e-01
1.792055721536856827e-01
1.792055721536856827e-01
6.105596401894942682e-01
2.446433925367232920e-01
0.000000000000000000e+00
0.000000000000000000e+00
5.513877179806435658e-01
9.034561740060643997e-02
9.034561740060643997e-02
4.187764034962220827e-01
0.000000000000000000e+00
3.871551617590264782e-01
2.621904519234213304e-01
3.191259647785312792e-01
5.776280615766343773e-01
3.040789720607614544e-01
0.000000000000000000e+00
4.325165589325670745e-01
2.861943861656714994e-01
0.000000000000000000e+00
9.034561740060643997e-02
5.511240606654559393e-01
2.792193349393998769e-01
2.446433925367232920e-01
0.000000000000000000e+00
1.792055721536856827e-01
3.264092453593241405e-01
9.034561740060643997e-02
0.000000000000000000e+00
0.000000000000000000e+00
0.000000000000000000e+00
0.000000000000000000e+00
0.000000000000000000e+00
0.000000000000000000e+00
0.000000000000000000e+00
0.000000000000000000e+00
0.000000000000000000e+00
0.000000000000000000e+00
0.000000000000000000e+00
0.000000000000000000e+00
5.248837170694651277e-01
3.040789720607614544e-01
5.097403852294184468e-01
4.859498975976058177e-01
3.858448248833623029e-01
4.325165589325670745e-01
4.325165589325670745e-01
4.855245607549238396e-01
6.193205758388617976e-01
1.881877017661287843e-01
7.224731887466238067e-01
3.040789720607614544e-01
0.000000000000000000e+00
2.735972494120800236e-01
4.109456493908389407e-01
0.000000000000000000e+00
0.000000000000000000e+00
4.643789880558777949e-01
0.000000000000000000e+00
0.000000000000000000e+00
0.000000000000000000e+00
5.964854578389965356e-01
1.881877017661287843e-01
0.000000000000000000e+00
9.034561740060643997e-02
2.737645676049906829e-01
0.000000000000000000e+00
1.792055721536857105e-01
9.034561740060643997e-02
4.935965022464220975e-01
2.621904519234213304e-01
0.000000000000000000e+00
0.000000000000000000e+00
0.000000000000000000e+00
0.000000000000000000e+00
0.000000000000000000e+00
0.000000000000000000e+00
0.000000000000000000e+00
0.000000000000000000e+00
3.040789720607614544e-01
0.000000000000000000e+00
0.000000000000000000e+00
3.924684084601564593e-01
2.203312289399518842e-01
0.000000000000000000e+00
0.000000000000000000e+00
0.000000000000000000e+00
0.000000000000000000e+00
0.000000000000000000e+00
0.000000000000000000e+00
3.537982463034847758e-01
4.859498975976059287e-01
5.923912380850013815e-01
6.706842138714017576e-01
6.646819730124025050e-01
5.923912380850014925e-01
8.353421069357008788e-01
3.040789720607614544e-01
3.040789720607614544e-01
3.040789720607614544e-01
4.028737078993408494e-01
3.575123107258002531e-01
3.040789720607614544e-01
3.040789720607614544e-01
3.575123107258002531e-01
8.212679245852032572e-01
6.172508752063631254e-01
6.992579154150790899e-01
6.377526352585419778e-01
4.855245607549238396e-01
5.923912380850014925e-01
5.513877179806434548e-01
6.317503943995426141e-01
1.792055721536856827e-01
6.004631795764995283e-01
0.000000000000000000e+00
2.203312289399518842e-01
0.000000000000000000e+00
5.857000030681324132e-01
1.881877017661287843e-01
9.034561740060643997e-02
7.775508912014794660e-01
3.575123107258002531e-01
0.000000000000000000e+00
0.000000000000000000e+00
5.571263015244554140e-01
4.049434085318395771e-01
3.699421292864810140e-01
0.000000000000000000e+00
2.335490989396694084e-01
2.735972494120800236e-01
9.034561740060643997e-02
2.792193349393998769e-01
1.792055721536856827e-01
0.000000000000000000e+00
0.000000000000000000e+00
1.462739935408259029e-01
9.034561740060643997e-02
0.000000000000000000e+00
2.335490989396694084e-01
1.792055721536856827e-01
0.000000000000000000e+00
0.000000000000000000e+00
0.000000000000000000e+00
2.446433925367232920e-01
2.446433925367232920e-01
0.000000000000000000e+00
4.109456493908389407e-01
4.517079821090818625e-01
3.040789720607614544e-01
5.718894780328224181e-01
3.245807321129404732e-01
5.513877179806434548e-01
4.795223198959245314e-01
4.028737078993407938e-01
2.737645676049906829e-01
1.792055721536856827e-01
2.792193349393998769e-01
0.000000000000000000e+00
9.034561740060643997e-02
1.792055721536856827e-01
0.000000000000000000e+00
0.000000000000000000e+00
0.000000000000000000e+00
4.028737078993408494e-01
0.000000000000000000e+00
9.034561740060643997e-02
6.566100315209041360e-01
6.559210373630347535e-01
0.000000000000000000e+00
9.034561740060643997e-02
6.004631795764995283e-01
7.489771896578022448e-01
3.417937645854858819e-01
8.024105283228409879e-01
0.000000000000000000e+00
5.658872371738230544e-01
2.446433925367232920e-01
5.060263208071028584e-01
2.335490989396693806e-01
9.034561740060643997e-02
0.000000000000000000e+00
3.191259647785313347e-01
3.264092453593241405e-01
2.737645676049906829e-01
4.606649236335622621e-01
4.325165589325670745e-01
5.188814762104657641e-01
5.016684437379201889e-01
6.559210373630347535e-01
9.012052641614204385e-01
8.682736855485606586e-01
6.559210373630348645e-01
6.582543953107210521e-01
9.217070242135995128e-01
6.229894587501749736e-01
8.353421069357008788e-01
6.895416101337639159e-01
9.012052641614204385e-01
8.807035041092412531e-01
6.646819730124025050e-01
8.148403468835218044e-01
8.417696846373823316e-01
5.863889972260020178e-01
5.964854578389966466e-01
6.959691878354454797e-01
5.313112947711464695e-01
2.737645676049906829e-01
2.203312289399518842e-01
2.446433925367232920e-01
2.446433925367232920e-01
3.575123107258002531e-01
3.575123107258002531e-01
3.191259647785312792e-01
4.640701492296879227e-01
5.635538792261367558e-01
4.253999870730161836e-01
9.034561740060643997e-02
0.000000000000000000e+00
2.861943861656714994e-01
2.737645676049906829e-01
1.462739935408259029e-01
4.253999870730162947e-01
1.462739935408259029e-01
1.462739935408259029e-01
9.034561740060643997e-02
2.335490989396694084e-01
0.000000000000000000e+00
9.034561740060643997e-02
5.248837170694650167e-01
1.462739935408259029e-01
4.654481375454268544e-01
3.417937645854858819e-01
2.664806775525291882e-01
4.358052865122006292e-01
6.458245767500402357e-01
8.807035041092415861e-01
7.883363459723433664e-01
2.737645676049906829e-01
7.899807097621601715e-01
8.088381060245223297e-01
1.000000000000000000e+00
8.682736855485606586e-01
7.446193125886195752e-01
3.040789720607614544e-01
3.040789720607614544e-01
3.575123107258002531e-01
2.446433925367232920e-01
3.575123107258002531e-01
3.040789720607614544e-01
3.575123107258002531e-01
3.040789720607614544e-01
3.040789720607614544e-01
3.575123107258002531e-01
3.040789720607614544e-01
4.654481375454268544e-01
5.313112947711464695e-01
5.188814762104657641e-01
5.188814762104657641e-01
8.887754456007395110e-01
5.631737238944573010e-01
8.024105283228409879e-01
8.434140484271991367e-01
7.775508912014794660e-01
6.377526352585420888e-01
5.513877179806435658e-01
5.513877179806434548e-01
4.190175908823371431e-01
6.229894587501749736e-01
6.253228166978612723e-01
7.547157732016142040e-01
9.136350827221013660e-01
5.961053025073170808e-01
4.060125580213886920e-01
9.034561740060643997e-02
4.654481375454268544e-01
2.664806775525291882e-01
2.664806775525291882e-01
0.000000000000000000e+00
9.034561740060643997e-02
3.537982463034847758e-01
4.768088066165585559e-01
9.034561740060643997e-02
0.000000000000000000e+00
2.335490989396694084e-01
1.462739935408259029e-01
2.335490989396694084e-01
9.034561740060643997e-02
2.446433925367232920e-01
5.470298409114607852e-01
0.000000000000000000e+00
5.178123267209165936e-01
3.575123107258002531e-01
4.606649236335622621e-01
7.775508912014792440e-01
6.831140324320826851e-01
5.651982430159535609e-01
5.322666644030936700e-01
6.992579154150788678e-01
9.012052641614204385e-01
2.335490989396693806e-01
2.664806775525291882e-01
0.000000000000000000e+00
3.520575433913910590e-01
1.462739935408259029e-01
3.924684084601564038e-01
9.034561740060643997e-02
5.776280615766343773e-01
3.699421292864810140e-01
0.000000000000000000e+00
3.191259647785312792e-01
4.503048057053802289e-01
5.329556585609632746e-01
0.000000000000000000e+00
9.034561740060643997e-02
4.869052672295531847e-01
9.034561740060643997e-02
4.530183189847460379e-01
3.040789720607614544e-01
9.034561740060643997e-02
2.861943861656714994e-01
9.034561740060643997e-02
3.699421292864810140e-01
9.034561740060643997e-02
1.881877017661287843e-01
9.034561740060643997e-02
3.858448248833623584e-01
0.000000000000000000e+00
0.000000000000000000e+00
0.000000000000000000e+00
2.737645676049906829e-01
0.000000000000000000e+00
9.034561740060643997e-02
4.935965022464220975e-01
2.335490989396694084e-01
9.034561740060643997e-02
0.000000000000000000e+00
6.004631795764995283e-01
0.000000000000000000e+00
0.000000000000000000e+00
1.792055721536856827e-01
4.517079821090819736e-01
4.976907220004171961e-01
3.508210757089313403e-01
2.335490989396694084e-01
5.322666644030937810e-01
2.792193349393998769e-01
0.000000000000000000e+00
7.899807097621601715e-01
3.520575433913910590e-01
2.446433925367232920e-01
4.654481375454268544e-01
0.000000000000000000e+00
4.253999870730161836e-01
2.737645676049906829e-01
0.000000000000000000e+00
0.000000000000000000e+00
5.971744519968660292e-01
5.389578994199627493e-01
9.034561740060643997e-02
0.000000000000000000e+00
9.034561740060643997e-02
3.040789720607614544e-01
0.000000000000000000e+00
1.462739935408259029e-01
0.000000000000000000e+00
3.508210757089313403e-01
0.000000000000000000e+00
2.446433925367232920e-01
4.334719285645143305e-01
4.405885004240652769e-01
4.859498975976058177e-01
0.000000000000000000e+00
4.334719285645143305e-01
3.191259647785312792e-01
3.040789720607614544e-01
5.389578994199626383e-01
4.028737078993408494e-01
3.191259647785312792e-01
4.643789880558777949e-01
2.335490989396694084e-01
6.646819730124025050e-01
2.861943861656714994e-01
2.203312289399518842e-01
3.520575433913910590e-01
2.621904519234213304e-01
1.462739935408259029e-01
4.503048057053802289e-01
1.792055721536856827e-01
3.924684084601564038e-01
2.664806775525291882e-01
9.034561740060643997e-02
3.730809794085289122e-01
1.462739935408259029e-01
9.034561740060643997e-02
0.000000000000000000e+00
9.034561740060643997e-02
2.792193349393998769e-01
2.664806775525291882e-01
2.335490989396694084e-01
2.335490989396694084e-01
6.895416101337641379e-01
3.575123107258002531e-01
7.224731887466239177e-01
8.353421069357008788e-01
5.426719638422783376e-01
4.832363843182400087e-01
5.097403852294184468e-01
4.190175908823371431e-01
5.188814762104657641e-01
4.654481375454268544e-01
4.832363843182400087e-01
6.229894587501749736e-01
6.639929788545330114e-01
6.229894587501749736e-01
6.639929788545330114e-01
5.635538792261367558e-01
5.964854578389966466e-01
6.294170364518564265e-01
6.294170364518564265e-01
5.322666644030937810e-01
6.172508752063632365e-01
6.377526352585421998e-01
6.501824538192230163e-01
6.377526352585421998e-01
6.501824538192229053e-01
6.172508752063632365e-01
6.831140324320827961e-01
5.389578994199627493e-01
6.414666996808576771e-01
5.426719638422783376e-01
4.832363843182400087e-01
4.190175908823371431e-01
5.097403852294184468e-01
5.631737238944573010e-01
4.832363843182400087e-01
3.730809794085289122e-01
4.028737078993407938e-01
3.575123107258002531e-01
3.040789720607614544e-01
3.040789720607614544e-01
7.100433701859431013e-01
7.694789497099812081e-01
7.899807097621601715e-01
8.763456270400588055e-01
9.217070242135995128e-01
6.911859739235808320e-01
7.554047673594838086e-01
8.024105283228409879e-01
8.353421069357008788e-01
7.224731887466238067e-01
8.088381060245223297e-01
8.212679245852032572e-01
6.377526352585420888e-01
8.353421069357008788e-01
8.871310818109227059e-01
7.160456110449425760e-01
8.541995031980630371e-01
9.999999999999997780e-01
6.566100315209042471e-01
8.353421069357008788e-01
8.417696846373823316e-01
8.353421069357008788e-01
7.446193125886196862e-01
8.477719254963815843e-01
7.305451302381220646e-01
3.520575433913910590e-01
4.253999870730161836e-01
5.658872371738229434e-01
2.335490989396694084e-01
6.992579154150789789e-01
2.664806775525291882e-01
8.353421069357008788e-01
7.305451302381220646e-01
7.554047673594836976e-01
7.634767088509818445e-01
4.325165589325670745e-01
5.642428733840063604e-01
5.642428733840063604e-01
4.063465849355413773e-01
4.517079821090818625e-01
8.477719254963815843e-01
8.088381060245225518e-01
9.341368427742801073e-01
8.229122883750200623e-01
6.706842138714019796e-01
9.012052641614204385e-01
8.541995031980630371e-01
8.558438669878797311e-01
9.341368427742802183e-01
6.764227974152137168e-01
8.887754456007395110e-01
8.229122883750200623e-01
6.831140324320825741e-01
8.434140484271990257e-01
5.776280615766343773e-01
7.899807097621601715e-01
7.899807097621601715e-01
5.426719638422783376e-01
5.756035424551380064e-01
5.097403852294184468e-01
5.426719638422783376e-01
5.178123267209165936e-01
4.832363843182400087e-01
5.097403852294184468e-01
5.426719638422783376e-01
4.325165589325670745e-01
4.060125580213886920e-01
4.654481375454268544e-01
4.060125580213886920e-01
4.325165589325670745e-01
4.832363843182400087e-01
4.503048057053802289e-01
5.843192965935033456e-01
6.172508752063632365e-01
7.241175525364407228e-01
7.694789497099812081e-01
8.477719254963815843e-01
7.775508912014793550e-01
8.541995031980630371e-01
7.883363459723434774e-01
7.694789497099812081e-01
7.775508912014794660e-01
8.541995031980630371e-01
7.365473710971214283e-01
8.434140484271990257e-01
4.859498975976058177e-01
9.217070242135992908e-01
8.682736855485606586e-01
9.012052641614202164e-01
6.851837330645813573e-01
7.305451302381219536e-01
7.422859546409334985e-01
5.178123267209165936e-01
7.116877339757597953e-01
5.675316009636397485e-01
5.961053025073170808e-01
4.654481375454268544e-01
3.575123107258002531e-01
5.016684437379200778e-01
5.060263208071028584e-01
6.706842138714019796e-01
3.040789720607614544e-01
2.203312289399518842e-01
3.040789720607614544e-01
5.511240606654559393e-01
3.575123107258002531e-01
4.654481375454268544e-01
6.506077906619048834e-01
2.335490989396693806e-01
6.959691878354454797e-01
5.718894780328224181e-01
4.640701492296879227e-01
2.446433925367232920e-01
1.792055721536856827e-01
5.097403852294184468e-01
5.675316009636397485e-01
3.040789720607614544e-01
3.575123107258002531e-01
6.253228166978612723e-01
6.317503943995426141e-01
3.264092453593241405e-01
3.264092453593241405e-01
6.646819730124025050e-01
6.706842138714017576e-01
6.310614002416731205e-01
5.322666644030936700e-01
4.517079821090818625e-01
4.859498975976059287e-01
5.631737238944571899e-01
5.961053025073170808e-01
6.048210566456823090e-01
6.105596401894941572e-01
7.876473518144740948e-01
7.093543760280736077e-01
7.547157732016143150e-01
5.964854578389965356e-01
6.559210373630348645e-01
6.434912188023539370e-01
7.422859546409333875e-01
7.093543760280736077e-01
7.093543760280736077e-01
6.229894587501749736e-01
7.224731887466238067e-01
8.887754456007397330e-01
7.964082874638416243e-01
7.899807097621601715e-01
7.570491311493003916e-01
4.063465849355413773e-01
8.477719254963815843e-01
8.229122883750200623e-01
7.883363459723434774e-01
7.554047673594836976e-01
7.446193125886195752e-01
8.682736855485606586e-01
8.682736855485606586e-01
8.104824698143391348e-01
7.305451302381220646e-01
9.341368427742802183e-01
9.670684213871398871e-01
6.172508752063631254e-01
7.694789497099812081e-01
8.229122883750200623e-01
8.088381060245225518e-01
9.092772056529185853e-01
8.887754456007395110e-01
7.093543760280736077e-01
7.446193125886196862e-01
8.104824698143391348e-01
8.558438669878799532e-01
9.012052641614204385e-01
7.570491311493003916e-01
7.093543760280736077e-01
7.651210726407985385e-01
7.365473710971214283e-01
8.229122883750200623e-01
8.353421069357008788e-01
7.819087682706620246e-01
8.682736855485606586e-01
7.899807097621601715e-01
8.558438669878799532e-01
7.289007664483053706e-01
7.446193125886195752e-01
7.224731887466238067e-01
5.961053025073170808e-01
5.961053025073169698e-01
5.843192965935033456e-01
6.582543953107209411e-01
7.305451302381220646e-01
7.694789497099812081e-01
8.417696846373823316e-01
7.489771896578022448e-01
8.088381060245225518e-01
7.446193125886195752e-01
6.317503943995426141e-01
6.992579154150789789e-01
5.313112947711465806e-01
2.664806775525291882e-01
5.511240606654559393e-01
5.923912380850014925e-01
4.503048057053802289e-01
3.520575433913910590e-01
3.520575433913911145e-01
6.559210373630346425e-01
4.795223198959245314e-01
3.858448248833623029e-01
3.858448248833623029e-01
3.529132462705025230e-01
3.858448248833623029e-01
3.264092453593241405e-01
3.858448248833623029e-01
3.730809794085289122e-01
1.462739935408259029e-01
5.675316009636397485e-01
5.513877179806434548e-01
5.551017824029589320e-01
5.389578994199627493e-01
6.771117915730832104e-01
7.305451302381220646e-01
4.846395607219417534e-01
3.417937645854858819e-01
7.554047673594835866e-01
6.646819730124025050e-01
4.795223198959244204e-01
4.028737078993407938e-01
7.100433701859429902e-01
5.571263015244554140e-01
4.060125580213886920e-01
8.148403468835220265e-01
6.559210373630348645e-01
5.313112947711464695e-01
6.646819730124025050e-01
4.392781635484011571e-01
4.654481375454268544e-01
5.188814762104657641e-01
6.501824538192229053e-01
7.093543760280734967e-01
8.229122883750200623e-01
7.446193125886196862e-01
7.570491311493005027e-01
6.582543953107210521e-01
7.181153116774412482e-01
8.088381060245223297e-01
8.417696846373823316e-01
7.554047673594836976e-01
8.088381060245223297e-01
8.088381060245223297e-01
8.417696846373822206e-01
7.289007664483053706e-01
7.634767088509819555e-01
6.377526352585421998e-01
6.764227974152138279e-01
6.706842138714019796e-01
7.964082874638417353e-01
8.353421069357006568e-01
6.310614002416732315e-01
8.229122883750200623e-01
7.694789497099812081e-01
7.980526512536584294e-01
7.305451302381220646e-01
8.353421069357008788e-01
7.100433701859431013e-01
9.465666613349611458e-01
7.446193125886195752e-01
9.341368427742804403e-01
6.911859739235808320e-01
7.899807097621601715e-01
8.229122883750200623e-01
8.682736855485606586e-01
5.188814762104656531e-01
8.024105283228410990e-01
6.787561553629001265e-01
7.160456110449424649e-01
7.554047673594835866e-01
7.570491311493003916e-01
8.229122883750200623e-01
8.807035041092413641e-01
6.048210566456823090e-01
8.353421069357008788e-01
8.353421069357006568e-01
9.670684213871399981e-01
4.846395607219417534e-01
8.353421069357008788e-01
7.181153116774412482e-01
8.353421069357008788e-01
6.294170364518564265e-01
6.911859739235808320e-01
5.322666644030936700e-01
6.976135516252622848e-01
6.229894587501749736e-01
5.426719638422782266e-01
5.097403852294184468e-01
5.426719638422782266e-01
4.654481375454268544e-01
4.060125580213886920e-01
3.858448248833623584e-01
3.858448248833623584e-01
3.858448248833623584e-01
7.694789497099812081e-01
3.508210757089313403e-01
3.537982463034847758e-01
5.181924820525961595e-01
3.508210757089312848e-01
5.900578801373150828e-01
2.335490989396694084e-01
0.000000000000000000e+00
9.034561740060643997e-02
0.000000000000000000e+00
9.034561740060643997e-02
0.000000000000000000e+00
0.000000000000000000e+00
0.000000000000000000e+00
9.034561740060643997e-02
0.000000000000000000e+00
0.000000000000000000e+00
6.787561553629000155e-01
5.843192965935032346e-01
5.964854578389965356e-01
2.335490989396694084e-01
4.503048057053802289e-01
4.190175908823371431e-01
5.426719638422783376e-01
5.426719638422783376e-01
4.503048057053802289e-01
5.097403852294184468e-01
5.426719638422783376e-01
5.426719638422783376e-01
5.097403852294184468e-01
5.426719638422783376e-01
5.964854578389965356e-01
7.241175525364407228e-01
5.863889972260020178e-01
6.506077906619048834e-01
7.365473710971214283e-01
9.136350827221011439e-01
6.831140324320826851e-01
6.764227974152138279e-01
5.756035424551380064e-01
6.085351210679978973e-01
4.392781635484011571e-01
5.097403852294184468e-01
7.554047673594836976e-01
7.554047673594836976e-01
7.883363459723435884e-01
6.959691878354454797e-01
5.248837170694651277e-01
4.503048057053802289e-01
7.554047673594836976e-01
6.317503943995426141e-01
7.634767088509818445e-01
6.317503943995426141e-01
6.911859739235808320e-01
9.136350827221011439e-01
6.630376092225855889e-01
7.899807097621602825e-01
7.899807097621602825e-01
6.310614002416732315e-01
8.558438669878799532e-01
7.570491311493003916e-01
6.048210566456823090e-01
8.682736855485606586e-01
7.883363459723435884e-01
7.759065274116626609e-01
6.048210566456823090e-01
8.417696846373823316e-01
8.477719254963815843e-01
7.446193125886195752e-01
6.787561553629000155e-01
7.305451302381220646e-01
7.554047673594835866e-01
8.763456270400588055e-01
4.846395607219417534e-01
6.646819730124025050e-01
9.465666613349611458e-01
7.694789497099812081e-01
8.682736855485606586e-01
8.353421069357006568e-01
8.434140484271990257e-01
7.775508912014794660e-01
7.775508912014793550e-01
7.883363459723434774e-01
3.264092453593241405e-01
4.392781635484011571e-01
4.325165589325670745e-01
4.060125580213886920e-01
5.097403852294184468e-01
4.832363843182400087e-01
4.832363843182400087e-01
6.888526159758946443e-01
7.305451302381220646e-01
7.899807097621601715e-01
8.353421069357008788e-01
8.558438669878799532e-01
7.634767088509819555e-01
8.887754456007395110e-01
8.104824698143391348e-01
7.446193125886194641e-01
8.682736855485604366e-01
8.887754456007395110e-01
7.217841945887544242e-01
6.895416101337641379e-01
7.489771896578021337e-01
6.959691878354454797e-01
6.992579154150789789e-01
7.446193125886196862e-01
5.631737238944573010e-01
5.631737238944573010e-01
5.631737238944573010e-01
4.832363843182400087e-01
5.097403852294184468e-01
5.631737238944573010e-01
4.832363843182400087e-01
4.832363843182400087e-01
4.190175908823371431e-01
4.832363843182400087e-01
4.832363843182400087e-01
5.426719638422782266e-01
6.566100315209042471e-01
6.458245767500402357e-01
6.895416101337641379e-01
7.241175525364407228e-01
7.160456110449424649e-01
5.658872371738230544e-01
7.365473710971214283e-01
6.787561553629001265e-01
6.911859739235808320e-01
6.317503943995426141e-01
6.414666996808575661e-01
6.639929788545330114e-01
2.664806775525291882e-01
4.517079821090819736e-01
1.792055721536856827e-01
2.664806775525291882e-01
1.462739935408259029e-01
6.458245767500402357e-01
6.458245767500401247e-01
4.768088066165585559e-01
7.224731887466238067e-01
8.353421069357006568e-01
7.554047673594835866e-01
6.992579154150788678e-01
8.477719254963815843e-01
6.414666996808576771e-01
6.414666996808576771e-01
5.635538792261367558e-01
7.100433701859431013e-01
8.541995031980630371e-01
7.899807097621601715e-01
8.353421069357008788e-01
9.465666613349609237e-01
6.895416101337639159e-01
7.446193125886195752e-01
6.646819730124025050e-01
7.883363459723434774e-01
8.229122883750199513e-01
4.935965022464220975e-01
3.575123107258002531e-01
4.643789880558777949e-01
7.899807097621601715e-01
1.792055721536856827e-01
0.000000000000000000e+00
9.034561740060643997e-02
6.959691878354454797e-01
0.000000000000000000e+00
9.034561740060643997e-02
0.000000000000000000e+00
3.858448248833623584e-01
6.317503943995426141e-01
