4.383258013306697287e-01
8.351806146853190116e-01
8.933854581638311920e-01
7.653369891768126987e-01
7.265542565051140711e-01
8.365983817069518880e-01
9.217789963922708996e-01
9.217789963922708996e-01
2.901615442890084218e-01
4.029143230944496334e-01
5.921402257629089227e-01
7.621347305970577191e-01
4.022348667913276388e-01
0.000000000000000000e+00
8.238696017874908017e-01
4.874154814766466504e-01
0.000000000000000000e+00
7.386889871021719012e-01
3.505176038621317103e-01
2.122657418559486808e-01
0.000000000000000000e+00
2.406592800843883051e-01
8.131822950380697412e-02
0.000000000000000000e+00
0.000000000000000000e+00
1.731552400520841029e-01
4.306284050197672908e-01
3.887062872114270262e-01
0.000000000000000000e+00
0.000000000000000000e+00
5.631526382120660701e-01
2.122657418559486808e-01
0.000000000000000000e+00
4.259030734265949469e-01
3.667764114935135877e-01
3.276659096896490375e-01
2.901615442890083663e-01
7.216064617715604035e-01
5.744636511098941689e-01
7.001725346207106071e-01
4.874154814766466504e-01
0.000000000000000000e+00
7.494059506775968549e-01
7.160646177156032577e-01
7.690943416746477412e-01
8.705337639913484082e-01
6.987547675990777307e-01
7.341079169051071274e-01
8.244636511098941689e-01
8.244636511098941689e-01
9.608894981961354498e-01
7.960701128814544614e-01
7.847590999836262515e-01
8.435579927845417991e-01
7.448248804805320811e-01
5.907224587412760464e-01
5.596226105001451678e-01
7.085499127199333946e-01
6.978329491445084409e-01
8.244636511098941689e-01
5.165468049383987736e-01
4.704183631267538357e-01
7.847590999836263626e-01
5.457033883449653455e-01
8.131822950380697412e-02
3.667764114935135877e-01
7.071321456983004072e-01
0.000000000000000000e+00
2.901615442890084218e-01
4.091944778689175499e-01
2.901615442890084218e-01
2.818837941152114723e-01
9.041024217392561457e-01
6.711849470698676434e-01
5.069596110775899112e-01
2.122657418559486808e-01
3.793831726188449105e-01
5.910104560482928315e-01
2.510510424851438716e-01
7.444581559440430762e-01
8.012452324009222693e-01
9.716064617715602925e-01
9.096442657952129585e-01
7.053476541401785260e-01
9.041024217392561457e-01
8.528571893383338764e-01
8.365983817069518880e-01
8.244636511098941689e-01
8.812507275667733619e-01
8.542749563599666418e-01
5.921402257629088117e-01
6.017274196237176742e-01
8.812507275667733619e-01
7.563655617551865440e-01
7.230242287931931688e-01
6.932129235431205849e-01
9.203612293706380232e-01
5.158090197050863024e-01
7.337411923686181225e-01
8.244636511098941689e-01
4.744419958148261562e-01
5.442025579335260099e-01
6.987547675990776197e-01
8.635741529137587191e-01
7.160646177156032577e-01
3.383828732650738802e-01
6.926188742207174398e-01
8.933854581638311920e-01
4.148193853146809884e-01
8.296387706293619768e-01
2.406592800843883051e-01
3.568442102129952276e-01
5.623289205128363388e-01
2.122657418559486808e-01
2.815957968081945761e-01
2.839353822843966313e-01
3.461855755677608060e-01
3.864258470862413919e-01
5.665822215777349680e-01
8.131822950380697412e-02
4.545846089620515507e-01
0.000000000000000000e+00
8.131822950380697412e-02
7.853531493060295077e-01
0.000000000000000000e+00
4.515903016423434835e-01
8.131822950380697412e-02
8.131822950380697412e-02
5.028355340432658638e-01
4.771483058275173272e-01
6.019353708837645867e-01
1.615579813839097545e-01
4.022348667913276388e-01
6.257088835108164382e-01
2.122657418559486808e-01
8.131822950380697412e-02
2.122657418559486808e-01
7.369434509483729911e-01
7.123072652177684372e-01
2.815957968081945761e-01
2.510510424851438716e-01
7.732184187089717886e-01
2.406592800843883051e-01
1.615579813839097545e-01
8.473153452823769527e-01
3.951699497219531843e-01
5.880161487285848754e-01
7.337411923686181225e-01
6.876710794871637722e-01
7.867709163276624951e-01
1.000000000000000000e+00
9.501725346207106071e-01
5.147429398544094425e-01
7.833413329619933752e-01
8.131822950380697412e-02
8.016119569374113851e-01
8.933854581638311920e-01
4.022348667913276388e-01
5.220886489943558084e-01
5.596226105001451678e-01
3.852377484414348796e-01
2.510510424851438160e-01
3.795269085297542366e-01
1.615579813839097545e-01
2.502296683768263641e-01
4.667193395591093807e-01
3.383828732650738802e-01
4.029143230944496334e-01
3.240138631835985383e-01
5.437305274052524062e-01
4.530080686639764154e-01
2.901615442890084218e-01
1.615579813839097545e-01
3.276659096896489820e-01
3.667764114935135877e-01
7.833413329619933752e-01
7.444581559440429652e-01
8.123289205128362278e-01
3.568442102129951721e-01
7.262264873729480374e-01
7.853531493060295077e-01
5.220886489943558084e-01
6.135741529137587191e-01
7.462426475021650685e-01
8.421402257629088117e-01
8.365983817069518880e-01
7.369434509483729911e-01
6.320744452660030932e-01
8.812507275667733619e-01
7.476604145237979449e-01
7.563655617551865440e-01
6.839137269893286186e-01
8.082048434785121804e-01
8.244636511098941689e-01
8.649919199353915955e-01
8.542749563599666418e-01
1.000000000000000000e+00
9.148193853146812105e-01
8.244636511098941689e-01
5.596226105001451678e-01
7.494059506775967439e-01
4.530080686639764154e-01
8.189218070539371341e-01
6.301209578521573818e-01
5.028355340432658638e-01
8.365983817069518880e-01
9.432129235431206959e-01
4.545846089620515507e-01
4.765542565051141266e-01
8.542749563599666418e-01
8.522631400159305093e-01
4.136312866698744761e-01
8.528571893383338764e-01
5.796387706293619768e-01
6.932129235431206959e-01
4.199114414443423926e-01
5.344313308514603289e-01
9.148193853146812105e-01
5.339353822843966313e-01
8.131822950380697412e-02
6.005176038621315993e-01
8.351806146853190116e-01
5.614071020582671601e-01
5.431364780828491501e-01
1.615579813839097545e-01
4.814016068924160674e-01
6.880378040236526660e-01
7.839353822843967423e-01
3.383828732650738802e-01
2.406592800843883051e-01
3.509896343904052585e-01
3.276659096896490375e-01
5.796387706293619768e-01
4.259030734265949469e-01
0.000000000000000000e+00
5.399342195030942815e-01
3.667764114935135877e-01
3.055989778120728473e-01
8.131822950380697412e-02
0.000000000000000000e+00
5.451482944268852826e-01
6.489273022197882268e-01
8.131822950380697412e-02
7.265542565051140711e-01
2.617680060605687697e-01
7.230242287931931688e-01
8.580323088578017954e-01
7.974878799030873378e-01
7.670825253306114977e-01
6.312507275667733619e-01
7.974878799030873378e-01
3.185550825174480738e-01
5.069596110775899112e-01
4.079204467581938887e-01
2.901615442890083663e-01
2.815957968081945761e-01
2.303505644072721958e-01
7.102954488737321936e-01
3.745207848660099259e-01
3.055989778120727918e-01
5.796387706293620878e-01
4.420248248983141837e-01
5.665822215777350790e-01
5.449403431668384812e-01
0.000000000000000000e+00
8.365983817069518880e-01
5.614071020582671601e-01
7.494059506775967439e-01
4.545846089620515507e-01
5.205121086962806176e-01
6.535083724168530006e-01
4.420248248983141837e-01
4.667193395591093807e-01
5.880161487285848754e-01
7.085499127199333946e-01
7.407008034462080337e-01
6.946306905647535723e-01
2.406592800843883051e-01
5.147429398544094425e-01
7.386889871021719012e-01
7.341079169051071274e-01
6.289111420905713068e-01
6.874437547012495209e-01
3.461855755677608060e-01
6.413736418197951705e-01
1.615579813839097545e-01
6.908733380669186408e-01
5.910104560482928315e-01
7.783935382284397075e-01
7.569596110775899112e-01
3.793831726188449105e-01
3.864258470862413919e-01
2.049809296036894102e-01
2.510510424851438716e-01
4.029143230944496334e-01
1.615579813839097545e-01
3.284506719845555200e-01
7.392830364245751573e-01
7.262264873729481485e-01
8.131822950380697412e-02
1.615579813839097545e-01
4.874154814766466504e-01
2.406592800843883051e-01
1.615579813839097545e-01
2.510510424851438716e-01
8.131822950380697412e-02
7.053476541401784150e-01
2.406592800843883051e-01
6.694394109160688444e-01
3.055989778120727918e-01
6.995784852983073510e-01
5.077833287768195314e-01
2.122657418559486808e-01
6.869080343090366858e-01
3.568442102129951721e-01
5.860043323845487429e-01
6.419676911421983156e-01
8.131822950380697412e-02
2.406592800843883051e-01
2.901615442890084218e-01
6.517628362630539796e-01
4.420248248983141837e-01
3.667764114935135877e-01
4.136312866698744761e-01
4.744419958148261562e-01
5.623289205128364499e-01
5.451482944268852826e-01
2.901615442890084218e-01
6.587224473406438907e-01
3.383828732650738802e-01
6.517628362630539796e-01
6.135741529137587191e-01
2.122657418559486808e-01
3.793831726188449105e-01
4.029143230944496334e-01
6.648193853146809884e-01
6.074382595353984282e-01
2.122657418559486808e-01
5.283935382284397075e-01
5.665822215777349680e-01
5.235064160159885738e-01
1.731552400520841029e-01
6.981607182766743636e-01
4.029143230944496334e-01
7.625014551335468349e-01
0.000000000000000000e+00
0.000000000000000000e+00
3.962209922070970558e-01
6.787386074698608107e-01
8.131822950380697412e-02
8.131822950380697412e-02
2.122657418559486808e-01
1.615579813839097545e-01
1.615579813839097545e-01
2.303505644072721958e-01
5.028355340432658638e-01
5.626169178198531240e-01
3.185550825174480738e-01
5.596226105001451678e-01
7.954760635590510942e-01
6.871159855690835983e-01
9.501725346207106071e-01
7.974878799030872267e-01
1.615579813839097545e-01
8.131822950380697412e-02
5.342233795914135275e-01
4.136312866698744761e-01
2.406592800843883051e-01
2.901615442890084218e-01
1.615579813839097545e-01
2.122657418559486808e-01
2.901615442890084218e-01
4.231967634139038315e-01
7.285660728491503146e-01
3.568442102129952276e-01
4.765542565051141266e-01
4.136312866698744761e-01
5.344313308514603289e-01
4.420248248983141837e-01
4.744419958148261562e-01
7.690943416746476302e-01
8.649919199353915955e-01
3.667764114935135877e-01
6.308840030302843571e-01
5.344313308514603289e-01
5.449403431668384812e-01
8.649919199353915955e-01
7.621347305970577191e-01
5.058298413629739310e-01
8.812507275667734730e-01
8.528571893383338764e-01
5.437305274052524062e-01
1.731552400520841029e-01
7.960701128814544614e-01
5.028355340432658638e-01
3.745207848660099259e-01
6.697671800482347670e-01
3.276659096896490375e-01
2.901615442890083663e-01
5.626169178198531240e-01
8.131822950380697412e-02
4.814016068924160674e-01
7.102954488737321936e-01
8.649919199353915955e-01
4.022348667913276388e-01
4.936951107659161009e-01
5.069596110775899112e-01
5.733338813952781887e-01
7.341079169051071274e-01
3.793831726188449105e-01
6.596442657952130695e-01
0.000000000000000000e+00
0.000000000000000000e+00
4.306284050197672908e-01
8.421402257629088117e-01
2.992723714612093300e-01
6.407795924973918034e-01
7.271483058275172162e-01
4.678491092737253609e-01
4.306284050197672908e-01
4.483049796727821001e-01
1.731552400520841029e-01
5.910104560482928315e-01
7.444581559440429652e-01
7.386889871021719012e-01
7.690943416746476302e-01
3.631243649874630885e-01
4.874154814766466504e-01
8.933854581638311920e-01
5.596226105001451678e-01
6.610620328168460569e-01
6.312507275667733619e-01
4.420248248983141837e-01
5.028355340432658638e-01
4.883612179700059786e-01
5.312290722717054603e-01
7.102954488737321936e-01
3.505176038621317103e-01
8.131822950380697412e-02
6.801563744914936871e-01
1.731552400520841029e-01
5.631526382120660701e-01
4.936951107659161009e-01
5.449403431668384812e-01
1.615579813839097545e-01
6.773208404482278233e-01
7.160646177156033687e-01
8.244636511098941689e-01
7.569596110775899112e-01
8.407224587412759353e-01
8.300054951658510927e-01
8.151644545561020916e-01
2.510510424851438716e-01
1.615579813839097545e-01
4.079204467581938887e-01
5.205121086962806176e-01
8.131822950380697412e-02
6.717789963922708996e-01
1.615579813839097545e-01
5.910104560482928315e-01
9.217789963922708996e-01
7.746361857306046650e-01
5.115406812746545739e-01
5.898006402867067566e-01
5.623289205128363388e-01
5.555989778120729028e-01
6.874437547012495209e-01
6.839137269893287296e-01
1.331644431554700747e-01
5.898006402867067566e-01
5.880161487285848754e-01
4.483049796727821001e-01
6.703612293706379122e-01
8.528571893383338764e-01
4.766985179012217522e-01
2.122657418559486808e-01
8.812507275667733619e-01
8.345865653629156444e-01
4.766985179012217522e-01
8.151644545561020916e-01
7.123072652177684372e-01
5.381886833492953714e-01
6.135741529137587191e-01
4.090502164728098689e-01
3.055989778120727918e-01
9.664313422520924846e-01
7.960701128814544614e-01
1.615579813839097545e-01
4.874154814766466504e-01
8.365983817069518880e-01
2.901615442890084218e-01
3.276659096896489820e-01
6.648193853146809884e-01
8.542749563599666418e-01
7.954760635590510942e-01
3.667764114935135877e-01
5.733338813952781887e-01
9.380378040236526660e-01
8.635741529137587191e-01
4.936951107659161009e-01
7.262264873729481485e-01
7.262264873729480374e-01
6.978329491445084409e-01
5.851806146853190116e-01
8.757088835108164382e-01
6.932129235431205849e-01
6.301209578521573818e-01
8.757088835108164382e-01
7.549477947335537786e-01
5.744636511098941689e-01
6.981607182766743636e-01
8.691159969697156429e-01
1.615579813839097545e-01
5.069596110775899112e-01
8.542749563599666418e-01
5.880161487285848754e-01
8.131822950380697412e-02
7.085499127199332836e-01
9.608894981961354498e-01
4.667193395591093807e-01
2.122657418559486808e-01
8.244636511098941689e-01
7.160646177156032577e-01
4.022348667913276388e-01
8.061930271344760479e-01
5.437305274052524062e-01
7.001725346207106071e-01
3.276659096896490375e-01
5.596226105001451678e-01
6.801563744914936871e-01
7.285660728491503146e-01
7.847590999836263626e-01
6.981607182766743636e-01
9.041024217392561457e-01
8.131822950380697412e-02
8.131822950380697412e-02
1.615579813839097545e-01
3.354102830621453757e-01
4.136312866698744761e-01
1.731552400520841029e-01
8.131822950380697412e-02
4.306284050197672908e-01
4.766985179012217522e-01
8.131822950380697412e-02
4.022348667913276943e-01
7.653369891768126987e-01
7.732184187089716776e-01
5.437305274052524062e-01
8.473153452823769527e-01
7.392830364245750463e-01
8.933854581638311920e-01
6.703612293706379122e-01
7.444581559440429652e-01
6.143978706129884504e-01
6.448032251854641794e-01
4.744419958148262673e-01
9.771483058275174383e-01
6.312507275667733619e-01
4.744419958148261562e-01
6.587224473406438907e-01
6.194039942767325391e-01
8.258814181315270453e-01
7.369434509483729911e-01
7.230242287931931688e-01
7.621347305970577191e-01
9.608894981961354498e-01
7.085499127199333946e-01
5.851806146853190116e-01
5.623289205128363388e-01
5.851806146853190116e-01
5.339353822843966313e-01
4.744419958148262673e-01
7.102954488737321936e-01
5.901284094188726792e-01
8.258814181315270453e-01
7.690943416746476302e-01
7.777994889060365624e-01
7.954760635590512052e-01
7.760539527522375414e-01
6.123860542689522068e-01
7.847590999836262515e-01
5.147429398544094425e-01
8.365983817069521100e-01
8.528571893383338764e-01
8.812507275667733619e-01
6.312507275667734730e-01
6.017274196237176742e-01
9.041024217392561457e-01
5.910104560482928315e-01
2.901615442890084218e-01
6.604679834944428007e-01
8.705337639913484082e-01
2.901615442890084218e-01
3.568442102129952276e-01
7.746361857306046650e-01
7.053476541401784150e-01
8.131822950380697412e-02
3.795269085297542366e-01
7.954760635590510942e-01
6.769541159117387075e-01
5.623289205128363388e-01
5.860043323845487429e-01
2.901615442890084218e-01
9.003450692414211032e-01
8.082048434785121804e-01
4.515903016423434835e-01
5.735418326553248791e-01
7.847590999836263626e-01
