4.126031830409248036e-01
4.914795714487856793e-01
3.801086817312422372e-01
4.712499166029598952e-01
4.712499166029598952e-01
4.712499166029598952e-01
4.712499166029598952e-01
6.489027546508212563e-01
8.034104528172656412e-01
8.822868412251264614e-01
9.350109973806349783e-01
1.000000000000000000e+00
9.008939567463134512e-01
8.034104528172656412e-01
9.270461889986659765e-01
7.122692179455477612e-01
8.945516876889832991e-01
5.935010997380634201e-01
7.052470992573072195e-01
6.382604475116029352e-01
5.497967113971345965e-01
4.586554765254169386e-01
3.905692834979990202e-01
3.281627191539124300e-01
2.762161551939957826e-01
3.209755029675352977e-01
2.762161551939957826e-01
4.054165682371345669e-01
3.606572204635949408e-01
4.054165682371345669e-01
3.606572204635949408e-01
4.054165682371345669e-01
3.079330643080867014e-01
3.079330643080867014e-01
4.054165682371345669e-01
3.079330643080867014e-01
3.606572204635949408e-01
3.079330643080867014e-01
3.079330643080867014e-01
4.725428623139125150e-01
4.555582861173643194e-01
1.796726588759658405e-01
9.052613427536000679e-02
9.052613427536000679e-02
3.534700042772179196e-01
6.952846417489995101e-01
9.052613427536000679e-02
9.052613427536000679e-02
5.497967113971345965e-01
3.729220669274520006e-01
1.796726588759658405e-01
1.796726588759658405e-01
1.796726588759658405e-01
9.052613427536000679e-02
4.396286693534268153e-01
5.935010997380634201e-01
6.750549869031737815e-01
8.902516496070952412e-01
0.000000000000000000e+00
0.000000000000000000e+00
2.673532389674017629e-01
1.796726588759658405e-01
0.000000000000000000e+00
6.223308307476654866e-01
1.471781575662832464e-01
5.239740727584681901e-01
5.687334205320077052e-01
5.636840971856302840e-01
5.173022100874521412e-01
0.000000000000000000e+00
4.555582861173643194e-01
7.463862585798691773e-01
5.530417900464121850e-01
7.324988727913734898e-01
7.254767541031329481e-01
0.000000000000000000e+00
1.796726588759658405e-01
0.000000000000000000e+00
6.279932501740850270e-01
6.873198333670307303e-01
0.000000000000000000e+00
4.107989383438247488e-01
2.492863307460515265e-01
7.324988727913734898e-01
6.343355192314150681e-01
0.000000000000000000e+00
1.471781575662832464e-01
6.343355192314151791e-01
5.709690559366885632e-01
0.000000000000000000e+00
3.580747821883165094e-01
8.172978386057612177e-01
5.898363294379829203e-01
1.471781575662832464e-01
6.929822527934501597e-01
8.497923399154440061e-01
0.000000000000000000e+00
2.492863307460515265e-01
7.052470992573072195e-01
7.377416005669897858e-01
5.173022100874520302e-01
8.438697625089169874e-01
8.561346089727739361e-01
5.759489436494873438e-01
4.432934396535072596e-01
5.775714829741259715e-01
6.952846417489995101e-01
8.295626850696181664e-01
6.750549869031738925e-01
7.649933741010559451e-01
8.113752611992344210e-01
5.673488674857108949e-01
8.097527218745956823e-01
8.577571482974125638e-01
6.750549869031737815e-01
6.482229050199106446e-01
5.935010997380634201e-01
8.252626469877299975e-01
4.586554765254169386e-01
8.113752611992343100e-01
7.927681456780473201e-01
8.359049541269482075e-01
7.234791049767937965e-01
6.929822527934501597e-01
8.700219947612695126e-01
4.880527874270468303e-01
5.362389192223252499e-01
5.687334205320077052e-01
5.687334205320077052e-01
6.425604855934911042e-01
7.320791811405703564e-01
7.377416005669897858e-01
9.025164960709520789e-01
7.277791430586820765e-01
7.523088359863959740e-01
8.359049541269480965e-01
7.904657567224979697e-01
9.227461509167780296e-01
5.687334205320077052e-01
5.812362532742066934e-01
8.352251044960374848e-01
7.645736824502528117e-01
6.813972559605040447e-01
5.700263662429603251e-01
8.027306031863551405e-01
8.700219947612695126e-01
8.050329921419041579e-01
8.577571482974125638e-01
9.025164960709520789e-01
7.911456063534085814e-01
9.333884580559960176e-01
7.277791430586821875e-01
8.027306031863550295e-01
8.236401076630913698e-01
8.700219947612695126e-01
8.945516876889832991e-01
8.822868412251264614e-01
5.497967113971345965e-01
6.259956010477459865e-01
6.259956010477459865e-01
5.935010997380634201e-01
7.198143346767132966e-01
6.670901785212050017e-01
6.345956772115224354e-01
8.050329921419042689e-01
7.725384908322217026e-01
7.000043714816909235e-01
7.927681456780472091e-01
7.579712554128155144e-01
5.822912127068173849e-01
6.259956010477459865e-01
5.125824803547608388e-01
4.366910126160698513e-01
9.052613427536000679e-02
0.000000000000000000e+00
0.000000000000000000e+00
1.900993898841795982e-01
4.432934396535072596e-01
3.079330643080867014e-01
0.000000000000000000e+00
0.000000000000000000e+00
3.534700042772179196e-01
1.471781575662832464e-01
7.138917572701865000e-01
4.379110695468170777e-01
6.909846036671113412e-01
6.084434449591697991e-01
8.252626469877298865e-01
9.025164960709520789e-01
8.945516876889832991e-01
7.320791811405703564e-01
8.375274934515869463e-01
7.357439514406507453e-01
8.822868412251263504e-01
7.772582205649130049e-01
6.797747166358649729e-01
8.438697625089169874e-01
7.645736824502528117e-01
6.995846798308877901e-01
7.645736824502529227e-01
2.348587376577191688e-01
4.712499166029598952e-01
2.673532389674017629e-01
0.000000000000000000e+00
2.348587376577191688e-01
3.209755029675353533e-01
2.884810016578527314e-01
1.796726588759658405e-01
6.012279218416902715e-01
0.000000000000000000e+00
9.052613427536000679e-02
3.729220669274519451e-01
3.319225499359638176e-01
1.900993898841795982e-01
0.000000000000000000e+00
3.209755029675352977e-01
0.000000000000000000e+00
0.000000000000000000e+00
9.052613427536000679e-02
0.000000000000000000e+00
0.000000000000000000e+00
0.000000000000000000e+00
0.000000000000000000e+00
2.762161551939957826e-01
1.471781575662832464e-01
2.819453281712838155e-01
5.109599410301221001e-01
0.000000000000000000e+00
0.000000000000000000e+00
0.000000000000000000e+00
0.000000000000000000e+00
0.000000000000000000e+00
0.000000000000000000e+00
0.000000000000000000e+00
0.000000000000000000e+00
9.052613427536000679e-02
1.471781575662832464e-01
9.052613427536000679e-02
0.000000000000000000e+00
9.052613427536000679e-02
2.348587376577191688e-01
7.463862585798690663e-01
5.775714829741259715e-01
9.052613427536000679e-02
0.000000000000000000e+00
4.589850701391031129e-01
0.000000000000000000e+00
0.000000000000000000e+00
0.000000000000000000e+00
0.000000000000000000e+00
9.052613427536000679e-02
0.000000000000000000e+00
0.000000000000000000e+00
2.348587376577191688e-01
3.492367197461982431e-01
0.000000000000000000e+00
9.052613427536000679e-02
2.762161551939957826e-01
0.000000000000000000e+00
0.000000000000000000e+00
0.000000000000000000e+00
4.126031830409247481e-01
6.466003656952721279e-01
4.041965113063873405e-01
3.079330643080867014e-01
2.234919990384874877e-01
7.447637192552305496e-01
5.484370121353135952e-01
7.138917572701865000e-01
6.830197952851425613e-01
3.580747821883165094e-01
9.052613427536000679e-02
4.396286693534268153e-01
8.438697625089167653e-01
6.830197952851426724e-01
4.054165682371345669e-01
7.579712554128154034e-01
6.466003656952721279e-01
2.492863307460515265e-01
0.000000000000000000e+00
6.137307545838891487e-01
6.014659081200320889e-01
2.685560866412373127e-01
0.000000000000000000e+00
7.377416005669897858e-01
4.126031830409248591e-01
9.052613427536000679e-02
0.000000000000000000e+00
5.362389192223252499e-01
9.052613427536000679e-02
3.319225499359638176e-01
0.000000000000000000e+00
1.471781575662832464e-01
0.000000000000000000e+00
5.809315134449961615e-01
4.880527874270468303e-01
5.935010997380634201e-01
4.432934396535072596e-01
5.239740727584681901e-01
6.787197572032542814e-01
5.173022100874520302e-01
3.209755029675353533e-01
2.819453281712838155e-01
1.471781575662832464e-01
0.000000000000000000e+00
9.052613427536000679e-02
0.000000000000000000e+00
0.000000000000000000e+00
9.052613427536000679e-02
3.534700042772179196e-01
1.900993898841795982e-01
0.000000000000000000e+00
0.000000000000000000e+00
0.000000000000000000e+00
0.000000000000000000e+00
0.000000000000000000e+00
0.000000000000000000e+00
9.052613427536000679e-02
0.000000000000000000e+00
9.052613427536000679e-02
0.000000000000000000e+00
2.348587376577191688e-01
1.471781575662832464e-01
6.790948670049545832e-01
9.052613427536000679e-02
1.471781575662832464e-01
0.000000000000000000e+00
1.796726588759658405e-01
3.319225499359638731e-01
0.000000000000000000e+00
0.000000000000000000e+00
0.000000000000000000e+00
2.762161551939957826e-01
0.000000000000000000e+00
0.000000000000000000e+00
0.000000000000000000e+00
0.000000000000000000e+00
0.000000000000000000e+00
0.000000000000000000e+00
1.471781575662832464e-01
1.796726588759658405e-01
1.471781575662832464e-01
0.000000000000000000e+00
0.000000000000000000e+00
0.000000000000000000e+00
0.000000000000000000e+00
9.052613427536000679e-02
0.000000000000000000e+00
2.348587376577191688e-01
0.000000000000000000e+00
3.606572204635949408e-01
9.052613427536000679e-02
0.000000000000000000e+00
5.636840971856302840e-01
5.636840971856302840e-01
0.000000000000000000e+00
0.000000000000000000e+00
2.762161551939957826e-01
9.052613427536000679e-02
3.281627191539124300e-01
0.000000000000000000e+00
1.796726588759658405e-01
8.236401076630911477e-01
5.577615197791034873e-01
0.000000000000000000e+00
3.604921229654585169e-01
2.348587376577191688e-01
0.000000000000000000e+00
0.000000000000000000e+00
0.000000000000000000e+00
0.000000000000000000e+00
9.052613427536000679e-02
0.000000000000000000e+00
0.000000000000000000e+00
0.000000000000000000e+00
9.052613427536000679e-02
0.000000000000000000e+00
1.471781575662832464e-01
0.000000000000000000e+00
0.000000000000000000e+00
0.000000000000000000e+00
9.052613427536000679e-02
0.000000000000000000e+00
4.714879028813017681e-01
3.660395905702851782e-01
0.000000000000000000e+00
0.000000000000000000e+00
0.000000000000000000e+00
0.000000000000000000e+00
1.471781575662832464e-01
2.673532389674017629e-01
3.952890132306903781e-01
0.000000000000000000e+00
1.900993898841795982e-01
2.348587376577191688e-01
0.000000000000000000e+00
9.052613427536000679e-02
0.000000000000000000e+00
0.000000000000000000e+00
2.492863307460515265e-01
0.000000000000000000e+00
0.000000000000000000e+00
0.000000000000000000e+00
9.052613427536000679e-02
0.000000000000000000e+00
0.000000000000000000e+00
0.000000000000000000e+00
4.523132074680870085e-01
0.000000000000000000e+00
1.471781575662832464e-01
3.281627191539124300e-01
0.000000000000000000e+00
1.471781575662832464e-01
0.000000000000000000e+00
2.234919990384874877e-01
1.471781575662832464e-01
3.905692834979990202e-01
2.234919990384874877e-01
4.467202236752460531e-01
1.796726588759658405e-01
6.604877514837675934e-01
5.497967113971345965e-01
7.480087979045078050e-01
2.348587376577191688e-01
3.209755029675352977e-01
5.450769816644434052e-01
1.471781575662832464e-01
5.673488674857107839e-01
0.000000000000000000e+00
0.000000000000000000e+00
9.052613427536000679e-02
2.673532389674017629e-01
9.052613427536000679e-02
0.000000000000000000e+00
0.000000000000000000e+00
9.052613427536000679e-02
9.052613427536000679e-02
0.000000000000000000e+00
2.673532389674017629e-01
9.052613427536000679e-02
0.000000000000000000e+00
3.660395905702851782e-01
0.000000000000000000e+00
0.000000000000000000e+00
6.137307545838891487e-01
0.000000000000000000e+00
9.052613427536000679e-02
0.000000000000000000e+00
6.018410179217323908e-01
4.725428623139125150e-01
6.936621024243607714e-01
4.914795714487856793e-01
5.102800913992114884e-01
5.935010997380634201e-01
8.886291102824565025e-01
4.054165682371345669e-01
1.471781575662832464e-01
5.687334205320077052e-01
2.348587376577191688e-01
3.580747821883165094e-01
9.052613427536000679e-02
6.873198333670307303e-01
1.900993898841795982e-01
0.000000000000000000e+00
0.000000000000000000e+00
5.239740727584681901e-01
0.000000000000000000e+00
6.141058643855894505e-01
5.362389192223252499e-01
2.348587376577191688e-01
0.000000000000000000e+00
1.471781575662832464e-01
7.447637192552305496e-01
4.586554765254169386e-01
1.796726588759658405e-01
1.471781575662832464e-01
8.172978386057612177e-01
3.905692834979990202e-01
4.126031830409248591e-01
6.750549869031738925e-01
9.052613427536000679e-02
4.277835145403729444e-01
2.348587376577191688e-01
8.945516876889835212e-01
6.259956010477460975e-01
3.079330643080867014e-01
5.487417519645239050e-01
6.223308307476654866e-01
6.670901785212051127e-01
8.172978386057612177e-01
6.472802153261824065e-01
2.348587376577191688e-01
1.471781575662832464e-01
0.000000000000000000e+00
2.762161551939957826e-01
6.018410179217325018e-01
4.586554765254169386e-01
9.052613427536000679e-02
4.586554765254169386e-01
9.052613427536000679e-02
4.041965113063873405e-01
0.000000000000000000e+00
1.471781575662832464e-01
2.348587376577191688e-01
3.209755029675352977e-01
2.685560866412373127e-01
0.000000000000000000e+00
2.492863307460515265e-01
0.000000000000000000e+00
0.000000000000000000e+00
0.000000000000000000e+00
0.000000000000000000e+00
0.000000000000000000e+00
9.052613427536000679e-02
3.281627191539124300e-01
6.409379462688524765e-01
2.762161551939957826e-01
5.636840971856302840e-01
6.279932501740850270e-01
5.935010997380634201e-01
0.000000000000000000e+00
2.762161551939957826e-01
8.886291102824565025e-01
3.905692834979990202e-01
2.492863307460515265e-01
2.673532389674017629e-01
5.935010997380634201e-01
6.873198333670307303e-01
2.492863307460515265e-01
4.126031830409247481e-01
0.000000000000000000e+00
1.471781575662832464e-01
4.366910126160698513e-01
5.935010997380634201e-01
3.209755029675352977e-01
1.796726588759658405e-01
9.025164960709520789e-01
7.075494882128564589e-01
3.079330643080867014e-01
4.880527874270468303e-01
7.052470992573072195e-01
4.387554152932773843e-01
2.673532389674017629e-01
5.935010997380634201e-01
3.534700042772179196e-01
9.052613427536000679e-02
2.234919990384874877e-01
2.762161551939957826e-01
3.905692834979990202e-01
4.960175958090156101e-01
2.819453281712838155e-01
0.000000000000000000e+00
1.796726588759658405e-01
3.492367197461982431e-01
0.000000000000000000e+00
4.555582861173642084e-01
5.700263662429603251e-01
9.052613427536000679e-02
0.000000000000000000e+00
2.234919990384874877e-01
2.348587376577191688e-01
0.000000000000000000e+00
0.000000000000000000e+00
3.606572204635949408e-01
4.126031830409247481e-01
4.366910126160698513e-01
6.243730617231075808e-01
6.409379462688524765e-01
2.348587376577191688e-01
5.700263662429603251e-01
5.239740727584681901e-01
4.914795714487856793e-01
6.350153688623256798e-01
5.902560210887861647e-01
8.945516876889832991e-01
6.790948670049545832e-01
9.052613427536000679e-02
5.898363294379829203e-01
7.016269108063294402e-01
0.000000000000000000e+00
0.000000000000000000e+00
7.911456063534085814e-01
3.905692834979990202e-01
4.467202236752460531e-01
3.319225499359638176e-01
9.052613427536000679e-02
3.729220669274519451e-01
9.052613427536000679e-02
2.685560866412373127e-01
2.762161551939957826e-01
2.762161551939957826e-01
2.819453281712838155e-01
9.052613427536000679e-02
3.534700042772179196e-01
6.873198333670307303e-01
2.924505117871435966e-01
2.673532389674017629e-01
5.484370121353135952e-01
8.172978386057612177e-01
7.138917572701865000e-01
7.377416005669897858e-01
7.645736824502529227e-01
6.670901785212050017e-01
5.102800913992114884e-01
5.039824041909842789e-01
3.580747821883165094e-01
8.375274934515869463e-01
8.561346089727739361e-01
3.079330643080867014e-01
9.052613427536000679e-02
2.492863307460515265e-01
9.052613427536000679e-02
4.387554152932773843e-01
0.000000000000000000e+00
2.348587376577191688e-01
4.900950184024887024e-01
0.000000000000000000e+00
3.492367197461982431e-01
1.796726588759658405e-01
1.471781575662832464e-01
3.209755029675352977e-01
1.900993898841795982e-01
9.052613427536000679e-02
0.000000000000000000e+00
9.052613427536000679e-02
1.471781575662832464e-01
0.000000000000000000e+00
9.052613427536000679e-02
0.000000000000000000e+00
0.000000000000000000e+00
0.000000000000000000e+00
9.052613427536000679e-02
0.000000000000000000e+00
0.000000000000000000e+00
0.000000000000000000e+00
5.832339024005455119e-01
0.000000000000000000e+00
9.052613427536000679e-02
1.796726588759658405e-01
4.432934396535072596e-01
7.911456063534085814e-01
8.050329921419042689e-01
8.129978005238729377e-01
9.350109973806347563e-01
9.675054986903173226e-01
9.472758438444917051e-01
6.014659081200320889e-01
5.673488674857107839e-01
