5.542545762025143929e-01
9.428272030368936019e-01
8.394640912848441161e-01
8.471578160588034700e-01
9.950036844122939206e-01
9.224434379012690366e-01
7.720633571779383919e-01
8.608656735644079072e-01
8.267740509231787938e-01
8.727010935985469731e-01
9.582146525848117546e-01
1.000000000000000000e+00
6.839663725868527777e-01
8.933481308477460026e-01
8.980811743218775067e-01
7.489821828560607742e-01
7.822912943217376069e-01
8.074081029314935654e-01
8.739821828560608852e-01
8.943659479916852284e-01
8.662884580821017533e-01
8.883518152600399231e-01
8.327881836548243211e-01
7.285984177204363199e-01
8.893696324039791490e-01
9.097533975396037143e-01
7.323136440506284872e-01
8.459046929464772990e-01
9.010418556217053565e-01
7.489821828560607742e-01
8.165461137793794677e-01
9.311549798191673943e-01
8.652706409381625274e-01
7.914293051696236203e-01
7.884686238697959926e-01
8.966368882479508473e-01
8.531719487904487753e-01
7.209046929464771880e-01
8.799963155877061904e-01
7.373099596383347887e-01
6.836612260438199584e-01
6.296402733421415654e-01
6.296402733421415654e-01
6.219465485681824335e-01
5.520837112434104910e-01
6.423303137038069988e-01
4.823136440506285982e-01
3.867146837569616080e-01
8.521541316465095495e-01
8.679680501244153579e-01
8.128308874491874114e-01
7.986965610135952076e-01
8.612921424943955628e-01
9.505209278108526227e-01
9.428272030368934908e-01
9.438450201808327167e-01
9.157675302712491305e-01
6.969409321518856837e-01
5.241431344726033004e-01
9.234612550452082624e-01
8.966368882479508473e-01
7.620707260025261220e-01
8.802316215560931356e-01
6.423303137038069988e-01
9.418093858929542650e-01
4.619298789150041440e-01
4.134686238697958816e-01
4.415461137793796342e-01
4.134686238697958816e-01
5.316999461077860367e-01
6.550959534003152340e-01
8.635630827506609597e-01
8.359120617710648071e-01
8.562958269066892614e-01
8.115497981916734993e-01
8.650073688245878412e-01
9.341156611189951331e-01
8.342324697287509805e-01
6.818167547175419951e-01
7.703837651356245653e-01
7.575444362418168875e-01
9.912884580821016423e-01
8.966368882479508473e-01
8.679680501244154689e-01
6.437466336325460281e-01
7.666405726602445458e-01
8.519188256781226043e-01
8.317703665108850952e-01
7.411391695499592869e-01
8.652706409381625274e-01
7.997143781575344335e-01
9.351334782629343589e-01
7.914293051696236203e-01
8.317703665108850952e-01
8.215424293670857692e-01
8.839468478862854139e-01
9.582146525848117546e-01
7.298515408327626020e-01
9.234612550452082624e-01
8.115497981916734993e-01
8.068167547175419951e-01
8.448868758025380732e-01
6.936957316486903613e-01
8.689858672683546947e-01
8.525806005764972051e-01
9.251408470875218670e-01
9.669261945027101124e-01
9.291193455312888316e-01
6.106131967988740472e-01
6.754797185359396883e-01
7.911660330560489340e-01
8.700036844122939206e-01
8.525806005764969830e-01
7.693659479916853394e-01
3.479844702411420410e-01
8.727010935985469731e-01
9.378308874491873004e-01
8.525806005764972051e-01
8.930848587341713163e-01
6.457822679204244798e-01
8.282183369971056752e-01
8.739821828560608852e-01
8.419261945027102234e-01
8.496199192766693553e-01
7.670670415902323125e-01
8.727010935985469731e-01
8.188450201808327167e-01
8.856544060737868707e-01
7.008597992592704440e-01
8.155282966354403529e-01
8.525806005764972051e-01
8.546162348643754347e-01
8.853911339602121844e-01
8.448868758025380732e-01
8.866722232177260965e-01
8.031015283873496058e-01
8.523173284629225188e-01
8.088523890054203358e-01
8.826937247739592429e-01
8.558693579767018278e-01
4.450931668510533235e-01
8.889431634739917154e-01
8.727010935985469731e-01
9.311549798191676164e-01
8.689858672683546947e-01
8.446236036889631649e-01
8.496199192766693553e-01
8.933481308477460026e-01
9.301371626752281685e-01
8.535984177204364309e-01
9.170206533835753016e-01
9.415461137793795787e-01
8.321968354408726398e-01
9.147497131273099047e-01
8.535984177204362089e-01
8.608656735644079072e-01
9.020596727656445823e-01
8.608656735644079072e-01
9.505209278108527338e-01
6.865497981916734993e-01
8.327881836548243211e-01
8.342324697287509805e-01
9.251408470875220891e-01
8.652706409381625274e-01
1.000000000000000000e+00
6.116310139428132731e-01
6.380885431464652369e-01
7.807748990958368607e-01
6.212568075246202026e-01
6.905282966354404639e-01
6.754797185359396883e-01
8.486021021327302405e-01
8.889431634739917154e-01
7.783127958779706423e-01
8.598478564204686814e-01
7.489821828560607742e-01
7.448125214506933212e-01
9.157675302712491305e-01
4.615440269835820453e-01
8.776974091862530525e-01
8.398905602148317717e-01
7.553948183725061050e-01
8.245031106669133969e-01
8.521541316465095495e-01
9.374044185191996448e-01
7.822912943217376069e-01
8.562958269066894834e-01
8.739821828560608852e-01
6.880661934175743566e-01
8.459046929464770770e-01
8.404819084287834530e-01
8.369298789150040330e-01
8.602743253504563370e-01
8.930848587341713163e-01
8.342324697287509805e-01
9.020596727656445823e-01
8.190803261492196619e-01
7.982700920836076630e-01
9.057748990958368607e-01
8.354855928410771515e-01
8.903874495479183748e-01
4.983330588110640447e-01
5.314068643083538213e-01
5.542545762025143929e-01
5.746383413381388472e-01
5.746383413381387362e-01
5.542545762025143929e-01
5.174655443750322270e-01
4.970817792394077173e-01
5.307748990958368607e-01
6.624508067258567667e-01
6.289505322985793345e-01
7.906182417391067752e-01
7.373099596383346777e-01
8.623099596383347887e-01
9.338523890054202248e-01
9.592324697287509805e-01
8.883518152600399231e-01
4.983330588110640447e-01
8.475842849887910146e-01
4.983330588110640447e-01
2.868331748342685117e-01
8.436057865450239390e-01
8.151018277054528083e-01
5.867387159534035446e-01
8.317703665108849842e-01
9.184649394575020720e-01
5.110230991727293670e-01
4.247094017154287027e-01
3.085538119411357361e-01
3.479844702411420410e-01
2.600925568959276402e-01
4.746199192766694108e-01
3.471528396166977393e-01
2.276870394648049245e-01
6.288931598688345115e-02
6.661660330560489340e-01
1.665645358408489873e-01
1.048291973851956799e-01
2.270187513986377803e-01
1.665645358408489873e-01
1.902297195711556976e-01
0.000000000000000000e+00
0.000000000000000000e+00
2.276870394648049523e-01
0.000000000000000000e+00
0.000000000000000000e+00
0.000000000000000000e+00
4.920258323153193225e-01
6.288931598688345115e-02
0.000000000000000000e+00
6.288931598688345115e-02
6.288931598688345115e-02
6.288931598688345115e-02
0.000000000000000000e+00
4.411602618479574800e-01
0.000000000000000000e+00
2.616848740711039678e-01
1.869483009764734693e-01
3.255633883500880787e-01
6.288931598688345115e-02
6.288931598688345115e-02
1.252129625208201757e-01
6.761586642314613149e-01
0.000000000000000000e+00
0.000000000000000000e+00
8.739821828560608852e-01
1.252129625208201757e-01
3.233360049908318712e-01
5.594843542179375184e-01
7.186057865450240500e-01
3.654058716093877557e-01
2.073032743291804425e-01
8.496199192766693553e-01
3.650073688245877856e-01
8.689858672683546947e-01
7.843269286096161697e-01
1.665645358408489873e-01
4.070984488925860623e-01
8.521541316465095495e-01
9.719225100904164139e-01
2.270187513986377248e-01
4.415461137793796342e-01
9.010418556217053565e-01
5.819335633272979535e-01
4.673246972875102490e-01
7.217732215582740585e-01
7.411391695499592869e-01
0.000000000000000000e+00
4.798235746875749164e-01
8.444604068725504176e-01
8.419261945027102234e-01
4.074265249929630572e-01
7.323136440506287093e-01
6.841156611189950221e-01
