4.521271086295840513e-01
5.320081414872460668e-01
6.768489592957571688e-01
7.134968001560896278e-01
8.457042265846234086e-01
7.134968001560896278e-01
6.749228568022455077e-01
6.603633629287561924e-01
6.749228568022455077e-01
7.520707435099339699e-01
7.445418903965799196e-01
8.457042265846234086e-01
8.457042265846234086e-01
8.602637204581126129e-01
8.842781699384674177e-01
7.539968460034455200e-01
7.134968001560896278e-01
8.842781699384674177e-01
8.602637204581126129e-01
8.292186302176222101e-01
9.228521132923116488e-01
7.925707893572897511e-01
7.126897564996277357e-01
6.209823759184500691e-01
8.292186302176222101e-01
7.375112496364447656e-01
8.988376638119568440e-01
7.539968460034455200e-01
8.071302832307789554e-01
9.614260566461557689e-01
5.583939830842509222e-01
8.457042265846234086e-01
7.539968460034456310e-01
7.831158337504241507e-01
7.126897564996277357e-01
7.539968460034455200e-01
5.756866231077139018e-01
6.603633629287561924e-01
8.071302832307790665e-01
7.134968001560896278e-01
9.759855505196451952e-01
8.988376638119568440e-01
8.988376638119566220e-01
1.000000000000000000e+00
8.677925735714664413e-01
7.008634087761120846e-01
9.228521132923116488e-01
7.375112496364446546e-01
8.457042265846234086e-01
8.988376638119568440e-01
8.697186760649782133e-01
7.685563398769349464e-01
6.914084531692464841e-01
8.457042265846231865e-01
7.375112496364446546e-01
7.229517557629553393e-01
7.760851929902887747e-01
7.925707893572897511e-01
8.165852388376446669e-01
7.685563398769348353e-01
9.228521132923116488e-01
7.008634087761120846e-01
7.539968460034455200e-01
8.311447327111340933e-01
8.697186760649782133e-01
8.071302832307790665e-01
8.071302832307790665e-01
6.209823759184500691e-01
7.248778582564671114e-01
7.445418903965800306e-01
6.622894654222679645e-01
5.583939830842509222e-01
6.843778124091112192e-01
3.005644813641809021e-01
1.022284722950126679e-01
4.124341064386901623e-01
3.978746125652009025e-01
1.638937921138949316e-01
5.028891537402675471e-01
3.593006692113566714e-01
6.209823759184500691e-01
5.800370404479557873e-01
6.622894654222679645e-01
6.382750159419129377e-01
6.382750159419129377e-01
6.382750159419129377e-01
6.603633629287561924e-01
6.603633629287563034e-01
8.071302832307790665e-01
8.071302832307790665e-01
6.749228568022455077e-01
7.299823965230907152e-01
7.299823965230907152e-01
6.749228568022455077e-01
6.914084531692464841e-01
8.457042265846234086e-01
6.363489134484013876e-01
8.457042265846234086e-01
6.382750159419129377e-01
4.745242869196705793e-01
6.768489592957571688e-01
5.977749700945571565e-01
7.831158337504241507e-01
6.382750159419129377e-01
6.768489592957571688e-01
6.749228568022455077e-01
7.299823965230907152e-01
7.134968001560897388e-01
6.209823759184500691e-01
5.273488928437607415e-01
5.969679264380951533e-01
6.209823759184500691e-01
5.969679264380951533e-01
5.583939830842509222e-01
6.603633629287561924e-01
7.445418903965800306e-01
7.520707435099338589e-01
7.134968001560896278e-01
7.906446868637780900e-01
8.602637204581126129e-01
8.292186302176222101e-01
8.602637204581126129e-01
7.906446868637780900e-01
9.228521132923116488e-01
8.216897771042682708e-01
8.457042265846234086e-01
8.988376638119568440e-01
7.539968460034455200e-01
8.602637204581126129e-01
5.800370404479557873e-01
8.602637204581126129e-01
7.229517557629554503e-01
6.595563192722943002e-01
8.697186760649782133e-01
8.842781699384674177e-01
8.311447327111340933e-01
5.414630970941116672e-01
7.539968460034455200e-01
8.216897771042683818e-01
6.622894654222679645e-01
7.685563398769349464e-01
8.457042265846234086e-01
8.457042265846234086e-01
7.520707435099339699e-01
8.165852388376447779e-01
8.071302832307790665e-01
5.977749700945571565e-01
7.445418903965799196e-01
6.749228568022455077e-01
6.914084531692464841e-01
6.824517099155995581e-01
5.997010725880688176e-01
6.091560281949344180e-01
5.583939830842509222e-01
7.925707893572897511e-01
5.465676353607353821e-01
2.619905380103367265e-01
7.134968001560896278e-01
7.229517557629554503e-01
7.539968460034455200e-01
6.595563192722943002e-01
7.760851929902887747e-01
8.457042265846231865e-01
8.071302832307790665e-01
8.216897771042682708e-01
5.902461169812031061e-01
8.071302832307790665e-01
8.216897771042683818e-01
6.209823759184500691e-01
6.622894654222679645e-01
7.685563398769349464e-01
7.520707435099338589e-01
7.059679470427356884e-01
4.839792425265362352e-01
7.375112496364446546e-01
8.602637204581123909e-01
8.071302832307789554e-01
8.842781699384674177e-01
8.842781699384674177e-01
8.071302832307789554e-01
7.375112496364446546e-01
7.126897564996277357e-01
7.831158337504241507e-01
7.539968460034455200e-01
7.229517557629553393e-01
8.071302832307789554e-01
7.520707435099338589e-01
7.299823965230907152e-01
8.457042265846234086e-01
8.071302832307790665e-01
7.831158337504241507e-01
6.673940036888915683e-01
7.445418903965800306e-01
8.071302832307790665e-01
7.925707893572897511e-01
6.363489134484013876e-01
8.988376638119568440e-01
7.539968460034455200e-01
7.831158337504241507e-01
8.311447327111340933e-01
8.071302832307790665e-01
7.134968001560896278e-01
5.997010725880688176e-01
8.292186302176222101e-01
8.988376638119568440e-01
7.760851929902887747e-01
6.209823759184500691e-01
7.126897564996277357e-01
8.602637204581126129e-01
7.520707435099338589e-01
7.906446868637780900e-01
7.154229026496013999e-01
8.842781699384674177e-01
8.988376638119568440e-01
7.925707893572897511e-01
8.216897771042683818e-01
8.842781699384674177e-01
7.520707435099338589e-01
7.539968460034456310e-01
8.292186302176222101e-01
9.228521132923116488e-01
7.375112496364446546e-01
7.299823965230907152e-01
7.154229026496013999e-01
8.457042265846234086e-01
5.824084325646059490e-01
7.134968001560896278e-01
7.126897564996277357e-01
7.134968001560896278e-01
8.071302832307790665e-01
8.071302832307790665e-01
7.299823965230907152e-01
7.685563398769349464e-01
7.445418903965800306e-01
7.154229026496013999e-01
7.539968460034456310e-01
8.457042265846231865e-01
8.677925735714665523e-01
7.685563398769348353e-01
8.292186302176222101e-01
8.602637204581126129e-01
7.154229026496013999e-01
7.906446868637780900e-01
8.457042265846234086e-01
6.749228568022455077e-01
7.134968001560896278e-01
6.768489592957571688e-01
8.602637204581126129e-01
7.760851929902888857e-01
6.237155220684237333e-01
4.497557165129340562e-01
3.963397678190524465e-01
2.619905380103367265e-01
1.638937921138949316e-01
0.000000000000000000e+00
0.000000000000000000e+00
2.024677354677391350e-01
3.352862197310018111e-01
0.000000000000000000e+00
1.022284722950126679e-01
0.000000000000000000e+00
3.352862197310018111e-01
1.022284722950126679e-01
1.022284722950126679e-01
0.000000000000000000e+00
1.022284722950126679e-01
2.024677354677391350e-01
1.022284722950126679e-01
0.000000000000000000e+00
1.022284722950126679e-01
1.022284722950126679e-01
0.000000000000000000e+00
3.577658244652082153e-01
0.000000000000000000e+00
0.000000000000000000e+00
0.000000000000000000e+00
1.638937921138949316e-01
0.000000000000000000e+00
2.024677354677391350e-01
1.022284722950126679e-01
0.000000000000000000e+00
1.638937921138949316e-01
0.000000000000000000e+00
0.000000000000000000e+00
5.371126797538696707e-01
0.000000000000000000e+00
6.622894654222679645e-01
5.155225451202450904e-01
0.000000000000000000e+00
7.134968001560896278e-01
0.000000000000000000e+00
3.046323872378747799e-01
0.000000000000000000e+00
0.000000000000000000e+00
0.000000000000000000e+00
0.000000000000000000e+00
0.000000000000000000e+00
0.000000000000000000e+00
1.022284722950126679e-01
2.024677354677391350e-01
0.000000000000000000e+00
0.000000000000000000e+00
2.619905380103367265e-01
0.000000000000000000e+00
4.510080497925343934e-01
0.000000000000000000e+00
2.024677354677391350e-01
2.420439944036756885e-01
2.619905380103367265e-01
7.134968001560896278e-01
8.602637204581126129e-01
3.963397678190524465e-01
7.520707435099338589e-01
8.457042265846234086e-01
8.602637204581126129e-01
6.749228568022456187e-01
7.925707893572897511e-01
