5.695777927394264362e-01
5.307376035465244390e-01
6.472581711252303194e-01
6.527617126724690744e-01
6.527617126724690744e-01
8.483706267481483376e-01
7.617808270479927701e-01
7.637787387039360887e-01
7.799251734293394245e-01
6.579010643033947892e-01
7.793352298845656057e-01
6.740474990287981250e-01
6.366152779470657386e-01
1.000000000000000000e+00
9.140001438446182513e-01
9.223196216141961168e-01
9.315545466811911979e-01
9.329625147923605866e-01
8.201733307334109213e-01
9.329625147923605866e-01
8.941223255994587005e-01
9.366938983121168016e-01
8.521020102679045527e-01
8.872108159410503347e-01
7.511379338698280783e-01
8.913063893771195900e-01
9.436054079705251674e-01
9.260510051339522208e-01
9.421974398593556677e-01
8.872108159410503347e-01
8.308162239115755021e-01
9.718027039852625837e-01
9.542483011486896372e-01
9.611598108070980029e-01
8.006210162408945452e-01
8.239047142531671364e-01
7.637787387039360887e-01
8.570156082703693778e-01
8.751599546517161432e-01
8.483706267481483376e-01
9.315545466811911979e-01
8.469626586369787269e-01
8.858028478298808350e-01
7.122977446769261922e-01
8.802993062826419690e-01
8.469626586369789489e-01
7.799251734293394245e-01
8.026189278968380858e-01
9.047652187776231703e-01
7.919760347186736160e-01
7.235305813998645919e-01
8.026189278968380858e-01
7.568672290455277230e-01
7.235305813998645919e-01
8.377277335699838678e-01
9.597518426959286142e-01
7.793352298845656057e-01
6.933353737291839680e-01
8.187653626222415326e-01
7.497299657586586896e-01
8.751599546517163652e-01
9.329625147923605866e-01
8.308162239115755021e-01
6.947433418403533567e-01
8.026189278968380858e-01
9.436054079705251674e-01
7.617808270479927701e-01
8.377277335699838678e-01
8.483706267481483376e-01
8.187653626222415326e-01
1.000000000000000000e+00
9.611598108070980029e-01
7.919760347186735050e-01
8.256768722806496763e-01
8.751599546517163652e-01
9.033572506664537816e-01
6.544951845362818599e-01
6.898297438378883095e-01
6.878318321819451020e-01
8.765679227628857539e-01
8.201733307334109213e-01
7.442264242114198236e-01
7.503199093034326195e-01
7.692822802511749547e-01
7.785172053181700358e-01
7.730136637709311698e-01
5.811361332150081216e-01
8.696564131044773882e-01
8.181754190774677138e-01
8.256768722806496763e-01
2.796495447387875033e-01
2.796495447387875033e-01
2.796495447387875033e-01
2.796495447387875033e-01
2.796495447387875033e-01
2.796495447387875033e-01
2.796495447387875033e-01
3.254012435900978661e-01
2.796495447387875033e-01
2.796495447387875033e-01
4.001295768588712387e-01
3.543778780075609314e-01
3.543778780075609314e-01
3.034868275253249092e-01
3.543778780075609314e-01
4.352963083212431639e-01
5.034557548292042384e-01
5.422959440221061245e-01
5.963671206429942417e-01
6.084179819323283223e-01
6.602244797119815045e-01
7.111155301942174711e-01
8.006210162408946562e-01
8.081224694440768408e-01
8.483706267481483376e-01
7.531358455257716189e-01
7.249385495110342026e-01
7.122977446769261922e-01
6.559031526474514706e-01
6.544951845362818599e-01
8.308162239115755021e-01
7.785172053181699248e-01
8.941223255994587005e-01
8.363197654588142571e-01
7.494044620060152928e-01
9.421974398593556677e-01
8.696564131044776103e-01
8.006210162408946562e-01
8.872108159410503347e-01
7.637787387039360887e-01
6.651380777144465517e-01
7.503199093034326195e-01
7.442264242114198236e-01
6.878318321819451020e-01
6.564930961922254005e-01
6.602244797119815045e-01
7.221226132886952032e-01
8.463727150922049081e-01
9.329625147923605866e-01
8.288183122556319615e-01
7.221226132886950921e-01
3.767610621570521845e-01
6.151229775878321870e-01
6.930098699765405712e-01
6.268878320663183734e-01
6.930098699765405712e-01
6.375307252444829542e-01
8.308162239115755021e-01
7.899781230627300754e-01
6.930098699765405712e-01
9.329625147923605866e-01
7.974795762659123710e-01
8.201733307334109213e-01
6.685439574815593700e-01
8.590135199263129184e-01
7.215326697439212733e-01
7.799251734293394245e-01
7.850645250602651393e-01
8.538741682953870926e-01
6.268878320663182624e-01
8.872108159410503347e-01
9.154081119557877511e-01
8.081224694440768408e-01
7.053862350185179375e-01
7.919760347186736160e-01
8.696564131044773882e-01
7.404950406916637196e-01
6.245644166577316581e-01
8.978537091192148045e-01
8.696564131044776103e-01
7.799251734293394245e-01
6.052378557936761716e-01
5.695777927394264362e-01
1.604413718351818952e-01
3.163533859878936427e-01
5.122440006835004001e-01
8.026189278968380858e-01
7.318500591694425683e-01
6.648125739618030439e-01
7.511379338698280783e-01
6.375307252444829542e-01
6.093334292297455379e-01
6.334351518084135879e-01
7.442264242114198236e-01
7.724237202261572399e-01
6.953332853851271755e-01
6.403466614668219536e-01
6.564930961922254005e-01
6.559031526474514706e-01
8.294082558004060024e-01
5.451118802444452349e-01
7.919760347186735050e-01
6.268878320663182624e-01
6.550851280810556787e-01
8.576055518151434187e-01
7.568672290455277230e-01
5.411739827217845189e-01
4.452065154758610976e-01
8.631090933623821737e-01
7.675101222236921927e-01
6.648125739618031549e-01
6.245644166577316581e-01
4.840467046687630392e-01
5.975685747512592405e-01
6.162449388881537926e-01
8.095304375552464515e-01
7.568672290455277230e-01
8.521020102679045527e-01
3.261805819928235706e-01
7.899781230627300754e-01
3.767610621570521845e-01
5.981005925068070272e-01
0.000000000000000000e+00
0.000000000000000000e+00
6.093334292297455379e-01
6.213842905190795074e-01
8.075619777518674991e-02
3.994548166245507348e-01
8.075619777518674991e-02
4.484691309108988500e-01
6.213842905190795074e-01
5.184802282542859686e-01
5.695777927394264362e-01
3.642414327829997522e-01
4.498770990220684052e-01
6.665460458256159404e-01
0.000000000000000000e+00
2.485002036070196318e-01
3.543778780075609314e-01
3.163533859878936427e-01
0.000000000000000000e+00
3.606146274316487932e-01
6.953332853851272866e-01
0.000000000000000000e+00
6.547209381647426385e-01
5.592604033139051412e-01
3.767610621570521845e-01
4.202718348961614336e-01
6.832824240957932060e-01
6.093334292297455379e-01
3.254012435900978106e-01
2.881560899731562264e-01
6.648125739618030439e-01
5.275574774078722884e-01
4.887172882149703468e-01
8.181754190774674917e-01
3.360441367682623359e-01
2.972039475753603943e-01
4.389697660517731803e-01
6.268878320663182624e-01
4.732605471585233925e-01
7.215326697439212733e-01
4.711628853783974558e-01
5.869256815730947707e-01
5.422959440221061245e-01
3.860197399530811979e-01
3.163533859878936427e-01
5.169145842297078186e-01
7.799251734293394245e-01
3.934825069925935725e-01
4.840467046687630392e-01
7.290341229471034579e-01
8.469626586369789489e-01
8.095304375552463405e-01
6.829182341794800548e-01
4.979522132819653168e-01
7.393128262089548874e-01
5.945949626155115908e-01
8.659250295847212842e-01
7.899781230627301865e-01
8.858028478298808350e-01
9.329625147923605866e-01
8.576055518151434187e-01
7.692822802511749547e-01
6.860983603181322055e-01
8.363197654588142571e-01
8.012109597856685861e-01
6.541696807836385741e-01
7.111155301942173601e-01
9.366938983121168016e-01
9.154081119557877511e-01
7.393128262089548874e-01
5.750426481229954367e-01
5.137344580910555569e-01
7.286699330307903066e-01
7.568672290455277230e-01
7.675101222236921927e-01
6.052378557936760606e-01
6.930098699765405712e-01
6.930098699765405712e-01
5.169145842297078186e-01
5.411739827217845189e-01
6.093334292297455379e-01
5.584423787475094603e-01
7.793352298845656057e-01
9.154081119557877511e-01
7.813331415405089242e-01
9.154081119557877511e-01
8.576055518151434187e-01
8.363197654588142571e-01
8.469626586369787269e-01
9.260510051339522208e-01
8.256768722806496763e-01
6.541696807836386851e-01
8.377277335699838678e-01
6.665460458256159404e-01
6.947433418403533567e-01
8.187653626222415326e-01
8.308162239115755021e-01
2.796495447387875033e-01
2.796495447387875033e-01
2.796495447387875033e-01
7.850645250602651393e-01
7.335835310332553538e-01
8.075619777518674991e-02
7.617808270479926591e-01
2.796495447387875033e-01
2.881560899731562264e-01
5.399725286135195201e-01
5.584423787475094603e-01
6.245644166577316581e-01
5.411739827217845189e-01
8.645170614735517844e-01
8.067145013329073411e-01
8.095304375552463405e-01
7.919760347186735050e-01
7.410849842364375384e-01
7.568672290455277230e-01
8.576055518151434187e-01
7.960716081547428713e-01
5.411739827217845189e-01
7.212071659912778765e-01
6.939253172739576758e-01
4.276521126392881511e-01
6.898297438378883095e-01
6.665460458256159404e-01
7.108897765657566925e-01
6.953332853851272866e-01
5.857242274648297720e-01
6.665460458256159404e-01
7.799251734293394245e-01
5.981005925068071383e-01
3.924387287977371686e-01
6.334351518084134769e-01
8.067145013329073411e-01
4.993601813931348721e-01
5.184802282542859686e-01
5.411739827217845189e-01
5.411739827217845189e-01
5.184802282542859686e-01
5.693712787365219352e-01
6.162449388881537926e-01
5.302450827327720440e-01
5.034557548292042384e-01
5.196021895546075742e-01
6.268878320663182624e-01
6.268878320663182624e-01
5.811361332150081216e-01
6.930098699765404602e-01
6.084179819323283223e-01
6.754554671399677357e-01
6.440780449865781687e-01
7.919760347186736160e-01
8.187653626222415326e-01
9.154081119557877511e-01
7.919760347186735050e-01
8.012109597856685861e-01
8.377277335699838678e-01
5.857242274648297720e-01
9.154081119557877511e-01
7.793352298845654946e-01
5.451118802444452349e-01
6.722753410013155850e-01
6.559031526474514706e-01
7.899781230627301865e-01
7.813331415405090352e-01
7.286699330307903066e-01
7.600473551841799846e-01
8.026189278968380858e-01
7.637787387039360887e-01
8.006210162408946562e-01
8.239047142531671364e-01
7.335835310332553538e-01
6.162449388881537926e-01
7.899781230627301865e-01
7.180270398526257258e-01
6.832824240957932060e-01
5.480854923801927736e-01
8.872108159410503347e-01
8.095304375552464515e-01
5.411739827217845189e-01
3.767610621570521845e-01
6.559031526474514706e-01
3.350900033071753659e-01
4.062230619508840346e-01
6.334351518084135879e-01
2.107986651309620707e-01
0.000000000000000000e+00
3.994548166245507348e-01
8.377277335699838678e-01
2.799355515496353974e-01
3.767610621570521845e-01
2.737818132752355971e-01
6.509895546449864234e-01
6.257658707659966568e-01
7.221226132886950921e-01
6.829182341794799438e-01
6.527617126724690744e-01
7.166190717414563371e-01
5.316530508439416547e-01
8.006210162408947673e-01
6.472581711252303194e-01
2.287584942565515089e-01
2.796495447387875033e-01
3.543778780075609314e-01
3.934825069925935725e-01
4.993601813931348721e-01
5.169145842297078186e-01
3.437929106186225492e-01
4.119523571265835682e-01
6.651380777144465517e-01
6.038298876825067829e-01
3.924387287977371686e-01
4.107724700370357640e-01
6.084179819323283223e-01
2.881560899731562264e-01
3.642414327829998077e-01
7.022447950435355413e-01
2.107986651309620707e-01
3.360441367682623359e-01
3.437929106186225492e-01
3.360441367682623914e-01
1.719584759380601013e-01
1.604413718351818952e-01
2.796495447387875033e-01
8.075619777518674991e-02
4.051011006505623735e-01
1.604413718351818952e-01
5.695777927394264362e-01
2.493159007802543126e-01
1.322440758204444788e-01
4.202718348961614336e-01
3.543778780075609314e-01
0.000000000000000000e+00
8.075619777518674991e-02
2.107986651309620707e-01
2.737818132752355971e-01
8.075619777518674991e-02
3.034868275253249092e-01
2.389959611456994593e-01
8.181754190774674917e-01
4.711628853783974558e-01
7.355814426891986724e-01
2.599587939584188101e-01
2.493159007802542571e-01
2.493159007802542571e-01
2.599587939584188101e-01
2.881560899731562264e-01
3.360441367682623359e-01
3.254012435900978661e-01
2.796495447387875033e-01
3.642414327829998077e-01
3.254012435900978106e-01
3.642414327829998077e-01
3.642414327829998077e-01
2.287584942565515089e-01
3.642414327829997522e-01
2.796495447387875033e-01
2.796495447387875033e-01
2.796495447387875033e-01
3.254012435900978661e-01
2.796495447387875033e-01
3.719322808441338224e-01
4.389697660517731803e-01
3.543778780075609314e-01
3.543778780075609314e-01
4.671670620665105966e-01
3.034868275253249092e-01
4.452065154758610976e-01
4.734038114905985140e-01
4.452065154758610976e-01
4.734038114905985140e-01
4.452065154758610976e-01
4.734038114905985140e-01
4.452065154758610976e-01
5.451118802444452349e-01
4.484691309108988500e-01
6.550851280810556787e-01
5.584423787475094603e-01
5.695777927394264362e-01
6.366152779470657386e-01
6.245644166577316581e-01
7.318500591694425683e-01
6.930098699765405712e-01
6.930098699765405712e-01
6.541696807836386851e-01
5.908635790957554867e-01
6.930098699765405712e-01
6.648125739618031549e-01
7.899781230627300754e-01
7.404950406916636085e-01
8.659250295847212842e-01
7.919760347186735050e-01
8.026189278968380858e-01
8.978537091192148045e-01
7.114797201105306224e-01
6.754554671399677357e-01
8.187653626222415326e-01
7.905680666075041163e-01
7.706902483623443434e-01
7.868366830877477902e-01
8.590135199263129184e-01
7.960716081547428713e-01
3.543778780075609314e-01
3.719322808441338224e-01
3.543778780075609314e-01
2.796495447387875033e-01
2.796495447387875033e-01
2.796495447387875033e-01
3.360441367682623359e-01
3.642414327829997522e-01
2.796495447387875033e-01
3.254012435900978661e-01
2.287584942565515089e-01
2.796495447387875033e-01
2.796495447387875033e-01
3.924387287977371686e-01
2.796495447387875033e-01
2.796495447387875033e-01
3.254012435900978661e-01
3.254012435900978661e-01
3.254012435900978661e-01
3.254012435900978661e-01
2.796495447387875033e-01
2.796495447387875033e-01
2.796495447387875033e-01
3.254012435900978661e-01
3.543778780075609314e-01
3.543778780075609314e-01
3.543778780075609314e-01
3.543778780075609314e-01
8.187653626222415326e-01
9.154081119557877511e-01
9.542483011486896372e-01
8.696564131044773882e-01
6.162449388881537926e-01
6.268878320663182624e-01
7.235305813998647029e-01
6.093334292297455379e-01
5.811361332150081216e-01
5.693712787365219352e-01
6.213842905190795074e-01
7.497299657586586896e-01
7.235305813998647029e-01
4.993601813931348721e-01
5.169145842297078186e-01
6.878318321819451020e-01
4.484691309108988500e-01
8.026189278968380858e-01
3.719322808441338224e-01
6.142470272322103630e-01
5.488432637642013390e-01
4.855371620763181406e-01
2.107986651309620707e-01
2.389959611456994593e-01
3.163533859878936427e-01
4.063663262829591560e-01
7.335835310332553538e-01
2.485002036070196318e-01
4.389697660517731803e-01
0.000000000000000000e+00
4.732605471585233925e-01
4.450632511437859762e-01
0.000000000000000000e+00
4.352963083212431639e-01
0.000000000000000000e+00
3.360441367682623359e-01
0.000000000000000000e+00
8.075619777518674991e-02
0.000000000000000000e+00
0.000000000000000000e+00
0.000000000000000000e+00
0.000000000000000000e+00
0.000000000000000000e+00
8.075619777518674991e-02
0.000000000000000000e+00
0.000000000000000000e+00
8.075619777518674991e-02
0.000000000000000000e+00
8.075619777518674991e-02
0.000000000000000000e+00
0.000000000000000000e+00
2.633819345533286449e-01
0.000000000000000000e+00
1.719584759380601013e-01
0.000000000000000000e+00
1.322440758204444788e-01
6.489916429890431049e-01
0.000000000000000000e+00
4.887172882149703468e-01
4.276521126392881511e-01
0.000000000000000000e+00
1.322440758204444788e-01
0.000000000000000000e+00
8.075619777518674991e-02
0.000000000000000000e+00
0.000000000000000000e+00
0.000000000000000000e+00
2.107986651309620707e-01
0.000000000000000000e+00
0.000000000000000000e+00
1.322440758204444788e-01
8.075619777518674991e-02
0.000000000000000000e+00
0.000000000000000000e+00
0.000000000000000000e+00
0.000000000000000000e+00
0.000000000000000000e+00
0.000000000000000000e+00
2.035642019289439775e-01
0.000000000000000000e+00
8.075619777518674991e-02
8.075619777518674991e-02
0.000000000000000000e+00
0.000000000000000000e+00
4.202718348961614336e-01
0.000000000000000000e+00
1.604413718351818952e-01
0.000000000000000000e+00
4.389697660517731803e-01
0.000000000000000000e+00
0.000000000000000000e+00
4.514427430466465552e-01
0.000000000000000000e+00
6.754554671399677357e-01
7.249385495110342026e-01
0.000000000000000000e+00
0.000000000000000000e+00
0.000000000000000000e+00
1.604413718351818952e-01
0.000000000000000000e+00
8.075619777518674991e-02
0.000000000000000000e+00
0.000000000000000000e+00
0.000000000000000000e+00
0.000000000000000000e+00
0.000000000000000000e+00
0.000000000000000000e+00
0.000000000000000000e+00
0.000000000000000000e+00
0.000000000000000000e+00
0.000000000000000000e+00
0.000000000000000000e+00
0.000000000000000000e+00
0.000000000000000000e+00
2.796495447387875033e-01
3.642414327829998077e-01
0.000000000000000000e+00
2.633819345533286449e-01
2.737818132752355971e-01
0.000000000000000000e+00
0.000000000000000000e+00
5.111852890540081740e-01
8.075619777518674991e-02
0.000000000000000000e+00
0.000000000000000000e+00
1.604413718351818952e-01
0.000000000000000000e+00
2.107986651309620707e-01
7.623707705927667000e-01
6.933353737291838570e-01
8.075619777518674991e-02
4.119523571265835682e-01
7.623707705927667000e-01
8.659250295847212842e-01
8.026189278968380858e-01
8.187653626222415326e-01
9.436054079705251674e-01
