4.772151374068739349e-01
6.942980644516153488e-01
7.398949022360188366e-01
6.689994330176249893e-01
7.983476966902943728e-01
7.983476966902943728e-01
5.126493157169952353e-01
7.297457990608122724e-01
6.659642242802922274e-01
6.659642242802921164e-01
6.947221959303666594e-01
5.746271846896369162e-01
6.066155790827499894e-01
6.066155790827499894e-01
5.711678444735529547e-01
6.420633136919468020e-01
5.326926848041271256e-01
5.690254205835933998e-01
4.762510162401425995e-01
4.518373859764215350e-01
2.948969192808499895e-01
4.442626218470295818e-01
4.829407791992652021e-01
4.762510162401425995e-01
5.183885138084620703e-01
3.842393661191358945e-01
4.272618648577247713e-01
3.842393661191358945e-01
3.642185808135785519e-01
3.642185808135785519e-01
3.642185808135785519e-01
2.796396669969355986e-01
3.403860330401229373e-01
3.226621657355244199e-01
3.116280613900485608e-01
2.796396669969355986e-01
3.116280613900485608e-01
2.939041940854500434e-01
3.403860330401229928e-01
3.647996633038440017e-01
3.403860330401229373e-01
3.226621657355244754e-01
3.116530961045135828e-01
3.116530961045135828e-01
2.584814941907181973e-01
2.756975308061445085e-01
2.579736635015461022e-01
2.579736635015460466e-01
2.756975308061445085e-01
2.579736635015460466e-01
4.853517644694207434e-01
4.432142669011012726e-01
5.030756317740192607e-01
4.499040298602238197e-01
4.179156354671108575e-01
3.589392717644622754e-01
5.030756317740191497e-01
5.030756317740191497e-01
4.963858688148966025e-01
3.935020052033897930e-01
4.676278971648222260e-01
4.356395027717092638e-01
4.179156354671108575e-01
3.935020052033897930e-01
4.853517644694207434e-01
4.963858688148965470e-01
5.030756317740191497e-01
3.222357174107853828e-01
4.499040298602237087e-01
4.179156354671108575e-01
4.432142669011012170e-01
4.499040298602237087e-01
4.676278971648222815e-01
4.321801625556253024e-01
4.356395027717093194e-01
4.963858688148966025e-01
4.499040298602238197e-01
4.499040298602237087e-01
4.609381342056996234e-01
4.963858688148965470e-01
3.642185808135785519e-01
3.647996633038439462e-01
3.226621657355244199e-01
3.226621657355244199e-01
3.226621657355244199e-01
3.403860330401229373e-01
3.647996633038439462e-01
8.023212195024372884e-01
8.124703226776436304e-01
8.157007454206824937e-01
7.694478239390549756e-01
6.224518597606698567e-01
6.047279924560715614e-01
6.434061498083070152e-01
6.611300171129054215e-01
6.410607282355377246e-01
9.334488721679595757e-01
9.012315603018012933e-01
9.005754766045770410e-01
8.474038746907818220e-01
7.815088305559652060e-01
8.457145368152365617e-01
8.701281670789575706e-01
8.511484800298793063e-01
7.948883564742104113e-01
8.648988245223350191e-01
8.157007454206823827e-01
8.793922690838946732e-01
8.865962146390763410e-01
7.768179874104269578e-01
9.578625024316805847e-01
8.050374596494169754e-01
7.983476966902943728e-01
7.437156743739992137e-01
7.120219317562138661e-01
6.415505940165712184e-01
6.611300171129055325e-01
6.487530766510694047e-01
6.243394463873483957e-01
6.420633136919468020e-01
6.001288138064370115e-01
5.550963952233536336e-01
5.183885138084619593e-01
4.686762521107505908e-01
3.116280613900485608e-01
3.403860330401229373e-01
3.642185808135786074e-01
4.162277605122488566e-01
3.322301864204656452e-01
3.929765524636529839e-01
3.642185808135785519e-01
3.752526851590544665e-01
3.464947135089800900e-01
3.464947135089800900e-01
3.575288178544560602e-01
3.752526851590544665e-01
3.752526851590545220e-01
3.740902629439293858e-01
3.319527653756098595e-01
3.563663956393309240e-01
3.496766326802083769e-01
3.985038932076503393e-01
3.740902629439293303e-01
4.162277605122488566e-01
3.643732149791049646e-01
4.791502643161211772e-01
4.339242451059283079e-01
4.360666689958878628e-01
4.001426249047332351e-01
5.534439771689545484e-01
4.429853494280557857e-01
4.179156354671108575e-01
3.496766326802083769e-01
2.609638986278612349e-01
2.609638986278612349e-01
2.976674529815380721e-01
3.220810832452590811e-01
4.173901827273739928e-01
7.207624645127780338e-01
7.983476966902943728e-01
8.482888758610512836e-01
7.618730598096629114e-01
8.491738770313205231e-01
7.689336413429959105e-01
8.186459030407073900e-01
8.735875072950417541e-01
9.688966067771563884e-01
7.817377480290106373e-01
8.846216116405175578e-01
9.014604777748466136e-01
8.084967998655010479e-01
8.802772702541641348e-01
7.267961437746764952e-01
8.828516092999786347e-01
8.677827455061883910e-01
8.732166887208311357e-01
7.826227491992800989e-01
8.390247738561141810e-01
7.715886448538042952e-01
7.833779426467767371e-01
7.748190675968428254e-01
7.637849632513669107e-01
5.511855719680656129e-01
7.477504338223136537e-01
8.195309042109767406e-01
7.343709079040684484e-01
7.620149609108282096e-01
8.084967998655010479e-01
8.084967998655009369e-01
8.971161363884930795e-01
8.003466165038785052e-01
8.213009065515155527e-01
7.614395416785976201e-01
8.357943511130755398e-01
7.759329862401574962e-01
6.350270489736391522e-01
8.433691152424673820e-01
7.180462243657982357e-01
7.223905657521515478e-01
7.396002504606912220e-01
6.967575259373686158e-01
7.901975133286719410e-01
7.193020441102782048e-01
7.681293046377202227e-01
7.681293046377202227e-01
5.934390508473144088e-01
5.335776859743964762e-01
8.229902444270608131e-01
9.500588208292430892e-01
8.833657918960374777e-01
8.723316875505616741e-01
8.965407171562628230e-01
7.896071639337303161e-01
5.469572118926415705e-01
6.733437744039781903e-01
5.454983944653520878e-01
8.547497213471282329e-01
5.091640557106754672e-01
7.297457990608121614e-01
2.579736635015460466e-01
6.938371947600970868e-01
6.224518597606699677e-01
4.943500291801662949e-01
4.162277605122488566e-01
2.695155985361941120e-01
7.131877003833860806e-01
2.048020615877506889e-01
3.464947135089800900e-01
2.872394658407925738e-01
3.220810832452590255e-01
2.939292287999151210e-01
4.173901827273739928e-01
2.215065590324525879e-01
4.449857321623231776e-01
3.116530961045136383e-01
3.145063191158671834e-01
1.793690614641330894e-01
4.162277605122488566e-01
5.205720445262553842e-01
3.929765524636529284e-01
5.260029218450045230e-01
2.579736635015460466e-01
5.260029218450045230e-01
1.860588244232556365e-01
3.226621657355244754e-01
1.116672767760108487e-01
2.756975308061445085e-01
1.793690614641330894e-01
2.695155985361941120e-01
3.116530961045136383e-01
3.851243672894052450e-01
5.504165521087255319e-01
5.617861581824762363e-01
6.521605668832959335e-01
9.325638709976903362e-01
5.818554470598439332e-01
5.424098728234786337e-01
6.738043160761474359e-01
3.819424481181770692e-01
8.146111435923929500e-01
5.330281865324019153e-01
3.116280613900485608e-01
1.116672767760108487e-01
1.116672767760108487e-01
0.000000000000000000e+00
1.116672767760108487e-01
1.116672767760108487e-01
2.579736635015461022e-01
5.605411429562943276e-02
0.000000000000000000e+00
5.605411429562943276e-02
0.000000000000000000e+00
3.974099643181461805e-01
1.668237325765866419e-01
1.116672767760108487e-01
2.048020615877506889e-01
3.974099643181462915e-01
3.575288178544560047e-01
6.623993931564609028e-01
3.985038932076503393e-01
3.403860330401229373e-01
5.326926848041271256e-01
3.643732149791049646e-01
4.597872957412388328e-01
3.842393661191358945e-01
2.048020615877506889e-01
6.061028594073742948e-01
6.056787279286229841e-01
1.668237325765866419e-01
2.215065590324525879e-01
1.116672767760108487e-01
2.037826917278541261e-01
4.039606903166352847e-01
1.793690614641330894e-01
8.811622714244335963e-01
7.683582221107656540e-01
8.236463281242848433e-01
8.305650085564528773e-01
6.300266238900619209e-01
6.406655928463017569e-01
7.326815700285232991e-01
8.500588782015899847e-01
8.256452479378690867e-01
7.596695393380588079e-01
7.196485458694632520e-01
8.857112134688068794e-01
8.945417973426786906e-01
8.090109824615598910e-01
9.267591092088370841e-01
8.457145368152367837e-01
7.592987207638484115e-01
6.631046201114642047e-01
8.909405560254295420e-01
8.909405560254293199e-01
8.547497213471284550e-01
7.936325367297305533e-01
8.727025061247720705e-01
8.869670332132867374e-01
9.032304801153854257e-01
8.390247738561141810e-01
6.978471277656578264e-01
8.656419245914392935e-01
8.878520343835560880e-01
5.547868132853146506e-01
6.770347388191859661e-01
7.701282244513043551e-01
7.648988818946815815e-01
7.578383003613485824e-01
7.337954886718380809e-01
7.157620394292006916e-01
8.262206671700993432e-01
8.768179300380802843e-01
7.942322727769863810e-01
8.835076929972028870e-01
9.564020820291807556e-01
9.023454789451159641e-01
8.137261424221237105e-01
7.703328251093244372e-01
9.511727394725579821e-01
8.204159053812463132e-01
8.334246127252809000e-01
8.524042997743591643e-01
9.055759016881544943e-01
9.012315603018012933e-01
8.524042997743591643e-01
9.822761326954013716e-01
9.401386351270821784e-01
8.945417973426788016e-01
8.435737159004874641e-01
7.979768781160837543e-01
7.160473045522141033e-01
6.661304421964828748e-01
7.213009639238623372e-01
7.833779426467767371e-01
6.829693083308118196e-01
7.748190675968428254e-01
5.323721028351778850e-01
8.059224608196864370e-01
6.880688431646619918e-01
8.980011375587625411e-01
8.602079813767965488e-01
7.582091189355590899e-01
8.517482160771352451e-01
7.880566924139228435e-01
9.224147678224835500e-01
8.648988245223350191e-01
8.444587170707567036e-01
9.468283980862045590e-01
8.084967998655009369e-01
8.182750844664968826e-01
9.511727394725579821e-01
9.081502407339691052e-01
9.330780535937489573e-01
8.404851942586137881e-01
8.980011375587627631e-01
7.035770966192639309e-01
9.046909005178851437e-01
8.625534029495656174e-01
5.086145562686809063e-01
7.413702528012299231e-01
8.593229802065270873e-01
9.099202430745078063e-01
8.535182184176739462e-01
8.913113745996399384e-01
1.000000000000000000e+00
9.232997689927530116e-01
9.220439492482729316e-01
9.299895319518756143e-01
9.401386351270821784e-01
8.323350108969915784e-01
8.558636399904431258e-01
9.822761326954015937e-01
9.090352419042385668e-01
7.187116947153363578e-01
9.831611338656711663e-01
8.732166887208309136e-01
7.251068058991313459e-01
8.227613269540153818e-01
8.612975832050856484e-01
9.755863697362789910e-01
8.549786388201736642e-01
8.305650085564526552e-01
8.811622714244335963e-01
8.616684017792962669e-01
8.898509541971402204e-01
8.634384041198351900e-01
8.213009065515157747e-01
8.811622714244334853e-01
8.444587170707565926e-01
8.921963757699096220e-01
7.815088305559654280e-01
9.224147678224837721e-01
8.988861387290320026e-01
7.415748534592498942e-01
8.837366104702480962e-01
8.511484800298793063e-01
8.634384041198349680e-01
7.881985935150880307e-01
6.224518597606699677e-01
9.334488721679595757e-01
3.322301864204656452e-01
4.442626218470295818e-01
3.647440335533154165e-01
7.620149609108280986e-01
4.230837413875620512e-01
3.116530961045136383e-01
1.116672767760108487e-01
1.246862350082671433e-01
3.293769634091120446e-01
2.037826917278541261e-01
1.668237325765866419e-01
0.000000000000000000e+00
0.000000000000000000e+00
1.246862350082671433e-01
0.000000000000000000e+00
0.000000000000000000e+00
2.037826917278541261e-01
5.605411429562943276e-02
0.000000000000000000e+00
1.116672767760108487e-01
5.605411429562943276e-02
1.246862350082671433e-01
0.000000000000000000e+00
2.158361659332266036e-01
9.394340947141237297e-02
0.000000000000000000e+00
9.394340947141237297e-02
5.478162828692892949e-01
4.254903995965028107e-01
2.264930997976052351e-01
5.402674489335190788e-01
1.668237325765866419e-01
5.605411429562943276e-02
2.872394658407926293e-01
4.664770587003613800e-01
4.429853494280557857e-01
3.990409296980514942e-01
5.933230695363850282e-01
7.470087966738925278e-01
4.528015071431529259e-01
7.267961437746766062e-01
7.773934066426574363e-01
2.037826917278541261e-01
0.000000000000000000e+00
6.219940248145792161e-01
7.278609191602121165e-01
3.810213647738387444e-01
4.724605013569986300e-01
5.547868132853146506e-01
1.116672767760108487e-01
2.619157996923371368e-01
6.836880915848906337e-01
2.872394658407926293e-01
1.116672767760108487e-01
1.793690614641330894e-01
1.490998652719881523e-01
9.394340947141237297e-02
3.943610865834233925e-01
7.131877003833861917e-01
1.668237325765866419e-01
2.694905638217290345e-01
2.215065590324525879e-01
3.464947135089801455e-01
2.872394658407926293e-01
6.631946712287717371e-01
5.936938881105955357e-01
7.506343548061671367e-01
5.605411429562943276e-02
6.258620567189747685e-01
8.117272226085395781e-01
7.337954886718380809e-01
3.842393661191358945e-01
8.084967998655010479e-01
7.081017218486116427e-01
5.504165521087255319e-01
6.178526811110354178e-01
7.459191948456032062e-01
7.305407491137740905e-01
6.059973684996269316e-01
8.370258540425298266e-01
5.294226181539378739e-01
4.872851205856184587e-01
4.872851205856184587e-01
5.116987508493394676e-01
5.116987508493394676e-01
5.361123811130604766e-01
5.538362484176589939e-01
4.609381342056996789e-01
4.676278971648222815e-01
1.668237325765866419e-01
4.542483712465770762e-01
4.609381342056996789e-01
3.453322912938550093e-01
2.584814941907181973e-01
2.872394658407926293e-01
2.048020615877506889e-01
2.048020615877506889e-01
7.035770966192639309e-01
6.694235644963761889e-01
3.647996633038440017e-01
5.888917117781514721e-01
5.081630732294766251e-01
3.116280613900485608e-01
2.335600332378250099e-01
2.796396669969355986e-01
3.364589976169390373e-01
3.116280613900486163e-01
5.511855719680656129e-01
2.584814941907181973e-01
4.188006366373802081e-01
6.415505940165712184e-01
5.239780718377987645e-01
5.354727178554437028e-01
9.401386351270819564e-01
5.440622908778777189e-01
6.788538844175039388e-01
5.138808186464496330e-01
8.014362183321678268e-01
8.625534029495657284e-01
3.557895134864172415e-01
3.665154988145374881e-01
7.893125121584024795e-01
6.687047812422973747e-01
6.896590712899344222e-01
7.698186425132653721e-01
7.640138807244123420e-01
6.289127052467472501e-01
8.137261424221237105e-01
7.695897250402201628e-01
6.611300171129054215e-01
5.294226181539378739e-01
4.676278971648222260e-01
3.985038932076503393e-01
4.162277605122488566e-01
3.642185808135786074e-01
3.929765524636529839e-01
3.575288178544560047e-01
3.752526851590545220e-01
3.752526851590544665e-01
3.322301864204655897e-01
2.584814941907181973e-01
2.584814941907181973e-01
2.872394658407926293e-01
2.695155985361941120e-01
2.872394658407926293e-01
2.872394658407925738e-01
2.584814941907181973e-01
3.293769634091120446e-01
3.116530961045135828e-01
2.872394658407925738e-01
2.872394658407925738e-01
2.939292287999151210e-01
2.939292287999151210e-01
2.872394658407926293e-01
2.402497961969476126e-01
2.579736635015461022e-01
2.402497961969476126e-01
2.037826917278541261e-01
2.037826917278541261e-01
1.793690614641330894e-01
2.215065590324525879e-01
1.860588244232556365e-01
1.793690614641330894e-01
2.037826917278541261e-01
2.037826917278541261e-01
2.037826917278541261e-01
2.215065590324525879e-01
