5.672233989671934123e-02
2.079786898848660914e-01
3.378652824540303579e-01
3.273674769198068324e-01
1.530615868550632697e-01
1.130166057482096809e-01
4.349731787169733299e-01
0.000000000000000000e+00
0.000000000000000000e+00
0.000000000000000000e+00
0.000000000000000000e+00
2.489649834270934448e-01
4.324153105063980318e-01
0.000000000000000000e+00
0.000000000000000000e+00
5.672233989671934123e-02
5.672233989671934123e-02
0.000000000000000000e+00
5.672233989671934123e-02
3.323349263319445024e-01
3.655790589667761159e-01
2.952420352683520210e-01
0.000000000000000000e+00
2.659884491324625566e-01
0.000000000000000000e+00
3.375600617011139115e-01
5.672233989671934123e-02
3.714086899840973732e-01
2.613780938625719363e-01
0.000000000000000000e+00
5.065093231324101497e-01
4.225013353195541943e-01
2.190600674298099904e-01
2.126141871249639381e-01
2.302763893375547044e-01
5.672233989671934123e-02
0.000000000000000000e+00
0.000000000000000000e+00
0.000000000000000000e+00
5.672233989671934123e-02
0.000000000000000000e+00
1.130166057482096809e-01
0.000000000000000000e+00
7.230402935499040673e-01
3.661554742682287533e-01
0.000000000000000000e+00
0.000000000000000000e+00
4.047015339936522182e-01
2.985114400191682393e-01
9.521680442230774644e-02
4.426078952877051109e-01
3.725760923421974624e-01
3.451924202159159516e-01
2.912830098598553907e-01
6.106417527969112413e-01
3.874853046784706434e-01
1.510682292972311824e-01
5.502679959806164867e-01
1.130166057482096809e-01
8.980805313071673623e-01
0.000000000000000000e+00
5.595319742455129308e-01
0.000000000000000000e+00
3.273674769198067769e-01
5.920341687615707782e-01
3.336010362926173367e-01
5.604866115998146103e-01
3.839552755941307294e-01
7.206848235329318397e-01
6.238226713011963964e-01
6.837366316780111308e-01
5.982117860488506134e-01
6.049302098298087182e-01
4.157829115385962004e-01
4.680149131582018174e-01
4.002898688549431649e-01
8.201629022226017973e-01
9.019270995725602313e-01
9.364080112409871592e-01
2.613780938625719363e-01
8.067260546606856986e-01
2.791778951884738569e-01
9.505911425212366650e-01
8.802807299812656083e-01
7.560545279649956152e-01
6.338113887006544545e-01
7.864023840891768424e-01
2.791778951884738569e-01
7.463877555496486460e-01
5.274065325940581195e-01
3.158012349667153607e-01
8.686829669377286178e-01
6.944700229529964242e-01
3.323349263319445024e-01
4.927755110992970700e-01
8.214241022512821511e-01
7.647804354929672588e-01
7.026551239872899091e-01
6.058190025934453438e-01
8.723376723565312574e-01
8.980805313071673623e-01
7.833386657270215991e-01
7.900205233230754853e-01
2.952420352683520210e-01
6.645331212781252495e-01
5.314629236836651005e-01
4.248080939618031349e-01
5.651454795100201434e-01
6.104118545771711757e-01
4.104549536101133600e-01
5.016055628747462247e-01
4.157463453536920372e-01
4.434966880513418475e-01
7.925429233804363038e-01
5.925860224133785437e-01
7.257066718408143879e-01
7.568008116833289112e-01
5.438055012572893254e-01
7.580375907169242256e-01
6.030345362523165109e-01
7.208288017664814529e-01
8.256201259748794374e-01
6.285611113612777912e-01
8.968193312784872306e-01
7.328604710661675847e-01
8.157999484586158090e-01
7.618841589823169835e-01
7.615117517172734773e-01
3.202851838734881440e-01
3.202851838734881440e-01
5.636788022566847633e-01
6.094970309756435611e-01
8.552461193758125191e-01
6.467333199522232734e-01
7.800944029464125240e-01
6.680977192000390197e-01
8.301500097792537947e-01
4.883371145414646119e-01
7.717947734201453525e-01
7.655388644011196231e-01
7.789391457781317252e-01
7.112141014748730727e-01
5.172139478127510959e-01
5.963971225255565445e-01
7.328604710661675847e-01
7.764396975276098845e-01
7.690130254014686528e-01
8.723376723565311464e-01
8.205353094876454145e-01
5.813007774865854849e-01
7.963129985270053224e-01
8.149111556949790725e-01
9.451339187689590249e-01
9.772593604204136142e-01
8.973342475888343994e-01
6.795515040100266191e-01
8.926233075548897222e-01
8.027355081617434385e-01
7.916541306167995673e-01
8.231206777243574857e-01
6.643276440534702232e-01
6.529597792296731873e-01
5.374350637462901314e-01
5.374350637462901314e-01
6.416224726270983725e-01
5.951315768973167719e-01
3.875104466486778976e-01
4.078970853995380619e-01
6.349040488461402676e-01
2.242607921586710074e-01
9.550966053305258718e-01
8.545378710306292813e-01
8.361851180212300783e-01
9.416597577686097731e-01
7.160398994254673077e-01
8.528906493588401805e-01
7.584099979819680648e-01
8.913621075262094795e-01
9.340525412240150427e-01
8.717847206730340304e-01
9.115173788690834611e-01
8.482977973751143486e-01
9.194970026787221418e-01
9.416597577686097731e-01
8.615921358917268957e-01
8.482977973751143486e-01
8.216295794759371773e-01
6.548554528071652836e-01
6.705036514979441087e-01
8.584903821564213722e-01
5.963971225255565445e-01
7.010215166935658271e-01
7.255763079853300157e-01
8.053208763984556207e-01
4.171335636382975109e-01
6.481370290262072897e-01
7.678577682331877430e-01
4.845260144292864446e-01
6.819605153389834973e-01
5.759811234717134854e-01
8.679381524076410503e-01
5.680677973065184627e-01
7.560545279649957262e-01
8.869991537622236022e-01
8.406905808305195071e-01
4.858147144841037934e-01
5.413382210707957665e-01
8.027355081617434385e-01
6.519850664798459983e-01
7.396693317686904301e-01
6.938771443355794544e-01
7.405581245323273887e-01
8.435868573411698934e-01
8.660975987010163246e-01
9.028158923361969679e-01
8.791864599929738455e-01
9.016972013528201657e-01
7.621140572020569381e-01
7.460918414034285462e-01
8.281425260322401449e-01
9.340525412240150427e-01
8.730459207017144951e-01
1.000000000000000000e+00
9.253266336960432881e-01
8.721571279380775366e-01
