2.306802347063357517e-01
2.306802347063357517e-01
3.179429556411493829e-01
3.533161889046164683e-01
3.916301632500166496e-01
3.811590148496407093e-01
4.063473237149834438e-01
5.729861054661874453e-01
6.520694393351018636e-01
8.197933226221837399e-01
6.979513865386763882e-01
7.942224285911232418e-01
8.535634331396568797e-01
8.641809853614171866e-01
9.085686481006508552e-01
7.625146664060254986e-01
6.841597866859175925e-01
6.294349022495056012e-01
4.893698755463319894e-01
8.617611402848684987e-01
0.000000000000000000e+00
5.737784583458472448e-02
2.649234485918671722e-01
1.142844930482538879e-01
5.227698780162741699e-01
7.955180972508620885e-01
2.306802347063357517e-01
4.271854226174229829e-01
5.691808142069509913e-01
5.475348729951133864e-01
5.033594312195943665e-01
6.813182815627188971e-01
8.056066604855200985e-01
9.190397965010268511e-01
8.386100913303566884e-01
9.738986076406362935e-01
8.820846705755691630e-01
9.520432273458633299e-01
7.427216344436278206e-01
8.380795930020537021e-01
8.499943232247537672e-01
9.199528799950477120e-01
7.955180972508620885e-01
9.634274592402605197e-01
8.764783007498352374e-01
9.121377580155538567e-01
9.175330349184990242e-01
8.287577094400317979e-01
8.182865610396559131e-01
8.710830238468901809e-01
9.268549184805205954e-01
6.596990826122791640e-01
7.804183516201773640e-01
9.556123372607665534e-01
8.317080528448839161e-01
8.983336810446083120e-01
6.998407332869220898e-01
7.136448102578677455e-01
8.356597479255047922e-01
8.557721852934165874e-01
6.886419800948415659e-01
8.512899918844925029e-01
5.217796283026617798e-01
8.468077984755685295e-01
8.686631787703412710e-01
6.735031595832250417e-01
8.182865610396559131e-01
9.496233822693146420e-01
9.451411888603905576e-01
8.248060143594108107e-01
7.232860992254037669e-01
8.056066604855202096e-01
9.259418349864997344e-01
8.787517420049993921e-01
6.223613715211037123e-01
7.871092971828614893e-01
7.622784850616921570e-01
8.434748699049987586e-01
5.217796283026617798e-01
6.589339122808435256e-01
8.434748699049985365e-01
7.763187433769711543e-01
6.570430561913972456e-01
9.072729794409118975e-01
8.343640792657659455e-01
8.608480567908475267e-01
9.852828395350332613e-01
9.007535261211571109e-01
7.257059443019524547e-01
7.433153125321345644e-01
6.991131284952176728e-01
8.121636793450064395e-01
6.803517028124023147e-01
6.446922455466835844e-01
7.019709017628419367e-01
6.228903605082062311e-01
7.019709017628419367e-01
5.660840669807144510e-01
5.843703373605843021e-01
5.794157812629936455e-01
6.046040901283363800e-01
5.977020516428634966e-01
5.544369114805862697e-01
5.178643707208466784e-01
5.040602937499008007e-01
6.910242596316591435e-01
5.848757472673430380e-01
6.772201826607133768e-01
8.285215280956985673e-01
7.529566014996705858e-01
9.235219899099510465e-01
8.488701468079438150e-01
8.824672557412872598e-01
8.606118754465141851e-01
9.373260668808965912e-01
8.320906380106017908e-01
6.199790919842862458e-01
8.499943232247537672e-01
7.895291422594101771e-01
8.695762622643623541e-01
8.272258594359597206e-01
8.902823777207808931e-01
8.423256050666444450e-01
8.490812397307326842e-01
9.418082602898206757e-01
6.824675464010732107e-01
7.912720851862713456e-01
7.328441641317586797e-01
6.992470551984152349e-01
6.691939677584305413e-01
8.947645711297051996e-01
8.093221742218079662e-01
8.009133741538070339e-01
8.791343271707173779e-01
9.339931383103268203e-01
8.934689024699663529e-01
8.833803392353081207e-01
8.056066604855202096e-01
9.339931383103268203e-01
9.259418349864996234e-01
8.102352577158288272e-01
9.496233822693144200e-01
9.487102987752937810e-01
8.343640792657659455e-01
1.000000000000000000e+00
8.527967534670204408e-01
8.307949693508629441e-01
6.991131284952175617e-01
8.285215280956985673e-01
7.540807779164803160e-01
9.007535261211571109e-01
9.108420893558151210e-01
6.350412720752396378e-01
9.117551728498360930e-01
7.251769553148499359e-01
7.253484475577789414e-01
8.020375505706169861e-01
6.445993369815946616e-01
8.557721852934164763e-01
6.980977903600609213e-01
7.598586399851433582e-01
7.990872071657650899e-01
7.608739781203001096e-01
5.680315493685966777e-01
3.406598674308243258e-01
0.000000000000000000e+00
2.933541678254391605e-01
9.599822266838403673e-02
0.000000000000000000e+00
0.000000000000000000e+00
2.083267386459637660e-01
4.587186456529270817e-01
2.083267386459637660e-01
1.534679275063542403e-01
6.425620770707636265e-01
2.088506835124990524e-01
0.000000000000000000e+00
0.000000000000000000e+00
8.285215280956985673e-01
0.000000000000000000e+00
0.000000000000000000e+00
3.185424766907818950e-01
5.441501030081016266e-01
5.737784583458472448e-02
3.203127580597798785e-01
6.369696937044172502e-01
1.142844930482538879e-01
0.000000000000000000e+00
0.000000000000000000e+00
0.000000000000000000e+00
2.306802347063357517e-01
5.958223893985259423e-01
2.083267386459637660e-01
5.737784583458472448e-02
0.000000000000000000e+00
4.440014851879603985e-01
2.306802347063357517e-01
0.000000000000000000e+00
5.737784583458472448e-02
6.354238572409575125e-01
3.389169245039632128e-01
0.000000000000000000e+00
0.000000000000000000e+00
0.000000000000000000e+00
2.984573777650069704e-01
1.534679275063542403e-01
3.689449235224036006e-01
0.000000000000000000e+00
1.534679275063542403e-01
0.000000000000000000e+00
0.000000000000000000e+00
0.000000000000000000e+00
0.000000000000000000e+00
0.000000000000000000e+00
0.000000000000000000e+00
1.534679275063542403e-01
0.000000000000000000e+00
0.000000000000000000e+00
0.000000000000000000e+00
0.000000000000000000e+00
2.369312001430571579e-01
0.000000000000000000e+00
6.546232111148484467e-01
3.550576224902769473e-01
3.293271875355462952e-01
2.636836655511723970e-01
8.423256050666442230e-01
5.848757472673431490e-01
7.716901461466625367e-01
7.061490936838881183e-01
6.563661540417095042e-01
2.933541678254391605e-01
2.306802347063357517e-01
2.933541678254391605e-01
2.933541678254391605e-01
2.636836655511723415e-01
3.728017667807589364e-01
2.996566852612794762e-01
2.849395247963127931e-01
2.996566852612794762e-01
3.179429556411493274e-01
3.476134579154162019e-01
3.533161889046164683e-01
3.898887296643561706e-01
3.829866911788832318e-01
4.012729615587531939e-01
3.916301632500166496e-01
4.429198644747230906e-01
5.178643707208466784e-01
5.245569701233840920e-01
5.497452789887269375e-01
6.292634100065767067e-01
6.031620176472128891e-01
5.691273189506552699e-01
6.653983610031022344e-01
6.950688632773690534e-01
6.902826683805671770e-01
7.484744080907465014e-01
6.437791620526627234e-01
5.628189585536893524e-01
7.415723696052736180e-01
7.415723696052736180e-01
7.850469488504860927e-01
7.616015829120045266e-01
6.772577482004447091e-01
7.539719396348272262e-01
8.304123841851449583e-01
7.938398434254052560e-01
8.194107374564659763e-01
8.343640792657659455e-01
7.154709772459098005e-01
7.277682926343277403e-01
7.808009367858953498e-01
5.971730626557610888e-01
5.419301570092330822e-01
8.356597479255047922e-01
6.150217432724167654e-01
4.417325082977094364e-01
4.883891479271939562e-01
7.688230268029915271e-01
8.182865610396559131e-01
6.936155969511368369e-01
4.701028775473241050e-01
7.435007912344512304e-01
4.701028775473239940e-01
4.360178259892502073e-01
3.041388786702036162e-01
4.177315556093803561e-01
4.417325082977094364e-01
3.181024965648193703e-01
4.994584387809900550e-01
2.650713617544524503e-01
2.650713617544524503e-01
3.704738185027630637e-01
4.866887607039056540e-01
3.704738185027630637e-01
3.181024965648193703e-01
2.783434310558944857e-01
5.004644308400999497e-01
5.424857437590804299e-01
4.964198271943900953e-01
7.619209883175186437e-01
8.443879533990196196e-01
6.173737682054210030e-01
4.848609398760100886e-01
3.559707059842979748e-01
