7.220373606480746664e-01
6.244162562661831339e-01
8.983813614224060995e-01
6.448599620659717369e-01
8.212039628403031699e-01
8.861022000854665848e-01
7.051863951654548934e-01
8.309140051134895621e-01
8.406240473866759544e-01
7.393376774341324786e-01
6.456062866778266018e-01
5.048288348996775587e-01
2.964749904163762606e-01
7.823637937475577120e-01
6.217032816023568831e-01
7.309121946928224256e-01
5.716800976795715084e-01
6.330301520324704834e-01
7.839453265878509880e-01
8.199194033084267197e-01
6.438363408125559184e-01
7.582195270604834558e-01
7.731566910777591950e-01
8.353969256425862744e-01
5.702516825476218187e-01
8.102093610352403275e-01
7.566379942201901798e-01
7.309121946928226476e-01
7.566379942201901798e-01
6.963115611207071343e-01
7.524520469995100713e-01
6.164761598582675362e-01
7.049451335538500230e-01
6.792193340264824908e-01
6.174420752823343017e-01
6.705857615933393800e-01
4.791030353723096935e-01
5.081377503128743367e-01
0.000000000000000000e+00
7.549016856855451929e-02
2.353133490884546097e-01
3.795087526760361207e-01
7.549016856855451929e-02
1.935717923069057156e-01
1.500963246900423043e-01
7.549016856855451929e-02
7.549016856855451929e-02
0.000000000000000000e+00
0.000000000000000000e+00
0.000000000000000000e+00
7.549016856855451929e-02
7.549016856855451929e-02
7.549016856855451929e-02
1.500963246900423043e-01
0.000000000000000000e+00
0.000000000000000000e+00
0.000000000000000000e+00
0.000000000000000000e+00
2.893876555068927159e-01
1.500963246900423043e-01
0.000000000000000000e+00
4.791030353723096935e-01
7.549016856855451929e-02
1.500963246900423043e-01
7.549016856855451929e-02
7.549016856855451929e-02
2.353133490884546097e-01
0.000000000000000000e+00
0.000000000000000000e+00
7.549016856855451929e-02
1.980484322028066013e-01
7.549016856855451929e-02
0.000000000000000000e+00
1.500963246900423043e-01
3.909310349851440880e-01
7.549016856855451929e-02
3.795087526760361762e-01
4.894286950617227072e-01
0.000000000000000000e+00
2.652410621369224453e-01
1.500963246900423043e-01
7.549016856855451929e-02
0.000000000000000000e+00
7.549016856855451929e-02
0.000000000000000000e+00
0.000000000000000000e+00
0.000000000000000000e+00
1.980484322028066013e-01
7.549016856855451929e-02
0.000000000000000000e+00
7.549016856855451929e-02
1.243705251626746611e-01
1.500963246900423043e-01
0.000000000000000000e+00
1.980484322028066013e-01
0.000000000000000000e+00
1.500963246900423043e-01
1.935717923069057156e-01
0.000000000000000000e+00
1.500963246900423043e-01
1.500963246900423043e-01
7.549016856855451929e-02
0.000000000000000000e+00
2.392206159840339075e-01
1.980484322028066013e-01
0.000000000000000000e+00
1.243705251626746611e-01
6.731548806570923915e-01
4.938342330946146608e-01
1.243705251626746611e-01
7.549016856855451929e-02
2.237742317301742168e-01
0.000000000000000000e+00
3.086370690749281054e-01
7.549016856855451929e-02
2.392206159840339075e-01
0.000000000000000000e+00
7.549016856855451929e-02
7.549016856855451929e-02
0.000000000000000000e+00
0.000000000000000000e+00
0.000000000000000000e+00
7.549016856855451929e-02
0.000000000000000000e+00
0.000000000000000000e+00
0.000000000000000000e+00
0.000000000000000000e+00
0.000000000000000000e+00
1.980484322028066013e-01
0.000000000000000000e+00
7.549016856855451929e-02
2.353133490884546097e-01
0.000000000000000000e+00
0.000000000000000000e+00
2.392206159840339075e-01
2.188106185313056506e-01
0.000000000000000000e+00
0.000000000000000000e+00
0.000000000000000000e+00
0.000000000000000000e+00
0.000000000000000000e+00
7.549016856855451929e-02
2.237742317301742168e-01
0.000000000000000000e+00
1.980484322028066013e-01
1.243705251626746611e-01
0.000000000000000000e+00
0.000000000000000000e+00
7.549016856855451929e-02
0.000000000000000000e+00
7.549016856855451929e-02
0.000000000000000000e+00
0.000000000000000000e+00
0.000000000000000000e+00
0.000000000000000000e+00
0.000000000000000000e+00
0.000000000000000000e+00
0.000000000000000000e+00
0.000000000000000000e+00
0.000000000000000000e+00
0.000000000000000000e+00
0.000000000000000000e+00
0.000000000000000000e+00
0.000000000000000000e+00
0.000000000000000000e+00
0.000000000000000000e+00
1.626125904022525659e-01
7.549016856855451929e-02
0.000000000000000000e+00
0.000000000000000000e+00
0.000000000000000000e+00
0.000000000000000000e+00
0.000000000000000000e+00
7.549016856855451929e-02
0.000000000000000000e+00
0.000000000000000000e+00
0.000000000000000000e+00
7.549016856855451929e-02
0.000000000000000000e+00
0.000000000000000000e+00
0.000000000000000000e+00
5.207138849582304552e-01
0.000000000000000000e+00
1.243705251626746611e-01
0.000000000000000000e+00
7.549016856855451929e-02
0.000000000000000000e+00
0.000000000000000000e+00
0.000000000000000000e+00
0.000000000000000000e+00
0.000000000000000000e+00
0.000000000000000000e+00
0.000000000000000000e+00
0.000000000000000000e+00
0.000000000000000000e+00
0.000000000000000000e+00
0.000000000000000000e+00
0.000000000000000000e+00
0.000000000000000000e+00
7.549016856855451929e-02
7.549016856855451929e-02
7.549016856855451929e-02
7.549016856855451929e-02
5.202284986248363330e-01
7.549016856855451929e-02
0.000000000000000000e+00
7.549016856855451929e-02
7.549016856855451929e-02
7.549016856855451929e-02
7.549016856855451929e-02
1.980484322028066013e-01
7.549016856855451929e-02
0.000000000000000000e+00
0.000000000000000000e+00
4.894286950617227072e-01
1.980484322028066013e-01
7.549016856855451929e-02
0.000000000000000000e+00
4.129954976946124123e-01
0.000000000000000000e+00
0.000000000000000000e+00
1.500963246900423043e-01
7.549016856855451929e-02
7.549016856855451929e-02
0.000000000000000000e+00
2.392206159840339075e-01
0.000000000000000000e+00
0.000000000000000000e+00
0.000000000000000000e+00
1.626125904022525659e-01
0.000000000000000000e+00
1.980484322028066013e-01
7.549016856855451929e-02
0.000000000000000000e+00
0.000000000000000000e+00
2.188106185313056506e-01
1.500963246900423043e-01
3.518338563666908447e-01
2.353133490884546097e-01
0.000000000000000000e+00
4.129954976946124123e-01
1.980484322028066013e-01
0.000000000000000000e+00
2.812944413906334762e-01
2.652410621369224453e-01
0.000000000000000000e+00
0.000000000000000000e+00
0.000000000000000000e+00
1.626125904022525659e-01
7.549016856855451929e-02
1.500963246900423043e-01
5.362442558790175839e-01
7.549016856855451929e-02
0.000000000000000000e+00
4.700614591019774413e-01
4.380299445936150504e-01
7.549016856855451929e-02
7.549016856855451929e-02
0.000000000000000000e+00
1.500963246900423043e-01
7.549016856855451929e-02
7.549016856855451929e-02
0.000000000000000000e+00
0.000000000000000000e+00
7.549016856855451929e-02
0.000000000000000000e+00
0.000000000000000000e+00
0.000000000000000000e+00
1.500963246900423043e-01
0.000000000000000000e+00
3.795087526760361762e-01
7.549016856855451929e-02
2.450233913616410297e-01
3.358180991125095383e-01
0.000000000000000000e+00
0.000000000000000000e+00
1.935717923069057156e-01
2.707491908890086174e-01
1.500963246900423043e-01
2.893876555068927159e-01
7.549016856855451929e-02
7.549016856855451929e-02
5.188000834928866434e-01
4.419549535358341386e-01
0.000000000000000000e+00
1.500963246900423043e-01
7.549016856855451929e-02
0.000000000000000000e+00
0.000000000000000000e+00
0.000000000000000000e+00
4.980954394146372421e-01
7.549016856855451929e-02
2.676065415886003107e-01
4.558156477130668183e-01
0.000000000000000000e+00
1.626125904022525659e-01
1.243705251626746611e-01
7.549016856855451929e-02
0.000000000000000000e+00
0.000000000000000000e+00
7.549016856855451929e-02
0.000000000000000000e+00
0.000000000000000000e+00
0.000000000000000000e+00
2.761980268421722617e-01
0.000000000000000000e+00
0.000000000000000000e+00
3.086370690749281054e-01
7.549016856855451929e-02
5.542359252934405678e-01
0.000000000000000000e+00
7.549016856855451929e-02
7.549016856855451929e-02
7.549016856855451929e-02
0.000000000000000000e+00
0.000000000000000000e+00
1.243705251626746611e-01
7.549016856855451929e-02
7.549016856855451929e-02
0.000000000000000000e+00
1.243705251626746611e-01
0.000000000000000000e+00
0.000000000000000000e+00
0.000000000000000000e+00
0.000000000000000000e+00
0.000000000000000000e+00
7.549016856855451929e-02
0.000000000000000000e+00
0.000000000000000000e+00
0.000000000000000000e+00
2.392206159840339075e-01
0.000000000000000000e+00
0.000000000000000000e+00
0.000000000000000000e+00
0.000000000000000000e+00
0.000000000000000000e+00
0.000000000000000000e+00
0.000000000000000000e+00
0.000000000000000000e+00
0.000000000000000000e+00
0.000000000000000000e+00
0.000000000000000000e+00
0.000000000000000000e+00
2.237742317301742168e-01
0.000000000000000000e+00
7.549016856855451929e-02
7.549016856855451929e-02
0.000000000000000000e+00
0.000000000000000000e+00
0.000000000000000000e+00
0.000000000000000000e+00
0.000000000000000000e+00
0.000000000000000000e+00
0.000000000000000000e+00
0.000000000000000000e+00
0.000000000000000000e+00
0.000000000000000000e+00
0.000000000000000000e+00
0.000000000000000000e+00
0.000000000000000000e+00
0.000000000000000000e+00
0.000000000000000000e+00
0.000000000000000000e+00
0.000000000000000000e+00
0.000000000000000000e+00
0.000000000000000000e+00
0.000000000000000000e+00
0.000000000000000000e+00
7.549016856855451929e-02
0.000000000000000000e+00
0.000000000000000000e+00
0.000000000000000000e+00
0.000000000000000000e+00
0.000000000000000000e+00
0.000000000000000000e+00
0.000000000000000000e+00
0.000000000000000000e+00
0.000000000000000000e+00
1.500963246900423043e-01
0.000000000000000000e+00
1.500963246900423043e-01
4.325418845710646831e-01
0.000000000000000000e+00
0.000000000000000000e+00
0.000000000000000000e+00
0.000000000000000000e+00
7.549016856855451929e-02
0.000000000000000000e+00
1.500963246900423043e-01
7.549016856855451929e-02
0.000000000000000000e+00
2.237742317301742168e-01
7.549016856855451929e-02
0.000000000000000000e+00
1.500963246900423043e-01
3.795087526760361762e-01
4.647793653743982900e-01
7.549016856855451929e-02
4.476871382801738686e-01
1.500963246900423043e-01
0.000000000000000000e+00
2.237742317301742168e-01
3.588041085977869415e-01
7.549016856855451929e-02
7.549016856855451929e-02
3.588041085977869415e-01
3.069826189184713394e-01
7.549016856855451929e-02
3.681442602463930180e-01
6.752746484174072528e-01
7.549016856855451929e-02
1.980484322028066013e-01
6.346116848727638704e-01
4.824119507855066935e-01
4.179413940443881814e-01
6.959792924956564875e-01
7.941936037810592985e-01
7.212021524196360334e-01
6.794605956380873613e-01
7.988824906051269492e-01
6.545700043391581291e-01
6.595911597882766486e-01
5.836983207380502803e-01
6.925749652034649539e-01
6.587559515598380155e-01
8.039036460542452467e-01
8.713710023631620061e-01
7.317474029212610587e-01
7.826607670559746488e-01
6.747364134973854455e-01
7.119950497498377384e-01
5.145388771728638400e-01
4.637028955343551195e-01
1.980484322028066013e-01
5.145388771728638400e-01
4.476871382801738131e-01
1.980484322028066013e-01
1.243705251626746611e-01
1.980484322028066013e-01
2.707491908890086174e-01
2.707491908890086174e-01
1.980484322028066013e-01
7.123273183748882742e-01
5.731530702364252550e-01
2.237742317301742168e-01
5.505903363896443858e-01
7.440265642582003514e-01
2.964749904163762606e-01
2.707491908890086174e-01
2.707491908890086174e-01
2.237742317301742168e-01
7.474308915503917738e-01
4.423826340398794299e-01
5.202284986248363330e-01
6.616220439320079638e-01
8.290912106615915267e-01
1.935717923069057156e-01
2.812568193911037517e-01
2.652410621369225008e-01
2.652410621369225008e-01
3.069826189184713394e-01
3.069826189184713394e-01
2.652410621369225008e-01
2.652410621369225008e-01
3.069826189184713394e-01
2.652410621369225008e-01
2.392206159840339075e-01
2.392206159840339075e-01
2.893876555068927159e-01
3.358180991125095383e-01
3.358180991125095383e-01
3.358180991125095383e-01
2.893876555068927159e-01
2.392206159840339075e-01
3.795087526760361207e-01
3.588041085977869415e-01
4.469761089849526581e-01
3.588041085977869415e-01
4.052345522034037639e-01
3.795087526760361762e-01
6.251076088945486386e-01
6.695092917532960985e-01
6.135747721694639889e-01
3.086370690749281054e-01
8.726555618950385673e-01
6.616220439320079638e-01
7.227836852599294204e-01
6.752746484174071417e-01
7.010004479447747849e-01
6.314133238755433863e-01
5.251057984738813911e-01
5.592570807425588653e-01
5.348158407470678943e-01
7.760580787665628533e-01
6.855778975941049236e-01
7.794624060587542758e-01
4.951187926264911110e-01
7.022850074766513462e-01
3.775596558940584324e-01
6.912904056715886147e-01
6.866015188475205200e-01
6.988806801844598127e-01
5.118030158835265020e-01
7.895047169569912038e-01
6.866015188475205200e-01
7.227836852599294204e-01
4.894286950617227072e-01
7.026172761017018820e-01
6.598520980667372804e-01
8.713710023631620061e-01
4.894286950617227072e-01
8.506663582849127714e-01
6.244162562661833560e-01
6.524502365788431568e-01
4.894286950617227072e-01
7.490477197073185378e-01
5.305546344270450909e-01
6.277677349717473154e-01
5.907503603309000040e-01
6.346116848727638704e-01
5.810403180577135007e-01
7.375148829822343322e-01
5.907503603309000040e-01
6.456062866778266018e-01
5.561497267587843796e-01
6.815803633984022225e-01
5.251057984738815021e-01
6.668491656760974218e-01
5.251057984738813911e-01
7.022850074766513462e-01
5.718332153879150948e-01
6.393005716968315211e-01
5.833660521129994114e-01
5.930760943861860257e-01
5.022813866353174062e-01
4.928683176705478952e-01
6.085889120369791794e-01
5.461427111771811616e-01
3.797696909544968635e-01
5.810403180577135007e-01
3.416208744901165772e-01
5.461427111771811616e-01
4.065191117352801586e-01
5.566879616788059648e-01
3.451690573823813502e-01
4.949880854308628120e-01
4.676807530632018373e-01
5.566879616788059648e-01
5.561497267587843796e-01
6.241553179877225022e-01
5.818755262861520228e-01
5.629936766598008235e-01
5.259410067023199131e-01
5.986904567388157128e-01
4.479283998917785725e-01
4.951187926264910000e-01
4.269824942019246339e-01
6.351499197927853446e-01
6.925749652034649539e-01
7.227836852599294204e-01
4.436671935717557691e-01
5.668473552554303962e-01
4.179413940443882369e-01
6.085889120369794014e-01
5.731530702364252550e-01
5.090900412197002511e-01
4.938342330946146608e-01
6.752746484174072528e-01
4.476871382801738131e-01
5.542359252934405678e-01
6.181105412851884973e-01
5.923847417578208541e-01
6.084004990120019940e-01
7.988824906051267272e-01
6.170143947782892324e-01
4.052345522034038194e-01
4.734129378075414007e-01
6.056875243481756321e-01
6.084004990120019940e-01
7.051863951654548934e-01
6.288442048117903749e-01
5.402646767002313721e-01
7.317474029212608366e-01
7.776396116068561293e-01
8.193811683884051345e-01
7.519138120794885971e-01
4.938342330946146608e-01
7.105045239229900167e-01
5.739882784648636660e-01
7.330319624531376199e-01
7.503322792391950991e-01
7.330319624531376199e-01
7.312091680012393624e-01
7.582195270604834558e-01
5.930760943861858037e-01
5.605416402744354265e-01
5.259410067023199131e-01
6.697505533649008580e-01
6.351499197927854556e-01
7.212021524196360334e-01
6.343147115643469336e-01
5.815785529777353080e-01
5.204169116498136294e-01
6.170143947782892324e-01
6.891706379112734204e-01
5.561497267587843796e-01
6.802958038665256613e-01
6.440247538375333258e-01
6.855778975941049236e-01
7.726537514743713198e-01
8.148982478593082002e-01
8.262251182894214674e-01
7.220373606480746664e-01
7.697523637855678835e-01
8.051882055861218079e-01
8.708327674431403098e-01
6.866015188475205200e-01
7.051863951654548934e-01
7.519138120794885971e-01
8.199194033084267197e-01
8.089248015033640993e-01
8.451069679157728887e-01
7.527843156245607181e-01
7.650634769615000108e-01
8.212039628403031699e-01
7.747735192346864030e-01
5.619700554063851161e-01
6.094241202654178124e-01
8.823656041682247375e-01
8.249405587575451282e-01
9.241071609497736317e-01
7.823637937475578230e-01
8.004993187620541573e-01
8.469297623676708131e-01
8.970968018905295382e-01
9.228226014178972925e-01
8.789612768760333150e-01
8.616609600899756138e-01
8.296294455816132229e-01
6.603374844001314026e-01
7.377208492772054926e-01
8.603764005580988306e-01
8.406240473866757323e-01
9.275114882419652762e-01
8.726555618950383453e-01
7.839453265878509880e-01
7.920738360207441042e-01
7.060216033938931934e-01
7.891724483319407790e-01
8.004993187620539352e-01
7.324937275331159237e-01
9.131125591447107892e-01
8.051882055861220300e-01
7.857681210397492455e-01
8.435254350754793906e-01
6.448599620659717369e-01
7.380531179022558064e-01
7.650634769615000108e-01
7.280108070040188784e-01
8.102093610352403275e-01
7.324937275331158126e-01
8.469297623676708131e-01
7.022850074766513462e-01
7.587577619805051521e-01
7.022850074766513462e-01
6.912904056715886147e-01
8.708327674431401988e-01
7.267262474721425392e-01
6.393005716968315211e-01
7.731566910777591950e-01
5.445258830202541755e-01
5.409331427030855677e-01
6.598520980667375024e-01
6.598520980667372804e-01
6.438363408125559184e-01
6.056875243481756321e-01
6.181105412851884973e-01
5.974058972069390405e-01
5.862674398018029587e-01
6.963115611207071343e-01
4.566861512581390503e-01
3.775596558940584324e-01
3.955245099302174272e-01
3.775596558940584324e-01
7.679295693336700701e-01
7.731566910777594170e-01
6.338653602609088944e-01
5.542359252934405678e-01
6.461445215978482981e-01
5.188000834928864213e-01
7.324937275331159237e-01
4.894286950617227072e-01
4.212503094575850704e-01
3.775596558940584324e-01
5.362442558790175839e-01
4.129954976946124123e-01
4.469761089849526581e-01
4.566861512581390503e-01
4.824119507855065825e-01
6.244162562661831339e-01
8.017838782939302744e-01
7.844835615078726843e-01
8.713710023631620061e-01
5.959774820749893509e-01
8.506663582849127714e-01
8.033654111342236614e-01
8.051882055861219190e-01
9.080914036955924917e-01
8.553552451089807551e-01
8.148982478593082002e-01
7.469279519470037876e-01
9.915745172586901690e-01
7.427420047263237901e-01
8.275096778212982507e-01
7.794624060587542758e-01
7.650634769615000108e-01
8.726555618950383453e-01
8.970968018905297603e-01
4.637028955343551195e-01
4.894286950617227072e-01
4.269824942019246339e-01
4.539928532611686718e-01
4.476871382801738131e-01
4.269824942019246339e-01
4.269824942019246339e-01
5.248645368622766316e-01
4.894286950617227072e-01
5.248645368622766316e-01
4.637028955343551195e-01
4.894286950617227072e-01
4.476871382801738131e-01
3.768154546790657977e-01
4.894286950617227072e-01
4.179413940443882369e-01
4.888130776454961413e-01
5.145388771728638400e-01
4.791030353723099156e-01
5.562804339544126231e-01
4.681084335672469066e-01
6.341262985393697482e-01
7.267262474721425392e-01
7.227836852599295314e-01
8.456452028357944739e-01
8.249405587575451282e-01
7.831990019759962340e-01
7.587577619805052631e-01
8.810810446363483983e-01
8.823656041682249596e-01
7.519138120794885971e-01
8.548170101889590589e-01
8.212039628403032809e-01
8.193811683884051345e-01
8.051882055861218079e-01
8.409563160117263791e-01
8.983813614224060995e-01
8.616609600899756138e-01
8.823656041682246265e-01
8.823656041682247375e-01
8.275096778212980286e-01
8.193811683884049124e-01
8.083865665833421810e-01
6.598520980667372804e-01
7.999610838420323500e-01
8.726555618950382343e-01
9.228226014178972925e-01
7.060216033938933045e-01
9.498329604771411638e-01
8.983813614224060995e-01
7.600423215123814913e-01
8.763921578122803036e-01
7.742352843146648178e-01
8.519509178167893326e-01
7.999610838420323500e-01
7.469279519470037876e-01
6.794605956380873613e-01
7.377208492772054926e-01
8.341123661107098242e-01
7.569349675286071166e-01
7.794624060587541647e-01
8.193811683884051345e-01
7.992147592301775960e-01
6.844817510872057698e-01
7.624943578977471104e-01
8.566398046408573164e-01
7.440265642582003514e-01
8.566398046408573164e-01
9.595430027503277781e-01
7.839453265878512100e-01
7.794624060587544978e-01
8.469297623676707021e-01
8.309140051134895621e-01
7.183007647308327082e-01
6.891706379112734204e-01
7.999610838420324610e-01
9.498329604771411638e-01
9.338172032229600239e-01
7.393376774341324786e-01
8.810810446363482873e-01
6.233201097592840911e-01
7.726537514743713198e-01
8.886713191492197073e-01
7.697523637855678835e-01
7.267262474721425392e-01
8.262251182894214674e-01
8.763921578122803036e-01
7.377208492772052706e-01
8.456452028357942519e-01
9.582584432184513279e-01
9.338172032229602459e-01
8.726555618950383453e-01
8.177996355481116364e-01
8.776767173441568648e-01
6.314133238755434974e-01
7.999610838420323500e-01
9.485484009452649357e-01
8.102093610352403275e-01
7.377208492772052706e-01
9.131125591447107892e-01
7.844835615078726843e-01
8.553552451089808661e-01
8.451069679157728887e-01
8.983813614224063215e-01
8.033654111342239945e-01
7.474308915503917738e-01
7.330319624531376199e-01
7.212021524196362554e-01
7.794624060587542758e-01
8.004993187620539352e-01
8.970968018905295382e-01
8.763921578122803036e-01
9.582584432184512169e-01
8.713710023631622281e-01
8.763921578122803036e-01
7.624943578977471104e-01
6.553163289510129941e-01
8.051882055861220300e-01
7.941936037810590765e-01
7.164779702789346727e-01
7.634466488045730248e-01
8.249405587575451282e-01
9.080914036955922697e-01
8.451069679157726666e-01
7.343165219850139591e-01
9.435272454961464161e-01
8.616609600899756138e-01
8.102093610352403275e-01
8.212039628403031699e-01
7.472249252554207244e-01
8.983813614224063215e-01
8.451069679157728887e-01
6.731548806570923915e-01
7.895047169569912038e-01
8.983813614224060995e-01
9.852688022776954213e-01
8.629455196218521751e-01
8.114939205671168887e-01
8.873867596173432570e-01
7.469279519470037876e-01
6.338653602609088944e-01
8.506663582849127714e-01
8.713710023631622281e-01
6.891706379112738645e-01
8.212039628403032809e-01
7.375148829822343322e-01
7.472249252554207244e-01
7.986765243101557887e-01
5.959774820749893509e-01
9.241071609497736317e-01
7.781778465268777145e-01
8.823656041682247375e-01
8.873867596173432570e-01
8.566398046408570943e-01
9.692530450235141704e-01
8.663498469140437086e-01
9.532372877693328084e-01
8.861022000854668068e-01
8.102093610352405495e-01
7.212021524196362554e-01
8.823656041682247375e-01
6.241553179877225022e-01
7.212021524196362554e-01
5.907503603309000040e-01
7.760580787665628533e-01
7.986765243101557887e-01
8.456452028357944739e-01
9.178014459687788840e-01
7.760580787665628533e-01
9.080914036955922697e-01
8.532354773486655608e-01
8.776767173441568648e-01
7.280108070040188784e-01
5.472388576840804264e-01
8.469297623676708131e-01
7.582195270604833448e-01
9.241071609497736317e-01
9.131125591447107892e-01
1.000000000000000000e+00
8.713710023631620061e-01
9.275114882419652762e-01
8.713710023631622281e-01
8.708327674431403098e-01
7.891724483319405570e-01
7.731566910777591950e-01
7.731566910777594170e-01
7.280108070040191004e-01
7.280108070040188784e-01
7.183007647308327082e-01
5.659904762275990153e-01
6.952879398672912048e-01
7.309121946928226476e-01
7.490477197073187599e-01
7.317474029212610587e-01
7.742352843146648178e-01
3.518338563666908447e-01
4.824119507855065825e-01
1.980484322028066013e-01
1.500963246900423043e-01
3.424184607190253748e-01
3.416208744901165772e-01
5.402646767002313721e-01
3.768154546790657977e-01
4.734129378075414007e-01
5.925731547827979284e-01
1.500963246900423043e-01
4.938342330946146608e-01
4.833642416923324969e-01
6.490106139700181354e-01
1.980484322028066013e-01
3.166926611916577872e-01
4.894286950617227072e-01
5.048288348996774477e-01
4.980954394146372421e-01
2.237742317301742168e-01
5.959774820749893509e-01
2.964749904163762606e-01
3.424184607190253748e-01
5.799617248208081000e-01
8.199194033084266087e-01
5.659904762275990153e-01
7.844835615078726843e-01
5.739882784648636660e-01
6.963115611207071343e-01
9.435272454961466382e-01
7.679295693336698481e-01
8.629455196218521751e-01
9.017856887145974110e-01
7.393376774341323676e-01
9.595430027503275561e-01
8.983813614224060995e-01
6.963115611207069122e-01
6.695092917532960985e-01
2.964749904163762606e-01
7.220373606480744444e-01
5.799617248208083220e-01
4.129954976946124123e-01
2.237742317301742168e-01
5.188000834928864213e-01
3.424184607190253748e-01
2.964749904163762606e-01
2.964749904163762606e-01
2.237742317301742168e-01
3.681442602463930180e-01
3.166926611916577872e-01
1.935717923069057156e-01
1.935717923069057156e-01
3.705097396980708835e-01
