5.647063724190535261e-01
5.001752867862169216e-01
5.491636210956302167e-01
5.594085974537678085e-01
6.128134862029801511e-01
2.694693124715588639e-01
4.602001347370209827e-01
6.670995954776791637e-01
6.399565408403297129e-01
5.585273769282812495e-01
6.502015171984673048e-01
6.942426501150287255e-01
4.330570800996714764e-01
5.211393459327940958e-01
6.399565408403297129e-01
6.502015171984673048e-01
6.097522587189695420e-01
7.164012635953427299e-01
7.405203305128650326e-01
8.914277814506019748e-01
7.435443182326921807e-01
8.152963925038393400e-01
8.811828050924643829e-01
7.230543655164168859e-01
8.695825017785381306e-01
6.355399864005305544e-01
8.321944707830510879e-01
6.964791975963037229e-01
7.352225555475793151e-01
8.437947740969772292e-01
7.133772758755154708e-01
7.391650035570765942e-01
6.945559839232788857e-01
7.875854511492534904e-01
7.501974201537663367e-01
7.706873728700417425e-01
8.526844234993264937e-01
8.166517194596277784e-01
4.497006054698972632e-01
7.285694536265050480e-01
5.621192513653447964e-01
5.211393459327940958e-01
6.964791975963037229e-01
5.541108224884820910e-01
2.300603727425877820e-01
5.865516520911172593e-01
1.959533372376530136e-01
4.225575508325477569e-01
3.045255557870509278e-01
4.719522187724179418e-01
2.773825011497015325e-01
5.482824005701435466e-01
6.247271233251566747e-01
4.990952734097674481e-01
3.045255557870509278e-01
5.366820972562174052e-01
6.502015171984673048e-01
3.045255557870509278e-01
6.128134862029801511e-01
4.497006054698972632e-01
6.302422114352448368e-01
7.726105865430663577e-01
7.881533378664898892e-01
7.216990385606284475e-01
8.036960891899131987e-01
8.437947740969772292e-01
9.185708360879515366e-01
8.219494944249133850e-01
8.152963925038393400e-01
8.437947740969772292e-01
7.828555629012040606e-01
7.507653068710026245e-01
8.166517194596277784e-01
7.792636884641406247e-01
9.185708360879515366e-01
8.437947740969772292e-01
8.424394471411889018e-01
8.424394471411889018e-01
8.166517194596277784e-01
7.061562872372050270e-01
7.222669252778647353e-01
6.911814226310180054e-01
7.997536411804159195e-01
6.959113108790673241e-01
4.546850466269327096e-01
6.416252016043684225e-01
7.061562872372050270e-01
6.402698746485800951e-01
6.416252016043684225e-01
6.300248982904422812e-01
6.571679529277918430e-01
7.133772758755154708e-01
5.108943695746563929e-01
5.921247406357419418e-01
3.626747078872316621e-01
2.300603727425877820e-01
2.773825011497014770e-01
6.978345245520921614e-01
7.773688254969036981e-02
7.773688254969036981e-02
5.209405530818311814e-01
3.097439255683211434e-01
7.773688254969036981e-02
2.300603727425877820e-01
7.133772758755154708e-01
3.506231628042683623e-01
5.378386313610429292e-01
6.856663345209297322e-01
4.555662671524193241e-01
4.557041751132062668e-01
7.061562872372050270e-01
6.892582089579931681e-01
5.649816859983924910e-01
6.023697169938796447e-01
6.030991567978953860e-01
5.812538771258315418e-01
6.911814226310178944e-01
7.507653068710026245e-01
7.216990385606284475e-01
8.152963925038393400e-01
7.441122049499285795e-01
7.061562872372050270e-01
7.712552595872780303e-01
6.892582089579931681e-01
8.268966958177653703e-01
7.765530345525636369e-01
8.321944707830511989e-01
9.626119690045128463e-01
7.676633851502143724e-01
7.521206338267910629e-01
8.642847268132525240e-01
7.507653068710026245e-01
8.593375254204005387e-01
8.268966958177653703e-01
7.164012635953427299e-01
7.997536411804159195e-01
7.332993418745544778e-01
7.332993418745544778e-01
7.881533378664898892e-01
6.621151543206438284e-01
8.099986175385537335e-01
5.541108224884822020e-01
6.693361429589542722e-01
8.099986175385535114e-01
6.230584625611179650e-01
7.623656101849288769e-01
7.230543655164167749e-01
7.164012635953427299e-01
5.754254552074929974e-01
1.544427848520496527e-01
5.211393459327940958e-01
6.128134862029801511e-01
1.544427848520496527e-01
4.285611204758567605e-01
6.568546191195415718e-01
5.865516520911172593e-01
6.604464935566050077e-01
5.660616993748419645e-01
2.300603727425877820e-01
2.029173181052383590e-01
6.230584625611178540e-01
7.610102832291403274e-01
7.706873728700417425e-01
3.777662174416178131e-01
4.535470328159467712e-01
5.078331420906457838e-01
7.435443182326921807e-01
6.305927850076786800e-01
1.544427848520496527e-01
5.161549047757586495e-01
6.959113108790674351e-01
1.544427848520496527e-01
3.045255557870509278e-01
3.851695198370606033e-01
4.835525220863440832e-01
6.097522587189694310e-01
5.209405530818311814e-01
4.930922061086933650e-01
1.544427848520496527e-01
8.437947740969772292e-01
4.835525220863440832e-01
4.497006054698972632e-01
7.116713753472931892e-01
8.418715604239526140e-01
6.295127716312290955e-01
7.706873728700417425e-01
6.136947067284668211e-01
3.506231628042683068e-01
2.300603727425877820e-01
4.806900874532962775e-01
6.945559839232789967e-01
4.990952734097674481e-01
6.945559839232788857e-01
5.375633177817040753e-01
5.865516520911172593e-01
5.349761967279952346e-01
4.930922061086933650e-01
7.881533378664898892e-01
8.695825017785381306e-01
6.964791975963037229e-01
6.670995954776791637e-01
6.097522587189695420e-01
5.981519554050434007e-01
4.535470328159468822e-01
6.252950100423928514e-01
6.809364462728804135e-01
6.471402897144565847e-01
5.209405530818311814e-01
5.865516520911172593e-01
4.285611204758567605e-01
6.305927850076785690e-01
7.061562872372050270e-01
8.099986175385535114e-01
7.249775791894416122e-01
7.501974201537663367e-01
6.790132325998556873e-01
7.983983142246274811e-01
6.670995954776790526e-01
7.044876264731663174e-01
8.967255564158876924e-01
6.942426501150286144e-01
7.726105865430663577e-01
8.695825017785383526e-01
7.792636884641405137e-01
7.726105865430663577e-01
8.371416721759031843e-01
7.285694536265051591e-01
8.321944707830510879e-01
8.424394471411886798e-01
5.649816859983924910e-01
7.875854511492534904e-01
6.408377613658161609e-01
5.480836077191806321e-01
6.349720996832942665e-01
7.712552595872779193e-01
4.806900874532962775e-01
7.249775791894416122e-01
7.435443182326921807e-01
5.865516520911172593e-01
2.300603727425877820e-01
2.029173181052383590e-01
7.773688254969036981e-02
7.773688254969036981e-02
0.000000000000000000e+00
7.773688254969036981e-02
2.300603727425877820e-01
3.097439255683211434e-01
1.272997302147001464e-01
0.000000000000000000e+00
3.234801081669188560e-01
2.399944701542143233e-01
0.000000000000000000e+00
5.209405530818311814e-01
2.714305463734948964e-01
0.000000000000000000e+00
6.012131828890541207e-01
3.045255557870509278e-01
1.272997302147001464e-01
5.322655428164183578e-01
2.691939988922198435e-01
3.506231628042683623e-01
5.491636210956302167e-01
3.411283869204992936e-01
1.544427848520496527e-01
1.544427848520496527e-01
5.754254552074929974e-01
3.787709708249724638e-01
3.506231628042683068e-01
7.773688254969036981e-02
3.309391706203847483e-01
1.272997302147001464e-01
2.029173181052383590e-01
2.029173181052383590e-01
4.557041751132062668e-01
3.628121135057837399e-01
3.626747078872316621e-01
3.987302765881949873e-01
7.773688254969036981e-02
0.000000000000000000e+00
1.544427848520496527e-01
7.773688254969036981e-02
2.694693124715588639e-01
3.045255557870509278e-01
5.383507580202562259e-01
3.355316532498821558e-01
1.544427848520496527e-01
7.773688254969036981e-02
4.546850466269327096e-01
1.544427848520496527e-01
4.161590018204596175e-01
2.773825011497014770e-01
2.029173181052383590e-01
4.937974984444817306e-01
3.309391706203847483e-01
7.285694536265050480e-01
6.416252016043684225e-01
4.930922061086933650e-01
5.594085974537678085e-01
6.670995954776790526e-01
2.300603727425877820e-01
2.773825011497014770e-01
1.544427848520496527e-01
5.197840189770056574e-01
3.506231628042683623e-01
3.309391706203848038e-01
7.773688254969036981e-02
6.097522587189695420e-01
1.544427848520496527e-01
7.773688254969036981e-02
6.164053606400436980e-01
0.000000000000000000e+00
1.959533372376530136e-01
2.694693124715588639e-01
0.000000000000000000e+00
2.773825011497014770e-01
7.773688254969036981e-02
4.116630421966449016e-01
5.283230948069210786e-01
0.000000000000000000e+00
2.635456503545003937e-01
3.350804114808449419e-01
1.544427848520496527e-01
0.000000000000000000e+00
0.000000000000000000e+00
2.300603727425877820e-01
2.773825011497014770e-01
2.714305463734948964e-01
0.000000000000000000e+00
0.000000000000000000e+00
3.411283869204992936e-01
4.161590018204596175e-01
0.000000000000000000e+00
0.000000000000000000e+00
7.773688254969036981e-02
7.773688254969036981e-02
0.000000000000000000e+00
2.773825011497015325e-01
1.544427848520496527e-01
0.000000000000000000e+00
1.544427848520496527e-01
7.773688254969036981e-02
1.544427848520496527e-01
0.000000000000000000e+00
3.045255557870509278e-01
1.272997302147001464e-01
0.000000000000000000e+00
7.773688254969036981e-02
2.773825011497014770e-01
0.000000000000000000e+00
1.272997302147001464e-01
2.029173181052383590e-01
2.300603727425877820e-01
0.000000000000000000e+00
1.655292871097511775e-01
0.000000000000000000e+00
7.773688254969036981e-02
4.535470328159467712e-01
2.029173181052383590e-01
0.000000000000000000e+00
0.000000000000000000e+00
0.000000000000000000e+00
1.959533372376530136e-01
1.272997302147001464e-01
7.773688254969036981e-02
1.959533372376530136e-01
7.773688254969036981e-02
1.544427848520496527e-01
1.544427848520496527e-01
7.773688254969036981e-02
0.000000000000000000e+00
5.859837653738810825e-01
3.045255557870509278e-01
4.395113891697827180e-01
1.544427848520496527e-01
1.544427848520496527e-01
3.234801081669188560e-01
1.544427848520496527e-01
7.773688254969036981e-02
1.544427848520496527e-01
2.691939988922198435e-01
6.247271233251566747e-01
6.759892448800283171e-01
3.132351318087811531e-01
0.000000000000000000e+00
7.773688254969036981e-02
6.197799219323046893e-01
1.544427848520496527e-01
0.000000000000000000e+00
4.395113891697827180e-01
5.366820972562174052e-01
4.116630421966449016e-01
7.773688254969036981e-02
3.787709708249724638e-01
6.809364462728804135e-01
6.571679529277918430e-01
4.330570800996714764e-01
4.045586985065335317e-01
2.773825011497015325e-01
7.773688254969036981e-02
7.773688254969036981e-02
7.773688254969036981e-02
7.773688254969036981e-02
3.721178689038983634e-01
2.714305463734948964e-01
0.000000000000000000e+00
2.399944701542143510e-01
0.000000000000000000e+00
0.000000000000000000e+00
0.000000000000000000e+00
2.691939988922198435e-01
7.773688254969036981e-02
2.773825011497014770e-01
2.773825011497015325e-01
7.773688254969036981e-02
1.544427848520496527e-01
0.000000000000000000e+00
6.034497303703291182e-01
6.978345245520921614e-01
3.132351318087812087e-01
7.773688254969036981e-02
0.000000000000000000e+00
3.234801081669188560e-01
2.202056645828066039e-01
2.691939988922198435e-01
0.000000000000000000e+00
6.604464935566051187e-01
4.561341538696556674e-01
0.000000000000000000e+00
1.655292871097511775e-01
2.029173181052383590e-01
2.029173181052383590e-01
0.000000000000000000e+00
2.921400526110859985e-01
7.773688254969036981e-02
0.000000000000000000e+00
0.000000000000000000e+00
0.000000000000000000e+00
3.225616478772487805e-01
2.921400526110859985e-01
0.000000000000000000e+00
5.865516520911172593e-01
2.502394465123520262e-01
0.000000000000000000e+00
3.350804114808449419e-01
7.773688254969036981e-02
0.000000000000000000e+00
5.104202631443545135e-01
0.000000000000000000e+00
0.000000000000000000e+00
2.635456503545003937e-01
3.987302765881949873e-01
0.000000000000000000e+00
0.000000000000000000e+00
3.899551681431331907e-01
0.000000000000000000e+00
7.773688254969036981e-02
7.773688254969036981e-02
0.000000000000000000e+00
0.000000000000000000e+00
7.773688254969036981e-02
7.773688254969036981e-02
7.610102832291403274e-01
3.845199875592953953e-01
1.272997302147001464e-01
0.000000000000000000e+00
0.000000000000000000e+00
5.856704315656307003e-01
2.635456503545003937e-01
3.626747078872316621e-01
6.693361429589542722e-01
0.000000000000000000e+00
4.130977743364489529e-01
7.773688254969036981e-02
5.892623060026942472e-01
0.000000000000000000e+00
1.544427848520496527e-01
0.000000000000000000e+00
7.773688254969036981e-02
0.000000000000000000e+00
0.000000000000000000e+00
1.544427848520496527e-01
0.000000000000000000e+00
0.000000000000000000e+00
3.225616478772487805e-01
2.202056645828066039e-01
4.497006054698972632e-01
4.821414350725325426e-01
0.000000000000000000e+00
6.892582089579932791e-01
6.693361429589542722e-01
4.719522187724179418e-01
1.544427848520496527e-01
1.959533372376530136e-01
7.773688254969036981e-02
8.914277814506019748e-01
5.641384857018172383e-01
0.000000000000000000e+00
2.773825011497014770e-01
6.144821469670189718e-01
1.544427848520496527e-01
6.488461902426788663e-01
6.845283207099438494e-01
1.959533372376530136e-01
1.959533372376530136e-01
1.959533372376530136e-01
1.959533372376530136e-01
2.691939988922198435e-01
5.873390923296695210e-01
5.674170263306305140e-01
8.268966958177653703e-01
8.321944707830511989e-01
7.663080581944261560e-01
8.967255564158876924e-01
9.457138907253009874e-01
4.602001347370208717e-01
6.144821469670189718e-01
8.798274781366758335e-01
6.862342212381660200e-01
7.067241739544413148e-01
5.375633177817040753e-01
5.865516520911172593e-01
6.626830410378800051e-01
7.249775791894416122e-01
7.067241739544414258e-01
6.461355363311019895e-01
7.881533378664898892e-01
6.408377613658162719e-01
4.116630421966449016e-01
5.826092040816199802e-01
4.555662671524193241e-01
6.203478086495409771e-01
4.920730776224198633e-01
2.691939988922198435e-01
3.471319565638082971e-01
5.108943695746563929e-01
2.921400526110860540e-01
2.691939988922198435e-01
8.219494944249136070e-01
2.202056645828066039e-01
7.773688254969036981e-02
2.691939988922198435e-01
7.332993418745545888e-01
3.851695198370606033e-01
1.272997302147001464e-01
5.482824005701435466e-01
2.860920771714317024e-01
4.190214364535074232e-01
1.272997302147001464e-01
4.161590018204596175e-01
3.139853322831498428e-01
4.659491514713439142e-01
1.272997302147001464e-01
2.029173181052383590e-01
0.000000000000000000e+00
7.773688254969036981e-02
1.272997302147001464e-01
7.773688254969036981e-02
1.544427848520496527e-01
7.773688254969036981e-02
7.773688254969036981e-02
2.399944701542143233e-01
2.202056645828066039e-01
3.045255557870509278e-01
0.000000000000000000e+00
0.000000000000000000e+00
7.773688254969036981e-02
1.655292871097511775e-01
5.723642277234823883e-01
2.773825011497015325e-01
3.787709708249724638e-01
6.012131828890541207e-01
6.577358396450281308e-01
5.108943695746563929e-01
5.740701282517045589e-01
4.535470328159467712e-01
6.416252016043684225e-01
1.544427848520496527e-01
7.773688254969036981e-02
4.225575508325477569e-01
1.272997302147001464e-01
0.000000000000000000e+00
2.029173181052383590e-01
1.544427848520496527e-01
0.000000000000000000e+00
0.000000000000000000e+00
0.000000000000000000e+00
0.000000000000000000e+00
0.000000000000000000e+00
0.000000000000000000e+00
0.000000000000000000e+00
1.272997302147001464e-01
7.773688254969036981e-02
7.773688254969036981e-02
0.000000000000000000e+00
0.000000000000000000e+00
2.029173181052383590e-01
2.300603727425877820e-01
0.000000000000000000e+00
0.000000000000000000e+00
5.981519554050434007e-01
5.856704315656307003e-01
7.773688254969036981e-02
1.272997302147001464e-01
0.000000000000000000e+00
4.330570800996714764e-01
5.959154079237684032e-01
3.682714415578487999e-01
5.981519554050434007e-01
4.975881657325081364e-01
4.926409643396562066e-01
2.399944701542143233e-01
2.691939988922198435e-01
2.773825011497015325e-01
4.535470328159467712e-01
0.000000000000000000e+00
1.959533372376530136e-01
3.516279161876230130e-01
0.000000000000000000e+00
1.544427848520496527e-01
0.000000000000000000e+00
3.097439255683211434e-01
0.000000000000000000e+00
0.000000000000000000e+00
2.300603727425877820e-01
4.231254375497841003e-01
0.000000000000000000e+00
2.202056645828066039e-01
7.773688254969036981e-02
0.000000000000000000e+00
0.000000000000000000e+00
0.000000000000000000e+00
7.773688254969036981e-02
0.000000000000000000e+00
7.773688254969036981e-02
4.561341538696555564e-01
4.395113891697827180e-01
1.272997302147001464e-01
6.502015171984673048e-01
6.502015171984671937e-01
5.482824005701435466e-01
2.921400526110859985e-01
2.399944701542143233e-01
6.283562375264035715e-01
3.132351318087811531e-01
1.655292871097511775e-01
3.045255557870509278e-01
6.408377613658161609e-01
7.773688254969036981e-02
0.000000000000000000e+00
0.000000000000000000e+00
3.954144961951982506e-01
0.000000000000000000e+00
0.000000000000000000e+00
2.392092702921755076e-01
1.544427848520496527e-01
0.000000000000000000e+00
0.000000000000000000e+00
3.350804114808449419e-01
0.000000000000000000e+00
7.773688254969036981e-02
1.544427848520496527e-01
1.544427848520496527e-01
0.000000000000000000e+00
3.350804114808449419e-01
2.300603727425877820e-01
1.544427848520496527e-01
0.000000000000000000e+00
7.773688254969036981e-02
6.911814226310178944e-01
0.000000000000000000e+00
0.000000000000000000e+00
3.580264651997111525e-01
2.773825011497015325e-01
2.714305463734948964e-01
0.000000000000000000e+00
0.000000000000000000e+00
1.544427848520496527e-01
5.416292986490695016e-01
3.471319565638082971e-01
3.234801081669188560e-01
7.773688254969036981e-02
1.272997302147001464e-01
2.029173181052383590e-01
2.399944701542143510e-01
4.317017531438829825e-01
7.773688254969036981e-02
7.773688254969036981e-02
3.206384342042239988e-01
2.029173181052383590e-01
0.000000000000000000e+00
1.272997302147001464e-01
3.234801081669188560e-01
7.773688254969036981e-02
0.000000000000000000e+00
1.544427848520496527e-01
1.544427848520496527e-01
1.272997302147001464e-01
2.535346026205974046e-01
7.604423965119039286e-01
4.285611204758567605e-01
2.300603727425877820e-01
2.202056645828066039e-01
7.773688254969036981e-02
3.899551681431331907e-01
8.914277814506019748e-01
5.826092040816200912e-01
2.773825011497014770e-01
2.399944701542143233e-01
1.272997302147001464e-01
5.108943695746563929e-01
3.471319565638082971e-01
0.000000000000000000e+00
1.544427848520496527e-01
7.773688254969036981e-02
4.161590018204596175e-01
7.773688254969036981e-02
3.097439255683211434e-01
0.000000000000000000e+00
2.635456503545003937e-01
5.383507580202562259e-01
3.845199875592953953e-01
2.399944701542143233e-01
7.773688254969036981e-02
6.471402897144566957e-01
7.773688254969036981e-02
3.309391706203847483e-01
2.029173181052383590e-01
6.131268200112304223e-01
7.080795009102297533e-01
2.860920771714317024e-01
1.655292871097511775e-01
0.000000000000000000e+00
6.199972350771071339e-01
5.108943695746563929e-01
3.787709708249724638e-01
2.029173181052383590e-01
4.317017531438829825e-01
7.773688254969036981e-02
2.202056645828066039e-01
5.416292986490695016e-01
1.272997302147001464e-01
0.000000000000000000e+00
0.000000000000000000e+00
7.773688254969036981e-02
0.000000000000000000e+00
0.000000000000000000e+00
2.029173181052383590e-01
7.773688254969036981e-02
3.845199875592953953e-01
6.640383679936684436e-01
7.983983142246274811e-01
8.437947740969772292e-01
5.763066757329795564e-01
7.183244772683674562e-01
7.792636884641405137e-01
5.740701282517045589e-01
7.779083615083521863e-01
6.128134862029801511e-01
4.659491514713439142e-01
7.881533378664898892e-01
3.506231628042683068e-01
7.507653068710027355e-01
3.626747078872316621e-01
4.930922061086933650e-01
8.695825017785381306e-01
8.321944707830510879e-01
5.641384857018172383e-01
6.862342212381660200e-01
8.064067431014900755e-01
6.034497303703290072e-01
7.895086648222782166e-01
7.659574846219922017e-01
9.559588670834386903e-01
8.593375254204006497e-01
8.099986175385535114e-01
6.674129292859294349e-01
6.845283207099437384e-01
6.252950100423928514e-01
6.252950100423928514e-01
5.751709022985070918e-01
6.283562375264035715e-01
4.730322321488674153e-01
6.674129292859294349e-01
7.391650035570764832e-01
6.571679529277918430e-01
6.862342212381660200e-01
6.742833443518060355e-01
6.911814226310178944e-01
6.399565408403296018e-01
6.471402897144565847e-01
5.001752867862169216e-01
5.349761967279952346e-01
4.497006054698972632e-01
7.388144299846427510e-01
5.375633177817040753e-01
4.975881657325081364e-01
4.937974984444817306e-01
2.691939988922198990e-01
5.011800401695715168e-01
4.317017531438829825e-01
5.051224881790687959e-01
1.544427848520496527e-01
3.506231628042683068e-01
7.352225555475793151e-01
2.773825011497015325e-01
7.726105865430663577e-01
4.116630421966449016e-01
5.641384857018172383e-01
5.469270736143551082e-01
6.959113108790673241e-01
6.230584625611178540e-01
6.862342212381661311e-01
6.693361429589542722e-01
8.540397504551149321e-01
7.216990385606284475e-01
7.405203305128650326e-01
6.670995954776791637e-01
6.471402897144566957e-01
9.626119690045128463e-01
6.687682562417178733e-01
7.507653068710026245e-01
7.895086648222782166e-01
8.321944707830510879e-01
8.202435938966913254e-01
8.255413688619770429e-01
8.695825017785381306e-01
8.036960891899131987e-01
7.507653068710026245e-01
7.507653068710026245e-01
7.895086648222782166e-01
6.042371706088812688e-01
6.687682562417178733e-01
6.313802252462307196e-01
6.416252016043684225e-01
8.050514161457015261e-01
8.526844234993264937e-01
6.951238706405152845e-01
6.848788942823775816e-01
8.166517194596277784e-01
7.712552595872780303e-01
7.948064397875639342e-01
7.623656101849287658e-01
8.709378287343266800e-01
8.437947740969772292e-01
7.507653068710026245e-01
8.371416721759030732e-01
8.064067431014900755e-01
6.856663345209297322e-01
8.152963925038392290e-01
9.252239380090256926e-01
8.642847268132525240e-01
7.557125082638546099e-01
8.064067431014900755e-01
8.050514161457017481e-01
9.016727578087396777e-01
8.709378287343266800e-01
8.798274781366759445e-01
8.424394471411886798e-01
7.391650035570764832e-01
9.288158124460891285e-01
7.133772758755154708e-01
8.050514161457017481e-01
7.587737357478653299e-01
6.128134862029801511e-01
7.997536411804159195e-01
7.133772758755155818e-01
9.083258597298138337e-01
5.865516520911172593e-01
7.978304275073913043e-01
7.623656101849286548e-01
9.185708360879515366e-01
7.881533378664898892e-01
7.507653068710026245e-01
8.798274781366758335e-01
6.670995954776790526e-01
7.712552595872780303e-01
8.036960891899131987e-01
8.036960891899131987e-01
8.424394471411889018e-01
6.626830410378800051e-01
7.875854511492534904e-01
6.773445718358167555e-01
7.895086648222782166e-01
7.289200271989388913e-01
5.482824005701435466e-01
6.732785909684515513e-01
5.752266623565300829e-01
6.399565408403296018e-01
6.945559839232788857e-01
7.623656101849287658e-01
6.911814226310178944e-01
8.526844234993264937e-01
8.064067431014900755e-01
7.712552595872780303e-01
9.016727578087396777e-01
8.540397504551149321e-01
6.471402897144565847e-01
7.521206338267910629e-01
5.932047540121914153e-01
9.083258597298138337e-01
8.268966958177653703e-01
7.249775791894416122e-01
8.798274781366759445e-01
8.642847268132527461e-01
7.690187121060029218e-01
8.798274781366759445e-01
7.712552595872780303e-01
9.185708360879515366e-01
7.435443182326921807e-01
8.914277814506019748e-01
8.064067431014900755e-01
7.507653068710026245e-01
1.000000000000000000e+00
9.083258597298138337e-01
9.016727578087396777e-01
7.604423965119039286e-01
7.610102832291403274e-01
7.435443182326921807e-01
8.437947740969772292e-01
7.931005392593416525e-01
8.321944707830511989e-01
8.437947740969772292e-01
7.875854511492536014e-01
7.663080581944260450e-01
8.166517194596277784e-01
9.252239380090256926e-01
6.862342212381661311e-01
7.521206338267910629e-01
9.288158124460891285e-01
7.014263989891557083e-01
8.526844234993264937e-01
8.540397504551149321e-01
8.878359070135385389e-01
6.809364462728804135e-01
7.507653068710026245e-01
8.147285057866029412e-01
7.435443182326921807e-01
5.375633177817040753e-01
6.408377613658161609e-01
5.491636210956302167e-01
6.295127716312290955e-01
5.649816859983924910e-01
6.679808160031657227e-01
6.978345245520921614e-01
7.706873728700417425e-01
7.352225555475793151e-01
7.828555629012041717e-01
6.125589332939942455e-01
8.255413688619770429e-01
8.593375254204006497e-01
8.255413688619770429e-01
7.931005392593418746e-01
8.050514161457015261e-01
8.798274781366759445e-01
8.980808833716762418e-01
7.236222522336531737e-01
7.164012635953427299e-01
8.099986175385537335e-01
7.061562872372050270e-01
9.083258597298138337e-01
8.152963925038393400e-01
8.473866485340406651e-01
9.185708360879515366e-01
7.067241739544414258e-01
7.067241739544414258e-01
7.779083615083521863e-01
7.706873728700417425e-01
5.004506003655557755e-01
5.921247406357419418e-01
5.621192513653447964e-01
