2.479995674882726764e-01
8.023846596227462991e-01
5.008014198874947143e-01
6.362618540692736024e-01
7.705756945986628192e-01
7.705756945986628192e-01
7.302257252888318950e-01
6.935030533345311055e-01
4.237287786233630560e-01
3.121279685705172779e-01
0.000000000000000000e+00
1.047438378986072505e-01
6.539799852590804097e-01
0.000000000000000000e+00
4.463606167433871175e-01
6.539799852590804097e-01
5.008014198874947143e-01
4.237287786233631115e-01
1.679264534466035630e-01
0.000000000000000000e+00
0.000000000000000000e+00
1.047438378986072505e-01
2.722040157205379285e-01
5.257231830945912066e-01
1.679264534466035630e-01
5.176926498429214041e-01
4.632518466988138073e-01
1.679264534466035630e-01
4.640787479331940357e-01
6.766118233791045267e-01
3.814053144267623430e-01
0.000000000000000000e+00
7.725491894854326080e-01
6.362618540692736024e-01
2.722040157205379285e-01
1.047438378986072505e-01
8.665130607049910116e-01
5.152629088335515251e-01
2.722040157205379285e-01
0.000000000000000000e+00
6.442923873209434049e-01
7.330261214099818012e-01
4.060918397900755705e-01
4.621052530464243580e-01
7.407402244613491282e-01
7.556579595300060292e-01
2.074495215220542865e-01
1.679264534466035630e-01
0.000000000000000000e+00
8.100987626741135150e-01
0.000000000000000000e+00
1.679264534466035630e-01
1.679264534466035630e-01
2.722040157205379285e-01
5.898515841768358081e-01
2.878120983189841886e-01
1.047438378986072505e-01
3.648847395831159024e-01
3.648847395831159024e-01
2.684369024427101236e-01
3.079599705181608194e-01
6.757849221447242982e-01
5.943090449844529166e-01
5.008014198874947143e-01
8.269899926295402048e-01
8.665130607049910116e-01
4.608221056894439283e-01
7.302257252888318950e-01
7.628615915472956033e-01
6.597205934236779479e-01
7.181083863413250112e-01
7.310526265232121235e-01
8.419077276981971059e-01
6.907026572133811992e-01
7.310526265232121235e-01
6.144569171836297139e-01
6.241445151217667187e-01
2.074495215220542865e-01
3.435360488200721596e-01
5.354107810327283223e-01
7.084207884031880065e-01
1.047438378986072505e-01
5.354107810327283223e-01
8.100987626741136260e-01
0.000000000000000000e+00
7.874669245540893980e-01
7.725491894854326080e-01
7.556579595300060292e-01
7.556579595300060292e-01
9.209538638490986084e-01
7.479438564786387023e-01
7.310526265232121235e-01
8.023846596227462991e-01
7.576314544167757070e-01
7.951810276054567250e-01
8.762006586431280164e-01
8.419077276981971059e-01
8.347040956809074208e-01
8.100987626741135150e-01
7.697487933642825908e-01
6.907026572133811992e-01
7.556579595300060292e-01
7.951810276054567250e-01
8.496218307495643218e-01
8.814307957736475796e-01
8.665130607049910116e-01
6.785853182658743155e-01
8.496218307495643218e-01
8.419077276981969948e-01
9.209538638490986084e-01
7.310526265232121235e-01
9.060361287804415964e-01
8.665130607049910116e-01
8.665130607049907896e-01
8.891448988250150176e-01
7.576314544167757070e-01
8.496218307495643218e-01
7.556579595300060292e-01
7.725491894854324970e-01
8.496218307495643218e-01
6.785853182658743155e-01
6.907026572133811992e-01
7.407402244613492392e-01
7.181083863413250112e-01
8.100987626741135150e-01
6.511795891379305035e-01
9.060361287804415964e-01
7.697487933642825908e-01
9.209538638490986084e-01
1.000000000000000000e+00
8.814307957736478016e-01
7.161348914545552224e-01
8.911183937117848064e-01
2.684369024427101236e-01
5.257231830945912066e-01
6.785853182658743155e-01
9.604769319245494152e-01
8.814307957736478016e-01
8.269899926295402048e-01
7.181083863413250112e-01
5.016283211218750537e-01
2.074495215220542865e-01
5.257231830945912066e-01
0.000000000000000000e+00
1.047438378986072505e-01
1.047438378986072505e-01
3.121279685705172224e-01
2.074495215220542865e-01
6.907026572133811992e-01
4.632518466988138073e-01
2.722040157205379285e-01
6.539799852590804097e-01
1.047438378986072505e-01
6.935030533345311055e-01
3.681413818268659544e-01
6.766118233791045267e-01
8.814307957736478016e-01
7.310526265232121235e-01
8.120722575608833038e-01
5.003451737648946240e-01
9.209538638490986084e-01
8.269899926295402048e-01
8.665130607049910116e-01
8.269899926295400938e-01
8.814307957736478016e-01
7.705756945986628192e-01
6.221710202349969299e-01
8.120722575608833038e-01
9.455591968558924032e-01
8.366775905676772096e-01
9.060361287804415964e-01
8.665130607049910116e-01
8.814307957736478016e-01
7.725491894854324970e-01
6.047693192454925981e-01
7.951810276054567250e-01
8.269899926295402048e-01
7.181083863413250112e-01
8.366775905676772096e-01
8.100987626741135150e-01
8.366775905676772096e-01
7.725491894854326080e-01
8.120722575608833038e-01
8.515953256363341106e-01
7.725491894854326080e-01
8.814307957736478016e-01
8.269899926295400938e-01
8.665130607049907896e-01
9.306414617872356132e-01
6.757849221447242982e-01
8.419077276981971059e-01
9.060361287804415964e-01
6.915295584477614277e-01
7.725491894854324970e-01
7.725491894854326080e-01
9.209538638490986084e-01
7.874669245540895091e-01
6.785853182658743155e-01
9.455591968558924032e-01
9.209538638490986084e-01
9.604769319245491932e-01
6.915295584477614277e-01
7.705756945986628192e-01
7.874669245540893980e-01
8.269899926295400938e-01
6.766118233791046377e-01
6.442923873209434049e-01
6.597205934236779479e-01
9.604769319245491932e-01
8.100987626741135150e-01
4.076644499023167056e-01
5.003451737648946240e-01
8.814307957736475796e-01
5.721334529870290009e-01
8.120722575608833038e-01
8.496218307495643218e-01
4.621052530464243580e-01
4.632518466988138073e-01
8.100987626741135150e-01
8.762006586431280164e-01
6.636675831972174144e-01
4.076644499023167056e-01
5.152629088335515251e-01
6.616940883104476256e-01
5.016283211218750537e-01
4.862001150191404553e-01
7.181083863413250112e-01
5.016283211218750537e-01
4.632518466988138073e-01
8.023846596227462991e-01
8.891448988250150176e-01
5.152629088335515251e-01
4.862001150191404553e-01
7.310526265232121235e-01
4.757398407581007183e-01
1.047438378986072505e-01
5.055753108954145203e-01
7.971545224922265138e-01
2.479995674882726764e-01
8.665130607049910116e-01
7.971545224922265138e-01
3.079599705181608194e-01
4.362167726826500225e-01
8.814307957736478016e-01
6.636675831972174144e-01
9.850822649313429880e-01
8.814307957736478016e-01
9.060361287804415964e-01
7.725491894854326080e-01
6.442923873209434049e-01
6.221710202349969299e-01
6.915295584477614277e-01
5.826479521595462341e-01
8.100987626741135150e-01
6.992436614991286437e-01
