7.281525599712165286e-01
8.279336886392053563e-01
1.000000000000000000e+00
8.297218391032971097e-01
9.541669149799351102e-01
7.257830904073733214e-01
8.991814400635961269e-01
8.777810376508358159e-01
8.816504676857842560e-01
9.382561708905376996e-01
7.344297210033438050e-01
8.165551852154571133e-01
7.802260225103210267e-01
8.646389499023037217e-01
7.515723774494138532e-01
9.932416458068766829e-01
9.753360527913503830e-01
8.927977065081872388e-01
7.419005329588079789e-01
8.346920428323283403e-01
9.685776985982271770e-01
7.048206510579954065e-01
9.251140831420059385e-01
8.679024946981928057e-01
8.264582943074080257e-01
7.902724876386412189e-01
8.423444722574974231e-01
7.912284273761069908e-01
5.626133382021998308e-01
5.818755356524625277e-01
0.000000000000000000e+00
4.385645555955508534e-01
0.000000000000000000e+00
0.000000000000000000e+00
6.349864294599817383e-01
5.662884629941510040e-02
4.674261732147509951e-01
4.645015701012417120e-01
0.000000000000000000e+00
0.000000000000000000e+00
0.000000000000000000e+00
0.000000000000000000e+00
0.000000000000000000e+00
0.000000000000000000e+00
9.490662661695867253e-02
2.606187096754311594e-01
5.832644993395319499e-01
5.662884629941510040e-02
4.729665832275074533e-01
3.779258716074532232e-01
0.000000000000000000e+00
0.000000000000000000e+00
0.000000000000000000e+00
0.000000000000000000e+00
0.000000000000000000e+00
0.000000000000000000e+00
0.000000000000000000e+00
0.000000000000000000e+00
1.128122196324849724e-01
0.000000000000000000e+00
1.128122196324849724e-01
0.000000000000000000e+00
0.000000000000000000e+00
4.773047161673941163e-01
2.969176418673002971e-01
0.000000000000000000e+00
0.000000000000000000e+00
2.058721090030231349e-01
2.785243026909574593e-01
0.000000000000000000e+00
1.685342035974483899e-01
1.685342035974483899e-01
2.606187096754311594e-01
4.025898188161027291e-01
5.662884629941510040e-02
2.427131166599048873e-01
3.148485262823145225e-01
0.000000000000000000e+00
1.128122196324849724e-01
5.662884629941510040e-02
2.237777020185494070e-01
7.301719750366533201e-01
7.771303998901090138e-01
6.794442460870048217e-01
7.078774973918470215e-01
8.414503970254515464e-01
8.118162460877706987e-01
8.901969723429989934e-01
7.034886127625671337e-01
7.178993963808593115e-01
6.834202486452348735e-01
8.507476208783429916e-01
7.590568846989057539e-01
8.487282058129063111e-01
8.578805957091806267e-01
8.454646610170174492e-01
7.707221001953922235e-01
7.031139921248529268e-01
8.141857156516139060e-01
7.427946081908538556e-01
7.794998694539523321e-01
8.264582943074080257e-01
8.273523695394537913e-01
4.069787034453826169e-01
4.383733413768215459e-01
5.713387258505356892e-01
3.456094949736348010e-01
9.024449848594852108e-01
9.072084901264794166e-01
5.751171814593393217e-01
7.926419572024844262e-01
9.382561708905376996e-01
8.279336886392051342e-01
9.174616537168367447e-01
8.074273614584907000e-01
7.014168160869062030e-01
9.183557289488826214e-01
3.148485262823145225e-01
8.589813694032636393e-01
7.661898595297431669e-01
8.048899697189706437e-01
6.141919122862807834e-01
6.788246655539176277e-01
8.209440698447368900e-01
6.837948692829490804e-01
6.225704947678186718e-01
4.882714420778453412e-01
7.906471082763554259e-01
7.260807632955555979e-01
7.537105824119118003e-01
7.840954525452694668e-01
5.712477514243908816e-01
6.890778291442749559e-01
7.169529395385891846e-01
9.139668443196026226e-01
8.096534749859647384e-01
9.072084901264794166e-01
7.135105117515792017e-01
9.203505778750115107e-01
8.132916404195680293e-01
8.311972334350944402e-01
7.305220295350596249e-01
8.050578918946477147e-01
8.825445429178299106e-01
8.637448746702578450e-01
7.630696707702234738e-01
4.742121908782078177e-01
6.594436782065939973e-01
8.713973040954269278e-01
8.807563924537383793e-01
9.855892163817077112e-01
9.148609195516482773e-01
8.275590680014910383e-01
8.498535456462974480e-01
8.705032288633811621e-01
7.961367665997185483e-01
8.188058648822389429e-01
8.041638166626018380e-01
7.747363641869581263e-01
6.908659796083667093e-01
7.486588871519311850e-01
7.733228343605805799e-01
6.432447441242103991e-01
8.956866306663620048e-01
8.522230152101404332e-01
3.148232348828265970e-01
8.578805957091805157e-01
7.375116483295279801e-01
5.608266656583564824e-01
7.233890547042223229e-01
7.126164365195334360e-01
7.401938740256654992e-01
5.798561205870256252e-01
7.166307005110991168e-01
8.164118291790879445e-01
9.242200079099600618e-01
9.107032995237136497e-01
9.115973747557594153e-01
8.960612513040763227e-01
7.401938740256654992e-01
9.107032995237136497e-01
6.937643866617371202e-01
7.902724876386412189e-01
9.004501359333563215e-01
7.965113872374327553e-01
7.877336179788728687e-01
7.081751702800292980e-01
8.722913793274725824e-01
8.491028264506205181e-01
8.814192030844389958e-01
7.504470376160227163e-01
7.981683990389347727e-01
7.451640777546970629e-01
7.912284273761069908e-01
6.967302585694440387e-01
8.522230152101406553e-01
8.821699222801158147e-01
9.170870330791224267e-01
6.253391511086839882e-01
7.436886834228995102e-01
8.432385474895431887e-01
8.185746002808936828e-01
7.113723067890811436e-01
7.647144651979458363e-01
9.371553971964546870e-01
9.574304597758241941e-01
9.013442111654020872e-01
7.009512210230469664e-01
9.685776985982271770e-01
9.976305304361566817e-01
8.849140124816731179e-01
2.722789860581387167e-01
7.930165778401985222e-01
9.497780303506552224e-01
8.253329544740171109e-01
1.685342035974483899e-01
6.594436782065939973e-01
6.426388588851508210e-01
3.399087667609531627e-01
1.685342035974483899e-01
2.237777020185494070e-01
5.816442710511172676e-01
1.128122196324849724e-01
2.247082293810975517e-01
5.662884629941510040e-02
2.058721090030231349e-01
3.253834332811321728e-01
2.772506677074185744e-01
2.476150388494892940e-01
4.942545109359837152e-01
5.662884629941510040e-02
0.000000000000000000e+00
5.662884629941510040e-02
2.058721090030231349e-01
3.779258716074531677e-01
3.506344209138791412e-01
3.148485262823144670e-01
1.128122196324849724e-01
5.662884629941510040e-02
2.475897474500013684e-01
4.383733413768216569e-01
2.611317472357356229e-01
1.128122196324849724e-01
5.169452818507791481e-01
4.712599242943649180e-01
5.662884629941510040e-02
4.403927564422583929e-01
6.369812783861108496e-01
2.772506677074185744e-01
2.058721090030231349e-01
5.747425608216251147e-01
9.139668443196027336e-01
1.506286105819220622e-01
2.427131166599048873e-01
8.520163167481031863e-01
6.452395930503392885e-01
2.785243026909574593e-01
8.476274321188232985e-01
7.906471082763554259e-01
9.932416458068767939e-01
8.722913793274725824e-01
9.216192737447714833e-01
7.599877434440389656e-01
6.217673939619178247e-01
6.981532712910171190e-01
6.288339605059181103e-01
6.253391511086839882e-01
4.815130878847221352e-01
4.878924500128496988e-01
