0.000000000000000000e+00
0.000000000000000000e+00
0.000000000000000000e+00
8.472372908565918570e-02
0.000000000000000000e+00
1.382651528825944720e-01
8.472372908565918570e-02
0.000000000000000000e+00
0.000000000000000000e+00
0.000000000000000000e+00
0.000000000000000000e+00
0.000000000000000000e+00
0.000000000000000000e+00
0.000000000000000000e+00
0.000000000000000000e+00
0.000000000000000000e+00
0.000000000000000000e+00
0.000000000000000000e+00
8.472372908565918570e-02
2.368140592856240734e-01
0.000000000000000000e+00
0.000000000000000000e+00
0.000000000000000000e+00
4.150924036235456027e-01
2.205139473717647181e-01
0.000000000000000000e+00
0.000000000000000000e+00
0.000000000000000000e+00
8.472372908565918570e-02
0.000000000000000000e+00
0.000000000000000000e+00
0.000000000000000000e+00
0.000000000000000000e+00
2.704155282511311320e-01
4.482342723419009967e-01
3.737963193063096878e-01
7.660096723776022021e-01
7.846740536471538130e-01
8.574473657787414771e-01
8.387829845091896441e-01
7.127704904063266733e-01
8.874275985721349347e-01
8.761117470482927549e-01
8.259701379643896724e-01
8.461315142548991863e-01
7.748551971442695363e-01
9.700197672066063204e-01
8.574473657787412550e-01
8.387829845091895331e-01
9.400395344132127518e-01
8.018414398957476319e-01
8.574473657787410330e-01
8.048354299376633270e-01
8.461315142548991863e-01
8.333186677100989925e-01
6.809471769859559709e-01
4.895303566591368005e-01
6.094512878327115191e-01
4.937172504798844064e-01
4.287908767463334270e-01
4.903360425123076682e-01
5.350133347971202102e-01
5.649935675905138899e-01
5.423618645428296414e-01
3.313904578937770240e-01
3.014102251003833444e-01
4.108439213212344843e-01
4.287908767463334270e-01
5.806639588181495837e-01
2.205139473717647181e-01
6.106441916115434854e-01
7.840468075169563233e-01
4.287908767463334270e-01
3.808636885278408046e-01
7.054219606606173532e-01
8.146542864405474926e-01
8.274671329853475754e-01
7.540665747235625327e-01
7.840468075169562123e-01
5.781936320609749602e-01
5.078906466865624747e-01
6.106441916115433743e-01
4.637370176864907823e-01
5.050331020037266416e-01
3.808636885278408046e-01
3.808636885278408046e-01
3.508834557344471805e-01
3.808636885278408046e-01
3.313904578937770240e-01
2.714299923069897202e-01
5.619995775485981948e-01
6.106441916115434854e-01
5.381749707220819801e-01
5.681552035154757707e-01
8.088027517157958535e-01
6.888818205422213570e-01
7.075462018117728569e-01
5.050331020037266416e-01
3.095873714172113766e-01
7.133977365365242740e-01
7.846740536471538130e-01
8.018414398957476319e-01
7.653824262474046014e-01
7.188620533356149256e-01
6.702174392726696350e-01
6.402372064792759554e-01
7.001976720660634257e-01
7.601581376528507850e-01
7.001976720660634257e-01
7.001976720660634257e-01
6.047926568867918462e-01
6.289213549554338867e-01
6.809471769859558599e-01
6.023223301296168897e-01
2.601141407831475960e-01
2.601141407831475960e-01
2.601141407831475960e-01
2.909229901476598212e-01
4.174750252224913583e-01
3.688304111595460677e-01
4.174750252224913583e-01
4.174750252224913583e-01
4.287908767463334270e-01
5.794710550393178394e-01
5.378708794799560433e-01
5.320193447552044042e-01
4.494271761207328519e-01
5.482133992675811696e-01
5.610262458123811413e-01
5.910064786057748210e-01
5.619995775485981948e-01
5.919798103419918744e-01
5.693481072943075150e-01
6.922630285097981506e-01
8.987434500959770034e-01
4.637370176864906712e-01
7.354021934540110328e-01
7.840468075169562123e-01
7.262105830813243568e-01
7.188620533356149256e-01
8.746147520273348519e-01
8.746147520273348519e-01
8.440072731037435716e-01
7.301779048594571053e-01
6.754417278672237845e-01
7.020818850126822053e-01
8.048354299376633270e-01
8.220028161862570348e-01
8.632989005034927832e-01
8.033384349167054239e-01
8.874275985721349347e-01
7.375264346051665365e-01
6.454614950738301049e-01
8.553231246275858624e-01
7.840468075169563233e-01
5.876252706381981383e-01
6.519402759287792337e-01
6.106441916115433743e-01
6.106441916115433743e-01
6.094512878327115191e-01
5.381749707220819801e-01
4.895303566591368005e-01
5.681552035154757707e-01
5.381749707220819801e-01
4.354214257971010804e-01
4.069381880246651928e-01
5.195105894525304802e-01
5.681552035154757707e-01
4.450726364169392268e-01
5.050331020037265306e-01
3.874947924290976786e-01
4.287908767463334270e-01
7.861710486681117160e-01
9.174078313655285033e-01
8.559503707577834630e-01
8.048354299376632159e-01
7.540665747235625327e-01
8.746147520273348519e-01
8.559503707577833520e-01
7.433779693299181757e-01
7.905255883719054522e-01
9.700197672066063204e-01
9.287236828893707941e-01
6.509669441925621802e-01
8.874275985721347126e-01
8.033384349167053129e-01
6.249540331773012491e-01
9.400395344132125297e-01
9.045949848207285315e-01
8.800790688264253925e-01
8.161512814615055067e-01
8.259701379643896724e-01
9.287236828893704610e-01
7.433779693299180646e-01
8.259701379643896724e-01
7.733582021233117443e-01
9.159108363445706003e-01
7.901383704462443536e-01
7.733582021233117443e-01
8.859306035511770316e-01
8.461315142548989643e-01
9.400395344132127518e-01
8.874275985721349347e-01
7.748551971442696473e-01
9.159108363445706003e-01
7.748551971442695363e-01
9.287236828893704610e-01
8.746147520273348519e-01
9.400395344132127518e-01
7.448749643508759677e-01
7.601581376528507850e-01
8.274671329853474644e-01
6.641258763433813828e-01
8.559503707577834630e-01
7.840468075169562123e-01
7.488422861290087162e-01
9.174078313655285033e-01
7.846740536471538130e-01
6.812932625919752017e-01
7.733582021233117443e-01
8.800790688264253925e-01
8.048354299376633270e-01
8.161512814615053957e-01
6.699774110681331329e-01
7.846740536471538130e-01
8.874275985721347126e-01
8.947761283178441438e-01
7.733582021233116333e-01
8.461315142548991863e-01
9.045949848207285315e-01
1.000000000000000000e+00
9.287236828893707941e-01
8.574473657787410330e-01
8.146542864405476037e-01
8.461315142548989643e-01
8.461315142548991863e-01
7.188620533356149256e-01
8.259701379643896724e-01
7.540665747235624217e-01
8.687632173025831017e-01
7.427507231997204640e-01
8.461315142548991863e-01
8.574473657787412550e-01
8.161512814615053957e-01
6.436184144468527490e-01
7.360294395842085224e-01
7.959899051709959927e-01
7.354021934540109218e-01
