5.539386892696358117e-02
5.569546787605261784e-01
7.095885634057983449e-01
5.451774106665633335e-01
5.229996564975502027e-01
7.109275335738356461e-01
8.773942793886119196e-01
8.248489705551598217e-01
6.976076588970471226e-01
6.164788502476455934e-01
7.156914033753196680e-01
7.560915476170901872e-01
6.292166867673367747e-01
5.925170412301429268e-01
6.039898195524667779e-01
6.476063667066077612e-01
6.172117518643643885e-01
6.286480452335482250e-01
8.380709028670573213e-01
4.704543476640981048e-01
4.354241417751301690e-01
6.099038654198676301e-01
6.581560036207333431e-01
8.064592906158889463e-01
8.481004626608057428e-01
6.970755023163984765e-01
7.263693190442045422e-01
7.842845662304590570e-01
7.889441876714050617e-01
6.361335883842839101e-01
7.975305289365778316e-01
7.326378647860151139e-01
7.905531119722697397e-01
8.434648716140810132e-01
8.406149195100701688e-01
7.857518151532557615e-01
7.498470322695007795e-01
7.131473867323069316e-01
7.240515235208421219e-01
7.941119352987782154e-01
7.174405573648933165e-01
7.174405573648933165e-01
7.590817294098101131e-01
7.340810833145905434e-01
7.406920494705392377e-01
6.567613495055691919e-01
6.358276529232856911e-01
5.853739184935454754e-01
5.551690398178126262e-01
4.772523579867823385e-01
8.799382960316245450e-01
7.099550142141578535e-01
8.130702567718377516e-01
8.216565980370106326e-01
7.966559519417910629e-01
7.593079505294607623e-01
9.399691480158122170e-01
8.765197023938250398e-01
7.866263921480426413e-01
7.911217535060584005e-01
8.799382960316245450e-01
7.648181185709720387e-01
7.492783907357122297e-01
5.946705766705749907e-01
8.641723470767143089e-01
8.882984161771471099e-01
7.744812275563611736e-01
7.848772381584689928e-01
6.223794994917376533e-01
2.898681426176715203e-01
5.539386892696358117e-02
5.539386892696358117e-02
5.539386892696358117e-02
0.000000000000000000e+00
0.000000000000000000e+00
9.283687693941915231e-02
5.539386892696358117e-02
5.625748686272004084e-01
0.000000000000000000e+00
0.000000000000000000e+00
4.411349061669994076e-01
1.488370848945446967e-01
0.000000000000000000e+00
0.000000000000000000e+00
5.539386892696358117e-02
0.000000000000000000e+00
0.000000000000000000e+00
0.000000000000000000e+00
2.985827626376037491e-01
9.283687693941915231e-02
3.425662642250730805e-01
2.985827626376037491e-01
0.000000000000000000e+00
0.000000000000000000e+00
0.000000000000000000e+00
2.593472960777651326e-01
0.000000000000000000e+00
2.550944942382221137e-01
4.422221520978143472e-01
1.896696735070106388e-01
0.000000000000000000e+00
7.789146278776566401e-01
1.648587635783015370e-01
0.000000000000000000e+00
0.000000000000000000e+00
9.283687693941915231e-02
0.000000000000000000e+00
0.000000000000000000e+00
0.000000000000000000e+00
0.000000000000000000e+00
0.000000000000000000e+00
0.000000000000000000e+00
0.000000000000000000e+00
0.000000000000000000e+00
0.000000000000000000e+00
0.000000000000000000e+00
0.000000000000000000e+00
0.000000000000000000e+00
0.000000000000000000e+00
1.232175915333847127e-01
0.000000000000000000e+00
0.000000000000000000e+00
2.578900795581436922e-01
2.904671205413282831e-01
3.762949269635338378e-01
3.533175882396588086e-01
3.429876895370516654e-01
6.581200222925625010e-01
6.237714787625751045e-01
3.774436573400916650e-01
5.171093638123364089e-01
6.962383523391414419e-01
7.398174724757523579e-01
6.908684139863390250e-01
8.340039533541212524e-01
5.941864808783687835e-01
8.195409932390774754e-01
6.311680314823397975e-01
6.688824837030294956e-01
8.023923411029527664e-01
8.325607348255457119e-01
7.441106431083388539e-01
7.426433941855422605e-01
8.029004672893802486e-01
8.738354560621032219e-01
8.169969765960648500e-01
9.474546911665479021e-01
8.629313192735680316e-01
7.040903462982365246e-01
6.899578556633813031e-01
8.690341592430892437e-01
8.207820210422236418e-01
8.972271778564581135e-01
9.848026925788780916e-01
8.489750396555925116e-01
8.064592906158889463e-01
9.290650112272770267e-01
8.795718452232651474e-01
8.357531073436951230e-01
7.753558045511480534e-01
8.733273298756758507e-01
8.731011087560253126e-01
8.212901472286511240e-01
9.045724913184848281e-01
8.773942793886119196e-01
7.555229060833016375e-01
9.408437250105990968e-01
8.695422854295169479e-01
9.167176559101662958e-01
9.408437250105990968e-01
7.989737474651533722e-01
9.422869435391745263e-01
8.874238391823601191e-01
6.636542207282951633e-01
8.940348053383089244e-01
9.299395882220640175e-01
8.558122269311917441e-01
6.235964969006626557e-01
8.575613809207653926e-01
8.949093823330959152e-01
9.672875896343942070e-01
8.632977700819273181e-01
8.282675641929594379e-01
8.722265317612385438e-01
8.656155656052897385e-01
8.382971239867077484e-01
8.227333657572267755e-01
8.632977700819273181e-01
9.015203484890447205e-01
7.258986198753070163e-01
8.765197023938250398e-01
7.916658610206567248e-01
7.503551584559283727e-01
8.808128730264114248e-01
9.781917264229293973e-01
7.547885587772238392e-01
8.449080901426564427e-01
8.664901426000766183e-01
7.819667707070968588e-01
8.865492621875733503e-01
6.295965341990049646e-01
7.567639338864479148e-01
7.441106431083388539e-01
7.919963305008450583e-01
9.212130172681820550e-01
8.161223996012778592e-01
7.850189135365369664e-01
8.223669149488672669e-01
8.064592906158888352e-01
8.162626292899869407e-01
7.555229060833016375e-01
7.905531119722697397e-01
8.259497686695970176e-01
7.719612413075696011e-01
7.458597970979126135e-01
6.585105034951429515e-01
7.524707632538615298e-01
6.898161802853131075e-01
7.441106431083387429e-01
6.292166867673367747e-01
6.401208235558720760e-01
6.576359265003560717e-01
6.060813939561786601e-01
5.644402219112618635e-01
5.126532907781089499e-01
5.473127697647184320e-01
4.047141666965531348e-01
4.222292696410370194e-01
7.775693517139721234e-01
7.609288257642750075e-01
7.500246889757398172e-01
7.775693517139721234e-01
7.149944830867717149e-01
7.807617242321214235e-01
8.334353118203328137e-01
7.535715613682987257e-01
8.225311750317975124e-01
7.582071524150233444e-01
5.394395758160421828e-01
3.949587602845756606e-01
7.499887076475689751e-01
2.013823937279967391e-01
2.013823937279967391e-01
1.648587635783015370e-01
2.308089964550934792e-01
6.616788456190709766e-01
5.539386892696358117e-02
2.013823937279967391e-01
4.072567376502065906e-01
7.639435415761854919e-01
6.345006336891979570e-01
8.230998165655861731e-01
6.332836362802728436e-01
7.986072966567939746e-01
7.423009737714040268e-01
7.941119352987782154e-01
8.345120795405488456e-01
5.022921810349170180e-01
8.052182628127427799e-01
8.620567422787811518e-01
9.781917264229293973e-01
8.799382960316245450e-01
7.257209631690679785e-01
4.911874376151766919e-01
6.847281469992876346e-01
5.539386892696358117e-02
2.766462103057739652e-01
5.730265631764348555e-01
0.000000000000000000e+00
2.985827626376037491e-01
2.490853205395927028e-01
0.000000000000000000e+00
9.283687693941915231e-02
2.618836207253789072e-01
4.722910771788374484e-01
2.412606910043279262e-01
2.315385123609370321e-01
0.000000000000000000e+00
0.000000000000000000e+00
0.000000000000000000e+00
4.374011009785783721e-01
0.000000000000000000e+00
5.819553248557458591e-01
5.765961082819256456e-01
7.853853643448964750e-01
7.131473867323069316e-01
6.757993853199765200e-01
6.654126508074919011e-01
7.254435027916796841e-01
7.102461953705579978e-01
6.970242630586603871e-01
7.220761484116181572e-01
8.169969765960648500e-01
6.997611943374791865e-01
2.013823937279967391e-01
6.492272419414222284e-01
6.794201696832053994e-01
6.787232493946575573e-01
6.058369159069316723e-01
5.873492936027697731e-01
7.560915476170902982e-01
8.055847136211020665e-01
5.464184384697096108e-01
5.864491021195373799e-01
7.219359187229090757e-01
6.124478820628803666e-01
4.690127132297468582e-01
2.379218117078762407e-01
3.291915191392260076e-01
0.000000000000000000e+00
2.198077308397354823e-01
4.877688439773770757e-01
5.539386892696358117e-02
2.838561543853794777e-01
5.305108141367310681e-01
6.685160328946700981e-01
4.957068293674135040e-01
2.763458713969151881e-01
1.103519798839031896e-01
1.103519798839031896e-01
1.648587635783015370e-01
1.103519798839031896e-01
0.000000000000000000e+00
2.663410514408954821e-01
7.605249479383857647e-01
6.217311436166012006e-01
5.198072839794010136e-01
6.067114929017185521e-01
5.678588155490613687e-01
5.350302058889681023e-01
3.713519547664516640e-01
0.000000000000000000e+00
5.539386892696358117e-02
3.981032005406042185e-01
0.000000000000000000e+00
6.640206715366545609e-01
3.722009172727932524e-01
7.582071524150233444e-01
3.600813671695571316e-01
2.308089964550934792e-01
5.603220331405879273e-01
3.696839608075850880e-01
7.403255986621799511e-01
4.127304207385781853e-01
4.601079819446568520e-01
4.784976618839278384e-01
3.600813671695570761e-01
4.270896361180529510e-01
6.449340713088356214e-01
5.634988235734669226e-01
6.364760087984220327e-01
7.161995295617471502e-01
5.198072839794010136e-01
6.973017234360487926e-01
6.461631481780322206e-01
7.986072966567939746e-01
7.473030156264881541e-01
7.699858661983454144e-01
8.336375025457618548e-01
7.185173250851094595e-01
7.406920494705393487e-01
8.282675641929594379e-01
6.756351252370463856e-01
5.482521382008654909e-01
3.424134514511236183e-01
5.231867006642856310e-01
7.866263921480426413e-01
3.600813671695571316e-01
6.967330819022602428e-01
5.374896767903983852e-01
7.573325754202364646e-01
8.555860058115413169e-01
7.042186250529959279e-01
7.525687056187524426e-01
9.281904342324901469e-01
7.530394047876500796e-01
8.558122269311917441e-01
9.465801141717610223e-01
3.762949269635338378e-01
4.047141666965530793e-01
4.113251328525018846e-01
3.938100299080178335e-01
3.938100299080178335e-01
3.788374979171874046e-01
4.446047390625368911e-01
4.555088758510721925e-01
4.806709516245819547e-01
4.917195941958253380e-01
6.335098573999231597e-01
7.359281796690553268e-01
6.757993853199766310e-01
7.768230534739445359e-01
7.898187646661917194e-01
8.481004626608057428e-01
8.032669180977396461e-01
6.963666310939008453e-01
8.765197023938250398e-01
7.434137228197909009e-01
7.560915476170901872e-01
6.005712259146672727e-01
2.823332215154562008e-01
6.377789976382886028e-01
2.188974966724807347e-01
7.015948940686350666e-01
5.267498000847933293e-01
4.730239787955561326e-01
4.947674609312663896e-01
5.056715977198016354e-01
4.640304256748847833e-01
5.310429707173799363e-01
4.493804213931056890e-01
5.994704278002298548e-01
6.990508774256224411e-01
5.859060750741942325e-01
8.983279759708954204e-01
8.983279759708953094e-01
9.672875896343942070e-01
8.374225469919208686e-01
7.326378647860152249e-01
8.436670623395103874e-01
5.304595748789932008e-01
9.015203484890447205e-01
8.060928398075296597e-01
8.949093823330959152e-01
7.547885587772237281e-01
8.216565980370106326e-01
7.951887030189942474e-01
8.302189089079623496e-01
7.625003230476098404e-01
8.515190562986054701e-01
6.974793801422878303e-01
8.007229014547271317e-01
7.670846748365964807e-01
6.278896675332491517e-01
6.586267027896306470e-01
6.039642050640214865e-01
8.380709028670575433e-01
8.520271824850327302e-01
0.000000000000000000e+00
3.219990184511489217e-01
7.982408458484344660e-01
2.593472960777651326e-01
2.023897567220742377e-01
1.103519798839031896e-01
7.964297308221406357e-01
2.238253024011918058e-01
5.539386892696358117e-02
7.808900029868807158e-01
5.580298623865183050e-01
5.614484560243178102e-01
8.018236995691642166e-01
7.317632877912282341e-01
3.943407407993074210e-01
5.413637116675285021e-01
1.473436606338175137e-01
1.473436606338175137e-01
7.964297308221406357e-01
7.010262525348466278e-01
5.539386892696358117e-02
2.421902425027339656e-01
0.000000000000000000e+00
2.013823937279967391e-01
2.421902425027340211e-01
0.000000000000000000e+00
1.648587635783015370e-01
5.310809013598789541e-01
2.315385123609370321e-01
2.238253024011918058e-01
2.421902425027340211e-01
8.400462779762816190e-01
2.132938935106094835e-01
0.000000000000000000e+00
3.954780238668844650e-01
6.642468926563048770e-01
5.539386892696358117e-02
4.340065377349999753e-01
6.293943434735758125e-01
8.581300224545540534e-01
3.788374979171874046e-01
5.769625590902850432e-01
6.795091601141763915e-01
7.340810833145905434e-01
7.349556603093773122e-01
7.498470322695008905e-01
8.793696544978358842e-01
7.952127334132156333e-01
7.590817294098103352e-01
7.776976304687314157e-01
8.799382960316246560e-01
8.511526054902459615e-01
7.182354200183322934e-01
7.321057082053663567e-01
9.324836048650765319e-01
7.136647890083576140e-01
7.359281796690553268e-01
6.749248083251897512e-01
7.866263921480426413e-01
7.075089399360360298e-01
7.340810833145904324e-01
8.624231930871405494e-01
8.308115808359720633e-01
7.555229060833015264e-01
7.277612983150419934e-01
9.299395882220637954e-01
8.992025529656821892e-01
8.699087362378761235e-01
7.008979737800872245e-01
8.345120795405489567e-01
8.304451300276125547e-01
8.765197023938250398e-01
7.742790368309319105e-01
5.976050745161683997e-01
7.857518151532557615e-01
8.314599367111087380e-01
8.983279759708954204e-01
1.000000000000000000e+00
8.917170098149466151e-01
8.037750442841671283e-01
8.652491147969304519e-01
4.730239787955562436e-01
4.463553387414698759e-01
4.796349449515049934e-01
4.905390817400402947e-01
5.755449653310020786e-01
5.614484560243178102e-01
6.042160406721172050e-01
6.681495820863108115e-01
6.970242630586603871e-01
6.261779405612054594e-01
7.699858661983454144e-01
8.314599367111085160e-01
8.127038059634783540e-01
7.489119399273527211e-01
8.207820210422238638e-01
8.699087362378761235e-01
6.545085140189568218e-01
5.405147594420343093e-01
8.098778842536885625e-01
7.982408458484346880e-01
9.158430789153795271e-01
8.870573883740007215e-01
8.098778842536885625e-01
4.638704416859539270e-01
3.938100299080178335e-01
4.397443725855211261e-01
3.938100299080179445e-01
4.706413918308334776e-01
5.394395758160421828e-01
7.656926955657590295e-01
7.600542487694881277e-01
8.722265317612385438e-01
8.374225469919208686e-01
8.598791764441278129e-01
8.091809639651406094e-01
8.388052501731352306e-01
7.398174724757523579e-01
8.917170098149466151e-01
7.500246889757398172e-01
5.617800059737614315e-01
7.078394094162245853e-01
6.990508774256225522e-01
8.598791764441279240e-01
7.609288257642750075e-01
7.675397919202239239e-01
7.541402029020871645e-01
6.430869749543708380e-01
7.492783907357122297e-01
6.895387199079247020e-01
3.429876895370516099e-01
5.530294046256583052e-01
8.457826671374433225e-01
7.144503755721733906e-01
8.348785303489082432e-01
8.411230456964976510e-01
7.271036663502824515e-01
8.182380043992110163e-01
8.731011087560254236e-01
7.223023695312684733e-01
8.282675641929592159e-01
8.032669180977396461e-01
8.086368564505422851e-01
9.201362495479659120e-01
7.975305289365779426e-01
6.958585049074733631e-01
7.138817340383848409e-01
8.684655177093006939e-01
7.501529677304991095e-01
8.575613809207653926e-01
7.975305289365779426e-01
7.659189166854094566e-01
7.676680706749832162e-01
8.575613809207653926e-01
7.808900029868807158e-01
8.093092427198999017e-01
6.711637942732519013e-01
7.567639338864479148e-01
8.675909407145138141e-01
7.741507580761725071e-01
7.914882043144174650e-01
6.938831297982490653e-01
7.673621352139847751e-01
7.484038137409252389e-01
8.443394486088677819e-01
7.317632877912283451e-01
7.446187692947664472e-01
7.616257460528227385e-01
8.406149195100699467e-01
7.289133356872171676e-01
7.923627813092045669e-01
7.675397919202239239e-01
6.824103514759254363e-01
7.590817294098101131e-01
6.749248083251897512e-01
1.488370848945446967e-01
1.772563246275639381e-01
1.488370848945446967e-01
2.023897567220742377e-01
2.023897567220742377e-01
2.023897567220742377e-01
2.023897567220742377e-01
2.023897567220742377e-01
2.308089964550934792e-01
1.707781444709057794e-01
2.023897567220742377e-01
1.707781444709057794e-01
2.023897567220742377e-01
2.023897567220742377e-01
2.308089964550934792e-01
1.707781444709057794e-01
2.308089964550934792e-01
2.308089964550934792e-01
2.308089964550934792e-01
2.308089964550934792e-01
2.132938935106094835e-01
3.188616204366188644e-01
2.763458713969151326e-01
3.079574836480836186e-01
3.079574836480836186e-01
3.079574836480836186e-01
3.079574836480836186e-01
3.605027924815356610e-01
3.547114288167545482e-01
4.881564947753176398e-01
5.056715977198016354e-01
5.126532907781089499e-01
5.439333530798338145e-01
5.734790054157355987e-01
4.560410324317208941e-01
6.292166867673367747e-01
6.467317897118207703e-01
5.634494456219872882e-01
6.961496860638735074e-01
6.128673419740399142e-01
6.312570219133107896e-01
5.949857882211966320e-01
5.906926175886101360e-01
6.269638512807244046e-01
5.304595748789932008e-01
2.554369146523602363e-01
1.772563246275639381e-01
4.885272216776761489e-01
4.543715927834949819e-01
3.696839608075850880e-01
5.200105551740853427e-01
3.696839608075850325e-01
4.609825589394438983e-01
4.851086280398766437e-01
6.366269602661133176e-01
6.340299345203005421e-01
6.430869749543709490e-01
