3.684325470538464264e-01
4.290880203614059196e-01
5.337832419234200820e-01
6.392429089270762477e-01
7.546448488979519142e-01
7.040425012981531561e-01
7.954157069773170052e-01
7.109706484182879427e-01
8.379258777198264063e-01
7.938555289993434183e-01
7.801768065951978359e-01
6.623650871667604578e-01
8.068073744757242594e-01
8.506591467915125548e-01
8.056433447385700219e-01
7.845733445705499465e-01
7.984966212137402097e-01
7.702798975208902110e-01
7.689382959476115387e-01
8.568604169838829332e-01
7.206230032535508867e-01
8.035078838346062513e-01
8.568604169838829332e-01
7.503999049243742503e-01
5.639967519645412430e-01
6.085205539237932282e-01
5.364780357495050334e-01
6.203083696630199428e-01
5.000075133671103567e-01
6.812996264308168737e-01
8.199367917882295353e-01
6.423792148868923135e-01
8.072035227165436089e-01
8.180458851233106676e-01
8.072035227165436089e-01
7.453626644691582204e-01
8.108991615984808554e-01
7.467042660424370037e-01
7.892144367849465159e-01
7.938555289993433073e-01
8.829416797727692723e-01
8.972351268224287857e-01
7.078897341818648492e-01
8.152956995738328549e-01
8.829416797727692723e-01
8.819962264403096164e-01
2.502542614406639832e-01
4.490090175264923045e-01
1.163106884054399270e-01
4.540462579817083344e-01
1.163106884054399270e-01
3.525952960727266605e-01
1.163106884054399270e-01
5.841807021030572672e-02
0.000000000000000000e+00
0.000000000000000000e+00
0.000000000000000000e+00
5.841807021030572672e-02
0.000000000000000000e+00
1.286410234469368141e-01
3.579909555195771587e-01
2.110435813392724513e-01
2.110435813392724513e-01
1.925646199922752544e-01
1.546955414641624782e-01
0.000000000000000000e+00
4.147945733117462952e-01
4.455009783111604227e-01
6.926508337997459019e-01
6.456787055280103216e-01
5.744429661304890633e-01
6.717599683168965496e-01
6.885850245113391832e-01
5.752925676100772989e-01
0.000000000000000000e+00
5.550977963304849494e-01
4.765232792768810954e-01
0.000000000000000000e+00
6.704572640240497039e-01
3.697628212549348703e-01
4.867509170381340566e-01
3.684325470538464264e-01
4.144638446248010699e-01
5.485657974511694013e-01
0.000000000000000000e+00
5.939123281910571039e-01
5.841807021030572672e-02
5.527177811874764979e-01
0.000000000000000000e+00
1.546955414641624782e-01
1.546955414641624782e-01
1.854178964674454699e-01
0.000000000000000000e+00
0.000000000000000000e+00
0.000000000000000000e+00
0.000000000000000000e+00
4.049371059569626397e-01
0.000000000000000000e+00
2.108783845101377952e-01
3.873670863179027313e-01
5.266365183985903808e-01
4.626861770815914321e-01
7.075195637753955991e-01
7.892144367849465159e-01
5.848746980013085350e-01
8.630616871762530895e-01
9.478374744222276549e-01
7.324108189927776014e-01
8.900884032975988625e-01
8.152956995738328549e-01
7.503999049243744723e-01
8.531647781019456867e-01
7.500037566835551228e-01
8.838871331052287061e-01
8.593660482943158430e-01
6.970473717750976794e-01
8.118446149309402893e-01
8.748495029154798042e-01
8.720993173660019915e-01
6.089736567370520604e-01
7.799322523561530440e-01
6.771119874551890794e-01
5.846301437622636321e-01
6.085205539237932282e-01
7.154730660769923478e-01
5.743471142776178651e-01
6.279081960011084762e-01
4.408758361006324678e-01
6.893918032881061198e-01
6.613137541509487294e-01
5.516467116875924948e-01
3.873670863179027313e-01
5.317667190910766450e-01
2.304336985203880306e-01
3.232437957964580666e-01
2.108783845101377952e-01
3.520736812857757636e-01
6.591782932469850698e-01
5.214476839415997933e-01
3.755792705786761831e-01
5.032500494357889931e-01
6.320961854022465465e-01
5.933775053945454792e-01
5.711434754893709442e-01
4.028680830168272498e-01
5.900391174729956445e-01
8.257419137397807862e-01
7.608461190903222926e-01
7.950195587364977667e-01
7.867088054745134951e-01
8.686482327231095368e-01
7.196775499210914528e-01
6.777426621045720134e-01
8.522193247694861418e-01
7.919646223344245506e-01
6.978412311057827777e-01
7.077381401800905136e-01
4.936253960192299450e-01
2.114991592563316147e-01
9.737614914138353894e-02
5.841807021030572672e-02
1.736568254998794025e-01
5.841807021030572672e-02
5.841807021030572672e-02
5.841807021030572672e-02
1.736568254998794025e-01
4.368217782270606975e-01
3.525952960727266605e-01
6.594228474860298617e-01
3.592204048106055203e-01
2.676820023023069872e-01
3.224712916684443487e-01
5.581527327325582766e-01
1.163106884054399270e-01
4.607968332657189636e-01
4.746908567551734182e-01
3.566447313146197673e-01
4.669570988895186958e-01
8.056433447385700219e-01
3.232437957964580666e-01
4.063016255819591471e-01
6.820530256320236351e-01
3.684325470538464264e-01
6.515227247599932880e-01
6.035646830263200480e-01
6.574665212672369252e-01
6.802482934150051452e-01
5.485657974511694013e-01
3.873670863179027313e-01
7.463340956359678646e-01
6.018269332122220261e-01
6.884463499556466859e-01
5.659401587372521192e-01
5.209243566843094753e-01
8.450726012446562185e-01
4.134483491067890149e-01
7.083263425521625356e-01
7.310692174194987070e-01
8.677027793906499920e-01
6.352324913620626123e-01
7.336008265642817161e-01
4.746908567551734182e-01
6.665695710108595629e-01
7.049879546306125899e-01
7.764811677132607004e-01
7.416930034215710732e-01
9.586798368289947136e-01
9.810654607359433621e-01
8.649525938411721793e-01
7.950195587364977667e-01
7.919646223344245506e-01
5.979781374794639337e-01
6.472388835059840195e-01
7.878728352116679545e-01
8.413769623627190830e-01
8.106546073594360635e-01
7.075195637753955991e-01
9.124740272045476219e-01
8.649525938411721793e-01
7.987151976184351243e-01
7.584920817816637184e-01
7.559864504712305866e-01
6.520315697221552576e-01
6.199935909799433320e-01
8.640071405087125234e-01
7.041940952999276027e-01
7.453626644691584424e-01
7.277697267783806989e-01
4.629030410159469255e-01
5.777279744764787228e-01
2.866165415663633476e-01
4.480225596254622800e-01
4.480225596254622800e-01
5.639578546841094164e-01
2.676820023023069317e-01
4.868780960546051362e-01
6.320961854022465465e-01
6.227437765294213667e-01
5.019898174202531704e-01
5.711045782089392286e-01
5.630124013516499826e-01
6.704572640240497039e-01
6.855041102749159787e-01
6.631184863679672192e-01
7.857633521420541722e-01
7.011796190273327234e-01
7.469488202814819067e-01
5.777279744764787228e-01
6.684604776757785416e-01
6.234446756228358977e-01
2.971625330075718940e-01
7.423077280670852263e-01
7.774266210457201343e-01
7.963611603097763281e-01
6.279081960011084762e-01
6.756072012006083538e-01
4.476641406338278117e-01
5.005552556097041528e-01
7.836278912380905126e-01
4.134483491067890149e-01
4.746908567551735292e-01
6.634492150549123890e-01
5.782513017337690409e-01
4.063016255819591471e-01
7.146662873002253002e-01
7.038239248934582415e-01
1.736568254998794025e-01
5.470056194731958144e-01
5.369311385627637545e-01
6.013738303989635270e-01
3.043092565324016507e-01
4.480225596254622800e-01
5.842339955214445046e-01
7.456072187082032343e-01
7.075195637753955991e-01
8.695936860555689707e-01
9.468920210897679990e-01
7.988667916202095709e-01
8.367358701483221806e-01
7.081342884209097521e-01
8.450726012446564406e-01
7.467042660424371148e-01
7.867088054745134951e-01
6.818084713929786211e-01
8.106546073594360635e-01
7.336008265642817161e-01
8.695936860555689707e-01
7.764811677132607004e-01
8.000567991917137967e-01
8.531647781019456867e-01
7.878728352116679545e-01
7.677742662104571902e-01
8.046978914061105881e-01
7.646933519740339857e-01
8.783005875583722588e-01
8.298337008625372713e-01
7.739755364028275686e-01
8.497136934590531210e-01
9.028216723692850110e-01
6.203083696630199428e-01
8.695936860555690817e-01
8.106546073594360635e-01
8.189913384557701015e-01
8.037524380736511542e-01
7.305199123278586226e-01
7.398020967566522055e-01
7.954157069773170052e-01
8.139540980005540716e-01
8.460180545771156524e-01
7.679928426151519938e-01
7.658833595455383225e-01
7.218130108250551125e-01
8.245778840026263268e-01
8.379258777198266284e-01
7.351610045422553030e-01
7.158303170373797597e-01
7.869273818792085207e-01
6.603683008184892955e-01
6.991828326790614501e-01
5.752925676100772989e-01
6.756072012006083538e-01
6.712106632252563543e-01
7.656388053064934196e-01
8.189913384557701015e-01
6.820530256320236351e-01
6.771119874551890794e-01
7.513453582568339062e-01
8.245778840026263268e-01
8.224424230986627782e-01
8.072035227165436089e-01
7.152810119457395643e-01
8.365842761465478450e-01
9.127185814435926359e-01
8.531647781019456867e-01
7.036852503377657442e-01
8.416215166017638749e-01
7.797806583543787085e-01
6.812996264308168737e-01
7.206230032535508867e-01
7.820677132601167036e-01
6.515227247599933991e-01
9.431963822078308635e-01
8.180458851233106676e-01
5.077019791345339650e-01
7.109706484182879427e-01
8.838871331052287061e-01
8.295891466234923683e-01
8.981805801548881085e-01
7.919646223344245506e-01
8.307791541949968162e-01
6.781128325110414856e-01
6.835477840561231533e-01
7.255086497069924700e-01
6.541670306261188061e-01
7.229770405622095719e-01
4.060994232237776780e-01
3.840722183084633312e-01
6.102025615889881127e-01
3.684325470538463709e-01
5.369311385627637545e-01
3.873670863179027313e-01
6.586694482848231003e-01
6.078096269998974899e-01
2.782279937435154782e-01
1.547222862358230144e-01
2.475056387402324864e-01
5.973634128339496696e-01
0.000000000000000000e+00
9.737614914138353894e-02
3.873670863179028423e-01
3.213513262824927441e-01
3.651376790444069154e-01
5.841807021030572672e-02
6.847118137932775017e-01
5.217311354610764118e-01
2.475056387402324864e-01
0.000000000000000000e+00
3.390564162555207428e-01
1.854178964674454699e-01
0.000000000000000000e+00
4.289493458057133668e-01
2.304336985203880306e-01
1.547222862358230144e-01
7.432531813995446601e-01
3.414058309325007645e-01
2.108783845101377952e-01
2.866165415663633476e-01
4.902020016810264558e-01
5.189420526311667725e-01
4.289493458057133668e-01
2.676820023023069317e-01
4.669570988895186958e-01
4.333983838888574858e-01
2.971625330075718940e-01
4.219412968365760519e-01
4.408758361006324678e-01
3.592204048106055203e-01
4.408758361006324678e-01
3.912189418332931434e-01
7.007430106570350370e-01
4.045409577161434567e-01
3.592204048106055203e-01
3.781549440746619362e-01
5.131369306796156327e-01
1.736568254998794025e-01
4.835786054134871281e-01
4.476641406338278117e-01
3.394265866619901040e-01
3.187802754181856546e-01
5.861349300168444687e-01
3.224712916684443487e-01
9.737614914138353894e-02
3.224712916684443487e-01
4.408758361006324678e-01
3.044822057368473667e-01
1.163106884054399270e-01
1.163106884054399270e-01
2.487474630382505714e-01
1.163106884054399270e-01
4.097950621057150355e-01
4.959141633953074169e-01
6.391467066486947735e-01
5.411191279639018248e-01
4.698329006064211888e-01
2.782279937435154782e-01
5.622445198553147616e-01
7.915684740936053121e-01
7.171719186106583210e-01
6.352324913620626123e-01
6.137923207875730647e-01
6.261948611723138214e-01
5.463908948276815503e-01
6.319999831238649612e-01
5.639967519645412430e-01
5.402695264843135892e-01
6.704572640240497039e-01
6.756072012006083538e-01
8.185951902149509740e-01
6.472388835059840195e-01
6.705959385797422012e-01
8.081489760490030427e-01
7.631331739960603988e-01
6.671188761024997582e-01
7.584920817816634964e-01
7.231286345639839075e-01
7.044386495389723946e-01
8.450726012446564406e-01
5.716523204515329137e-01
6.031685347855009205e-01
8.400353607894404107e-01
5.455710576626467967e-01
6.972919260141425823e-01
7.654872113047189730e-01
3.024167870184363838e-01
5.777279744764787228e-01
7.007430106570350370e-01
4.959141633953074169e-01
3.044822057368473667e-01
2.304336985203880306e-01
4.598103753646888836e-01
1.547222862358230144e-01
2.114991592563316702e-01
2.676820023023069317e-01
5.470056194731957033e-01
5.374234890819645782e-01
4.101534810973495038e-01
4.480225596254622800e-01
2.475056387402324864e-01
3.840722183084633312e-01
1.854178964674454699e-01
5.337832419234200820e-01
5.019898174202530594e-01
3.414058309325007090e-01
4.629030410159469255e-01
5.777279744764787228e-01
7.276181327766063633e-01
7.596820893531679442e-01
7.878728352116679545e-01
2.782279937435154782e-01
3.840722183084633312e-01
4.745669530580882145e-01
3.755792705786761831e-01
4.107405154381745249e-01
2.114991592563316147e-01
5.262663479921209086e-01
1.854178964674454699e-01
1.854178964674454699e-01
1.854178964674454699e-01
4.323828883708453197e-01
2.114991592563316147e-01
3.566447313146197673e-01
3.423512842649601984e-01
3.271824260683937058e-01
1.163106884054399270e-01
1.163106884054399270e-01
2.664401780042888745e-01
3.873670863179028423e-01
1.547222862358230144e-01
5.266365183985903808e-01
4.747185470598627166e-01
4.486095939662873011e-01
1.736568254998794025e-01
6.038092372653649509e-01
4.818375802800032859e-01
2.416007395134207869e-01
3.520736812857757081e-01
3.331391420217192922e-01
3.044822057368473667e-01
5.841807021030572672e-02
1.547222862358230144e-01
3.305634685257335947e-01
1.163106884054399270e-01
1.547222862358230144e-01
3.566447313146197673e-01
2.855476664727910063e-01
1.286410234469368141e-01
2.114991592563316702e-01
2.971625330075718940e-01
2.971625330075718940e-01
3.213513262824927441e-01
5.005552556097041528e-01
4.408758361006324678e-01
4.629030410159469255e-01
5.266365183985903808e-01
4.234754969801998725e-01
5.470056194731957033e-01
7.299051876823444696e-01
8.568604169838829332e-01
6.507159459832263515e-01
8.568604169838829332e-01
9.208107583008819930e-01
8.866373186547065188e-01
8.640071405087127454e-01
8.910338566300584073e-01
8.649525938411721793e-01
8.900884032975988625e-01
8.000567991917137967e-01
7.882689834524870820e-01
7.441986347320039830e-01
7.702798975208902110e-01
7.395575425176073026e-01
6.712106632252563543e-01
7.702798975208902110e-01
7.488397269464006634e-01
7.233731888030288104e-01
6.972919260141425823e-01
7.081342884209097521e-01
7.403514018482922898e-01
6.897490542484935316e-01
4.746908567551734182e-01
7.534808191607975658e-01
4.862618085600444728e-01
4.439685017518905097e-01
3.840722183084633312e-01
2.676820023023069317e-01
5.841807021030572672e-02
2.304336985203880306e-01
5.841807021030572672e-02
5.479510728056551372e-01
2.416007395134207869e-01
9.737614914138353894e-02
6.174619818351604339e-01
4.144638446248010699e-01
2.416007395134207869e-01
0.000000000000000000e+00
2.676820023023069317e-01
2.416007395134207869e-01
2.114991592563316147e-01
2.416007395134207869e-01
3.414058309325007645e-01
6.698690616519775709e-01
4.540462579817083344e-01
5.841807021030572672e-02
6.053694152433385378e-01
1.163106884054399270e-01
1.547222862358230144e-01
1.163106884054399270e-01
4.333983838888574858e-01
3.129751534666345147e-01
5.935161799502379765e-01
5.743471142776178651e-01
3.871648839597212621e-01
7.536993955654924804e-01
6.171572309825651415e-01
6.910906558217722040e-01
5.000075133671103567e-01
4.646440661494307123e-01
8.379258777198264063e-01
5.693912433801446848e-01
2.304336985203880306e-01
7.081342884209097521e-01
8.214969697662033443e-01
8.649525938411721793e-01
8.792460408908318037e-01
7.929100756668839844e-01
7.299051876823443585e-01
4.486095939662873011e-01
4.134483491067889593e-01
8.224424230986627782e-01
4.407896616527319789e-01
2.241029564662250784e-01
6.352324913620625013e-01
5.560172718285946170e-01
7.011796190273327234e-01
9.090229425616553893e-01
6.737162945356894861e-01
5.527177811874764979e-01
6.586694482848232113e-01
8.497136934590531210e-01
4.101534810973495038e-01
3.592204048106055203e-01
6.089736567370520604e-01
6.234446756228358977e-01
3.232437957964580666e-01
4.580450848671945852e-01
1.163106884054399270e-01
1.925646199922752544e-01
4.669570988895186958e-01
5.100006247197995668e-01
4.385628033605444842e-01
5.217311354610765228e-01
6.495259384117221257e-01
4.749631012989074530e-01
5.705812509516487996e-01
8.441271479121967847e-01
6.510307246663029623e-01
1.547222862358230144e-01
6.035646830263200480e-01
4.134483491067890149e-01
7.386120891851477577e-01
7.683889908559713433e-01
9.360496586830009402e-01
7.716884814970893514e-01
8.556704094123787074e-01
8.972351268224287857e-01
8.369804243873669725e-01
8.118446149309402893e-01
7.954157069773170052e-01
7.727855288313232318e-01
8.261380619805999137e-01
8.328886372646105984e-01
7.727855288313232318e-01
8.199367917882295353e-01
8.413769623627189720e-01
7.533421446051051795e-01
8.748495029154798042e-01
8.589699000534967155e-01
8.369804243873671945e-01
8.185951902149509740e-01
1.000000000000000000e+00
8.068073744757242594e-01
8.257419137397806752e-01
8.640071405087127454e-01
8.441271479121967847e-01
7.587366360207085103e-01
9.090229425616553893e-01
6.509345223879213771e-01
6.709661089862114514e-01
5.479510728056552482e-01
6.327268600516294805e-01
6.814123231521594937e-01
4.936253960192298340e-01
1.736568254998794025e-01
8.251926086481404798e-01
7.604888681299348807e-01
4.626861770815914321e-01
1.163106884054399270e-01
6.953355997953497569e-01
8.603115016267753878e-01
1.547222862358230144e-01
7.218130108250552235e-01
8.072035227165436089e-01
3.505279856029305252e-01
5.000075133671103567e-01
7.336008265642817161e-01
8.875827719871659527e-01
1.163106884054399270e-01
1.736568254998794025e-01
5.019898174202530594e-01
3.823069278109690883e-01
8.792460408908318037e-01
8.757949562479392380e-01
7.500037566835550118e-01
8.037524380736511542e-01
7.266726794441468185e-01
8.568604169838829332e-01
2.676820023023069317e-01
2.304336985203880306e-01
8.910338566300582963e-01
8.649525938411721793e-01
8.578058703163423671e-01
6.812996264308168737e-01
6.116568598836092940e-01
6.822450797632763075e-01
2.114991592563316702e-01
6.352324913620625013e-01
5.587934352124223070e-01
7.349164503032105111e-01
7.915684740936053121e-01
7.892144367849465159e-01
3.905180427398785015e-01
6.057001439302838186e-01
6.202121673846383576e-01
6.561638169743900795e-01
3.527745803791903501e-01
2.114991592563316147e-01
6.279081960011084762e-01
4.356594609602456591e-01
1.767049448639623210e-01
4.060994232237776780e-01
7.196775499210914528e-01
3.912189418332931434e-01
3.719259835776022594e-01
7.233731888030288104e-01
4.234754969801999280e-01
0.000000000000000000e+00
6.279081960011084762e-01
4.476641406338278117e-01
6.623650871667604578e-01
5.364780357495050334e-01
5.672003907527880529e-01
5.828923939481658323e-01
2.114991592563316147e-01
2.676820023023069317e-01
3.873670863179028423e-01
2.114991592563316147e-01
4.408758361006324678e-01
3.533498633051803117e-01
2.664401780042888745e-01
6.169126767435202385e-01
4.626861770815914321e-01
5.712821500450635526e-01
3.350023583819488615e-01
3.579909555195771587e-01
6.864495636073755236e-01
9.018762190368253551e-01
6.963464726816831485e-01
7.456072187082032343e-01
8.640071405087127454e-01
8.593660482943158430e-01
7.919646223344245506e-01
7.878728352116679545e-01
7.915684740936053121e-01
7.107930765821637298e-01
7.726339348295487852e-01
6.663250167718148820e-01
6.153524987655466516e-01
6.089736567370520604e-01
7.631331739960603988e-01
5.782513017337690409e-01
7.314653656603179455e-01
8.829416797727692723e-01
8.485236858875486732e-01
8.485236858875486732e-01
8.021662822613275790e-01
8.369804243873671945e-01
8.261380619805999137e-01
7.125308263962616406e-01
8.251926086481404798e-01
8.910338566300584073e-01
8.748495029154798042e-01
8.328886372646105984e-01
7.987151976184351243e-01
8.379258777198266284e-01
8.367358701483221806e-01
8.189913384557701015e-01
5.900391174729956445e-01
5.398588959483660021e-01
3.755792705786761831e-01
6.395428548895140120e-01
5.398588959483660021e-01
2.871778866363172700e-01
3.715298353367830209e-01
1.547222862358230144e-01
5.784288735698933648e-01
4.144638446248009589e-01
4.063016255819591471e-01
3.331391420217192922e-01
2.322667383581134282e-01
6.505772714275338542e-01
5.148487026593637772e-01
6.059187203349787332e-01
3.784596949272573396e-01
5.666410578306667611e-01
7.218130108250551125e-01
2.676820023023069317e-01
6.207614724762784419e-01
6.910906558217723150e-01
2.304336985203880306e-01
3.918059761741181091e-01
6.541670306261189172e-01
5.455710576626467967e-01
3.070578792328331197e-01
4.289493458057134778e-01
3.213513262824927441e-01
7.243186421354883553e-01
4.811118713834858784e-01
0.000000000000000000e+00
2.475056387402324864e-01
6.541670306261189172e-01
1.736568254998794025e-01
5.841807021030572672e-02
4.265664390471040068e-01
6.876395711788797493e-01
5.927223206195528782e-01
4.498272918424807698e-01
7.107930765821637298e-01
6.640639397004266531e-01
7.036463530573339176e-01
8.388713310522859512e-01
7.137208339677659774e-01
6.756072012006083538e-01
7.735793881620084411e-01
7.801768065951978359e-01
6.623650871667604578e-01
3.570455021871176693e-01
6.203083696630199428e-01
4.147945733117462952e-01
2.652715256354559181e-01
4.747185470598627166e-01
5.005552556097041528e-01
0.000000000000000000e+00
0.000000000000000000e+00
4.097950621057150355e-01
3.669424112614253497e-01
1.546955414641624782e-01
1.286410234469368141e-01
2.855476664727910063e-01
5.230338397539233686e-01
2.416007395134207314e-01
5.841807021030572672e-02
5.841807021030572672e-02
2.487474630382505714e-01
3.684325470538463709e-01
2.682433473722609096e-01
4.486095939662873011e-01
5.213349872202571733e-01
6.704572640240497039e-01
5.711434754893710553e-01
5.266365183985903808e-01
2.304336985203880306e-01
4.486095939662873011e-01
4.746908567551735292e-01
6.776039875488796271e-01
5.470056194731958144e-01
7.395575425176073026e-01
6.038092372653649509e-01
7.382159409443286302e-01
6.539894587899945932e-01
6.972919260141425823e-01
6.873950169398349574e-01
7.617915724227817265e-01
8.437309996713776572e-01
7.797806583543785974e-01
7.720846297379088119e-01
6.965385268129359320e-01
6.623650871667604578e-01
6.468816325455964966e-01
7.533421446051051795e-01
6.847507110737093283e-01
5.883257826442011007e-01
5.828923939481658323e-01
8.518231765286669033e-01
9.279574818257116942e-01
7.811222599276572698e-01
5.148487026593637772e-01
8.174311604777965146e-01
6.443760012351634758e-01
6.566726619365519380e-01
8.910338566300584073e-01
5.197066588081160621e-01
7.467042660424371148e-01
8.578058703163423671e-01
7.675966943743329773e-01
8.792460408908318037e-01
8.677027793906499920e-01
9.018762190368255771e-01
8.568604169838829332e-01
9.208107583008818819e-01
9.431963822078308635e-01
9.478374744222276549e-01
8.105030133576616169e-01
8.910338566300582963e-01
8.450726012446564406e-01
9.289029351581711280e-01
8.257419137397806752e-01
7.892144367849465159e-01
7.107930765821637298e-01
7.490583033510956890e-01
7.167757703698391936e-01
7.631331739960603988e-01
6.978412311057827777e-01
8.435124232666828537e-01
6.367926693400360882e-01
4.698329006064211888e-01
8.106546073594360635e-01
7.086835935125499475e-01
3.755792705786761831e-01
5.929668748585977811e-01
6.963464726816831485e-01
4.617407237491318872e-01
2.652715256354559181e-01
1.163106884054399270e-01
5.966625137405351387e-01
1.163106884054399270e-01
4.476641406338278117e-01
2.487474630382505714e-01
2.676820023023069317e-01
6.274550931878496440e-01
9.737614914138353894e-02
9.737614914138353894e-02
9.737614914138353894e-02
3.024167870184363838e-01
6.367926693400360882e-01
3.781549440746619362e-01
3.402858655465491600e-01
1.854178964674454699e-01
2.114991592563316147e-01
1.546955414641624782e-01
