5.718802501202320254e-01
8.206188077019449523e-01
7.317488696810640070e-01
9.529207948653699578e-01
7.625879010187196494e-01
8.591371416479473000e-01
8.191699867577393324e-01
8.824893656893437743e-01
7.859401250601159017e-01
7.729325415431435031e-01
7.548687897501261679e-01
7.658204912987215396e-01
8.019479948847560991e-01
7.838842430917388748e-01
8.309634482263688060e-01
7.714837205989378832e-01
6.459190266280975257e-01
6.554219072324872775e-01
7.729325415431435031e-01
7.149016348599182002e-01
7.077895846154962367e-01
7.077895846154962367e-01
8.128996964333514708e-01
7.948359446403342465e-01
7.548687897501261679e-01
8.419151497749641777e-01
7.897797763642891988e-01
6.426864363480956355e-01
4.919459403398159791e-01
7.625879010187196494e-01
6.841024121825093340e-01
4.919459403398159791e-01
8.309937546377872686e-02
3.827240645852063583e-01
3.581951322321853537e-01
2.965170695568739023e-01
5.169092362769351912e-01
3.311108694379868433e-01
0.000000000000000000e+00
0.000000000000000000e+00
4.110451792184029451e-01
8.309937546377872686e-02
0.000000000000000000e+00
2.169150839635437256e-01
2.710240807863844581e-01
6.030542298494783182e-01
0.000000000000000000e+00
3.457946097393843621e-01
3.311108694379868433e-01
0.000000000000000000e+00
3.586775018353938749e-01
5.346786826418290506e-01
6.560289682566585734e-01
0.000000000000000000e+00
0.000000000000000000e+00
0.000000000000000000e+00
6.388069763836755621e-01
8.309937546377872686e-02
0.000000000000000000e+00
3.972202777066312640e-01
6.548148462083157595e-01
8.309937546377872686e-02
2.169150839635437256e-01
2.965170695568739023e-01
7.027334163394513000e-01
7.149016348599182002e-01
3.122926354091800638e-01
0.000000000000000000e+00
2.710240807863844581e-01
1.769479290733357024e-01
2.169150839635437256e-01
0.000000000000000000e+00
0.000000000000000000e+00
0.000000000000000000e+00
2.817257167041052890e-01
5.737038281162749609e-01
0.000000000000000000e+00
0.000000000000000000e+00
8.309937546377872686e-02
4.226912194754144925e-01
3.311108694379868433e-01
2.817257167041052890e-01
2.459305373051563770e-01
5.689826082318206746e-01
7.954430056645056535e-01
7.607643230226766029e-01
1.650966509737299415e-01
4.038255164226097205e-01
8.549227332919365763e-01
7.548687897501261679e-01
5.189055117130515482e-01
7.445241492257024252e-01
7.445241492257024252e-01
8.605859625921531419e-01
8.715376641407484026e-01
7.735396025673150211e-01
8.896014159337656269e-01
8.620347835363586508e-01
8.549227332919365763e-01
8.729864850849540225e-01
8.220676286461505722e-01
5.271069925848536064e-01
5.028976418884113508e-01
6.149072978503683506e-01
6.149072978503683506e-01
6.560289682566586844e-01
6.450772667080633127e-01
6.841024121825092230e-01
6.426864363480956355e-01
6.793811922980549367e-01
7.788280748156939381e-01
7.098454665838732636e-01
8.187952297059019058e-01
7.424682672573251763e-01
7.678763732670985664e-01
8.244584590061183604e-01
9.129536399751619902e-01
1.000000000000000000e+00
9.405202723725690772e-01
4.517066728170270329e-01
7.140598749398839873e-01
4.517066728170270329e-01
7.954430056645056535e-01
4.871398376946455833e-01
9.239053415237572509e-01
6.797559493498924743e-01
5.746458375320370182e-01
6.450772667080633127e-01
5.858918445087558657e-01
3.255325228984866093e-01
5.319130952300239468e-01
2.965170695568739023e-01
4.110451792184029451e-01
6.213502856148297449e-01
4.645415588939261764e-01
1.769479290733357024e-01
5.461371957188679849e-01
1.769479290733357024e-01
4.919459403398159791e-01
1.769479290733357024e-01
1.769479290733357024e-01
3.710780243281948665e-01
4.079594731549064934e-01
1.769479290733357024e-01
1.769479290733357024e-01
3.058274548491763944e-01
3.936757661338016745e-01
2.169150839635437256e-01
2.459305373051564048e-01
6.207432245906582269e-01
1.650966509737299415e-01
4.517066728170271439e-01
7.459729701699079341e-01
4.226912194754143814e-01
2.965170695568739023e-01
6.740927200496760197e-01
2.965170695568739023e-01
7.735396025673150211e-01
3.348429081907890459e-01
4.038255164226097205e-01
2.169150839635437256e-01
8.309937546377872686e-02
5.286406962897752804e-01
5.639884414115651223e-01
6.118474050104399931e-01
4.038255164226097205e-01
3.255325228984866093e-01
4.117395179268190653e-01
6.950541137311045947e-01
8.528668513235594384e-01
8.330193301947458329e-01
8.187952297059019058e-01
9.129536399751619902e-01
8.019479948847560991e-01
7.083966456396675326e-01
8.818823046651723674e-01
8.439710317433413156e-01
8.419151497749641777e-01
8.259072799503239803e-01
9.709845466583872930e-01
7.788280748156939381e-01
8.149555784017286086e-01
7.445241492257024252e-01
8.729864850849540225e-01
7.498126214740812312e-01
7.838842430917388748e-01
5.677684861834777497e-01
7.948359446403342465e-01
7.439170882015309072e-01
6.879420634866826312e-01
7.678763732670986775e-01
6.278552748350803014e-01
7.548687897501261679e-01
8.715376641407484026e-01
8.149555784017286086e-01
8.729864850849540225e-01
8.078435281573066451e-01
6.968378830669008650e-01
8.591371416479473000e-01
8.425222107991356957e-01
8.191699867577393324e-01
8.425222107991356957e-01
7.025011123671172086e-01
8.481854400993520393e-01
7.916033543603323563e-01
6.459190266280975257e-01
7.459729701699079341e-01
8.149555784017286086e-01
6.921564718426934659e-01
6.270135149150459775e-01
7.711487722073472328e-01
8.910502368779713578e-01
6.731507106339138513e-01
8.078435281573065341e-01
8.715376641407484026e-01
7.098454665838732636e-01
5.319130952300239468e-01
5.609285485716366537e-01
4.517066728170270329e-01
5.609285485716366537e-01
9.005531174823608875e-01
5.861043506090759525e-01
7.140598749398839873e-01
5.319130952300239468e-01
2.169150839635437256e-01
5.561224459264662023e-01
8.128996964333515818e-01
1.650966509737299415e-01
0.000000000000000000e+00
0.000000000000000000e+00
3.255325228984865538e-01
8.019479948847560991e-01
4.448667352051859369e-01
9.348570430723526226e-01
5.580309066832253029e-01
1.360811976321172623e-01
4.229633321079953046e-01
7.060058152796999664e-01
1.650966509737299415e-01
7.729325415431435031e-01
4.168552927351246717e-01
3.537682177758544322e-01
8.309937546377872686e-02
2.169150839635437256e-01
7.901545334161267364e-01
6.039555963017730900e-01
0.000000000000000000e+00
1.650966509737299415e-01
8.309937546377872686e-02
0.000000000000000000e+00
6.740927200496760197e-01
0.000000000000000000e+00
4.614816660539976523e-01
6.729382045335937645e-01
6.329710496433857969e-01
9.819362482069826648e-01
6.039555963017732010e-01
6.858861815183054933e-01
4.780965969028093676e-01
2.169150839635437256e-01
5.861043506090759525e-01
8.309937546377872686e-02
2.459305373051563770e-01
8.309937546377872686e-02
6.329710496433857969e-01
6.917817147908559283e-01
5.028976418884113508e-01
9.529207948653699578e-01
7.788280748156939381e-01
7.031081733912886156e-01
8.078435281573065341e-01
8.948898881821447659e-01
9.295685708239738165e-01
5.346786826418290506e-01
5.045087137841341995e-01
9.819362482069826648e-01
7.607643230226766029e-01
8.025550559089277280e-01
6.921564718426934659e-01
2.710240807863844581e-01
6.631410185010807590e-01
6.950541137311045947e-01
3.827240645852063583e-01
8.309937546377872686e-02
0.000000000000000000e+00
1.650966509737299415e-01
1.650966509737299415e-01
8.309937546377872686e-02
2.675016162152612509e-01
8.881525949895600069e-01
7.131178655241219300e-01
8.549227332919365763e-01
7.388609199254860815e-01
3.827240645852063583e-01
2.565499146666659347e-01
0.000000000000000000e+00
1.360811976321172623e-01
4.466903132012290389e-01
9.020019384265666185e-01
8.948898881821446549e-01
9.129536399751619902e-01
8.439710317433413156e-01
7.821004737559426045e-01
8.839381866335492832e-01
8.528668513235594384e-01
8.818823046651721453e-01
8.419151497749641777e-01
8.078435281573065341e-01
7.625879010187196494e-01
4.181572294628249087e-01
0.000000000000000000e+00
5.032723989402487774e-01
3.581951322321853537e-01
2.169150839635437256e-01
4.517066728170270329e-01
5.456303841904244223e-01
8.605859625921531419e-01
4.117395179268190653e-01
2.459305373051563770e-01
4.324662127123850008e-01
8.419151497749642887e-01
9.310173917681793254e-01
9.419690933167746971e-01
6.103985840662343731e-01
7.625879010187196494e-01
6.027192814578876678e-01
3.457946097393843621e-01
6.518145599006479607e-01
5.550330152990862187e-01
2.965170695568739023e-01
5.470792051346300422e-01
0.000000000000000000e+00
8.309937546377872686e-02
0.000000000000000000e+00
8.309937546377872686e-02
8.309937546377872686e-02
6.039555963017730900e-01
3.457946097393843621e-01
1.360811976321172623e-01
2.965170695568738468e-01
1.360811976321172623e-01
0.000000000000000000e+00
0.000000000000000000e+00
4.226912194754143814e-01
3.122926354091800638e-01
1.769479290733357024e-01
5.335241671257467955e-01
6.660386603894919988e-01
1.360811976321172623e-01
8.309937546377872686e-02
2.965170695568738468e-01
8.309937546377872686e-02
0.000000000000000000e+00
6.136709830064829285e-01
0.000000000000000000e+00
0.000000000000000000e+00
1.769479290733357024e-01
3.876929551770065818e-01
0.000000000000000000e+00
2.877637030561590592e-01
8.729864850849540225e-01
0.000000000000000000e+00
8.309937546377872686e-02
5.286406962897752804e-01
6.864932425424770113e-01
0.000000000000000000e+00
8.309937546377872686e-02
5.718802501202320254e-01
4.523137338411985509e-01
8.135067574575230998e-01
2.965170695568738468e-01
3.058274548491763944e-01
1.769479290733357024e-01
6.518145599006479607e-01
1.360811976321172623e-01
1.769479290733357024e-01
4.226912194754143814e-01
4.871398376946455833e-01
4.466903132012290389e-01
1.650966509737299415e-01
8.309937546377872686e-02
8.309937546377872686e-02
0.000000000000000000e+00
0.000000000000000000e+00
2.965170695568739023e-01
0.000000000000000000e+00
2.169150839635437256e-01
1.360811976321172623e-01
3.356448594505763716e-01
3.758841269733652624e-01
3.646603127921890231e-01
3.348429081907890459e-01
0.000000000000000000e+00
0.000000000000000000e+00
8.309937546377872686e-02
1.360811976321172623e-01
0.000000000000000000e+00
8.309937546377872686e-02
0.000000000000000000e+00
0.000000000000000000e+00
8.309937546377872686e-02
0.000000000000000000e+00
8.309937546377872686e-02
3.122926354091800638e-01
8.309937546377872686e-02
0.000000000000000000e+00
0.000000000000000000e+00
0.000000000000000000e+00
0.000000000000000000e+00
0.000000000000000000e+00
8.309937546377872686e-02
0.000000000000000000e+00
6.755415409938817506e-01
2.169150839635437256e-01
1.650966509737299415e-01
8.309937546377872686e-02
8.149555784017286086e-01
2.169150839635437256e-01
4.517066728170270329e-01
0.000000000000000000e+00
8.309937546377872686e-02
0.000000000000000000e+00
0.000000000000000000e+00
8.309937546377872686e-02
2.880580084842824795e-01
0.000000000000000000e+00
0.000000000000000000e+00
0.000000000000000000e+00
8.309937546377872686e-02
0.000000000000000000e+00
0.000000000000000000e+00
8.309937546377872686e-02
0.000000000000000000e+00
1.650966509737299415e-01
3.457946097393843621e-01
8.309937546377872686e-02
3.448127916633755286e-01
0.000000000000000000e+00
0.000000000000000000e+00
3.122926354091800638e-01
3.586775018353938749e-01
0.000000000000000000e+00
3.710780243281948665e-01
0.000000000000000000e+00
0.000000000000000000e+00
3.710780243281948665e-01
2.094707095320358925e-01
5.718802501202320254e-01
2.565499146666659347e-01
0.000000000000000000e+00
0.000000000000000000e+00
3.748100630809970690e-01
0.000000000000000000e+00
0.000000000000000000e+00
8.309937546377872686e-02
0.000000000000000000e+00
8.309937546377872686e-02
0.000000000000000000e+00
0.000000000000000000e+00
2.557105496701603253e-01
3.448127916633755286e-01
0.000000000000000000e+00
8.309937546377872686e-02
6.426864363480956355e-01
8.309937546377872686e-02
0.000000000000000000e+00
3.255325228984865538e-01
3.537682177758544322e-01
0.000000000000000000e+00
0.000000000000000000e+00
4.226912194754143814e-01
0.000000000000000000e+00
2.094707095320358925e-01
3.827240645852063583e-01
5.737038281162749609e-01
2.094707095320358925e-01
0.000000000000000000e+00
8.309937546377872686e-02
4.479266280451144611e-01
2.459305373051563770e-01
1.650966509737299415e-01
2.877637030561590592e-01
0.000000000000000000e+00
4.581243843530328763e-01
8.309937546377872686e-02
6.320696831910910252e-01
0.000000000000000000e+00
5.718802501202320254e-01
5.917277712490455199e-01
0.000000000000000000e+00
6.660386603894919988e-01
2.877637030561590592e-01
8.309937546377872686e-02
2.880580084842824795e-01
8.309937546377872686e-02
4.226912194754143814e-01
4.645415588939261764e-01
2.965170695568739023e-01
7.445241492257024252e-01
6.550869588408966271e-01
3.122926354091800638e-01
8.549227332919365763e-01
0.000000000000000000e+00
6.299111568034573283e-01
0.000000000000000000e+00
3.878398393935120758e-01
0.000000000000000000e+00
0.000000000000000000e+00
1.360811976321172623e-01
8.309937546377872686e-02
8.309937546377872686e-02
0.000000000000000000e+00
5.568763911671431588e-01
4.048995803149779693e-01
0.000000000000000000e+00
2.169150839635437256e-01
0.000000000000000000e+00
1.769479290733357024e-01
0.000000000000000000e+00
0.000000000000000000e+00
4.079594731549064934e-01
1.769479290733357024e-01
1.360811976321172623e-01
0.000000000000000000e+00
1.769479290733357024e-01
0.000000000000000000e+00
4.226912194754143814e-01
3.646603127921890231e-01
8.439710317433413156e-01
