5.102223876323547236e-01
5.054463062674258156e-01
5.489235329455003365e-01
7.024110090070204704e-01
6.923799475287093497e-01
7.369197288210521668e-01
7.974211010967140467e-01
8.280373969246143107e-01
8.799878082460975692e-01
8.214326479635015721e-01
8.114015864851904514e-01
9.041283568537659132e-01
7.933426754456679442e-01
8.142093495347967336e-01
7.986197618813070109e-01
8.740351724188326621e-01
4.753765580902705734e-01
6.359791072263505374e-01
7.622589382133134750e-01
5.942221954672876061e-01
5.533182919378628606e-01
5.542739511335075253e-01
3.863897737091677720e-01
6.597092143535985276e-01
3.888785996384053756e-01
3.874594327528798066e-01
3.258884014335058921e-01
4.140706346821019790e-01
3.858530893631680336e-01
3.575627807256768764e-01
2.399871101932614659e-01
5.348639413107331153e-01
1.030671524026057911e-01
7.662083621234788700e-01
7.151195018585360108e-01
2.601713872046405029e-01
5.429473335374299658e-01
6.642550814090989464e-01
7.141289490611146817e-01
3.219389775233406081e-01
7.248465539744587405e-01
1.030671524026057911e-01
2.928584522080855956e-01
7.997614227418661237e-01
6.995073445821975433e-01
2.883252073326318388e-01
3.089711512545423866e-01
1.030671524026057911e-01
7.049024387153102200e-01
6.181880629733348398e-01
4.270384609509000895e-01
8.308451599742203708e-01
3.375900096592658328e-01
7.051703055018171407e-01
2.661308707180293776e-01
3.627944428167234614e-01
4.270384609509002005e-01
1.540257303720333759e-01
1.540257303720333759e-01
1.030671524026057911e-01
1.030671524026057911e-01
2.860623637971312361e-01
4.507225621975214369e-01
5.172107413842279983e-02
7.341689656954798471e-01
4.909648158082393077e-01
5.172107413842279983e-02
5.172107413842279983e-02
2.287505402442335245e-01
2.045834407559066204e-01
3.480827380481084088e-01
2.892519125198954044e-01
6.379602128211931955e-01
3.702770746627109810e-01
5.136835937513298811e-01
3.616302123333157148e-01
4.941997888755960133e-01
1.884707417094498016e-01
5.172107413842279983e-02
5.172107413842279983e-02
2.883252073326318943e-01
1.540257303720333759e-01
5.329162720591188451e-01
6.615861834051186552e-01
9.384859686046599370e-01
7.156200436286543898e-01
8.707612979002932185e-01
8.396775606679386383e-01
8.459673062232559992e-01
9.485170300829708356e-01
8.880156578073090667e-01
8.681616428378583494e-01
8.023610778043006597e-01
8.357281367577734654e-01
6.940668261044924403e-01
7.930386660832797752e-01
6.017853908181142186e-01
5.891767805996254159e-01
3.439822060748053412e-01
5.064354018062986462e-01
1.379130313255765572e-01
5.172107413842279983e-02
5.172107413842279983e-02
1.030671524026057911e-01
5.172107413842279983e-02
3.258884014335058921e-01
5.172107413842279983e-02
3.097529434251951597e-01
1.030671524026057911e-01
5.172107413842279983e-02
5.172107413842279983e-02
4.476223653649684109e-01
5.172107413842279983e-02
5.172107413842279983e-02
7.642621501304129872e-01
1.884707417094497739e-01
5.064354018062985352e-01
3.250105185486312220e-01
1.379130313255765572e-01
5.695599927252007477e-01
6.725259325592587434e-01
9.082637824288458672e-01
2.386132618214851231e-01
8.252640641761932461e-01
5.172107413842279983e-02
2.399871101932614659e-01
2.164189252068826341e-01
7.807119589049222874e-01
4.161679547383055344e-01
6.034487058130919568e-01
5.172107413842279983e-02
5.172107413842279983e-02
5.172107413842279983e-02
5.172107413842279983e-02
1.540257303720333759e-01
5.172107413842279983e-02
2.924985835181792559e-01
2.109065848780065089e-01
2.386132618214851231e-01
6.986126931599928591e-01
1.902751646821147224e-01
5.693825244295102062e-01
8.577934716314951080e-01
7.642621501304129872e-01
2.928584522080855956e-01
4.908318803527852436e-01
6.676678209732644920e-01
6.874620771433795907e-01
7.442818922953831073e-01
3.258884014335058921e-01
6.391239800040091623e-01
8.418097743259191912e-01
1.902751646821147224e-01
6.435965153071416811e-01
1.030671524026057911e-01
5.172107413842279983e-02
4.994936704401609640e-01
3.097529434251951597e-01
3.322086435754351696e-01
1.902751646821147224e-01
2.109065848780065089e-01
1.030671524026057911e-01
5.172107413842279983e-02
3.525566032867618049e-01
1.030671524026057911e-01
0.000000000000000000e+00
3.550440992804783646e-01
0.000000000000000000e+00
1.379130313255765850e-01
8.695445335614898630e-02
5.172107413842279983e-02
2.875586068105926429e-01
5.037997066215833541e-01
7.386189313757636210e-01
2.399871101932614659e-01
7.139208410739430466e-01
4.222495923064511492e-01
7.409592530209154759e-01
6.869725294166684204e-01
8.650167700601999465e-01
5.123324949680782003e-01
4.449434767332154927e-01
6.311071244862049845e-01
5.746731838181819985e-01
2.500181716715725311e-01
6.723399308943440733e-01
8.695445335614898630e-02
4.909648158082393077e-01
8.695445335614898630e-02
7.163914943954967640e-01
7.151195018585360108e-01
7.901978026680093192e-01
2.892519125198954044e-01
3.702770746627109810e-01
8.186818848379290303e-01
8.416807725850381505e-01
5.095247319184720292e-01
6.396470913969762861e-01
6.467413880848003060e-01
2.045834407559066204e-01
5.651416701520325381e-01
2.386132618214851231e-01
2.109065848780065089e-01
7.869570285151339384e-01
4.646881198280172764e-01
4.699329974023483403e-01
2.109065848780065089e-01
5.247259844137982521e-01
7.601267245553329222e-01
3.863670147473138861e-01
8.549857085818887148e-01
4.603206125725635145e-01
7.703437876985587129e-01
6.652456342065202755e-01
7.510862158744432415e-01
8.135338001431708932e-01
8.377313486748728666e-01
8.638751091996407228e-01
7.361151776885456188e-01
7.933426754456679442e-01
7.379102816184736069e-01
7.836487236954092772e-01
6.990886679336713039e-01
5.781330600016362231e-01
6.787586781905423639e-01
6.917265044593404744e-01
4.050963267325405903e-01
4.798477634578819373e-01
5.678938905361535783e-01
3.411737903856020826e-01
5.650362319919571830e-01
5.652955654092398641e-01
6.146573157116957953e-01
7.021516755897375672e-01
5.447660010481635284e-01
8.055059505819593957e-01
7.377812798775926773e-01
7.872610378775222184e-01
7.445371369018430885e-01
7.221346923000691032e-01
6.869725294166685314e-01
7.502816647419365825e-01
7.225062323293068856e-01
8.416807725850382615e-01
8.699567467677864485e-01
7.318286440503278811e-01
7.499445550138841288e-01
8.696196370397339948e-01
7.976292090838855708e-01
7.761214159043162697e-01
8.549857085818888258e-01
9.054560193792395850e-01
9.025192545887524842e-01
9.416308413823185619e-01
8.546485988538364831e-01
8.803249179741502450e-01
8.710984076283456723e-01
8.742432804060041862e-01
7.905349123960614399e-01
8.642122189276931765e-01
6.335777778077588129e-01
8.607302364219820978e-01
7.667314735164457717e-01
9.485170300829711687e-01
7.994243130138136699e-01
1.000000000000000000e+00
8.033737369239790649e-01
8.198235456984880321e-01
7.027481187350729241e-01
7.450045783062975158e-01
8.581305813595474508e-01
6.798310961095559435e-01
7.601046182330761791e-01
8.174832240533361771e-01
8.557902597143954848e-01
9.125503160670637159e-01
8.227603104889753549e-01
6.802497727580820719e-01
5.031280909445307037e-01
6.423757482002918628e-01
7.966165499642073877e-01
7.954748891036482750e-01
8.055059505819593957e-01
6.708598303702116850e-01
5.621688652392647922e-01
4.814581956584162992e-01
6.667814047191654714e-01
7.086437546383039798e-01
3.641954370945652553e-01
6.862983099605636239e-01
5.653733417200096367e-01
3.058262784768837617e-01
2.722125082861751033e-01
2.045834407559066204e-01
3.375900096592657773e-01
5.985115162995747751e-01
2.883252073326318943e-01
2.883252073326318943e-01
2.045834407559066204e-01
2.460561255813605575e-01
5.551106086737214174e-01
4.132051499109882231e-01
5.172107413842279983e-02
5.172107413842279983e-02
2.386132618214851231e-01
5.263350866788115701e-01
5.172107413842279983e-02
5.172107413842279983e-02
5.172107413842279983e-02
2.399871101932614659e-01
1.662764050948472572e-01
0.000000000000000000e+00
1.401326445700793732e-01
1.723580426629930107e-01
5.172107413842279983e-02
0.000000000000000000e+00
0.000000000000000000e+00
5.172107413842279983e-02
4.349124152549043720e-01
6.367103266064891853e-01
2.775503042941355192e-01
0.000000000000000000e+00
5.792054779206496917e-01
2.441832453406627690e-01
1.662764050948472572e-01
0.000000000000000000e+00
2.393346988582950863e-01
2.225005627750283599e-01
0.000000000000000000e+00
5.172107413842279983e-02
2.992829739982064696e-01
3.216239741175450639e-01
5.172107413842279983e-02
2.386132618214851231e-01
5.757927383564841461e-01
2.386132618214851231e-01
1.540257303720333759e-01
3.406455305467134265e-01
2.924985835181792559e-01
8.695445335614898630e-02
2.164189252068826341e-01
4.827509645821130846e-01
4.740254593070188927e-01
3.702543157008570396e-01
5.429708971182354293e-01
2.892519125198954044e-01
0.000000000000000000e+00
1.379130313255765572e-01
0.000000000000000000e+00
5.172107413842279983e-02
2.209755969667850095e-01
0.000000000000000000e+00
0.000000000000000000e+00
0.000000000000000000e+00
0.000000000000000000e+00
0.000000000000000000e+00
8.695445335614898630e-02
0.000000000000000000e+00
1.884707417094498016e-01
1.030671524026057911e-01
0.000000000000000000e+00
8.695445335614898630e-02
0.000000000000000000e+00
1.030671524026057911e-01
1.540257303720333759e-01
1.953834812907608576e-01
3.439822060748053412e-01
3.714770653828248226e-01
3.403084208186610282e-01
2.892519125198954599e-01
3.702543157008570396e-01
5.172107413842279983e-02
0.000000000000000000e+00
0.000000000000000000e+00
5.172107413842279983e-02
3.241957217722041817e-01
0.000000000000000000e+00
1.611946393668597655e-01
0.000000000000000000e+00
2.399871101932614659e-01
5.388133652208985103e-01
5.746510774959250334e-01
3.802853771791681603e-01
4.446856005744813101e-01
7.270967753299126812e-01
2.860623637971312361e-01
5.172107413842279983e-02
2.003062261604257877e-01
6.672819464892839614e-01
2.883252073326318943e-01
5.172107413842279983e-02
5.559151598062280764e-01
5.984630497447651631e-01
8.695445335614898630e-02
3.380516765697973436e-01
5.336153850315502600e-01
5.814413648213607733e-01
1.540257303720333759e-01
4.383622913529079956e-01
1.953834812907608576e-01
1.662764050948472572e-01
1.540257303720333759e-01
3.411737903856020826e-01
1.401326445700793732e-01
5.172107413842279983e-02
4.788015406719478007e-01
8.695445335614898630e-02
1.540257303720333759e-01
0.000000000000000000e+00
2.045834407559066204e-01
1.540257303720333759e-01
1.401326445700793732e-01
2.440586881581836842e-01
2.997446409087380359e-01
2.399871101932614659e-01
3.971284909868120772e-01
3.189794537709996214e-01
7.490830039573437293e-01
1.902751646821147224e-01
0.000000000000000000e+00
7.989568716093593537e-01
4.202994465988122985e-01
7.801667411896981985e-01
7.762173172795330256e-01
7.749117610763162078e-01
8.829245730365846700e-01
8.803249179741500230e-01
9.156951888447221188e-01
9.263226934683684854e-01
8.903559794524610327e-01
9.907734896541956493e-01
8.840662338971440048e-01
8.697707451028717784e-01
8.618718972825412106e-01
7.606498359483000460e-01
8.868739969467499540e-01
8.932927442429481335e-01
8.074521625750250564e-01
9.194365047677161007e-01
8.198235456984880321e-01
8.478914118940649169e-01
8.345864758972143527e-01
8.799878082460975692e-01
9.102099944219117500e-01
8.961005072925544157e-01
9.125503160670636049e-01
4.937686451432723445e-01
4.653454966119594527e-01
5.332212753794639548e-01
3.702543157008570396e-01
3.380516765697973436e-01
5.358530368496060570e-01
3.963980762256248958e-01
7.545681983801542092e-01
4.185924128402274125e-01
3.831715691791411915e-01
5.210580002431725033e-01
5.259940432361858154e-01
4.977180690534376284e-01
4.324666554496768844e-01
3.089711512545423866e-01
4.692949205221247366e-01
4.442079135261067235e-01
4.280952144796498215e-01
2.992829739982064696e-01
3.963980762256248958e-01
4.059008778650473048e-01
3.219389775233405526e-01
2.883252073326318943e-01
6.925310555918471334e-01
4.024797137937706770e-01
4.341768520477956028e-01
5.382169220755634864e-01
4.737661258897363226e-01
4.637350644114252574e-01
4.893321499624204707e-01
4.059008778650473048e-01
5.059915239826499045e-01
4.270384609509000895e-01
3.219389775233406081e-01
3.714770653828248226e-01
3.241957217722041817e-01
5.317190685330746014e-01
6.639736416695593002e-01
