3.219389775233406081e-01
3.219389775233406636e-01
3.702770746627110365e-01
3.641954370945653108e-01
3.089711512545424421e-01
3.702543157008571506e-01
3.411737903856021381e-01
5.102223876323548346e-01
5.054463062674260376e-01
5.489235329455004475e-01
7.024110090070206924e-01
6.923799475287095717e-01
7.369197288210523888e-01
7.974211010967141577e-01
8.280373969246141996e-01
8.799878082460975692e-01
8.214326479635016831e-01
8.114015864851905624e-01
9.041283568537661353e-01
7.933426754456678331e-01
8.142093495347968446e-01
7.986197618813070109e-01
8.740351724188328841e-01
4.753765580902706289e-01
6.359791072263507594e-01
7.622589382133135860e-01
5.942221954672876061e-01
5.533182919378629716e-01
5.542739511335075253e-01
3.863897737091678275e-01
6.597092143535986386e-01
3.888785996384054311e-01
3.874594327528799176e-01
3.258884014335059476e-01
4.140706346821019790e-01
3.858530893631680891e-01
3.575627807256769319e-01
2.399871101932614936e-01
5.348639413107332263e-01
1.030671524026058050e-01
7.662083621234788700e-01
7.151195018585360108e-01
2.601713872046405029e-01
5.429473335374300769e-01
6.642550814090990574e-01
7.141289490611147928e-01
3.219389775233406636e-01
7.248465539744588515e-01
1.030671524026058050e-01
2.928584522080856511e-01
7.997614227418661237e-01
6.995073445821976543e-01
2.883252073326318943e-01
3.089711512545424421e-01
1.030671524026058050e-01
7.049024387153103310e-01
6.181880629733349508e-01
4.270384609509000895e-01
8.308451599742207039e-01
3.375900096592658328e-01
7.051703055018172517e-01
2.661308707180293776e-01
3.627944428167235169e-01
4.270384609509001450e-01
1.540257303720334037e-01
1.540257303720334037e-01
1.030671524026058050e-01
1.030671524026058050e-01
2.860623637971312916e-01
4.507225621975215479e-01
5.172107413842280677e-02
7.341689656954799581e-01
4.909648158082393632e-01
5.172107413842280677e-02
5.172107413842280677e-02
2.287505402442335800e-01
2.045834407559066481e-01
3.480827380481084643e-01
2.892519125198954044e-01
6.379602128211933065e-01
3.702770746627110365e-01
5.136835937513299921e-01
3.616302123333157703e-01
4.941997888755960688e-01
1.884707417094498294e-01
5.172107413842280677e-02
5.172107413842280677e-02
2.883252073326318943e-01
1.540257303720334037e-01
5.329162720591190672e-01
6.615861834051187662e-01
9.384859686046600480e-01
7.156200436286543898e-01
8.707612979002932185e-01
8.396775606679387494e-01
8.459673062232561103e-01
9.485170300829708356e-01
8.880156578073091778e-01
8.681616428378585715e-01
8.023610778043008818e-01
8.357281367577735764e-01
6.940668261044925513e-01
7.930386660832796641e-01
6.017853908181144407e-01
5.891767805996255269e-01
4.431511599973569915e-01
4.019514539548820764e-01
3.219389775233406636e-01
3.439822060748053967e-01
5.064354018062986462e-01
1.379130313255766127e-01
5.172107413842280677e-02
5.172107413842280677e-02
1.030671524026058050e-01
5.172107413842280677e-02
3.258884014335059476e-01
5.172107413842280677e-02
3.097529434251952707e-01
1.030671524026058050e-01
5.172107413842280677e-02
5.172107413842280677e-02
4.476223653649685219e-01
5.172107413842280677e-02
5.172107413842280677e-02
7.642621501304130982e-01
1.884707417094498016e-01
5.064354018062987572e-01
3.250105185486312775e-01
1.379130313255766127e-01
5.695599927252007477e-01
6.725259325592589654e-01
9.082637824288459782e-01
2.386132618214851786e-01
8.252640641761935791e-01
5.172107413842280677e-02
2.399871101932614936e-01
2.164189252068826341e-01
7.807119589049222874e-01
4.161679547383055899e-01
6.034487058130919568e-01
5.172107413842280677e-02
5.172107413842280677e-02
5.172107413842280677e-02
5.172107413842280677e-02
1.540257303720334037e-01
5.172107413842280677e-02
2.924985835181792559e-01
2.109065848780065366e-01
2.386132618214851786e-01
6.986126931599930812e-01
1.902751646821147502e-01
5.693825244295103172e-01
8.577934716314952190e-01
7.642621501304130982e-01
2.928584522080856511e-01
4.908318803527853547e-01
6.676678209732646030e-01
6.874620771433797017e-01
7.442818922953832184e-01
3.258884014335059476e-01
6.391239800040092733e-01
8.418097743259193022e-01
1.902751646821147502e-01
6.435965153071417921e-01
1.030671524026058050e-01
5.172107413842280677e-02
4.994936704401610750e-01
3.097529434251952152e-01
3.322086435754352252e-01
1.902751646821147502e-01
2.109065848780065366e-01
1.030671524026058050e-01
5.172107413842280677e-02
3.525566032867618604e-01
1.030671524026058050e-01
0.000000000000000000e+00
3.550440992804784757e-01
0.000000000000000000e+00
1.379130313255765850e-01
8.695445335614900018e-02
5.172107413842280677e-02
2.875586068105926985e-01
5.037997066215834652e-01
7.386189313757637320e-01
2.399871101932614936e-01
7.139208410739431576e-01
4.222495923064512602e-01
7.409592530209156980e-01
6.869725294166687535e-01
8.650167700602001686e-01
5.123324949680783114e-01
4.449434767332155483e-01
6.311071244862050955e-01
5.746731838181821095e-01
2.500181716715725866e-01
6.723399308943441843e-01
8.695445335614900018e-02
4.909648158082393632e-01
8.695445335614900018e-02
7.163914943954968750e-01
7.151195018585361218e-01
7.901978026680094302e-01
2.892519125198954044e-01
3.702770746627110365e-01
8.186818848379290303e-01
8.416807725850383726e-01
5.095247319184720292e-01
6.396470913969763972e-01
6.467413880848004171e-01
2.045834407559066481e-01
5.651416701520326491e-01
2.386132618214851786e-01
2.109065848780065366e-01
7.869570285151341604e-01
4.646881198280173875e-01
4.699329974023483403e-01
2.109065848780065366e-01
5.247259844137983631e-01
7.601267245553330332e-01
3.863670147473139416e-01
8.549857085818890479e-01
4.603206125725635145e-01
7.703437876985588240e-01
6.652456342065202755e-01
7.510862158744433525e-01
8.135338001431710042e-01
8.377313486748730886e-01
8.638751091996408338e-01
7.361151776885457299e-01
7.933426754456680552e-01
7.379102816184737179e-01
7.836487236954096103e-01
6.990886679336714149e-01
5.781330600016363341e-01
6.787586781905424749e-01
6.917265044593405854e-01
4.050963267325406458e-01
4.798477634578821038e-01
5.678938905361536893e-01
3.411737903856021381e-01
5.650362319919572940e-01
5.652955654092399751e-01
6.146573157116959063e-01
7.021516755897377893e-01
5.447660010481635284e-01
8.055059505819592847e-01
7.377812798775927883e-01
7.872610378775223294e-01
7.445371369018433105e-01
7.221346923000692142e-01
6.869725294166687535e-01
7.502816647419368046e-01
6.101503501073783919e-01
6.223136252436698435e-01
5.141718115425202296e-01
5.715283110405234845e-01
5.715283110405233735e-01
5.120731615507957413e-01
4.959604625043389503e-01
4.170073994725891353e-01
4.753765580902707399e-01
4.180641530013388674e-01
3.742037396110224901e-01
3.702543157008570951e-01
3.541416166544003596e-01
4.024797137937707325e-01
3.380516765697973991e-01
2.500181716715725866e-01
7.225062323293069966e-01
8.416807725850382615e-01
8.699567467677868926e-01
7.318286440503278811e-01
7.499445550138842398e-01
8.696196370397341058e-01
7.976292090838859039e-01
7.761214159043163807e-01
8.549857085818888258e-01
9.054560193792396960e-01
9.025192545887525952e-01
9.416308413823184509e-01
8.546485988538364831e-01
8.803249179741501340e-01
8.710984076283460054e-01
8.742432804060044083e-01
7.905349123960617730e-01
8.642122189276932875e-01
6.335777778077589240e-01
8.607302364219824309e-01
7.667314735164458828e-01
9.485170300829710577e-01
7.994243130138137809e-01
1.000000000000000000e+00
8.033737369239791759e-01
8.198235456984883651e-01
7.027481187350730352e-01
7.450045783062976268e-01
8.581305813595475618e-01
6.798310961095560545e-01
7.601046182330760681e-01
8.174832240533363992e-01
8.557902597143955958e-01
9.125503160670637159e-01
8.227603104889753549e-01
6.802497727580821829e-01
5.031280909445308147e-01
6.423757482002919739e-01
7.966165499642074987e-01
7.954748891036483860e-01
8.055059505819595067e-01
6.708598303702119070e-01
5.621688652392649033e-01
2.892519125198954044e-01
2.399871101932614936e-01
2.399871101932614936e-01
2.399871101932614936e-01
2.399871101932614936e-01
2.399871101932614936e-01
2.500181716715725866e-01
2.109065848780065366e-01
2.109065848780065366e-01
2.399871101932614936e-01
4.814581956584163547e-01
6.667814047191655824e-01
6.791081118975230702e-01
7.086437546383039798e-01
3.641954370945652553e-01
6.862983099605638460e-01
5.653733417200096367e-01
3.058262784768838172e-01
2.722125082861751033e-01
2.045834407559066481e-01
3.375900096592658328e-01
5.985115162995748861e-01
2.883252073326318943e-01
2.883252073326318943e-01
2.045834407559066481e-01
2.460561255813606130e-01
5.551106086737215284e-01
4.132051499109883896e-01
5.172107413842280677e-02
5.172107413842280677e-02
2.386132618214851786e-01
5.263350866788117921e-01
5.172107413842280677e-02
5.172107413842280677e-02
5.172107413842280677e-02
2.399871101932614936e-01
1.662764050948472849e-01
0.000000000000000000e+00
1.401326445700793732e-01
1.723580426629930384e-01
5.172107413842280677e-02
0.000000000000000000e+00
0.000000000000000000e+00
5.172107413842280677e-02
4.349124152549044275e-01
6.367103266064892964e-01
2.775503042941355192e-01
0.000000000000000000e+00
5.792054779206498027e-01
2.441832453406628245e-01
1.662764050948472849e-01
0.000000000000000000e+00
2.393346988582951418e-01
2.225005627750283599e-01
0.000000000000000000e+00
5.172107413842280677e-02
2.992829739982065251e-01
3.216239741175451194e-01
5.172107413842280677e-02
2.386132618214852064e-01
5.757927383564842572e-01
2.386132618214851786e-01
1.540257303720334037e-01
3.406455305467134820e-01
2.924985835181792559e-01
8.695445335614900018e-02
2.164189252068826619e-01
4.827509645821132511e-01
4.740254593070190037e-01
3.702543157008570396e-01
5.429708971182356514e-01
2.892519125198954044e-01
0.000000000000000000e+00
1.379130313255766127e-01
0.000000000000000000e+00
5.172107413842280677e-02
2.209755969667850650e-01
0.000000000000000000e+00
0.000000000000000000e+00
0.000000000000000000e+00
0.000000000000000000e+00
0.000000000000000000e+00
8.695445335614900018e-02
0.000000000000000000e+00
1.884707417094498294e-01
1.030671524026058050e-01
0.000000000000000000e+00
8.695445335614900018e-02
0.000000000000000000e+00
1.030671524026058050e-01
1.540257303720334037e-01
1.953834812907608853e-01
3.439822060748053967e-01
3.714770653828248781e-01
3.403084208186610282e-01
2.892519125198954044e-01
3.702543157008570396e-01
5.172107413842280677e-02
0.000000000000000000e+00
0.000000000000000000e+00
5.172107413842280677e-02
3.241957217722042373e-01
0.000000000000000000e+00
1.611946393668597932e-01
0.000000000000000000e+00
2.399871101932614936e-01
5.388133652208985103e-01
5.746510774959252554e-01
3.802853771791682158e-01
4.446856005744813656e-01
7.270967753299127923e-01
2.860623637971312916e-01
5.172107413842280677e-02
2.003062261604258709e-01
6.672819464892839614e-01
2.883252073326318943e-01
5.172107413842280677e-02
5.559151598062282984e-01
5.984630497447652742e-01
8.695445335614900018e-02
3.380516765697973436e-01
5.336153850315503711e-01
5.814413648213609953e-01
1.540257303720334037e-01
4.383622913529081067e-01
1.953834812907608853e-01
1.662764050948472849e-01
1.540257303720334037e-01
3.411737903856021381e-01
1.401326445700793732e-01
5.172107413842280677e-02
4.788015406719479117e-01
8.695445335614900018e-02
1.540257303720334037e-01
0.000000000000000000e+00
2.045834407559066481e-01
1.540257303720334037e-01
1.401326445700793732e-01
2.440586881581837120e-01
2.997446409087380359e-01
2.399871101932614936e-01
3.971284909868121327e-01
3.189794537709996214e-01
7.490830039573437293e-01
1.902751646821147502e-01
0.000000000000000000e+00
7.989568716093594647e-01
4.202994465988123540e-01
7.801667411896983095e-01
7.762173172795331366e-01
7.749117610763163189e-01
8.829245730365846700e-01
8.803249179741501340e-01
9.156951888447221188e-01
9.263226934683688185e-01
8.903559794524611437e-01
9.907734896541958713e-01
8.840662338971441159e-01
8.697707451028721115e-01
8.618718972825413216e-01
7.606498359483001570e-01
8.868739969467500650e-01
8.932927442429484666e-01
8.074521625750252785e-01
9.194365047677161007e-01
8.198235456984883651e-01
8.478914118940650280e-01
8.345864758972144637e-01
8.799878082460976803e-01
9.102099944219117500e-01
8.961005072925547488e-01
9.125503160670639380e-01
8.097924842201773554e-01
7.606498359483000460e-01
8.541811574493823889e-01
7.859890453405613542e-01
4.653454966119596192e-01
4.362649712967045512e-01
4.814581956584162992e-01
4.829926362355407288e-01
5.682505028074107400e-01
5.460561661928082788e-01
5.299434671463513213e-01
4.260439744389056260e-01
4.280952144796499326e-01
4.837971873680473323e-01
5.059915239826500155e-01
4.185924128402275790e-01
3.380516765697973991e-01
3.214773106128090974e-01
2.992829739982065251e-01
2.992829739982065251e-01
3.214773106128090974e-01
3.863897737091678275e-01
3.480827380481084643e-01
6.820669830102671360e-01
7.730945508241311437e-01
8.275142855316475199e-01
8.092693728272101206e-01
7.548496381196940774e-01
6.626459791440856284e-01
7.114515176879103731e-01
6.988208011471646053e-01
7.416003721113563207e-01
7.215382491547344124e-01
7.767625349947570035e-01
7.578765031998792034e-01
6.543141202204858509e-01
6.572508850109730627e-01
6.991702348541453116e-01
7.378143802432570730e-01
7.585176222903197152e-01
7.379323879407304609e-01
7.923521226482468371e-01
7.658712523954263052e-01
7.308380912529065521e-01
7.819839514418831516e-01
8.092693728272102316e-01
8.145464592628494094e-01
7.509002142095287935e-01
7.587990620298593614e-01
7.247564536847608263e-01
7.915475715157399561e-01
7.915475715157399561e-01
8.214326479635015721e-01
7.601267245553330332e-01
8.253820718736669670e-01
7.165426024586346587e-01
7.436769157808238440e-01
8.536580460564152650e-01
7.114515176879102620e-01
7.915475715157399561e-01
8.436269845781041443e-01
7.663943637883934290e-01
7.284244378553864641e-01
7.775670861272636625e-01
6.420607447944963742e-01
6.821714177547079094e-01
7.603945913418400648e-01
6.435965153071416811e-01
6.435965153071417921e-01
4.908318803527853547e-01
4.048441243362976838e-01
3.889836276860839104e-01
4.502895510942524493e-01
3.963980762256250068e-01
3.258884014335059476e-01
2.892519125198954044e-01
2.892519125198954044e-01
3.153956730446633161e-01
2.661308707180293776e-01
2.045834407559066481e-01
1.884707417094498016e-01
2.045834407559066481e-01
7.426863629834026259e-01
7.730945508241313657e-01
8.475764084882695393e-01
8.576074699665806600e-01
8.467718573557628803e-01
8.597396836245609908e-01
8.576074699665806600e-01
8.092693728272102316e-01
7.984337602163925629e-01
7.862704850801010004e-01
6.573688927084464506e-01
5.753266268875509848e-01
5.565921664564026372e-01
6.951392440235061310e-01
7.281691932489263719e-01
6.142386390631696669e-01
7.442818922953832184e-01
6.726077976808512160e-01
6.536873355847881983e-01
7.430013663891981146e-01
7.208070297745956534e-01
6.848403157586882006e-01
6.480243746651686010e-01
7.386189313757636210e-01
6.508321377147747722e-01
6.036357014359635675e-01
5.636294632201926946e-01
6.359791072263507594e-01
5.975540638678177308e-01
6.042768205264040793e-01
5.575478256520469689e-01
5.387662286016099422e-01
6.361651088912653185e-01
6.491329351600634290e-01
5.820824839118016181e-01
7.447005689439093468e-01
7.409592530209155870e-01
7.003118957147042023e-01
7.374772705152046193e-01
7.769259670368230397e-01
7.430013663891981146e-01
6.917265044593405854e-01
6.917265044593404744e-01
7.321186171590917668e-01
5.854952234759670526e-01
6.454734843586619197e-01
6.259480457480395277e-01
7.178702649841085526e-01
7.540450869871873074e-01
7.247564536847608263e-01
7.432094743763696387e-01
6.425838561874634980e-01
8.335959230997932456e-01
8.214326479635016831e-01
7.479634494190415817e-01
7.387369390732372310e-01
7.275642167343671085e-01
8.214326479635016831e-01
8.053199489170448366e-01
8.031877352590643948e-01
7.992383113488991109e-01
7.675360246489525418e-01
7.078392035057974319e-01
6.813583332529768999e-01
6.524068096786029836e-01
7.329703049108871049e-01
6.663872950670792772e-01
6.211940707053674737e-01
3.189794537709996214e-01
3.641954370945652553e-01
3.319700390016516733e-01
5.221042230291067510e-01
5.160225854609610252e-01
4.737661258897363226e-01
6.310740241205409218e-01
6.318785752530475808e-01
6.157658762065908453e-01
7.503635298635288331e-01
5.182710945417188242e-01
5.241893000677985137e-01
6.729449074089035587e-01
5.992078420779366477e-01
5.670893394036469193e-01
5.388133652208986213e-01
5.054463062674259266e-01
5.329162720591190672e-01
4.048441243362976838e-01
3.089711512545424421e-01
3.089711512545424421e-01
3.319700390016517288e-01
3.863897737091678275e-01
3.480827380481084643e-01
3.641954370945653108e-01
3.541643756162541901e-01
3.480827380481084643e-01
2.614376052476787282e-01
2.928584522080856511e-01
2.775503042941355192e-01
2.928584522080856511e-01
3.572864894320589291e-01
3.089711512545424421e-01
7.038897795956321479e-01
7.168576058644302584e-01
6.816954429810295757e-01
6.430512975919178142e-01
7.087338549280021160e-01
7.119746290808772748e-01
6.365022186193177722e-01
3.711567983269352111e-01
3.971284909868121882e-01
6.506687056727087359e-01
5.559731536882188685e-01
4.507225621975215479e-01
6.171156450543213712e-01
4.937686451432723445e-01
4.653454966119595082e-01
5.332212753794640658e-01
3.702543157008570396e-01
3.380516765697973991e-01
5.358530368496060570e-01
3.963980762256250068e-01
7.545681983801544312e-01
4.185924128402275790e-01
3.831715691791411915e-01
5.210580002431726143e-01
5.259940432361861484e-01
4.977180690534377949e-01
4.324666554496769955e-01
3.089711512545424421e-01
4.692949205221249032e-01
4.442079135261067235e-01
4.280952144796499326e-01
2.992829739982065251e-01
3.963980762256250068e-01
4.059008778650473603e-01
3.219389775233406081e-01
2.883252073326318943e-01
6.925310555918472444e-01
6.046483605556416396e-01
8.275142855316475199e-01
6.046483605556416396e-01
5.531322902729484126e-01
3.928280235485707705e-01
3.160667778778874504e-01
7.647626919005314772e-01
7.217016811968002266e-01
6.486654937556092237e-01
8.689661939703654525e-01
7.923521226482468371e-01
7.923521226482468371e-01
6.504827040077941769e-01
8.237729696086536491e-01
7.770439747342967607e-01
8.081277119666511188e-01
7.432094743763696387e-01
8.319868208347798166e-01
8.406902197876171545e-01
7.730945508241313657e-01
8.092693728272102316e-01
8.191824266080476313e-01
7.608132679903661932e-01
7.124751708509958759e-01
7.861524773826272794e-01
5.421067422826428839e-01
4.747191813063285637e-01
3.358967039499631269e-01
4.025024727556246185e-01
3.375900096592658328e-01
3.214773106128090974e-01
2.883252073326318943e-01
2.547259608679419696e-01
2.386132618214851786e-01
2.164189252068826341e-01
2.045834407559066481e-01
1.884707417094498294e-01
2.045834407559066481e-01
2.045834407559066481e-01
2.045834407559066481e-01
2.045834407559066481e-01
2.045834407559066481e-01
2.045834407559066481e-01
2.045834407559066481e-01
5.942221954672877171e-01
6.486419301748038713e-01
5.498335222380825726e-01
6.164165320818901783e-01
6.001192886290672712e-01
6.589046632210918686e-01
6.867644214294970073e-01
4.969135179209310804e-01
5.682505028074107400e-01
5.582194413290997304e-01
6.862983099605637349e-01
6.464640371560832488e-01
5.633008868613645914e-01
6.177206215688807456e-01
6.361651088912652074e-01
7.236147928242017136e-01
6.758816721993906596e-01
6.114308760135633847e-01
7.178702649841085526e-01
7.290208810007217100e-01
7.701356797113871888e-01
6.838276566390099065e-01
3.831715691791411915e-01
3.714770653828248781e-01
2.924985835181792559e-01
5.073925182604916984e-01
4.515717892751336948e-01
4.050963267325406458e-01
4.024797137937707325e-01
4.341768520477957138e-01
5.382169220755634864e-01
4.737661258897362115e-01
4.637350644114253684e-01
4.893321499624205817e-01
4.059008778650473603e-01
5.059915239826499045e-01
4.270384609509001450e-01
3.219389775233406636e-01
3.714770653828248781e-01
3.241957217722042373e-01
5.317190685330747124e-01
6.639736416695594112e-01
6.752766956848313962e-01
5.382169220755635974e-01
5.442985596437093232e-01
5.904448394220133123e-01
7.708443294686773140e-01
8.022651764290842369e-01
7.156200436286543898e-01
7.484865608120087055e-01
8.798018065811832322e-01
7.670129132559856400e-01
8.245775207411605301e-01
8.475764084882696503e-01
8.193004343055213523e-01
7.387369390732372310e-01
6.820669830102671360e-01
8.184958831730144713e-01
7.062301012407841139e-01
8.029062955195248596e-01
7.736176622170984896e-01
4.185924128402274680e-01
4.185924128402274680e-01
4.508178109331411054e-01
5.221042230291067510e-01
4.999098864145042898e-01
5.281858605972524767e-01
5.281858605972524767e-01
5.442985596437093232e-01
5.543296211220204439e-01
5.059915239826499045e-01
4.898788249361931690e-01
6.223136252436698435e-01
7.028771204759538538e-01
6.384263242901266899e-01
6.484573857684376996e-01
6.122825637653587227e-01
5.517811914896967318e-01
6.440418503893390323e-01
6.885816316816819604e-01
6.053349039906747997e-01
5.304343696780103867e-01
6.439459490141223874e-01
6.569137752829204979e-01
2.860623637971312916e-01
2.860623637971312916e-01
2.860623637971312916e-01
4.699329974023483403e-01
4.226311324211393661e-01
6.056389133530630797e-01
6.115345492562941354e-01
2.386132618214852064e-01
2.386132618214851786e-01
2.547259608679419696e-01
7.308380912529066631e-01
7.530324278675091243e-01
6.140997740175435649e-01
6.724689326352251140e-01
5.875230023895067211e-01
6.598726463956645638e-01
3.777429113797726168e-01
5.101043799348812247e-01
4.065184333746825196e-01
3.377366731640019104e-01
4.807826462667905698e-01
5.214631039386661282e-01
5.262170789813380711e-01
4.668352612439783944e-01
5.103124879220528598e-01
3.581803362353120912e-01
4.948409079660367471e-01
6.062800324435037025e-01
6.103584580945499161e-01
6.214476030371316462e-01
6.430512975919177032e-01
