5.642428733840065824e-01
6.764227974152140499e-01
8.682736855485609917e-01
6.992579154150792009e-01
7.100433701859433233e-01
9.341368427742804403e-01
7.570491311493007247e-01
5.578152956823251296e-01
9.034561740060646773e-02
9.034561740060646773e-02
0.000000000000000000e+00
0.000000000000000000e+00
6.317503943995428362e-01
0.000000000000000000e+00
0.000000000000000000e+00
6.434912188023541590e-01
1.462739935408259584e-01
0.000000000000000000e+00
1.792055721536857382e-01
2.203312289399519674e-01
0.000000000000000000e+00
0.000000000000000000e+00
1.462739935408259584e-01
3.191259647785314457e-01
6.414666996808578991e-01
0.000000000000000000e+00
3.520575433913911700e-01
0.000000000000000000e+00
5.843192965935035676e-01
2.335490989396694916e-01
0.000000000000000000e+00
4.358052865122007402e-01
1.792055721536857382e-01
3.575123107258003641e-01
3.858448248833624139e-01
3.191259647785313902e-01
5.642428733840065824e-01
0.000000000000000000e+00
7.217841945887546462e-01
0.000000000000000000e+00
0.000000000000000000e+00
0.000000000000000000e+00
2.737645676049907939e-01
6.128929981371805669e-01
4.405885004240653879e-01
0.000000000000000000e+00
1.462739935408259584e-01
0.000000000000000000e+00
0.000000000000000000e+00
0.000000000000000000e+00
0.000000000000000000e+00
3.040789720607615654e-01
0.000000000000000000e+00
9.034561740060646773e-02
9.034561740060646773e-02
5.961053025073171918e-01
2.664806775525292437e-01
0.000000000000000000e+00
6.663263368022194211e-01
3.508210757089314513e-01
9.034561740060646773e-02
7.634767088509821775e-01
6.831140324320830182e-01
2.335490989396694916e-01
2.664806775525292437e-01
6.639929788545331224e-01
9.034561740060646773e-02
1.462739935408259584e-01
7.634767088509821775e-01
6.434912188023541590e-01
5.313112947711466916e-01
1.792055721536857382e-01
2.664806775525292992e-01
7.694789497099815412e-01
7.547157732016145371e-01
4.640701492296880892e-01
5.578152956823251296e-01
5.178123267209168157e-01
8.887754456007398440e-01
5.776280615766345994e-01
3.520575433913911700e-01
5.178123267209168157e-01
8.148403468835222485e-01
8.477719254963819173e-01
5.923912380850017145e-01
7.775508912014797991e-01
9.341368427742805514e-01
7.554047673594840306e-01
5.923912380850016035e-01
5.675316009636399706e-01
7.899807097621605045e-01
7.446193125886199082e-01
4.517079821090821401e-01
8.682736855485609917e-01
9.012052641614205495e-01
2.737645676049907939e-01
5.631737238944574120e-01
6.048210566456825310e-01
6.414666996808578991e-01
5.631737238944574120e-01
6.414666996808578991e-01
7.547157732016146481e-01
6.764227974152140499e-01
7.775508912014796881e-01
7.446193125886199082e-01
7.241175525364409449e-01
7.899807097621605045e-01
7.634767088509821775e-01
6.835393692747648853e-01
8.229122883750203954e-01
6.911859739235810540e-01
8.558438669878800642e-01
9.136350827221014770e-01
8.558438669878800642e-01
7.570491311493007247e-01
8.434140484271992477e-01
8.887754456007398440e-01
9.012052641614207715e-01
8.229122883750203954e-01
8.682736855485609917e-01
8.434140484271992477e-01
8.229122883750201733e-01
9.670684213871403312e-01
8.229122883750203954e-01
4.846395607219419754e-01
5.642428733840065824e-01
5.642428733840065824e-01
4.530183189847462044e-01
5.642428733840065824e-01
5.631737238944574120e-01
5.097403852294185578e-01
4.832363843182401753e-01
5.631737238944574120e-01
6.377526352585423108e-01
6.434912188023541590e-01
6.253228166978614944e-01
7.116877339757600174e-01
6.787561553629001265e-01
7.759065274116629940e-01
8.088381060245228849e-01
7.570491311493006137e-01
8.353421069357011008e-01
8.541995031980633701e-01
9.341368427742805514e-01
8.088381060245228849e-01
8.477719254963820283e-01
7.446193125886199082e-01
8.353421069357011008e-01
8.088381060245228849e-01
7.241175525364409449e-01
9.012052641614205495e-01
6.458245767500404577e-01
9.794982399478211477e-01
8.477719254963819173e-01
8.229122883750203954e-01
6.831140324320831292e-01
8.434140484271994698e-01
7.694789497099815412e-01
5.971744519968663623e-01
6.743982782937176790e-01
7.093543760280738297e-01
8.148403468835222485e-01
8.229122883750203954e-01
6.646819730124026160e-01
1.792055721536857382e-01
8.088381060245226628e-01
4.028737078993409604e-01
6.888526159758948664e-01
2.664806775525292437e-01
7.100433701859433233e-01
1.792055721536857382e-01
9.034561740060646773e-02
3.520575433913911700e-01
9.034561740060646773e-02
5.971744519968663623e-01
9.034561740060646773e-02
6.787561553629002375e-01
6.764227974152140499e-01
7.775508912014797991e-01
9.670684213871402202e-01
9.341368427742804403e-01
4.028737078993410159e-01
7.422859546409337206e-01
6.559210373630350865e-01
8.104824698143394679e-01
6.294170364518566485e-01
4.846395607219419754e-01
6.414666996808578991e-01
6.831140324320829071e-01
5.426719638422784486e-01
7.547157732016145371e-01
5.188814762104658751e-01
3.520575433913911700e-01
7.241175525364409449e-01
9.034561740060646773e-02
3.508210757089313958e-01
4.060125580213888585e-01
9.034561740060646773e-02
9.465666613349613678e-01
7.489771896578027999e-01
9.034561740060646773e-02
8.353421069357011008e-01
7.093543760280738297e-01
6.085351210679980083e-01
8.088381060245228849e-01
3.191259647785314457e-01
3.575123107258003641e-01
4.846395607219419754e-01
5.302421452815975211e-01
5.961053025073173028e-01
5.776280615766345994e-01
7.694789497099815412e-01
8.434140484271992477e-01
8.353421069357011008e-01
9.465666613349613678e-01
6.310614002416734536e-01
7.964082874638419574e-01
6.911859739235810540e-01
8.024105283228413210e-01
9.012052641614207715e-01
7.775508912014797991e-01
8.148403468835221375e-01
8.148403468835221375e-01
6.992579154150792009e-01
5.175711393348016998e-01
7.634767088509821775e-01
8.558438669878801752e-01
6.172508752063634585e-01
7.775508912014797991e-01
4.392781635484013236e-01
7.775508912014797991e-01
5.961053025073173028e-01
8.229122883750203954e-01
1.792055721536857382e-01
6.992579154150793119e-01
4.392781635484013236e-01
4.060125580213888585e-01
6.959691878354458128e-01
4.643789880558778504e-01
4.028737078993409604e-01
5.313112947711466916e-01
6.048210566456825310e-01
3.537982463034848868e-01
4.768088066165587224e-01
5.551017824029591541e-01
4.060125580213888585e-01
1.462739935408259584e-01
2.737645676049907939e-01
8.434140484271992477e-01
3.699421292864811250e-01
1.462739935408259584e-01
9.034561740060646773e-02
5.756035424551382285e-01
5.843192965935036787e-01
5.923912380850017145e-01
0.000000000000000000e+00
4.063465849355414883e-01
3.730809794085290232e-01
6.458245767500404577e-01
4.976907220004173071e-01
6.992579154150792009e-01
7.093543760280738297e-01
4.325165589325672411e-01
5.389578994199628603e-01
6.771117915730834325e-01
6.317503943995428362e-01
2.335490989396694639e-01
6.085351210679980083e-01
4.654481375454270209e-01
6.831140324320829071e-01
7.775508912014797991e-01
9.465666613349613678e-01
7.429749487988032142e-01
8.682736855485609917e-01
5.578152956823252406e-01
7.160456110449429090e-01
6.048210566456825310e-01
6.764227974152140499e-01
1.792055721536857382e-01
3.520575433913911700e-01
5.843192965935035676e-01
0.000000000000000000e+00
4.832363843182401753e-01
1.792055721536857382e-01
7.305451302381222867e-01
2.203312289399519674e-01
0.000000000000000000e+00
2.335490989396694639e-01
2.446433925367233753e-01
0.000000000000000000e+00
3.730809794085290232e-01
9.034561740060646773e-02
1.462739935408259584e-01
7.775508912014796881e-01
5.389578994199628603e-01
2.861943861656716104e-01
5.248837170694653498e-01
5.971744519968663623e-01
5.578152956823252406e-01
5.313112947711466916e-01
4.028737078993409604e-01
2.335490989396694916e-01
8.088381060245226628e-01
5.188814762104658751e-01
9.034561740060646773e-02
0.000000000000000000e+00
5.642428733840065824e-01
4.859498975976060953e-01
2.664806775525292437e-01
4.846395607219418644e-01
4.846395607219419754e-01
4.859498975976060953e-01
4.028737078993409604e-01
6.764227974152140499e-01
7.554047673594840306e-01
7.547157732016146481e-01
5.513877179806436768e-01
2.203312289399519674e-01
4.358052865122007402e-01
4.993350857902341122e-01
2.335490989396694916e-01
9.034561740060646773e-02
6.559210373630350865e-01
6.911859739235810540e-01
1.792055721536857382e-01
4.517079821090820291e-01
3.575123107258003641e-01
5.313112947711466916e-01
3.264092453593243071e-01
7.093543760280738297e-01
0.000000000000000000e+00
2.664806775525292437e-01
1.792055721536857382e-01
8.024105283228413210e-01
0.000000000000000000e+00
6.764227974152140499e-01
4.028737078993409604e-01
4.392781635484013236e-01
4.517079821090821401e-01
6.317503943995428362e-01
4.654481375454270209e-01
6.085351210679981193e-01
0.000000000000000000e+00
2.621904519234214415e-01
3.860860122694774743e-01
3.529132462705026341e-01
6.992579154150793119e-01
4.503048057053803954e-01
5.322666644030938921e-01
1.881877017661288398e-01
5.511240606654562724e-01
3.537982463034848868e-01
6.764227974152140499e-01
5.313112947711466916e-01
2.203312289399519674e-01
0.000000000000000000e+00
4.643789880558778504e-01
9.034561740060646773e-02
9.034561740060646773e-02
0.000000000000000000e+00
0.000000000000000000e+00
5.322666644030940031e-01
4.935965022464223195e-01
2.735972494120801346e-01
3.699421292864811806e-01
3.520575433913911700e-01
7.634767088509821775e-01
6.992579154150793119e-01
7.964082874638419574e-01
8.088381060245226628e-01
5.188814762104658751e-01
8.417696846373826647e-01
7.446193125886199082e-01
6.831140324320830182e-01
5.964854578389967577e-01
3.520575433913911700e-01
3.575123107258003641e-01
9.034561740060646773e-02
2.335490989396694916e-01
3.520575433913911700e-01
4.392781635484013236e-01
0.000000000000000000e+00
2.664806775525292437e-01
7.446193125886199082e-01
4.606649236335624287e-01
4.028737078993410159e-01
6.835393692747649963e-01
6.992579154150793119e-01
5.578152956823251296e-01
5.178123267209168157e-01
7.883363459723439215e-01
4.846395607219419754e-01
4.503048057053803954e-01
3.245807321129405287e-01
5.756035424551382285e-01
5.322666644030938921e-01
2.621904519234214415e-01
0.000000000000000000e+00
2.203312289399519674e-01
7.694789497099815412e-01
5.642428733840065824e-01
5.863889972260022398e-01
7.694789497099815412e-01
8.682736855485609917e-01
7.093543760280739408e-01
6.458245767500403467e-01
1.462739935408259584e-01
7.759065274116629940e-01
4.846395607219419754e-01
1.792055721536857382e-01
6.085351210679980083e-01
6.377526352585423108e-01
7.365473710971216503e-01
6.888526159758948664e-01
6.377526352585423108e-01
8.682736855485609917e-01
7.899807097621605045e-01
8.887754456007398440e-01
7.694789497099815412e-01
6.310614002416733426e-01
6.764227974152140499e-01
9.012052641614207715e-01
2.737645676049907939e-01
3.609851877620008365e-01
5.631737238944574120e-01
1.881877017661288398e-01
7.305451302381222867e-01
6.831140324320831292e-01
6.193205758388621307e-01
3.520575433913911700e-01
5.313112947711466916e-01
7.116877339757600174e-01
7.446193125886199082e-01
5.635538792261369778e-01
4.028737078993409604e-01
6.646819730124027270e-01
6.377526352585424219e-01
8.088381060245228849e-01
4.983797161582868562e-01
9.341368427742804403e-01
7.241175525364409449e-01
7.446193125886199082e-01
8.088381060245228849e-01
7.446193125886199082e-01
5.718894780328227512e-01
3.529132462705026341e-01
4.063465849355414883e-01
2.737645676049907939e-01
8.682736855485609917e-01
7.899807097621605045e-01
7.759065274116629940e-01
8.807035041092416972e-01
8.148403468835222485e-01
7.100433701859433233e-01
8.887754456007400661e-01
8.212679245852035903e-01
6.787561553629002375e-01
7.321894940279392028e-01
7.241175525364409449e-01
7.694789497099815412e-01
5.642428733840065824e-01
4.846395607219419754e-01
7.446193125886199082e-01
6.959691878354458128e-01
6.764227974152140499e-01
6.253228166978614944e-01
7.100433701859433233e-01
4.109456493908391073e-01
6.105596401894944902e-01
7.365473710971216503e-01
8.229122883750201733e-01
7.899807097621605045e-01
7.899807097621605045e-01
7.634767088509821775e-01
7.759065274116629940e-01
4.028737078993409604e-01
8.747012632502424445e-01
4.606649236335624287e-01
4.517079821090820291e-01
6.048210566456825310e-01
8.477719254963820283e-01
6.764227974152140499e-01
7.876473518144743169e-01
7.547157732016146481e-01
8.088381060245228849e-01
8.541995031980635922e-01
8.747012632502424445e-01
6.414666996808578991e-01
8.229122883750203954e-01
7.759065274116629940e-01
6.911859739235810540e-01
4.859498975976060953e-01
8.434140484271992477e-01
7.759065274116628830e-01
6.764227974152140499e-01
4.028737078993409604e-01
3.520575433913911700e-01
5.642428733840064714e-01
7.321894940279390918e-01
3.575123107258003641e-01
6.414666996808577881e-01
4.190175908823373097e-01
4.503048057053802844e-01
8.088381060245228849e-01
4.325165589325672411e-01
9.217070242135996239e-01
1.792055721536857382e-01
7.100433701859432123e-01
6.229894587501751957e-01
7.819087682706622466e-01
8.088381060245226628e-01
3.520575433913911700e-01
6.706842138714022017e-01
3.191259647785313902e-01
5.631737238944574120e-01
5.322666644030940031e-01
4.325165589325672411e-01
4.028737078993409604e-01
7.819087682706623577e-01
4.606649236335624287e-01
5.756035424551382285e-01
5.313112947711466916e-01
4.392781635484013236e-01
4.517079821090821401e-01
2.737645676049907939e-01
3.191259647785313902e-01
3.191259647785314457e-01
6.501824538192231273e-01
6.377526352585424219e-01
7.446193125886199082e-01
7.899807097621605045e-01
9.136350827221014770e-01
8.887754456007398440e-01
8.887754456007398440e-01
9.670684213871403312e-01
8.353421069357011008e-01
9.670684213871402202e-01
7.634767088509820665e-01
8.353421069357011008e-01
7.160456110449426870e-01
8.477719254963820283e-01
7.241175525364409449e-01
6.646819730124027270e-01
7.241175525364409449e-01
6.294170364518566485e-01
3.520575433913911700e-01
8.088381060245228849e-01
8.887754456007398440e-01
4.325165589325672411e-01
4.654481375454270209e-01
6.663263368022194211e-01
5.651982430159537829e-01
7.694789497099815412e-01
6.501824538192232383e-01
6.085351210679980083e-01
6.434912188023541590e-01
7.547157732016145371e-01
1.792055721536857382e-01
7.093543760280739408e-01
2.664806775525292437e-01
2.621904519234214415e-01
6.434912188023542701e-01
4.859498975976060953e-01
3.264092453593243071e-01
5.594596594721418237e-01
6.377526352585424219e-01
4.358052865122007402e-01
5.578152956823251296e-01
9.341368427742805514e-01
5.313112947711466916e-01
5.097403852294185578e-01
5.642428733840065824e-01
4.187087520561474374e-01
7.289007664483057036e-01
4.190175908823373097e-01
9.034561740060646773e-02
4.654481375454270209e-01
4.405885004240653879e-01
6.176762120490453256e-01
4.517079821090820291e-01
4.190175908823373097e-01
4.063465849355414883e-01
4.028737078993409604e-01
5.313112947711466916e-01
3.191259647785313902e-01
5.964854578389968687e-01
3.575123107258003641e-01
5.389578994199628603e-01
2.664806775525292437e-01
4.253999870730163502e-01
8.682736855485609917e-01
9.217070242135996239e-01
4.358052865122007402e-01
6.911859739235810540e-01
6.787561553629002375e-01
7.547157732016146481e-01
7.964082874638419574e-01
8.887754456007398440e-01
7.217841945887546462e-01
7.899807097621605045e-01
8.212679245852035903e-01
6.764227974152139389e-01
7.422859546409337206e-01
6.538965182415386046e-01
7.883363459723436995e-01
8.417696846373826647e-01
8.229122883750203954e-01
7.899807097621605045e-01
7.634767088509821775e-01
6.771117915730834325e-01
8.871310818109231500e-01
4.028737078993409604e-01
3.264092453593243071e-01
7.819087682706622466e-01
6.559210373630350865e-01
7.446193125886199082e-01
6.559210373630349755e-01
9.217070242135996239e-01
6.992579154150793119e-01
3.191259647785313902e-01
6.501824538192231273e-01
8.558438669878801752e-01
3.575123107258003641e-01
6.831140324320830182e-01
7.305451302381222867e-01
7.899807097621605045e-01
4.935965022464222640e-01
6.787561553629002375e-01
8.747012632502424445e-01
7.775508912014797991e-01
3.858448248833624139e-01
6.048210566456825310e-01
4.846395607219419754e-01
3.508210757089314513e-01
3.520575433913911700e-01
6.377526352585424219e-01
5.322666644030940031e-01
3.264092453593243071e-01
6.911859739235810540e-01
8.417696846373826647e-01
6.506077906619051054e-01
4.063465849355414883e-01
7.365473710971217614e-01
7.446193125886199082e-01
7.305451302381222867e-01
6.959691878354458128e-01
8.434140484271992477e-01
7.964082874638419574e-01
7.289007664483055926e-01
8.088381060245228849e-01
6.501824538192232383e-01
6.048210566456825310e-01
6.172508752063633475e-01
6.831140324320830182e-01
6.831140324320829071e-01
7.093543760280738297e-01
7.217841945887546462e-01
6.888526159758949774e-01
6.764227974152140499e-01
6.105596401894944902e-01
6.888526159758948664e-01
7.876473518144744279e-01
6.992579154150792009e-01
7.570491311493007247e-01
7.241175525364409449e-01
7.876473518144744279e-01
7.217841945887546462e-01
6.048210566456825310e-01
7.554047673594840306e-01
8.558438669878801752e-01
8.807035041092419192e-01
9.341368427742805514e-01
8.417696846373826647e-01
8.104824698143394679e-01
9.217070242135996239e-01
8.229122883750203954e-01
7.883363459723439215e-01
1.000000000000000000e+00
7.554047673594840306e-01
7.422859546409337206e-01
8.353421069357011008e-01
9.217070242135998459e-01
9.670684213871405532e-01
9.136350827221014770e-01
8.887754456007398440e-01
7.759065274116629940e-01
8.887754456007398440e-01
7.217841945887546462e-01
7.899807097621605045e-01
9.341368427742804403e-01
8.682736855485609917e-01
8.229122883750201733e-01
8.558438669878800642e-01
8.088381060245226628e-01
7.429749487988032142e-01
7.554047673594840306e-01
9.670684213871402202e-01
8.558438669878800642e-01
7.775508912014797991e-01
9.012052641614207715e-01
7.964082874638420684e-01
6.229894587501750847e-01
6.172508752063633475e-01
5.642428733840065824e-01
8.104824698143394679e-01
5.964854578389968687e-01
8.541995031980633701e-01
5.188814762104657641e-01
6.128929981371805669e-01
7.964082874638419574e-01
6.317503943995428362e-01
1.792055721536857382e-01
5.313112947711466916e-01
4.190175908823373097e-01
1.792055721536857382e-01
9.034561740060646773e-02
6.538965182415386046e-01
5.843192965935035676e-01
3.575123107258003641e-01
4.517079821090820291e-01
4.028737078993409604e-01
6.764227974152140499e-01
7.217841945887546462e-01
7.759065274116628830e-01
7.224731887466240288e-01
8.148403468835221375e-01
8.229122883750203954e-01
7.526912540801180551e-01
6.663263368022194211e-01
8.558438669878801752e-01
7.305451302381222867e-01
8.887754456007398440e-01
8.417696846373826647e-01
8.887754456007398440e-01
4.028737078993410159e-01
4.358052865122007402e-01
4.358052865122007402e-01
4.028737078993409604e-01
4.028737078993410159e-01
4.028737078993409604e-01
5.302421452815975211e-01
6.377526352585424219e-01
7.570491311493007247e-01
6.193205758388621307e-01
6.771117915730834325e-01
7.554047673594839196e-01
6.229894587501751957e-01
8.807035041092414751e-01
7.241175525364409449e-01
8.148403468835221375e-01
7.429749487988031031e-01
7.224731887466241398e-01
8.353421069357011008e-01
7.429749487988031031e-01
6.004631795764997504e-01
8.682736855485609917e-01
7.819087682706622466e-01
7.775508912014797991e-01
8.417696846373826647e-01
8.229122883750201733e-01
4.859498975976060953e-01
6.706842138714022017e-01
8.229122883750203954e-01
7.554047673594840306e-01
7.429749487988031031e-01
7.694789497099815412e-01
9.217070242135996239e-01
8.229122883750203954e-01
7.446193125886199082e-01
6.706842138714022017e-01
8.309842298665185423e-01
8.088381060245228849e-01
7.759065274116629940e-01
7.289007664483054816e-01
6.895416101337643600e-01
8.871310818109230389e-01
7.634767088509821775e-01
9.136350827221014770e-01
6.646819730124026160e-01
8.088381060245226628e-01
7.759065274116629940e-01
6.301060306097260311e-01
6.193205758388621307e-01
7.446193125886199082e-01
7.116877339757600174e-01
6.911859739235810540e-01
7.446193125886199082e-01
6.764227974152140499e-01
6.764227974152140499e-01
6.229894587501751957e-01
6.559210373630350865e-01
6.229894587501751957e-01
7.422859546409337206e-01
5.964854578389967577e-01
7.217841945887546462e-01
5.513877179806436768e-01
6.048210566456825310e-01
5.961053025073171918e-01
5.178123267209168157e-01
6.085351210679981193e-01
4.060125580213888585e-01
5.313112947711466916e-01
7.554047673594840306e-01
7.422859546409337206e-01
8.229122883750203954e-01
7.446193125886199082e-01
7.446193125886199082e-01
8.807035041092416972e-01
8.763456270400591386e-01
7.422859546409337206e-01
7.899807097621606156e-01
6.787561553629003486e-01
9.341368427742805514e-01
8.541995031980633701e-01
8.353421069357011008e-01
7.093543760280739408e-01
9.341368427742804403e-01
7.876473518144743169e-01
9.012052641614207715e-01
7.775508912014797991e-01
8.088381060245228849e-01
8.807035041092416972e-01
8.024105283228413210e-01
9.012052641614207715e-01
8.558438669878801752e-01
8.541995031980633701e-01
6.414666996808577881e-01
9.546386028264596257e-01
7.759065274116629940e-01
8.353421069357011008e-01
7.100433701859433233e-01
8.682736855485609917e-01
6.506077906619051054e-01
5.389578994199628603e-01
8.682736855485609917e-01
8.024105283228412100e-01
6.639929788545332334e-01
4.846395607219419754e-01
7.899807097621605045e-01
2.664806775525292437e-01
5.578152956823251296e-01
3.520575433913911700e-01
5.313112947711466916e-01
5.843192965935035676e-01
4.846395607219419754e-01
6.764227974152140499e-01
4.848807481080569248e-01
6.501824538192232383e-01
3.858448248833624694e-01
2.446433925367233753e-01
7.116877339757601284e-01
5.642428733840065824e-01
7.160456110449426870e-01
6.085351210679980083e-01
2.792193349393999324e-01
9.034561740060646773e-02
2.335490989396694639e-01
0.000000000000000000e+00
9.034561740060646773e-02
9.034561740060646773e-02
2.664806775525292437e-01
0.000000000000000000e+00
9.034561740060646773e-02
2.737645676049907939e-01
1.792055721536857382e-01
2.664806775525292437e-01
1.792055721536857382e-01
3.191259647785313902e-01
9.034561740060646773e-02
2.737645676049907939e-01
4.517079821090821401e-01
7.100433701859433233e-01
6.193205758388620197e-01
7.289007664483055926e-01
7.554047673594840306e-01
5.248837170694653498e-01
6.317503943995428362e-01
8.229122883750203954e-01
7.321894940279390918e-01
6.458245767500404577e-01
5.389578994199628603e-01
