7.258533364085135720e-01
7.459729701699079341e-01
8.549227332919365763e-01
8.549227332919365763e-01
8.528668513235594384e-01
7.838842430917388748e-01
3.646603127921890231e-01
4.980915392432408995e-01
2.965170695568738468e-01
6.036612908736497252e-01
6.270135149150459775e-01
6.734856590255045017e-01
6.879420634866826312e-01
8.149555784017286086e-01
6.278552748350801904e-01
7.735396025673150211e-01
8.025550559089276170e-01
6.793811922980550477e-01
9.405202723725690772e-01
9.529207948653699578e-01
8.605859625921529199e-01
8.549227332919365763e-01
9.005531174823611096e-01
9.638724964139653295e-01
8.948898881821446549e-01
8.439710317433413156e-01
8.019479948847560991e-01
8.096671061533495806e-01
8.425222107991356957e-01
8.419151497749641777e-01
8.824893656893437743e-01
6.426864363480956355e-01
7.625879010187196494e-01
7.548687897501261679e-01
9.600328451097920324e-01
8.824893656893437743e-01
9.108977580067848523e-01
6.850444215982712803e-01
7.131178655241219300e-01
7.131178655241219300e-01
3.255325228984865538e-01
5.568763911671431588e-01
4.038255164226097205e-01
4.479266280451144611e-01
2.965170695568738468e-01
5.271069925848536064e-01
4.517066728170270329e-01
2.459305373051563770e-01
6.051101118178553451e-01
6.850444215982712803e-01
9.115048190309563703e-01
5.746458375320370182e-01
5.917277712490455199e-01
8.259072799503239803e-01
5.319130952300239468e-01
9.020019384265666185e-01
8.591371416479473000e-01
8.729864850849540225e-01
4.848338900953939601e-01
5.138493434370066115e-01
5.428647967786193185e-01
4.614816660539976523e-01
4.848338900953939601e-01
5.169092362769351912e-01
5.335241671257467955e-01
6.148476913181077919e-01
8.315705092505403240e-01
6.278552748350803014e-01
7.859401250601159017e-01
8.605859625921529199e-01
7.388609199254858595e-01
5.138493434370066115e-01
9.295685708239735945e-01
7.445241492257024252e-01
7.729325415431435031e-01
6.554219072324871664e-01
7.317488696810640070e-01
6.136709830064829285e-01
7.317488696810640070e-01
7.548687897501261679e-01
7.368050379571088326e-01
7.619808399945481314e-01
1.000000000000000000e+00
9.638724964139653295e-01
8.315705092505403240e-01
8.948898881821446549e-01
8.948898881821446549e-01
4.614816660539976523e-01
4.871398376946455833e-01
4.226912194754143814e-01
4.919459403398158681e-01
5.609285485716366537e-01
5.028976418884113508e-01
2.565499146666658792e-01
3.581951322321853537e-01
6.749344799697102326e-01
8.309937546377872686e-02
1.650966509737299415e-01
4.581243843530328763e-01
1.360811976321172623e-01
2.459305373051563770e-01
5.639884414115651223e-01
1.650966509737299415e-01
2.459305373051563770e-01
1.650966509737299415e-01
8.309937546377872686e-02
3.356448594505763716e-01
8.309937546377872686e-02
3.348429081907889904e-01
5.189055117130515482e-01
2.817257167041052890e-01
7.729325415431435031e-01
6.560289682566586844e-01
6.136709830064829285e-01
8.149555784017286086e-01
5.576561496313878763e-01
6.036612908736497252e-01
5.580309066832253029e-01
7.569246717185033058e-01
0.000000000000000000e+00
4.226912194754143814e-01
1.360811976321172623e-01
0.000000000000000000e+00
0.000000000000000000e+00
2.169150839635437256e-01
3.448127916633755286e-01
1.650966509737299415e-01
2.459305373051563770e-01
3.348429081907890459e-01
2.877637030561590592e-01
6.160618133664506058e-01
6.426864363480956355e-01
5.828319516688271751e-01
8.309937546377872686e-02
2.965170695568739023e-01
8.419151497749641777e-01
8.478106830475146127e-01
6.149072978503683506e-01
6.950541137311045947e-01
7.788280748156939381e-01
4.980915392432408995e-01
6.560289682566586844e-01
5.271069925848536064e-01
6.950541137311045947e-01
6.260715054992839201e-01
7.498126214740812312e-01
7.258533364085135720e-01
8.149555784017286086e-01
7.640367219629251583e-01
9.529207948653699578e-01
9.819362482069826648e-01
7.430753282814966942e-01
7.619808399945481314e-01
7.149016348599182002e-01
7.548687897501261679e-01
7.838842430917388748e-01
8.315705092505403240e-01
9.295685708239738165e-01
7.027334163394513000e-01
8.078435281573065341e-01
4.517066728170270329e-01
0.000000000000000000e+00
0.000000000000000000e+00
0.000000000000000000e+00
0.000000000000000000e+00
0.000000000000000000e+00
5.278609378255304518e-01
4.769420813867271680e-01
8.309937546377872686e-02
4.226912194754143814e-01
5.561224459264662023e-01
4.871398376946455833e-01
3.348429081907890459e-01
6.850444215982712803e-01
8.425222107991356957e-01
8.534739123477310674e-01
9.108977580067848523e-01
7.424682672573251763e-01
7.548687897501261679e-01
5.858322379764950849e-01
5.028976418884113508e-01
6.917817147908559283e-01
7.735396025673150211e-01
7.678763732670986775e-01
7.368050379571088326e-01
7.658204912987215396e-01
5.470792051346300422e-01
6.036612908736497252e-01
5.470792051346300422e-01
6.270135149150459775e-01
6.740927200496760197e-01
5.749401429601603830e-01
5.045087137841341995e-01
6.149072978503683506e-01
7.720907816231094012e-01
8.259072799503239803e-01
8.330193301947459439e-01
7.714837205989378832e-01
2.094707095320358925e-01
5.647681998758099509e-01
0.000000000000000000e+00
2.459305373051563770e-01
0.000000000000000000e+00
0.000000000000000000e+00
1.360811976321172623e-01
2.557105496701603253e-01
4.629304869982032722e-01
0.000000000000000000e+00
1.650966509737299415e-01
0.000000000000000000e+00
0.000000000000000000e+00
5.580309066832253029e-01
0.000000000000000000e+00
5.550330152990862187e-01
6.950541137311045947e-01
1.650966509737299415e-01
0.000000000000000000e+00
3.122926354091800638e-01
0.000000000000000000e+00
2.557105496701603253e-01
3.581951322321853537e-01
3.748100630809970135e-01
1.650966509737299415e-01
8.309937546377872686e-02
4.448667352051859369e-01
0.000000000000000000e+00
0.000000000000000000e+00
3.537682177758544322e-01
2.877637030561590592e-01
3.924990578221769777e-01
0.000000000000000000e+00
0.000000000000000000e+00
0.000000000000000000e+00
2.094707095320358925e-01
0.000000000000000000e+00
0.000000000000000000e+00
0.000000000000000000e+00
0.000000000000000000e+00
0.000000000000000000e+00
0.000000000000000000e+00
0.000000000000000000e+00
0.000000000000000000e+00
0.000000000000000000e+00
0.000000000000000000e+00
0.000000000000000000e+00
0.000000000000000000e+00
2.169150839635437256e-01
2.094707095320358925e-01
0.000000000000000000e+00
0.000000000000000000e+00
3.646603127921890231e-01
8.309937546377872686e-02
0.000000000000000000e+00
0.000000000000000000e+00
5.045087137841341995e-01
2.094707095320358925e-01
0.000000000000000000e+00
8.309937546377872686e-02
4.110451792184029451e-01
0.000000000000000000e+00
1.360811976321172623e-01
6.734856590255045017e-01
3.537682177758544322e-01
0.000000000000000000e+00
7.368050379571089437e-01
5.580309066832253029e-01
0.000000000000000000e+00
8.309937546377872686e-02
6.740927200496760197e-01
8.309937546377872686e-02
1.650966509737299415e-01
7.131178655241219300e-01
2.459305373051563770e-01
0.000000000000000000e+00
5.180637517930173352e-01
7.548687897501261679e-01
1.650966509737299415e-01
2.353960256731500722e-01
7.131178655241219300e-01
7.859401250601159017e-01
7.625879010187196494e-01
