7.255199376343406392e-01
6.358604864227374032e-01
4.621193070002310721e-01
7.179502420683889774e-01
6.429466162853789690e-01
6.578191980717587040e-01
6.373130912533649939e-01
6.710541289954140565e-01
3.118294757270216322e-01
3.846782668976099773e-01
6.271367056973716769e-01
6.373130912533651049e-01
3.615654700891745565e-01
6.342228355600132428e-01
3.762192051590616537e-01
2.424910853017154255e-01
2.837680179253200818e-01
2.696258239039683868e-01
3.762192051590616537e-01
8.325451869832484197e-01
3.285748073959591786e-01
2.465130270955329661e-01
3.864293913994510388e-01
3.443826276252605068e-01
5.371229327832410805e-01
8.196087757308063715e-01
7.547815355037899021e-01
6.604258880618004701e-01
3.068808147337554471e-01
8.238214062578828045e-01
4.701567979078268289e-01
1.364031647544353687e-01
3.523898339861886164e-01
2.234002302870975731e-01
3.690675507198062921e-01
0.000000000000000000e+00
1.803186803317801679e-01
2.465130270955329661e-01
3.531064083506262885e-01
1.364031647544353687e-01
2.465130270955329661e-01
2.465130270955329661e-01
3.443826276252605068e-01
4.095421882078864595e-01
5.602357295916765567e-01
2.696258239039683868e-01
1.364031647544353687e-01
2.465130270955329661e-01
1.132903679459999480e-01
1.364031647544353687e-01
3.762192051590616537e-01
1.364031647544353687e-01
3.993320019674971300e-01
4.656456477095372026e-01
5.884808076464524973e-01
7.635053162291556283e-01
4.440711765028163005e-01
8.889471661561128002e-01
6.347064012633232277e-01
5.920723071254776482e-01
2.696258239039683868e-01
6.804484291768839732e-01
2.034314771402155608e-01
1.803186803317801679e-01
3.118294757270216322e-01
2.034314771402155608e-01
3.167248663676115461e-01
2.696258239039683868e-01
0.000000000000000000e+00
5.452461444619237652e-01
6.144671037904532174e-01
3.762192051590616537e-01
2.234002302870975731e-01
3.361464106826083098e-01
4.114466484161342086e-01
0.000000000000000000e+00
0.000000000000000000e+00
2.424910853017154255e-01
0.000000000000000000e+00
4.470440010993914637e-01
2.837680179253200818e-01
3.962079320232213542e-01
5.778525667128387999e-01
1.803186803317801679e-01
3.531064083506262885e-01
6.240781603297096414e-01
4.470440010993914637e-01
3.615654700891746121e-01
1.364031647544353687e-01
4.939084038466765025e-01
5.490745345466996330e-01
4.396276412398466005e-01
4.326549850163218247e-01
6.040239088889363117e-01
6.127476896143020380e-01
1.132903679459999480e-01
4.861517545279308572e-01
6.064613232085472871e-01
6.009653635212741651e-01
2.887166789185862115e-01
3.090060293791933033e-01
7.889262833564194555e-01
7.097100270463332361e-01
4.549856964502337897e-01
3.762192051590616537e-01
6.858063020877833149e-02
2.034314771402155608e-01
5.490745345466996330e-01
6.790275346719463201e-01
5.910874976364942635e-01
5.873267224870382108e-01
4.158462326960045696e-01
6.293396855768328413e-01
5.160838718534842551e-01
6.203173851802535888e-01
7.353978035191205409e-01
6.479413321869785802e-01
6.614106975507839659e-01
5.977375424831815609e-01
7.745372672733499275e-01
6.845234943592193311e-01
8.365727714782279500e-01
8.134599746697925848e-01
6.380634663021986785e-01
8.207628608902206580e-01
7.082574222157056454e-01
8.351518769732902969e-01
8.139435403731025698e-01
7.821069628393014783e-01
7.226464382987751733e-01
7.172797226122847869e-01
7.179502420683889774e-01
9.063947276068443637e-01
5.134095669281225627e-01
6.382504200549927731e-01
7.195878929311132488e-01
3.702892508145403383e-01
5.346855184636301050e-01
8.294866416155863842e-01
7.948583280596469569e-01
4.152074235655902612e-01
5.721873313551349982e-01
3.443826276252605068e-01
4.621193070002310721e-01
7.497868196021901799e-01
4.440711765028163005e-01
1.803186803317801679e-01
4.557677818247573009e-01
6.995336414903399191e-01
6.790275346719463201e-01
2.568801013847850645e-01
2.146764495617317914e-01
6.858063020877833149e-02
0.000000000000000000e+00
0.000000000000000000e+00
5.479204493872853465e-01
8.745581500730430502e-01
1.484821027979789931e-01
4.892596883036461342e-01
4.707956070382411373e-01
2.799928981932204297e-01
5.452461444619237652e-01
5.452461444619237652e-01
7.028907065292151479e-01
6.995336414903399191e-01
2.465130270955329661e-01
2.034314771402155608e-01
3.846782668976099773e-01
1.364031647544353687e-01
1.132903679459999480e-01
4.095421882078864595e-01
6.858063020877833149e-02
5.172379570128984305e-01
6.858063020877833149e-02
2.837680179253200818e-01
5.082974199297461970e-01
1.364031647544353687e-01
0.000000000000000000e+00
0.000000000000000000e+00
2.696258239039683868e-01
2.424910853017154255e-01
4.390065101917957069e-01
3.227562363318486338e-01
5.028489409298287915e-01
4.971837055721249343e-01
5.913543069820177411e-01
3.054620105875237579e-01
6.858063020877833149e-02
1.132903679459999480e-01
3.118294757270216322e-01
5.467663642278711711e-01
3.068808147337554471e-01
0.000000000000000000e+00
7.108641122057474115e-01
7.497868196021901799e-01
5.236535674194358059e-01
6.434301819886890650e-01
5.983586735312323990e-01
5.221333476534882889e-01
2.034314771402155608e-01
2.034314771402155608e-01
5.170212006551119233e-01
3.690675507198062921e-01
5.283991520578753542e-01
6.384671764127791693e-01
4.557677818247573009e-01
4.095421882078864595e-01
7.167961569089748020e-01
5.115727216551946288e-01
4.851846231213107208e-01
4.891426849602728555e-01
1.803186803317801679e-01
6.486118516430828818e-01
1.364031647544353687e-01
3.993320019674971300e-01
6.526869168254181286e-01
6.053072380491331117e-01
8.238214062578825825e-01
9.063947276068441417e-01
1.364031647544353687e-01
5.539699251872894914e-01
7.976500640817852927e-01
6.700869975887939756e-01
8.365727714782279500e-01
7.250363719310306543e-01
7.877721981970052800e-01
8.033152994394890944e-01
8.571105886223114867e-01
8.339977918138761215e-01
5.920723071254776482e-01
6.835386848702358353e-01
5.531021190416791633e-01
7.802025026310537292e-01
6.043224285601497270e-01
6.224405094669853700e-01
5.721873313551349982e-01
7.172797226122848979e-01
8.514453532646076850e-01
8.571105886223114867e-01
6.239088846592788506e-01
7.658134865479840903e-01
7.313702190241410106e-01
7.919848287240814910e-01
8.438756576986561342e-01
7.635053162291557394e-01
7.632067965579423241e-01
8.052197596477369546e-01
8.097309098460264698e-01
8.063738448071510190e-01
5.879972419431424013e-01
8.757122352324572256e-01
7.080723761836090757e-01
8.328437066544618350e-01
8.514453532646076850e-01
6.623303482700482192e-01
6.519689166819582216e-01
4.278453151468187832e-01
4.549856964502337897e-01
7.646594013885698038e-01
3.443826276252605068e-01
7.601482511902802885e-01
5.770827219957248566e-01
3.531064083506262885e-01
2.696258239039683868e-01
3.762192051590616537e-01
5.259617377382642678e-01
4.707956070382411373e-01
4.165148444314112353e-01
5.365223637365579279e-01
3.118294757270216322e-01
6.858063020877833149e-02
6.149506694937633133e-01
4.095421882078864040e-01
6.858063020877833149e-02
4.521939604280953429e-01
5.019933754416280314e-01
3.755026307946240371e-01
3.459547539113709269e-01
6.526869168254181286e-01
6.470216814677142159e-01
2.465130270955329661e-01
2.465130270955329661e-01
5.539699251872894914e-01
4.047325183383833624e-01
3.227562363318486338e-01
5.123724851120814439e-01
3.531064083506262885e-01
5.140101359748057153e-01
6.474577664836687063e-01
6.896557756055597954e-01
5.364049326397811734e-01
2.894332532830238836e-01
6.293396855768328413e-01
2.837680179253200818e-01
2.146764495617317914e-01
1.364031647544353687e-01
6.382979007423484896e-01
5.721873313551349982e-01
0.000000000000000000e+00
4.095421882078864040e-01
3.528416893638087748e-01
4.990205508450528682e-01
4.152074235655902612e-01
5.308571283788541262e-01
6.380634663021986785e-01
6.995336414903398081e-01
8.134599746697925848e-01
8.047361939444267476e-01
8.525994384240218604e-01
7.976500640817852927e-01
6.284200348575684769e-01
8.370563371815380460e-01
7.908307435646674266e-01
6.646385185888765701e-01
4.990205508450529792e-01
7.400939997495067368e-01
6.295741200169826524e-01
6.053072380491331117e-01
5.479204493872853465e-01
4.971837055721249343e-01
4.573061074264717085e-01
5.884808076464524973e-01
5.734706605153319092e-01
5.998112783618601007e-01
6.104395192954737981e-01
6.854431450784835844e-01
5.577983152720653592e-01
4.557677818247573009e-01
5.452461444619237652e-01
4.165148444314112353e-01
5.896348928058665617e-01
7.250363719310305433e-01
4.326549850163218247e-01
6.820860800396082446e-01
6.382979007423484896e-01
8.207628608902207690e-01
7.483659250972524157e-01
6.224405094669853700e-01
4.396276412398466005e-01
3.993320019674971300e-01
6.797779097207797827e-01
7.457592351072105386e-01
6.790275346719463201e-01
6.764208446819045539e-01
6.245300157073297997e-01
8.901012513155269756e-01
7.948583280596469569e-01
8.559565034628972002e-01
7.339769090141827768e-01
7.635053162291556283e-01
9.162725934916243764e-01
6.804484291768838622e-01
6.614106975507839659e-01
6.053072380491331117e-01
5.134095669281225627e-01
4.193207288316567194e-01
5.134095669281225627e-01
4.891426849602730220e-01
4.891426849602729110e-01
4.759077540366175030e-01
5.308571283788541262e-01
4.788805786331926106e-01
4.326549850163218247e-01
3.678277447893052998e-01
3.909405415977406650e-01
4.470440010993914637e-01
3.702892508145403938e-01
5.721873313551349982e-01
5.710332461957208228e-01
5.896348928058666727e-01
4.549856964502337897e-01
6.589732832311727684e-01
6.479413321869785802e-01
7.688720319156461258e-01
6.516703970107448063e-01
5.467663642278711711e-01
8.988250320408925909e-01
4.239312042909560430e-01
4.788805786331926106e-01
4.396276412398466005e-01
7.260035033376505131e-01
7.260035033376505131e-01
7.570897058226181420e-01
6.877513153973119353e-01
5.770827219957248566e-01
5.401339974635473995e-01
6.589732832311727684e-01
7.483659250972524157e-01
5.611553803109409211e-01
7.544830158325763758e-01
8.700469998747535350e-01
7.226464382987751733e-01
5.451287133651471217e-01
6.380634663021986785e-01
6.064613232085472871e-01
5.776832910424081202e-01
4.554692621535437747e-01
5.346855184636301050e-01
5.896348928058665617e-01
5.248076525788499813e-01
4.071224519706387879e-01
4.389590295044398793e-01
6.896557756055597954e-01
7.266740227937548147e-01
9.207837436899138917e-01
7.646594013885699148e-01
5.896348928058665617e-01
3.993320019674971300e-01
3.762192051590616537e-01
5.115727216551947398e-01
4.165148444314112353e-01
1.364031647544353687e-01
5.452461444619237652e-01
4.396276412398466005e-01
7.832610479987155427e-01
5.503578637068965440e-01
6.797779097207797827e-01
6.797779097207797827e-01
6.239088846592788506e-01
5.896348928058665617e-01
7.252531282888170505e-01
7.415466045801344386e-01
8.196087757308063715e-01
5.683589412703591304e-01
4.165148444314112353e-01
4.470440010993914637e-01
4.788805786331926106e-01
1.364031647544353687e-01
5.434092991889958313e-01
5.248076525788499813e-01
7.313702190241410106e-01
5.842681771193762863e-01
4.891426849602728555e-01
5.308571283788541262e-01
2.424910853017154255e-01
5.884808076464524973e-01
6.764208446819045539e-01
2.799928981932204297e-01
3.054620105875237579e-01
6.604258880618004701e-01
4.338090701757360002e-01
6.127476896143020380e-01
5.479204493872853465e-01
4.396276412398466005e-01
4.152074235655902612e-01
6.938684061326361174e-01
5.019933754416280314e-01
3.212698308168250860e-01
3.531064083506262885e-01
4.627404380482820212e-01
6.040239088889362007e-01
4.389590295044399904e-01
2.034314771402155608e-01
4.470440010993914637e-01
5.308571283788541262e-01
2.696258239039683868e-01
6.858063020877833149e-02
3.118294757270216322e-01
5.308571283788542372e-01
5.503578637068965440e-01
6.040239088889362007e-01
6.703037539465804828e-01
2.799928981932204297e-01
3.762192051590616537e-01
4.621193070002310721e-01
6.764208446819045539e-01
7.028907065292151479e-01
7.630217505258456434e-01
7.976500640817852927e-01
7.399089537174101672e-01
6.614106975507839659e-01
3.285748073959591786e-01
4.071224519706387879e-01
4.476828102298057721e-01
4.707956070382411373e-01
5.308571283788542372e-01
6.710541289954139454e-01
6.710541289954140565e-01
6.380634663021986785e-01
6.104395192954735760e-01
6.710541289954140565e-01
6.380634663021985675e-01
5.929919578447420125e-01
6.104395192954735760e-01
5.809111120805007245e-01
5.346855184636301050e-01
5.479204493872853465e-01
5.920723071254777592e-01
5.503578637068965440e-01
6.062268887683974761e-01
6.566651129123444175e-01
5.411011288701674804e-01
6.062268887683974761e-01
6.380634663021985675e-01
5.929919578447420125e-01
3.786904201630686972e-01
6.380634663021986785e-01
5.682415101735823759e-01
6.908098607649739709e-01
6.747831938191801715e-01
6.604258880618004701e-01
6.938684061326360064e-01
7.214923531393609979e-01
6.429466162853790800e-01
6.245300157073297997e-01
6.014172188988944345e-01
7.544830158325764868e-01
7.214923531393609979e-01
6.809319948801940692e-01
6.936833601005394367e-01
7.960124132190610213e-01
7.035612259853194494e-01
7.632067965579421021e-01
7.544830158325764868e-01
7.127685724139951606e-01
6.521539627140547912e-01
6.115936044548878625e-01
7.169812029410714826e-01
5.179883320617320042e-01
6.161047546531773778e-01
6.611762631106340438e-01
5.179883320617320042e-01
5.682415101735823759e-01
5.179883320617320042e-01
7.028907065292151479e-01
5.364049326397811734e-01
6.380634663021985675e-01
6.161047546531773778e-01
7.483659250972525268e-01
7.863195933663776893e-01
5.602357295916764457e-01
5.821944412406977465e-01
5.953001281635703634e-01
6.271367056973716769e-01
7.745372672733499275e-01
5.896348928058665617e-01
7.778943323122251563e-01
6.382979007423484896e-01
4.671839733112517212e-01
8.438756576986559121e-01
8.514453532646076850e-01
9.162725934916243764e-01
7.632067965579423241e-01
1.000000000000000000e+00
8.047361939444267476e-01
9.450506256577635433e-01
8.438756576986561342e-01
8.700469998747536460e-01
8.382104223409522215e-01
9.306616095746937933e-01
9.162725934916241544e-01
6.983795563309256327e-01
8.525994384240218604e-01
7.646594013885699148e-01
7.195878929311132488e-01
7.226464382987751733e-01
7.632067965579421021e-01
7.415466045801344386e-01
7.108641122057474115e-01
7.427006897395487250e-01
7.410630388768243426e-01
6.764208446819043319e-01
7.919848287240814910e-01
7.328228238547686013e-01
6.392175514616128540e-01
7.427006897395486140e-01
6.865972302378978709e-01
7.745372672733497055e-01
7.415466045801344386e-01
8.382104223409522215e-01
6.156211889498673928e-01
7.658134865479839792e-01
8.294866416155863842e-01
7.399089537174101672e-01
6.618467825667382343e-01
8.877930809966984027e-01
7.775958126410118521e-01
8.283325564561723198e-01
6.380634663021985675e-01
8.646802841882630375e-01
8.514453532646076850e-01
8.669884545070914994e-01
7.184338077716990734e-01
9.481091710254254679e-01
9.712219678338608331e-01
8.427215725392418477e-01
7.544830158325763758e-01
6.938684061326360064e-01
5.503578637068965440e-01
6.304937707362471278e-01
4.338090701757360557e-01
6.854431450784835844e-01
6.392175514616128540e-01
7.283116736564789750e-01
7.184338077716989623e-01
6.676970639565386056e-01
6.998321611615532234e-01
5.922415827959084389e-01
7.646594013885699148e-01
8.658343693476772129e-01
8.415674873798276723e-01
8.427215725392418477e-01
7.733831821139356411e-01
8.745581500730430502e-01
6.896557756055597954e-01
8.745581500730430502e-01
8.571105886223114867e-01
7.214923531393609979e-01
8.646802841882630375e-01
8.063738448071510190e-01
7.816233971359914934e-01
6.471909571381450066e-01
6.293396855768328413e-01
5.682415101735823759e-01
6.335523161039089413e-01
6.104395192954735760e-01
6.797779097207797827e-01
4.887584445179726789e-01
7.483659250972524157e-01
8.901012513155268646e-01
7.635053162291556283e-01
8.328437066544618350e-01
8.283325564561720977e-01
7.266740227937548147e-01
8.514453532646076850e-01
8.525994384240218604e-01
8.832819307984087764e-01
9.295075244152797289e-01
6.239088846592788506e-01
7.266740227937548147e-01
5.028489409298287915e-01
2.696258239039683868e-01
3.762192051590616537e-01
6.233083156125956981e-01
7.403925194207201521e-01
3.531064083506262885e-01
1.803186803317801679e-01
6.858063020877833149e-02
1.803186803317801679e-01
1.364031647544353687e-01
6.858063020877833149e-02
1.803186803317801679e-01
4.278453151468187832e-01
2.034314771402155608e-01
1.803186803317801679e-01
1.132903679459999480e-01
2.234002302870975731e-01
1.364031647544353687e-01
6.858063020877833149e-02
6.858063020877833149e-02
1.364031647544353687e-01
4.047325183383833624e-01
1.803186803317801679e-01
1.364031647544353687e-01
1.803186803317801679e-01
3.762192051590616537e-01
1.364031647544353687e-01
4.165148444314112353e-01
3.349422725354569974e-01
2.034314771402155608e-01
5.082974199297461970e-01
5.734706605153319092e-01
1.364031647544353687e-01
1.364031647544353687e-01
3.762192051590616537e-01
5.778525667128387999e-01
1.364031647544353687e-01
2.034314771402155608e-01
5.308571283788541262e-01
8.010071291206605215e-01
3.068808147337554471e-01
2.034314771402155608e-01
4.290811636196599776e-01
1.364031647544353687e-01
2.696258239039683868e-01
2.034314771402155608e-01
2.034314771402155608e-01
1.364031647544353687e-01
4.095421882078864040e-01
3.786904201630686972e-01
1.803186803317801679e-01
2.034314771402155608e-01
2.034314771402155608e-01
1.364031647544353687e-01
1.364031647544353687e-01
1.364031647544353687e-01
1.364031647544353687e-01
6.858063020877833149e-02
2.034314771402155608e-01
2.696258239039683868e-01
2.034314771402155608e-01
3.090060293791933033e-01
3.118294757270216322e-01
1.132903679459999480e-01
1.803186803317801679e-01
1.132903679459999480e-01
6.151851039339131244e-01
1.132903679459999480e-01
3.212698308168250860e-01
2.465130270955329661e-01
1.803186803317801679e-01
2.887166789185862115e-01
4.851846231213107208e-01
6.040239088889363117e-01
4.788805786331926106e-01
1.803186803317801679e-01
2.234002302870975731e-01
2.234002302870975731e-01
5.682415101735823759e-01
6.415257217804412049e-01
4.122345989690151535e-01
7.733831821139356411e-01
5.082974199297461970e-01
5.160838718534842551e-01
1.364031647544353687e-01
3.118294757270216322e-01
4.198042945349667043e-01
5.170212006551120343e-01
2.234002302870975731e-01
1.132903679459999480e-01
4.239312042909560430e-01
4.630389577194954365e-01
3.299936115421908678e-01
6.248285353785433260e-01
1.132903679459999480e-01
2.234002302870975731e-01
1.364031647544353687e-01
4.396276412398466005e-01
6.858063020877833149e-02
1.364031647544353687e-01
5.082974199297461970e-01
4.788805786331926106e-01
2.465130270955329661e-01
2.799928981932204297e-01
2.034314771402155608e-01
1.364031647544353687e-01
6.858063020877833149e-02
2.034314771402155608e-01
2.034314771402155608e-01
2.424910853017154255e-01
2.034314771402155608e-01
4.095421882078864040e-01
2.465130270955329661e-01
2.034314771402155608e-01
2.799928981932204297e-01
3.118294757270216322e-01
2.465130270955329661e-01
3.068808147337554471e-01
3.755026307946240371e-01
8.196087757308063715e-01
3.762192051590616537e-01
6.040239088889363117e-01
1.803186803317801679e-01
6.858063020877833149e-02
2.465130270955329661e-01
3.118294757270216322e-01
3.361464106826083098e-01
5.786029417616724846e-01
2.651663713151742874e-01
2.696258239039683868e-01
5.452461444619237652e-01
5.361381232942575847e-01
1.364031647544353687e-01
5.953001281635703634e-01
3.054620105875237579e-01
6.382979007423484896e-01
8.207628608902206580e-01
4.059683668112246124e-01
5.721873313551349982e-01
3.227562363318486338e-01
4.891426849602730220e-01
2.146764495617317914e-01
1.484821027979789931e-01
6.953210109632635971e-01
3.528416893638087748e-01
1.484821027979789931e-01
2.146764495617317914e-01
1.484821027979789931e-01
1.484821027979789931e-01
4.341933106180363433e-01
4.573061074264717085e-01
8.108849950054407563e-01
7.585106003275561282e-01
8.700469998747535350e-01
7.745372672733499275e-01
