5.066022530212145325e-01
6.649890578040612565e-01
8.219353649143630314e-01
7.694002811578632972e-01
8.705574735114046669e-01
8.886744204154648497e-01
7.790050270643352759e-01
8.312291194252990900e-01
6.833216932689820666e-01
7.029344810540223421e-01
6.119456759314747529e-01
6.028492281410895437e-01
9.041009776437861634e-01
7.424601418606786574e-01
7.963404204550479371e-01
2.726162389760162230e-01
2.726162389760162230e-01
3.453093700017684231e-01
3.453093700017684231e-01
3.453093700017684231e-01
3.183692307045838388e-01
3.453093700017684231e-01
3.183692307045838388e-01
3.453093700017684231e-01
3.620811220679592268e-01
3.453093700017684231e-01
5.304252383101877300e-01
5.552243616182560570e-01
5.282842223210714172e-01
6.426481443450069442e-01
6.223113698830192719e-01
6.602945291312557474e-01
8.334489469832262465e-01
6.784114760353158191e-01
8.166771949170356093e-01
7.891734142953290565e-01
9.191795821084460805e-01
7.592318939268695166e-01
7.790050270643352759e-01
8.117669776833693618e-01
8.166771949170356093e-01
8.719026683492741014e-01
7.402403143027513899e-01
8.974976128085893068e-01
9.513778914029583644e-01
8.617342811182802098e-01
8.988428076464586303e-01
7.861720332240542675e-01
8.387071169805538906e-01
9.142693648747799440e-01
8.436173342142202491e-01
9.796632255380123278e-01
8.652993035140770228e-01
8.227169184277106639e-01
8.502206990494171057e-01
8.281907769858986024e-01
8.400523118184232141e-01
7.438053366985482029e-01
7.641421111605357641e-01
4.705862714019196646e-01
1.283434044806019136e-01
4.597732076496277576e-01
7.812780458784993054e-02
1.552835437777864980e-01
7.812780458784993054e-02
5.970274168192400976e-01
0.000000000000000000e+00
7.812780458784993054e-02
2.966872614047268431e-01
6.658259545258439216e-01
5.953712305858346321e-01
7.155200025634941285e-01
6.116724205342140008e-01
8.166771949170356093e-01
8.922394428112614406e-01
4.975264106991041935e-01
8.449625290520894616e-01
8.886744204154649607e-01
7.204302197971604871e-01
8.705574735114046669e-01
1.000000000000000000e+00
8.699938321868828650e-01
8.515658938872866512e-01
8.873292255775955262e-01
8.347941418210956810e-01
8.449625290520894616e-01
6.761916484773884406e-01
8.988428076464584082e-01
6.407393081826154857e-01
7.309465597918156643e-01
9.142693648747799440e-01
8.012506376887141846e-01
8.873292255775953041e-01
9.257829469436431591e-01
9.142693648747799440e-01
9.257829469436431591e-01
9.359513341746368287e-01
8.166771949170353873e-01
8.347941418210956810e-01
8.246257545901020114e-01
7.743104983915295447e-01
7.891734142953290565e-01
8.603890862804108863e-01
8.232805597522324659e-01
6.767183284337850990e-01
8.652993035140770228e-01
9.257829469436431591e-01
8.488755042115478933e-01
7.539737239295419835e-01
5.719961136844469163e-01
6.863600357083823322e-01
8.449625290520896836e-01
8.603890862804108863e-01
7.790050270643352759e-01
8.328853056587042225e-01
5.591373367777142667e-01
7.040064204946310245e-01
7.812780458784993054e-02
1.283434044806019136e-01
2.044758707984599966e-01
3.534366568675699760e-01
6.833216932689820666e-01
6.333543898340711076e-01
6.275325785122214395e-01
1.283434044806019136e-01
4.334777448737412997e-01
1.552835437777864980e-01
7.812780458784993054e-02
7.812780458784993054e-02
7.812780458784993054e-02
7.812780458784993054e-02
2.044758707984599966e-01
2.044758707984599966e-01
2.726162389760162785e-01
7.812780458784993054e-02
2.424196321688231182e-01
7.812780458784993054e-02
2.044758707984599966e-01
3.620811220679592268e-01
2.044758707984599966e-01
6.396098019056066786e-01
3.982780545079542267e-01
4.447734147537789062e-01
2.314160100956445809e-01
1.552835437777864980e-01
7.812780458784993054e-02
4.167059928075504960e-01
5.450559743872623875e-01
5.989362529816315561e-01
2.314160100956445809e-01
3.900185034393518491e-01
3.534366568675699760e-01
2.314160100956445809e-01
2.314160100956445809e-01
2.795281586970014831e-01
1.552835437777864980e-01
2.795281586970014831e-01
1.552835437777864980e-01
2.314160100956445809e-01
1.552835437777864980e-01
3.297670398365104005e-01
3.680838842105088604e-01
7.812780458784993054e-02
4.447734147537789062e-01
8.886744204154648497e-01
7.963404204550479371e-01
9.244377521057737246e-01
8.449625290520893506e-01
7.790050270643353869e-01
6.784114760353158191e-01
8.334489469832262465e-01
7.627969163226664406e-01
7.707454759957328427e-01
6.748464536395191171e-01
8.347941418210956810e-01
8.347941418210956810e-01
7.707454759957328427e-01
8.598254449558890844e-01
7.891734142953290565e-01
6.005924392150369107e-01
7.204302197971603761e-01
6.231860026030773270e-01
6.116724205342141119e-01
6.333543898340709966e-01
8.939325904127924938e-01
6.748464536395191171e-01
7.168651974013635630e-01
5.693057240087079363e-01
9.156145597126494895e-01
7.944315842926567006e-01
7.438053366985482029e-01
8.334489469832262465e-01
8.334489469832262465e-01
8.771608383466017456e-01
7.773488408309298103e-01
8.042889801281144502e-01
6.770662811974463846e-01
6.833216932689820666e-01
7.575387463253386855e-01
7.309465597918156643e-01
7.375499246270125209e-01
7.688366398333413843e-01
8.347941418210956810e-01
7.910822504577205150e-01
8.617342811182803208e-01
9.142693648747799440e-01
9.323863117788401267e-01
8.430536928896982252e-01
8.012506376887141846e-01
8.449625290520894616e-01
8.603890862804108863e-01
6.333543898340709966e-01
5.719961136844469163e-01
8.598254449558890844e-01
8.771608383466017456e-01
9.681496434691491126e-01
8.603890862804111084e-01
8.699938321868826430e-01
8.334489469832262465e-01
8.598254449558890844e-01
8.114190249197079652e-01
7.592318939268695166e-01
8.603890862804106643e-01
8.227169184277104419e-01
8.246257545901020114e-01
8.652993035140770228e-01
9.898316127690062194e-01
7.520648877671506360e-01
7.358567770254818008e-01
7.303829184672936403e-01
8.598254449558888624e-01
7.746584511551909413e-01
7.270335846323573437e-01
7.575387463253387965e-01
6.292257261137522706e-01
5.405936255411813995e-01
5.465518152682424802e-01
7.149563612389723266e-01
6.341359433474186291e-01
7.592318939268695166e-01
9.142693648747799440e-01
5.066022530212145325e-01
7.520648877671506360e-01
8.603890862804108863e-01
8.886744204154649607e-01
8.617342811182802098e-01
6.341359433474186291e-01
5.580653973371056953e-01
5.465518152682423692e-01
6.965284229393761128e-01
6.778478347107939062e-01
5.940260357479654196e-01
5.282842223210714172e-01
1.552835437777864980e-01
5.034850990130030901e-01
5.944739041355506792e-01
8.383591642168926050e-01
6.544727178094060793e-01
2.795281586970015386e-01
5.294137285980804464e-01
7.812780458784993054e-02
2.044758707984599966e-01
2.441521776482270811e-01
2.726162389760162230e-01
7.812780458784993054e-02
3.064682979941861229e-01
3.620811220679592268e-01
7.031317877745729694e-01
7.322917546296848768e-01
2.786929238548166987e-01
3.982780545079542267e-01
5.634839126868584902e-01
1.552835437777864980e-01
2.314160100956445809e-01
3.397032472407793824e-01
7.812780458784993054e-02
7.812780458784993054e-02
5.465518152682423692e-01
5.591373367777142667e-01
4.796621137240299482e-01
4.662396954927753856e-01
4.469371244731212833e-01
7.303829184672937513e-01
6.833216932689820666e-01
8.012506376887141846e-01
7.891734142953289455e-01
6.563815539717974268e-01
6.489988592512179189e-01
7.520648877671507471e-01
7.372019718633511243e-01
6.388858152286593928e-01
8.449625290520894616e-01
8.232805597522324659e-01
8.334489469832262465e-01
6.490542024596531734e-01
4.867133469468122864e-01
5.304252383101877300e-01
4.597732076496277576e-01
5.034850990130030901e-01
4.261297878933221761e-01
7.812780458784993054e-02
2.044758707984599966e-01
6.610760826446030469e-01
4.662396954927753856e-01
3.534366568675700315e-01
0.000000000000000000e+00
4.705862714019196646e-01
0.000000000000000000e+00
0.000000000000000000e+00
0.000000000000000000e+00
0.000000000000000000e+00
6.490542024596531734e-01
7.812780458784993054e-02
0.000000000000000000e+00
0.000000000000000000e+00
0.000000000000000000e+00
0.000000000000000000e+00
0.000000000000000000e+00
0.000000000000000000e+00
2.239941303789746707e-01
4.867133469468123974e-01
5.745638940060356914e-01
0.000000000000000000e+00
1.283434044806019136e-01
2.795281586970015386e-01
1.673673442702815761e-01
0.000000000000000000e+00
0.000000000000000000e+00
0.000000000000000000e+00
0.000000000000000000e+00
0.000000000000000000e+00
0.000000000000000000e+00
0.000000000000000000e+00
0.000000000000000000e+00
0.000000000000000000e+00
0.000000000000000000e+00
0.000000000000000000e+00
0.000000000000000000e+00
1.552835437777864980e-01
7.812780458784993054e-02
0.000000000000000000e+00
0.000000000000000000e+00
7.812780458784993054e-02
0.000000000000000000e+00
7.812780458784993054e-02
7.812780458784993054e-02
2.239941303789746707e-01
7.812780458784993054e-02
1.283434044806019136e-01
0.000000000000000000e+00
1.673673442702815761e-01
1.987077408054477301e-01
0.000000000000000000e+00
2.726162389760162230e-01
4.783169188861605692e-01
1.283434044806019136e-01
0.000000000000000000e+00
1.552835437777864980e-01
5.634839126868584902e-01
2.314160100956445809e-01
3.453093700017684231e-01
8.617342811182802098e-01
7.944315842926567006e-01
9.527230862408276879e-01
7.303829184672936403e-01
6.116724205342141119e-01
7.402403143027515009e-01
7.405513056982874209e-01
7.707454759957328427e-01
8.166771949170356093e-01
8.383591642168926050e-01
7.034427791701091115e-01
9.156145597126494895e-01
8.246257545901020114e-01
8.502206990494171057e-01
8.347941418210956810e-01
7.641421111605357641e-01
9.461197214056307203e-01
7.897370556198509695e-01
7.627969163226664406e-01
8.383591642168927160e-01
9.041009776437861634e-01
7.707454759957328427e-01
7.795686683888571888e-01
8.059451663615199157e-01
9.359513341746371617e-01
8.334489469832262465e-01
8.232805597522324659e-01
9.999999999999997780e-01
8.334489469832262465e-01
6.682430888043220385e-01
8.820710555802678821e-01
8.488755042115476712e-01
9.156145597126494895e-01
7.372019718633511243e-01
8.652993035140770228e-01
7.149563612389722156e-01
8.436173342142202491e-01
7.773488408309298103e-01
5.580653973371056953e-01
6.017772887004809723e-01
6.872346684284402762e-01
6.492515091802039118e-01
5.211541775294780132e-01
6.426481443450069442e-01
5.934623944234433957e-01
7.234685622365607527e-01
6.550363591339281033e-01
7.204302197971604871e-01
7.976856152929173716e-01
6.899250581041790342e-01
7.861720332240541564e-01
7.405513056982874209e-01
7.066968101703698935e-01
7.303829184672936403e-01
9.310411169409708032e-01
9.142693648747799440e-01
6.223113698830192719e-01
7.891734142953290565e-01
6.981846091727815784e-01
8.161135535925136963e-01
7.083529964037752480e-01
9.359513341746369397e-01
7.910822504577204040e-01
8.334489469832262465e-01
7.204302197971604871e-01
8.705574735114046669e-01
8.065088076860417177e-01
8.334489469832262465e-01
7.089166377282972720e-01
9.513778914029581424e-01
7.891734142953290565e-01
8.873292255775955262e-01
8.886744204154648497e-01
9.244377521057737246e-01
9.257829469436431591e-01
9.257829469436431591e-01
9.359513341746369397e-01
8.347941418210956810e-01
7.526285290916725490e-01
8.166771949170356093e-01
7.963404204550479371e-01
9.796632255380123278e-01
8.719026683492741014e-01
8.974976128085890847e-01
8.281907769858988244e-01
8.771608383466016345e-01
9.142693648747799440e-01
9.527230862408277989e-01
8.449625290520894616e-01
8.886744204154648497e-01
7.418965005361568554e-01
8.785060331844710690e-01
8.603890862804108863e-01
8.012506376887141846e-01
7.539737239295420945e-01
8.065088076860418287e-01
8.232805597522324659e-01
4.261297878933221761e-01
3.680838842105088604e-01
5.136534862439968707e-01
4.604178841709258840e-01
6.934900804999758472e-01
4.436461321047350248e-01
5.951739238652840047e-01
7.957767791305260241e-01
3.855561545932709722e-01
2.424196321688231182e-01
7.861720332240541564e-01
7.694002811578632972e-01
6.492515091802039118e-01
7.795686683888571888e-01
7.221233673986912072e-01
8.232805597522324659e-01
7.372019718633511243e-01
8.771608383466017456e-01
8.232805597522326879e-01
5.745638940060356914e-01
5.552243616182560570e-01
2.795281586970015386e-01
2.314160100956445809e-01
3.534366568675699760e-01
2.893879910422070267e-01
1.283434044806019136e-01
4.705862714019196646e-01
7.812780458784993054e-02
0.000000000000000000e+00
4.382276167549820634e-01
6.223113698830192719e-01
7.812780458784993054e-02
3.397032472407793824e-01
4.334777448737412997e-01
1.673673442702815761e-01
5.970274168192400976e-01
2.044758707984599966e-01
1.552835437777864980e-01
3.453093700017684231e-01
2.044758707984599966e-01
3.534366568675699760e-01
4.940167315117426350e-01
1.552835437777864980e-01
1.552835437777864980e-01
0.000000000000000000e+00
7.812780458784993054e-02
0.000000000000000000e+00
7.812780458784993054e-02
1.552835437777864980e-01
2.314160100956445809e-01
4.436461321047350248e-01
5.794741112397018279e-01
7.102618325661665954e-01
8.873292255775953041e-01
6.663342526419306910e-01
7.674914449954720608e-01
8.669924511156078539e-01
5.580653973371055843e-01
6.064142505368863567e-01
5.748371494032963325e-01
8.334489469832262465e-01
8.012506376887141846e-01
8.059451663615198047e-01
7.504087015337451705e-01
7.790050270643353869e-01
7.592318939268695166e-01
6.778478347107937951e-01
5.580653973371055843e-01
6.221140631624686446e-01
4.867133469468122864e-01
4.380912383497707618e-01
4.867133469468122864e-01
2.044758707984599966e-01
4.975264106991043045e-01
6.116724205342141119e-01
3.534366568675699760e-01
2.795281586970014831e-01
7.204302197971604871e-01
3.620811220679592268e-01
3.064682979941861229e-01
2.314160100956445809e-01
2.314160100956445809e-01
3.064682979941861229e-01
5.794741112397019389e-01
7.149563612389723266e-01
5.302883613181382794e-01
4.604178841709258840e-01
7.707454759957327317e-01
6.223113698830192719e-01
8.820710555802678821e-01
9.412095041719645838e-01
6.965284229393761128e-01
5.465518152682423692e-01
2.314160100956445809e-01
3.064682979941860674e-01
5.719961136844469163e-01
4.796621137240299482e-01
7.372019718633511243e-01
6.550363591339281033e-01
8.699938321868828650e-01
6.231860026030773270e-01
2.044758707984599966e-01
5.308520026426603033e-01
3.534366568675699760e-01
8.281907769858988244e-01
5.525339719425172991e-01
4.261297878933221761e-01
8.232805597522324659e-01
2.314160100956445809e-01
4.271270299675301585e-01
4.370797286376634783e-01
7.812780458784993054e-02
3.064682979941861229e-01
1.552835437777864980e-01
3.064682979941861229e-01
3.163281303393916111e-01
6.550363591339281033e-01
1.552835437777864980e-01
7.812780458784993054e-02
3.991896485961375363e-01
8.328853056587044446e-01
7.812780458784993054e-02
6.192730274436190063e-01
7.812780458784993054e-02
3.534366568675699760e-01
2.044758707984599966e-01
2.314160100956445809e-01
4.530699271905067049e-01
2.424196321688231182e-01
5.962458633058926871e-01
2.795281586970015386e-01
3.803767961647546159e-01
2.044758707984599966e-01
3.890212613651438112e-01
5.304252383101877300e-01
7.141748077256249161e-01
8.334489469832262465e-01
5.682337845680994759e-01
4.867133469468123974e-01
7.424601418606787684e-01
7.034427791701090005e-01
9.257829469436431591e-01
8.400523118184233251e-01
8.873292255775955262e-01
5.719961136844469163e-01
6.275325785122214395e-01
5.405936255411813995e-01
7.809138632267265123e-01
7.234685622365605306e-01
7.746584511551909413e-01
5.689577712450466507e-01
8.180223897549048218e-01
6.550363591339281033e-01
6.594198964111976924e-01
5.734919545654270090e-01
3.064682979941861229e-01
5.405936255411813995e-01
6.668978939664526040e-01
6.629849188069943944e-01
8.603890862804108863e-01
7.204302197971603761e-01
8.015985904523755812e-01
8.939325904127924938e-01
8.078540025239111522e-01
6.748464536395191171e-01
7.234685622365607527e-01
8.652993035140772449e-01
6.594198964111976924e-01
8.449625290520894616e-01
7.089166377282971609e-01
6.116724205342141119e-01
6.602945291312557474e-01
5.476237547088510516e-01
6.294414146746128980e-01
6.718081112001188515e-01
6.479063143423344773e-01
6.462131667408036462e-01
4.261297878933221761e-01
3.991896485961375363e-01
6.223113698830192719e-01
4.261297878933221761e-01
6.778478347107939062e-01
8.347941418210956810e-01
7.405513056982874209e-01
7.746584511551909413e-01
6.833216932689820666e-01
7.040064204946310245e-01
7.402403143027513899e-01
7.473703590943449049e-01
8.449625290520894616e-01
6.965284229393761128e-01
4.705862714019196646e-01
5.465518152682423692e-01
7.743104983915295447e-01
4.975264106991041935e-01
5.136534862439968707e-01
4.867133469468123974e-01
4.705862714019195536e-01
3.064682979941861229e-01
2.044758707984599966e-01
7.812780458784993054e-02
7.812780458784993054e-02
7.812780458784993054e-02
7.812780458784993054e-02
7.812780458784993054e-02
7.812780458784993054e-02
1.552835437777864980e-01
7.812780458784993054e-02
5.311252580399209444e-01
3.897658535103658561e-01
8.387071169805538906e-01
8.232805597522326879e-01
8.232805597522324659e-01
8.131121725212387963e-01
9.191795821084463025e-01
7.204302197971604871e-01
3.155488004540091818e-01
5.321971974805296268e-01
6.294414146746127869e-01
5.079474478590839670e-01
2.314160100956445809e-01
7.358567770254818008e-01
6.231860026030771049e-01
4.436461321047350248e-01
5.033482220209537505e-01
6.119456759314747529e-01
4.167059928075504960e-01
4.334777448737412997e-01
7.575387463253387965e-01
7.040064204946310245e-01
6.899250581041790342e-01
7.234685622365607527e-01
7.520648877671506360e-01
8.771608383466017456e-01
8.820710555802678821e-01
8.232805597522324659e-01
8.387071169805538906e-01
7.155200025634942396e-01
8.820710555802678821e-01
7.424601418606787684e-01
7.809138632267265123e-01
8.078540025239111522e-01
8.974976128085893068e-01
9.425546990098339073e-01
8.387071169805538906e-01
7.270335846323573437e-01
9.054461724816557089e-01
8.820710555802678821e-01
9.310411169409708032e-01
5.302883613181382794e-01
8.131121725212387963e-01
8.603890862804108863e-01
7.641421111605357641e-01
6.479063143423344773e-01
5.852028433548409625e-01
6.602945291312556364e-01
8.449625290520894616e-01
7.680550863199939737e-01
7.976856152929173716e-01
7.418965005361568554e-01
5.450559743872623875e-01
5.970274168192400976e-01
3.163281303393916666e-01
4.107032306650008069e-01
7.812780458784993054e-02
2.239941303789746707e-01
0.000000000000000000e+00
0.000000000000000000e+00
1.552835437777864980e-01
7.812780458784993054e-02
2.314160100956445809e-01
4.296948102891189336e-01
