8.923642483095386990e-02
1.770054268141302289e-01
8.923642483095386990e-02
3.152079866950345810e-01
3.979275407673054099e-01
5.446182124154769211e-01
8.128092172797833914e-01
4.786895366346765046e-01
7.199518950207789425e-01
2.632090369793444462e-01
4.795636713319736399e-01
6.906729756430702860e-01
8.923642483095386990e-02
3.979275407673054099e-01
3.375974890500523795e-01
3.152079866950346365e-01
6.558409942908415280e-01
5.705363976713155871e-01
0.000000000000000000e+00
0.000000000000000000e+00
4.272064601450139554e-01
8.923642483095386990e-02
0.000000000000000000e+00
8.923642483095386990e-02
6.803954243022997117e-01
0.000000000000000000e+00
0.000000000000000000e+00
2.589714833727082555e-01
1.444781562723785884e-01
0.000000000000000000e+00
0.000000000000000000e+00
4.786895366346765046e-01
1.770054268141302289e-01
0.000000000000000000e+00
0.000000000000000000e+00
0.000000000000000000e+00
3.152079866950345810e-01
0.000000000000000000e+00
0.000000000000000000e+00
6.030636682130673387e-01
1.444781562723785884e-01
0.000000000000000000e+00
2.306817664375928056e-01
3.152079866950346365e-01
3.979275407673054099e-01
8.453364878215352540e-01
7.541033411445520196e-01
0.000000000000000000e+00
2.416398530068190054e-01
0.000000000000000000e+00
4.786895366346763936e-01
5.482866784703345209e-01
2.704035011475537931e-01
8.923642483095386990e-02
7.354774611905510184e-01
3.152079866950346365e-01
3.152079866950346365e-01
5.887867895423796183e-01
6.010640045481088212e-01
5.034821929228537885e-01
3.813459512861405165e-01
5.034821929228537885e-01
6.661185456316121023e-01
5.237322484588762261e-01
5.360094634646055400e-01
7.072545651242353459e-01
6.558409942908415280e-01
6.096727534989803132e-01
6.422000240407320648e-01
7.006454798383222604e-01
7.680047317323026590e-01
6.176455940292736591e-01
6.581457051013186454e-01
9.551955144525192676e-01
1.000000000000000000e+00
8.128092172797833914e-01
8.128092172797836135e-01
7.477546761962802213e-01
7.802819467380319729e-01
7.006454798383222604e-01
8.128092172797833914e-01
6.681182092965706198e-01
7.461305006142586738e-01
8.250864322855127053e-01
7.354774611905511295e-01
7.723091062077384050e-01
6.558409942908415280e-01
7.680047317323027700e-01
7.723091062077384050e-01
6.216895481670683399e-01
8.901409733690159864e-01
8.576137028272643459e-01
9.226682439107676270e-01
8.314350972337846146e-01
8.207820578100769593e-01
6.751474094732982101e-01
8.576137028272643459e-01
8.576137028272643459e-01
7.477546761962802213e-01
8.005320022740544106e-01
8.314350972337846146e-01
6.096727534989803132e-01
9.103910289050385352e-01
8.453364878215352540e-01
8.453364878215352540e-01
3.531230552198246220e-01
4.338850510871956612e-01
5.573155423120206287e-01
5.125110567645397852e-01
6.153408832187964306e-01
6.478681537605481822e-01
6.478681537605481822e-01
6.803954243022998227e-01
5.891622776253166993e-01
6.803954243022998227e-01
5.891622776253166993e-01
6.803954243022998227e-01
6.478681537605481822e-01
5.257319121238348547e-01
6.030636682130673387e-01
6.256184345595670049e-01
6.890488000610488495e-01
7.152274056545286918e-01
8.576137028272643459e-01
8.778637583632867836e-01
7.866306116863037712e-01
7.925591617437609537e-01
7.454499653858031039e-01
7.006454798383223714e-01
7.477546761962802213e-01
8.373636472912419082e-01
7.779772359275547444e-01
7.152274056545285807e-01
7.680047317323026590e-01
7.454499653858031039e-01
9.349454589164967189e-01
7.680047317323028810e-01
4.875365118622669858e-01
5.323409974097478292e-01
6.422000240407319538e-01
6.422000240407318428e-01
6.747272945824835944e-01
6.478681537605481822e-01
6.037442034415229086e-01
7.723091062077385160e-01
8.330592728158060511e-01
6.949773501185060320e-01
7.989078266920327520e-01
7.477546761962802213e-01
9.429182994467900647e-01
8.901409733690159864e-01
8.437123122395137065e-01
9.024181883747450783e-01
7.663805561502812225e-01
6.030636682130672277e-01
9.551955144525192676e-01
7.989078266920329741e-01
7.723091062077385160e-01
7.925591617437609537e-01
6.874246244790271909e-01
6.010640045481087101e-01
5.771454829572286727e-01
5.898428128537722692e-01
6.624500795767545025e-01
7.199518950207789425e-01
5.112168071764281452e-01
7.013260150667779413e-01
9.349454589164967189e-01
8.128092172797833914e-01
7.461305006142586738e-01
5.973955384932511103e-01
7.152274056545285807e-01
6.299228090350028619e-01
6.624500795767545025e-01
7.331727503800739010e-01
7.786577711560103143e-01
6.299228090350027509e-01
8.901409733690159864e-01
7.136032300725070332e-01
6.426201389315464585e-01
7.461305006142586738e-01
6.426201389315464585e-01
7.663805561502812225e-01
2.416398530068190054e-01
3.811077250094214719e-01
4.010278545515341131e-01
4.773035873293739462e-01
5.562595190006279777e-01
6.478681537605481822e-01
6.485486889890036410e-01
8.128092172797833914e-01
7.275046206602576726e-01
6.810759595307553926e-01
7.477546761962802213e-01
7.331727503800739010e-01
4.597337306867655959e-01
4.799837862227882002e-01
4.597337306867655959e-01
4.799837862227882002e-01
4.597337306867655959e-01
5.125110567645397852e-01
4.010278545515341131e-01
4.272064601450139554e-01
4.597337306867655959e-01
4.799837862227882002e-01
5.125110567645397852e-01
5.573155423120206287e-01
4.272064601450139554e-01
4.922610012285172365e-01
5.573155423120206287e-01
5.125110567645397852e-01
5.247882717702688771e-01
7.331727503800739010e-01
7.866306116863037712e-01
8.901409733690159864e-01
6.906729756430703970e-01
8.762395827812653470e-01
8.437123122395137065e-01
7.989078266920329741e-01
7.136032300725069222e-01
8.778637583632868946e-01
8.005320022740544106e-01
7.989078266920329741e-01
8.576137028272643459e-01
0.000000000000000000e+00
4.338850510871956057e-01
0.000000000000000000e+00
7.541033411445520196e-01
0.000000000000000000e+00
5.502863421352931494e-01
5.125110567645397852e-01
5.114550334531471343e-01
0.000000000000000000e+00
8.923642483095386990e-02
4.922610012285172365e-01
2.632090369793444462e-01
0.000000000000000000e+00
4.138732218278921571e-01
3.999718312401415177e-01
3.824019745975331119e-01
5.791897734300646139e-01
7.524791655625305831e-01
7.136032300725070332e-01
6.478681537605481822e-01
5.771454829572286727e-01
5.573155423120206287e-01
7.541033411445520196e-01
7.152274056545284697e-01
5.771454829572286727e-01
5.771454829572286727e-01
4.875365118622669858e-01
5.184396068219971898e-01
5.771454829572286727e-01
6.096727534989803132e-01
6.030636682130673387e-01
5.184396068219971898e-01
5.509668773637488304e-01
5.446182124154769211e-01
5.509668773637488304e-01
6.299228090350027509e-01
6.747272945824835944e-01
8.655865433575576917e-01
8.437123122395137065e-01
5.573155423120206287e-01
7.786577711560104254e-01
9.087668533230170986e-01
8.437123122395137065e-01
8.639623677755362552e-01
9.429182994467900647e-01
8.314350972337843926e-01
8.128092172797836135e-01
7.461305006142586738e-01
7.477546761962803323e-01
6.890488000610488495e-01
7.006454798383222604e-01
8.111850416977620659e-01
7.680047317323027700e-01
7.029501906487994889e-01
7.338532856085294709e-01
7.006454798383223714e-01
7.354774611905510184e-01
8.128092172797836135e-01
8.373636472912419082e-01
8.111850416977620659e-01
7.006454798383221494e-01
7.989078266920327520e-01
8.576137028272643459e-01
6.681182092965706198e-01
7.461305006142586738e-01
6.906729756430702860e-01
7.215760706028003790e-01
8.901409733690159864e-01
7.029501906487994889e-01
8.453364878215352540e-01
8.576137028272643459e-01
8.314350972337846146e-01
8.576137028272644569e-01
8.453364878215352540e-01
8.778637583632867836e-01
6.422000240407319538e-01
7.663805561502812225e-01
4.795636713319735844e-01
7.129226948440513523e-01
7.680047317323027700e-01
6.478681537605480711e-01
7.072545651242354570e-01
3.811077250094214719e-01
4.338850510871956612e-01
3.811077250094214719e-01
3.152079866950345810e-01
2.632090369793444462e-01
2.632090369793444462e-01
4.809274265763540668e-01
1.444781562723785884e-01
1.770054268141302289e-01
0.000000000000000000e+00
3.979275407673054099e-01
5.771454829572286727e-01
7.989078266920327520e-01
8.250864322855127053e-01
7.354774611905510184e-01
8.250864322855124833e-01
8.901409733690159864e-01
7.989078266920327520e-01
9.226682439107676270e-01
6.153408832187964306e-01
6.827001351127769402e-01
7.802819467380318619e-01
7.866306116863037712e-01
8.576137028272643459e-01
5.891622776253165883e-01
7.454499653858031039e-01
8.314350972337846146e-01
8.128092172797836135e-01
7.600318912020094242e-01
5.771454829572286727e-01
8.128092172797836135e-01
6.565215295192970979e-01
4.338850510871956612e-01
4.338850510871956612e-01
4.786895366346765046e-01
5.771454829572286727e-01
5.648682679514994698e-01
7.354774611905511295e-01
7.354774611905511295e-01
7.989078266920329741e-01
6.751474094732982101e-01
7.786577711560103143e-01
7.461305006142586738e-01
7.136032300725069222e-01
7.136032300725069222e-01
7.786577711560103143e-01
6.890488000610488495e-01
8.128092172797833914e-01
6.233137237490897764e-01
8.576137028272641238e-01
7.600318912020092021e-01
7.600318912020094242e-01
6.565215295192970979e-01
3.224018488741900446e-01
0.000000000000000000e+00
5.525910529457702669e-01
6.747272945824835944e-01
4.799837862227880891e-01
8.923642483095386990e-02
6.239942589775453463e-01
3.152079866950346365e-01
2.589714833727082555e-01
2.306817664375928334e-01
3.979275407673054099e-01
8.923642483095386990e-02
4.208577951967422126e-01
1.858772808901120455e-01
8.923642483095386990e-02
3.531230552198246220e-01
7.275046206602576726e-01
5.705363976713155871e-01
4.915804660000616111e-01
7.802819467380317509e-01
3.531230552198246220e-01
2.306817664375928334e-01
4.786895366346765046e-01
3.152079866950346365e-01
2.306817664375928056e-01
1.444781562723785884e-01
0.000000000000000000e+00
4.201772599682864762e-01
8.128092172797836135e-01
3.531230552198246220e-01
0.000000000000000000e+00
8.207820578100769593e-01
6.906729756430702860e-01
8.923642483095386990e-02
3.979275407673054099e-01
8.048363767494900456e-01
8.128092172797836135e-01
1.770054268141302289e-01
5.562595190006278667e-01
6.747272945824837054e-01
6.053683790235443452e-01
1.770054268141302289e-01
5.247882717702689881e-01
7.338532856085294709e-01
7.786577711560104254e-01
4.799837862227882002e-01
5.685367340063570696e-01
6.010640045481087101e-01
6.010640045481087101e-01
6.010640045481088212e-01
6.010640045481087101e-01
5.360094634646054290e-01
6.558409942908415280e-01
7.802819467380319729e-01
8.250864322855127053e-01
7.152274056545286918e-01
7.013260150667779413e-01
7.989078266920327520e-01
8.698909178329934377e-01
9.024181883747450783e-01
8.576137028272643459e-01
7.354774611905510184e-01
7.072545651242353459e-01
6.747272945824835944e-01
6.624500795767542805e-01
7.152274056545284697e-01
7.882547872683253187e-01
5.034821929228537885e-01
1.444781562723785884e-01
6.906729756430702860e-01
8.778637583632867836e-01
1.858772808901120455e-01
6.378956495652959857e-01
5.566350070835649477e-01
3.979275407673054099e-01
1.444781562723785884e-01
5.887867895423796183e-01
5.771454829572286727e-01
7.215760706028003790e-01
1.444781562723785884e-01
3.979275407673054099e-01
1.770054268141302567e-01
5.247882717702688771e-01
1.770054268141302289e-01
3.876499894265348356e-01
5.636642072602924269e-01
1.770054268141302289e-01
3.979275407673054099e-01
4.338850510871956612e-01
4.461622660929248640e-01
3.224018488741900446e-01
2.632090369793444462e-01
3.979275407673054099e-01
5.525910529457702669e-01
0.000000000000000000e+00
3.477352572367862216e-01
6.153408832187964306e-01
3.979275407673054099e-01
1.770054268141302289e-01
0.000000000000000000e+00
5.930911640178152533e-01
4.908999307716059857e-01
1.444781562723785884e-01
0.000000000000000000e+00
8.923642483095386990e-02
5.891622776253165883e-01
8.923642483095386990e-02
0.000000000000000000e+00
3.465139699339117030e-01
3.685005840097824725e-01
0.000000000000000000e+00
3.494545891649670777e-01
2.306817664375928334e-01
4.709549223811021479e-01
5.112168071764281452e-01
3.152079866950345810e-01
3.979275407673054099e-01
4.272064601450139554e-01
2.306817664375928334e-01
3.152079866950346365e-01
0.000000000000000000e+00
4.875365118622670968e-01
4.338850510871956057e-01
8.923642483095386990e-02
0.000000000000000000e+00
0.000000000000000000e+00
0.000000000000000000e+00
2.416398530068190054e-01
0.000000000000000000e+00
8.923642483095386990e-02
1.770054268141302289e-01
3.152079866950345810e-01
2.702382371560719254e-01
3.531230552198246220e-01
1.444781562723785884e-01
3.152079866950345810e-01
8.923642483095386990e-02
1.770054268141302289e-01
7.600318912020094242e-01
2.632090369793444462e-01
8.923642483095386990e-02
8.923642483095386990e-02
1.770054268141302289e-01
2.306817664375928334e-01
6.827001351127769402e-01
4.010278545515341131e-01
6.153408832187963196e-01
3.654002702255537693e-01
5.566350070835649477e-01
8.923642483095386990e-02
7.354774611905511295e-01
5.930911640178153643e-01
5.034821929228536774e-01
3.685005840097824725e-01
1.770054268141302289e-01
8.923642483095386990e-02
6.010640045481085991e-01
0.000000000000000000e+00
1.858772808901120455e-01
5.257319121238347437e-01
0.000000000000000000e+00
5.566350070835649477e-01
7.925591617437610648e-01
2.306817664375928334e-01
2.702382371560719254e-01
5.034821929228536774e-01
6.153408832187964306e-01
0.000000000000000000e+00
2.176261750697796316e-01
7.013260150667779413e-01
5.566350070835649477e-01
8.923642483095386990e-02
4.138732218278921571e-01
5.112168071764281452e-01
5.509668773637488304e-01
0.000000000000000000e+00
2.306817664375928334e-01
8.923642483095386990e-02
3.979275407673054099e-01
3.811077250094214719e-01
3.003457291420504327e-01
3.003457291420504327e-01
3.003457291420504327e-01
3.003457291420504327e-01
3.003457291420504327e-01
3.205957846780729814e-01
3.531230552198246220e-01
3.811077250094214719e-01
3.224018488741900446e-01
2.589714833727082555e-01
3.811077250094214719e-01
3.811077250094214719e-01
3.811077250094214719e-01
3.224018488741900446e-01
4.338850510871956612e-01
4.597337306867655959e-01
5.247882717702689881e-01
7.461305006142586738e-01
7.354774611905510184e-01
5.930911640178153643e-01
6.030636682130673387e-01
5.509668773637488304e-01
5.509668773637488304e-01
6.096727534989803132e-01
7.006454798383222604e-01
7.006454798383222604e-01
5.973955384932511103e-01
7.461305006142586738e-01
5.562595190006278667e-01
6.890488000610487385e-01
5.125110567645397852e-01
5.573155423120206287e-01
5.589397178940420652e-01
5.898428128537722692e-01
5.582591826655863843e-01
2.306817664375928334e-01
6.153408832187964306e-01
4.809274265763540668e-01
3.152079866950345810e-01
3.654002702255537693e-01
8.923642483095386990e-02
2.306817664375928334e-01
1.770054268141302289e-01
6.239942589775454573e-01
1.770054268141302289e-01
2.632090369793444462e-01
7.989078266920329741e-01
3.003457291420504327e-01
1.770054268141302289e-01
3.477352572367862216e-01
8.923642483095386990e-02
2.306817664375928334e-01
3.531230552198246220e-01
2.176261750697796316e-01
2.306817664375928334e-01
8.923642483095386990e-02
2.306817664375928334e-01
4.786895366346765046e-01
1.770054268141302289e-01
0.000000000000000000e+00
5.562595190006278667e-01
2.632090369793444462e-01
2.306817664375928334e-01
8.923642483095386990e-02
1.444781562723785884e-01
4.998137268679961331e-01
0.000000000000000000e+00
4.773035873293739462e-01
3.152079866950346365e-01
0.000000000000000000e+00
2.826807161532829404e-01
0.000000000000000000e+00
1.770054268141302289e-01
8.923642483095386990e-02
8.923642483095386990e-02
8.923642483095386990e-02
5.125110567645397852e-01
7.680047317323026590e-01
5.034821929228537885e-01
