6.155811720997932390e-01
3.354781618612313054e-01
5.219803071809699935e-01
5.856631861681405038e-01
4.667085083024261061e-01
5.778575414127240517e-01
5.512300564047578622e-01
5.766159321421158168e-01
7.990260113351479454e-01
7.708698732849897928e-01
7.962216338324681342e-01
8.271821493853063201e-01
7.023678403319409957e-01
4.832482620625951353e-01
6.867054692686636042e-01
2.652082103914173428e-01
0.000000000000000000e+00
4.481027140618639715e-01
6.524544527921392056e-01
4.616220443073655866e-01
4.476165906408574036e-01
4.406012619053460422e-01
4.965196362922108531e-01
3.791145576878084955e-01
3.354781618612313054e-01
7.378168374905838545e-02
5.922441880155134841e-01
0.000000000000000000e+00
3.865048943170642515e-01
0.000000000000000000e+00
1.939937822937068401e-01
1.218821418549214108e-01
0.000000000000000000e+00
3.354781618612313054e-01
6.064828365213241756e-01
6.962729619055747499e-01
5.522194520740859591e-01
0.000000000000000000e+00
7.378168374905838545e-02
7.378168374905838545e-02
1.467477789813931566e-01
0.000000000000000000e+00
4.699990092261125407e-01
1.597427658171824139e-01
1.939937822937068401e-01
1.597427658171824139e-01
4.138516975853396285e-01
7.378168374905838545e-02
7.378168374905838545e-02
0.000000000000000000e+00
1.597427658171824139e-01
0.000000000000000000e+00
0.000000000000000000e+00
0.000000000000000000e+00
1.939937822937068401e-01
2.188594194201785581e-01
0.000000000000000000e+00
1.218821418549214108e-01
1.218821418549214108e-01
4.426501535584241309e-01
1.906112990120021611e-01
4.039801948142802135e-01
8.059281721439841562e-01
4.406012619053459312e-01
6.343519307998987111e-01
3.705000966419281228e-01
7.713559967059965272e-01
6.522022391908588457e-01
6.628292278115199831e-01
0.000000000000000000e+00
7.668238865117016356e-01
3.050037697293999650e-01
1.218821418549214108e-01
0.000000000000000000e+00
2.309571939148928887e-01
3.324405895192489857e-01
4.225688402275274425e-01
7.378168374905838545e-02
3.456344595154564048e-01
0.000000000000000000e+00
6.513608416185096006e-01
9.327395763175594379e-01
7.044167319850190845e-01
2.535106475949620575e-01
4.663873493409628201e-01
4.047511131184525768e-01
8.271821493853063201e-01
5.006383658174873297e-01
7.508233901243964725e-01
7.414380107743439030e-01
4.657191126330980091e-01
1.218821418549214108e-01
7.378168374905838545e-02
7.378168374905838545e-02
3.534934347117351106e-01
5.572718008792668654e-01
7.378168374905838545e-02
8.414207978911169006e-01
8.581426649381441729e-01
6.214939372393012418e-01
1.218821418549214108e-01
1.218821418549214108e-01
3.603437989877030234e-01
3.456344595154564048e-01
7.320526314242911115e-01
6.696454768976084493e-01
3.603437989877030234e-01
1.597427658171824139e-01
1.597427658171824139e-01
3.286277975852633371e-01
1.939937822937068401e-01
3.983714398089205355e-01
2.652082103914173428e-01
3.970570877863239256e-01
1.218821418549214108e-01
3.354781618612313054e-01
4.816344122780792936e-01
8.226500391910114285e-01
2.900738475178890607e-01
0.000000000000000000e+00
8.226500391910114285e-01
3.721914506598522077e-01
2.608812504818161515e-01
2.188594194201785581e-01
6.155811720997931280e-01
0.000000000000000000e+00
0.000000000000000000e+00
3.456344595154564048e-01
6.773200899186110346e-01
4.047511131184525768e-01
5.058127939347084601e-01
3.012271453847069069e-01
1.597427658171824139e-01
6.114624425745166514e-01
5.219803071809699935e-01
8.023165122588343801e-01
6.945111140240801673e-01
5.778575414127240517e-01
4.296167502449242948e-01
5.400638104112329696e-01
4.138516975853396285e-01
5.511041797009121890e-01
5.400638104112329696e-01
8.708185452118833991e-01
6.169618270450064612e-01
9.017790607647212520e-01
8.023165122588344911e-01
8.023165122588343801e-01
7.866371748329924474e-01
6.922269751322865927e-01
8.862988029883023255e-01
7.150437206056801109e-01
4.971657516069426519e-01
7.064656236380972842e-01
7.868362544824154536e-01
7.264779916088109912e-01
7.990260113351479454e-01
7.556766592801544835e-01
8.307938092704557631e-01
8.911520721440604476e-01
1.000000000000000000e+00
7.708698732849897928e-01
5.752352771969023726e-01
9.154974706596459288e-01
5.143567757124118955e-01
4.039801948142802135e-01
6.155811720997931280e-01
6.143395628291848931e-01
6.001009143233742016e-01
3.473036921402474220e-01
6.369741950157202792e-01
6.379635906850482652e-01
7.313312607645688912e-01
6.864532556673834662e-01
6.701657155084945749e-01
7.553896155085707553e-01
6.868875825555219583e-01
6.701657155084945749e-01
6.199142026446651244e-01
7.150437206056801109e-01
7.366188568084653943e-01
5.281262671597806158e-01
6.367219814144399193e-01
7.064656236380972842e-01
4.205888939346322797e-01
8.320354185410641090e-01
6.673613380058147637e-01
7.965427927939313646e-01
4.965196362922108531e-01
7.475328892007101489e-01
6.524544527921392056e-01
7.805422964066262015e-01
4.131323793250304410e-01
4.667085083024259951e-01
3.735058026824488731e-01
3.354781618612313054e-01
4.616220443073655866e-01
5.409842607203780851e-01
4.466961403317122881e-01
7.366188568084653943e-01
7.464903595795248092e-01
5.151981732847611406e-01
6.379635906850482652e-01
6.856459732849137234e-01
4.722490329280266130e-01
3.456344595154564048e-01
4.263626133995353507e-01
8.177967700352534175e-01
5.119998940686297795e-01
7.556766592801544835e-01
6.369741950157201682e-01
7.071869942978192825e-01
4.516416311950252616e-01
7.113188927938551842e-01
4.766331450253427082e-01
2.608812504818161515e-01
3.301542017390373673e-01
6.369741950157202792e-01
8.332770278116723439e-01
5.776053278114438028e-01
5.778575414127240517e-01
1.906112990120021611e-01
4.263626133995353507e-01
4.816344122780792936e-01
4.722490329280266130e-01
7.313312607645688912e-01
4.473833958015549506e-01
5.633666793056331112e-01
4.654668990318177046e-01
5.148770143232980212e-01
2.608812504818161515e-01
6.567343493851537373e-01
6.453000783820228570e-01
5.313656865310227850e-01
6.463595743657729598e-01
6.027231785391956587e-01
7.574385071616489551e-01
8.769134236382497560e-01
7.663036479008155100e-01
7.553896155085708664e-01
9.576052134440310448e-01
8.675280442881969645e-01
8.581426649381441729e-01
7.960225541830452389e-01
9.078739391910874978e-01
8.177967700352534175e-01
7.525852380058910551e-01
6.718934482001096553e-01
8.409005592802307749e-01
0.000000000000000000e+00
4.616220443073655311e-01
7.378168374905838545e-02
0.000000000000000000e+00
5.250178795229524242e-01
7.378168374905838545e-02
4.262557554576674734e-01
7.419582493852299176e-01
6.960908486187165067e-01
6.221621739471661083e-01
7.790136433644342384e-01
4.809471568082367976e-01
1.467477789813931566e-01
4.319031380251358576e-01
1.939937822937068401e-01
0.000000000000000000e+00
2.535106475949620575e-01
0.000000000000000000e+00
0.000000000000000000e+00
0.000000000000000000e+00
6.285782113349955846e-01
6.270154431029240083e-01
8.368886876968220090e-01
8.923936814146685714e-01
8.662864350175885075e-01
7.356642913094406655e-01
4.616220443073655866e-01
4.864876814338373046e-01
4.262557554576674179e-01
5.462509105451541780e-01
7.064656236380972842e-01
6.216760505261593739e-01
6.221621739471661083e-01
8.320354185410641090e-01
8.817666927940076560e-01
9.017790607647212520e-01
6.208478219245693319e-01
5.409842607203779741e-01
6.960397670662721303e-01
5.151981732847611406e-01
5.219803071809699935e-01
4.654668990318177046e-01
3.354781618612313054e-01
1.939937822937068401e-01
0.000000000000000000e+00
7.680654957823099815e-01
4.138516975853396285e-01
1.939937822937068401e-01
1.218821418549214108e-01
2.652082103914173428e-01
5.512300564047578622e-01
7.378168374905838545e-02
2.188594194201785581e-01
5.711165476716258960e-01
1.467477789813931566e-01
2.900738475178890607e-01
6.901780834792083930e-01
3.705000966419281228e-01
1.467477789813931566e-01
1.939937822937068401e-01
2.900738475178890607e-01
7.378168374905838545e-02
5.552229092261887766e-01
3.705000966419281228e-01
1.467477789813931566e-01
7.259577529979248656e-01
7.028539637529475081e-01
5.348893822940117282e-01
7.264779916088109912e-01
5.894739257027130641e-01
5.013729054479687530e-01
6.522022391908588457e-01
6.512128435215308597e-01
7.369059005800490114e-01
5.717115814339135405e-01
7.614844939349371122e-01
4.387173347118112909e-01
5.617311683215733265e-01
5.752352771969024836e-01
5.646082885762414572e-01
5.151981732847611406e-01
5.572718008792668654e-01
6.114624425745166514e-01
7.138021113350717650e-01
5.462509105451541780e-01
6.343519307998986001e-01
2.900738475178890607e-01
5.760956935312295801e-01
6.027231785391957697e-01
4.511213925841391914e-01
4.406012619053459312e-01
5.148770143232980212e-01
3.012271453847069069e-01
6.118563442879682013e-01
5.468459443074418225e-01
7.464903595795248092e-01
2.852761966418518869e-01
4.777488775921053810e-01
6.457134590510411609e-01
6.668410993949286381e-01
5.125949278309173129e-01
4.602924709145965743e-01
4.047511131184525768e-01
6.628292278115199831e-01
7.219458814145162107e-01
6.805595092898532039e-01
2.188594194201785581e-01
6.064828365213241756e-01
3.012271453847069069e-01
7.835457535587290190e-01
8.071697814145925021e-01
6.779883266264759012e-01
5.313656865310227850e-01
0.000000000000000000e+00
5.125949278309173129e-01
4.481027140618640825e-01
2.188594194201785581e-01
6.864532556673833552e-01
5.572718008792668654e-01
5.646082885762414572e-01
6.522022391908588457e-01
2.652082103914173428e-01
5.409842607203780851e-01
5.368655311951016085e-01
7.150437206056799999e-01
4.722490329280266130e-01
2.852761966418518869e-01
7.325728700351772371e-01
6.179512227143344472e-01
5.813301556232687295e-01
6.620219454290502403e-01
1.467477789813931566e-01
7.028539637529475081e-01
4.877292907044456505e-01
2.652082103914173428e-01
6.722146071615726637e-01
5.966283001128294128e-01
4.387173347118113464e-01
2.608812504818161515e-01
6.216760505261593739e-01
3.720992289522970786e-01
4.877292907044456505e-01
4.379980164515022145e-01
4.511213925841391914e-01
7.305239783820991484e-01
7.617715377065207294e-01
5.920961899185348543e-01
