2.288153706019172284e-01
3.438760667207561572e-01
3.259704737052298018e-01
3.438760667207561572e-01
3.148232348828267080e-01
3.148232348828267080e-01
3.679529735053080342e-01
4.545169694783416925e-01
4.656642083007448418e-01
4.724225624938679369e-01
5.057980430283761653e-01
5.169452818507792591e-01
6.174292715320844893e-01
5.837824760136152147e-01
5.456018204187195186e-01
5.514660993797968480e-01
5.805189312177262417e-01
6.185807969155608932e-01
7.049116254841404361e-01
7.049116254841404361e-01
7.228172184996666250e-01
6.544583912334506204e-01
7.483752409403620076e-01
6.832135501831978486e-01
7.751109848246723333e-01
7.751109848246724443e-01
7.155299268170161042e-01
7.760050600567182100e-01
7.146358515849703386e-01
6.685715019635605216e-01
7.334355198325425151e-01
7.392997987936198445e-01
7.213942057780935446e-01
7.111410421877362165e-01
7.648578212343150051e-01
7.827634142498414160e-01
7.683526306315492382e-01
7.213942057780935446e-01
7.881465000499228157e-01
6.628073489412388275e-01
7.272584847391708740e-01
8.520163167481032973e-01
8.408690779257003145e-01
7.727415152608292370e-01
7.771303998901093468e-01
7.281525599712166397e-01
8.279336886392056893e-01
1.000000000000000000e+00
8.297218391032972207e-01
9.541669149799354432e-01
7.257830904073734324e-01
8.991814400635963489e-01
8.777810376508359269e-01
8.816504676857843670e-01
9.382561708905379216e-01
7.344297210033439161e-01
8.165551852154572243e-01
7.802260225103213598e-01
8.646389499023038328e-01
7.515723774494139642e-01
9.932416458068767939e-01
9.753360527913507161e-01
8.927977065081875718e-01
7.419005329588082009e-01
8.346920428323286734e-01
9.685776985982275100e-01
7.048206510579955175e-01
9.251140831420058275e-01
8.679024946981929167e-01
8.264582943074080257e-01
7.902724876386413300e-01
8.423444722574976451e-01
3.259704737052297463e-01
3.148232348828266525e-01
3.148232348828266525e-01
3.148232348828266525e-01
3.148232348828267080e-01
4.903281555093942923e-01
5.101869276576560530e-01
5.675462435651195126e-01
5.918712490913893287e-01
6.912160341067730140e-01
6.374992550601940033e-01
6.534979077145677273e-01
6.950869420619696371e-01
6.870966755121739045e-01
7.309349116061096829e-01
7.444516199923559840e-01
7.265460269768295731e-01
7.853641484150297725e-01
7.956173120053869896e-01
7.912284273761069908e-01
5.626133382022000529e-01
6.727924644171635604e-01
7.086036504482160492e-01
6.225704947678187828e-01
6.337177335902218767e-01
6.974564116258128443e-01
6.176867216835151275e-01
5.881713606428952135e-01
5.211429522613298948e-01
5.493017088672135229e-01
5.704708466786289067e-01
5.704708466786289067e-01
5.198742563915698112e-01
5.525652536631026068e-01
5.748597313079089055e-01
6.174292715320846003e-01
5.458068994699794008e-01
5.927653243234350944e-01
4.776793368051084343e-01
5.739656560758630288e-01
6.532404575631370891e-01
6.062820327096815065e-01
5.995236785165583004e-01
5.560600630603368399e-01
4.853317662302773505e-01
5.995236785165583004e-01
5.704708466786287957e-01
5.348508748663055590e-01
4.410002610920952804e-01
4.137370576385058785e-01
4.025898188161026736e-01
4.316426506540321228e-01
3.702734421822843625e-01
3.970058053432374834e-01
3.356365968714895565e-01
3.177310038559632566e-01
2.636396041716700944e-01
5.818755356524625277e-01
0.000000000000000000e+00
4.385645555955510200e-01
0.000000000000000000e+00
0.000000000000000000e+00
6.349864294599819603e-01
5.662884629941510733e-02
4.674261732147511061e-01
4.645015701012417675e-01
0.000000000000000000e+00
0.000000000000000000e+00
0.000000000000000000e+00
0.000000000000000000e+00
0.000000000000000000e+00
0.000000000000000000e+00
9.490662661695868640e-02
2.606187096754312149e-01
5.832644993395319499e-01
5.662884629941510733e-02
4.729665832275074533e-01
3.779258716074532787e-01
0.000000000000000000e+00
0.000000000000000000e+00
0.000000000000000000e+00
0.000000000000000000e+00
0.000000000000000000e+00
0.000000000000000000e+00
0.000000000000000000e+00
0.000000000000000000e+00
1.128122196324849863e-01
0.000000000000000000e+00
1.128122196324849863e-01
0.000000000000000000e+00
0.000000000000000000e+00
4.773047161673941163e-01
2.969176418673002971e-01
0.000000000000000000e+00
0.000000000000000000e+00
2.058721090030231626e-01
2.785243026909575148e-01
0.000000000000000000e+00
1.685342035974484176e-01
1.685342035974484176e-01
2.606187096754312149e-01
4.025898188161026736e-01
5.662884629941510733e-02
2.427131166599049428e-01
3.148485262823145225e-01
0.000000000000000000e+00
1.128122196324849863e-01
5.662884629941510733e-02
2.237777020185494625e-01
7.301719750366535422e-01
7.771303998901093468e-01
6.794442460870049327e-01
7.078774973918472435e-01
8.414503970254517684e-01
8.118162460877708098e-01
8.901969723429992154e-01
7.034886127625672447e-01
8.666337988284327221e-01
7.658152388920291820e-01
7.858836030093613312e-01
3.500473804897817343e-01
3.679529735053079786e-01
3.679529735053079786e-01
3.500473804897816787e-01
3.007194860724827778e-01
3.500473804897817343e-01
3.970058053432374834e-01
3.679529735053079786e-01
3.679529735053079786e-01
3.679529735053079786e-01
3.356365968714895565e-01
4.069787034453827279e-01
4.589058541076216358e-01
4.903281555093942923e-01
5.704708466786289067e-01
5.816180855010320006e-01
7.178993963808594225e-01
6.834202486452352066e-01
8.507476208783433247e-01
7.590568846989059759e-01
8.487282058129065332e-01
8.578805957091808487e-01
8.454646610170175602e-01
7.707221001953923345e-01
7.031139921248530378e-01
8.141857156516140170e-01
7.427946081908540776e-01
7.794998694539524431e-01
8.264582943074081367e-01
8.273523695394539024e-01
4.069787034453827279e-01
4.383733413768216569e-01
5.713387258505358002e-01
3.456094949736349120e-01
8.880342012411932551e-01
7.560800519757551186e-01
7.716161754274382112e-01
8.414503970254517684e-01
8.074273614584908110e-01
8.746608488913159007e-01
7.479464293895902172e-01
8.204628766837411824e-01
7.265460269768297952e-01
6.938550297052969995e-01
7.949048542430459108e-01
7.444516199923559840e-01
8.279336886392054673e-01
7.846516906526886936e-01
7.949048542430460218e-01
6.859959018180907808e-01
7.735044518302854888e-01
7.532293892509158706e-01
7.716161754274382112e-01
7.392997987936196225e-01
8.118162460877708098e-01
6.990473465230629957e-01
7.260807632955557089e-01
7.372280021179588028e-01
6.879001077006599019e-01
7.551335951334851027e-01
6.870060324686140252e-01
6.409416828472042083e-01
7.081751702800294090e-01
8.705032288633811621e-01
7.853641484150297725e-01
7.733228343605806909e-01
8.699219097636297082e-01
8.699219097636297082e-01
7.771303998901093468e-01
9.024449848594854329e-01
9.072084901264795276e-01
5.751171814593394327e-01
7.926419572024845372e-01
9.382561708905380327e-01
8.279336886392054673e-01
9.174616537168368557e-01
8.074273614584910330e-01
7.014168160869063140e-01
9.183557289488827324e-01
3.148485262823145225e-01
8.589813694032638614e-01
7.661898595297432779e-01
8.048899697189707547e-01
6.141919122862810054e-01
6.788246655539177388e-01
8.209440698447372231e-01
6.837948692829491915e-01
7.838887540832324419e-01
7.521536965491656401e-01
8.100280956236790564e-01
6.950869420619696371e-01
6.858142843483860940e-01
6.969615231707891878e-01
7.193224091024326139e-01
5.469584248534559157e-01
5.997811286679889387e-01
6.679086913328597941e-01
6.432447441242105102e-01
5.816180855010318895e-01
5.205878187116638189e-01
6.225704947678186718e-01
4.882714420778454523e-01
7.906471082763556479e-01
7.260807632955555979e-01
7.537105824119119113e-01
7.840954525452697998e-01
5.712477514243909926e-01
6.890778291442751780e-01
7.169529395385892956e-01
9.139668443196027336e-01
8.096534749859649605e-01
9.072084901264795276e-01
7.135105117515793127e-01
9.203505778750116217e-01
8.132916404195681404e-01
8.311972334350944402e-01
7.305220295350597359e-01
7.445827586549456090e-01
7.009512210230469664e-01
7.018452962550928431e-01
6.906980574326897493e-01
7.086036504482160492e-01
6.437396325792340557e-01
6.616452255947603556e-01
7.153620046413391442e-01
6.974564116258128443e-01
6.525174018377939422e-01
8.050578918946478257e-01
8.825445429178301326e-01
8.637448746702581781e-01
7.630696707702235848e-01
4.742121908782079287e-01
6.594436782065941083e-01
8.713973040954270388e-01
6.665520868981235081e-01
6.307409008670710193e-01
8.807563924537384903e-01
9.855892163817079332e-01
9.148609195516484993e-01
8.275590680014911493e-01
8.498535456462974480e-01
8.705032288633811621e-01
7.961367665997186593e-01
8.188058648822390539e-01
8.041638166626019490e-01
7.747363641869581263e-01
6.908659796083665983e-01
6.432447441242105102e-01
8.956866306663622268e-01
8.522230152101407663e-01
3.148232348828266525e-01
8.578805957091806267e-01
7.375116483295282022e-01
5.608266656583565934e-01
2.969176418673003526e-01
2.969176418673003526e-01
2.432261542202093230e-01
7.233890547042225450e-01
7.126164365195335471e-01
7.401938740256657212e-01
5.798561205870257362e-01
7.166307005110993389e-01
5.169452818507792591e-01
4.206589625800246646e-01
5.169452818507792591e-01
4.206589625800246646e-01
4.913872594100839319e-01
4.913872594100839319e-01
6.241876257252076954e-01
6.239825466739478133e-01
5.997811286679889387e-01
6.500030983173336052e-01
6.722975759621397929e-01
6.364863899310873041e-01
8.164118291790881665e-01
9.242200079099600618e-01
9.107032995237136497e-01
9.115973747557595264e-01
8.960612513040765448e-01
7.401938740256656102e-01
9.107032995237138717e-01
6.937643866617372312e-01
7.902724876386412189e-01
9.004501359333563215e-01
7.965113872374329773e-01
7.877336179788728687e-01
7.081751702800294090e-01
8.722913793274728045e-01
8.491028264506208512e-01
8.814192030844391068e-01
7.504470376160229383e-01
7.981683990389348837e-01
7.451640777546971739e-01
7.912284273761069908e-01
6.967302585694441497e-01
8.522230152101406553e-01
8.821699222801159257e-01
9.170870330791225378e-01
6.253391511086840993e-01
7.436886834228997323e-01
8.432385474895432997e-01
8.185746002808939048e-01
7.113723067890813656e-01
7.647144651979459473e-01
9.371553971964549090e-01
9.574304597758243052e-01
9.013442111654024202e-01
7.009512210230470775e-01
9.685776985982275100e-01
9.976305304361570148e-01
8.849140124816733399e-01
8.927977065081874608e-01
8.991814400635963489e-01
8.467333568867776439e-01
8.969553265361224215e-01
9.148609195516486103e-01
7.692467058635951149e-01
7.415259123210939940e-01
8.845393918439591330e-01
8.132916404195681404e-01
8.311972334350944402e-01
8.341107237325771084e-01
7.612196558007118252e-01
8.297218391032971097e-01
7.468088721824197584e-01
8.408690779257003145e-01
3.356365968714895565e-01
2.963306014432027791e-01
3.007194860724827778e-01
3.253834332811322283e-01
2.963306014432027791e-01
3.500473804897816787e-01
2.963306014432027791e-01
2.963306014432027791e-01
2.963306014432027791e-01
4.008001904317627928e-01
4.222005928445232703e-01
4.062481789617324868e-01
4.309121261703819927e-01
4.922813346421298086e-01
5.169452818507792591e-01
4.724225624938680479e-01
4.410002610920953914e-01
4.366113764628153926e-01
5.057980430283761653e-01
4.366113764628153926e-01
4.545169694783416925e-01
4.366113764628153926e-01
3.975366456358738199e-01
4.410002610920953914e-01
4.656642083007447308e-01
4.222005928445232703e-01
4.222005928445232703e-01
4.410002610920953914e-01
4.401061858600495147e-01
4.025898188161026736e-01
4.495482436695583672e-01
3.356365968714895565e-01
3.253834332811322283e-01
3.791002123277111280e-01
2.636396041716700944e-01
3.679529735053080342e-01
3.177310038559632566e-01
3.679529735053080342e-01
4.037641595363605784e-01
5.057980430283761653e-01
5.348508748663055590e-01
4.922813346421297531e-01
5.057980430283761653e-01
5.101869276576561640e-01
6.033574295961721123e-01
5.496406505495932127e-01
5.922101907737690185e-01
6.500030983173336052e-01
6.176867216835150165e-01
6.969615231707892988e-01
6.950869420619696371e-01
6.906980574326897493e-01
7.009512210230470775e-01
7.018452962550929541e-01
6.762872738143976825e-01
6.660341102240403544e-01
7.265092434637423491e-01
6.046649017522924829e-01
6.727924644171635604e-01
6.839397032395666542e-01
7.129925350774960480e-01
7.116699796772635311e-01
7.662808339558881965e-01
7.513411128480687040e-01
8.185746002808940158e-01
7.401938740256656102e-01
8.093156378613379776e-01
8.383684696992673713e-01
7.469522282187888162e-01
7.648578212343150051e-01
6.124852533531384147e-01
7.648578212343150051e-01
6.337177335902218767e-01
6.472344419764681778e-01
5.494727283739162527e-01
2.722789860581387722e-01
7.930165778401985222e-01
9.497780303506554445e-01
8.253329544740171109e-01
1.685342035974484176e-01
6.594436782065941083e-01
6.426388588851509320e-01
3.399087667609532182e-01
1.685342035974484176e-01
2.237777020185494625e-01
5.816442710511173786e-01
1.128122196324849863e-01
2.247082293810975795e-01
5.662884629941510733e-02
2.058721090030231626e-01
3.253834332811322283e-01
2.772506677074186299e-01
2.476150388494893217e-01
4.942545109359837707e-01
5.662884629941510733e-02
0.000000000000000000e+00
5.662884629941510733e-02
2.058721090030231626e-01
3.779258716074532787e-01
3.506344209138792523e-01
3.148485262823145781e-01
1.128122196324849863e-01
5.662884629941510733e-02
2.475897474500014517e-01
4.383733413768216569e-01
2.611317472357356784e-01
1.128122196324849863e-01
5.169452818507792591e-01
4.712599242943648625e-01
5.662884629941510733e-02
4.403927564422584484e-01
6.369812783861108496e-01
2.772506677074186299e-01
2.058721090030231626e-01
5.747425608216250037e-01
9.139668443196027336e-01
1.506286105819220900e-01
2.427131166599049428e-01
8.520163167481035194e-01
6.452395930503392885e-01
2.785243026909575148e-01
8.476274321188232985e-01
7.906471082763555369e-01
9.932416458068767939e-01
8.722913793274729155e-01
9.216192737447717054e-01
7.599877434440390767e-01
6.217673939619179357e-01
6.981532712910172300e-01
6.288339605059182214e-01
6.253391511086840993e-01
4.815130878847222462e-01
4.878924500128498098e-01
