5.672233989671934123e-02
2.079786898848660914e-01
3.378652824540303579e-01
3.273674769198067769e-01
1.530615868550632697e-01
1.130166057482096809e-01
4.349731787169733299e-01
0.000000000000000000e+00
0.000000000000000000e+00
0.000000000000000000e+00
0.000000000000000000e+00
2.489649834270934448e-01
4.324153105063980318e-01
0.000000000000000000e+00
0.000000000000000000e+00
5.672233989671934123e-02
5.672233989671934123e-02
0.000000000000000000e+00
5.672233989671934123e-02
3.323349263319445024e-01
3.655790589667760604e-01
2.952420352683520210e-01
0.000000000000000000e+00
2.659884491324625566e-01
0.000000000000000000e+00
3.375600617011139115e-01
5.672233989671934123e-02
3.714086899840973732e-01
2.613780938625719363e-01
0.000000000000000000e+00
5.065093231324100387e-01
4.225013353195541943e-01
2.190600674298099904e-01
2.126141871249639381e-01
2.302763893375547044e-01
5.672233989671934123e-02
0.000000000000000000e+00
0.000000000000000000e+00
0.000000000000000000e+00
5.672233989671934123e-02
0.000000000000000000e+00
1.130166057482096809e-01
0.000000000000000000e+00
7.230402935499041783e-01
3.661554742682288088e-01
0.000000000000000000e+00
0.000000000000000000e+00
4.047015339936522182e-01
2.985114400191682393e-01
9.521680442230774644e-02
4.426078952877051109e-01
3.725760923421974624e-01
3.451924202159159516e-01
2.912830098598553907e-01
6.106417527969113523e-01
3.874853046784706989e-01
1.510682292972311547e-01
5.502679959806165977e-01
1.130166057482096809e-01
8.980805313071673623e-01
0.000000000000000000e+00
5.595319742455129308e-01
0.000000000000000000e+00
3.273674769198068324e-01
4.503776962731290689e-01
7.796839603082189596e-01
5.920341687615707782e-01
3.336010362926173367e-01
5.604866115998146103e-01
3.839552755941307849e-01
7.206848235329318397e-01
6.238226713011963964e-01
6.837366316780111308e-01
5.982117860488506134e-01
6.049302098298087182e-01
4.157829115385960894e-01
4.680149131582018174e-01
4.002898688549431094e-01
4.171335636382975109e-01
5.235384197448937904e-01
4.992240620198829526e-01
5.960862142516184514e-01
5.715679891447584815e-01
4.349377105637586838e-01
5.782864129257164754e-01
6.748161429809972356e-01
7.334134227496649228e-01
8.201629022226017973e-01
9.019270995725602313e-01
9.364080112409871592e-01
2.613780938625719363e-01
8.067260546606856986e-01
2.791778951884738569e-01
9.505911425212364430e-01
8.802807299812656083e-01
7.560545279649957262e-01
6.338113887006545655e-01
7.864023840891768424e-01
2.791778951884738569e-01
7.463877555496485350e-01
5.274065325940581195e-01
3.158012349667153607e-01
8.686829669377286178e-01
6.944700229529964242e-01
3.323349263319445024e-01
4.927755110992970700e-01
8.214241022512821511e-01
7.647804354929673698e-01
7.026551239872899091e-01
6.058190025934453438e-01
8.723376723565312574e-01
8.980805313071673623e-01
7.833386657270215991e-01
7.900205233230755963e-01
4.926957227058911259e-01
5.417321729196109548e-01
5.595319742455129308e-01
5.417321729196109548e-01
4.907540835495422527e-01
4.907540835495422527e-01
4.595174346617242334e-01
6.659368303521092658e-01
6.716483733192120109e-01
6.293303468864499539e-01
5.612084743230627559e-01
6.832217153676640731e-01
6.396424889062216623e-01
7.717947734201453525e-01
7.104157456328010767e-01
6.136040452340415507e-01
6.944700229529964242e-01
6.345576724189876394e-01
7.738543292908977023e-01
4.200956847396127292e-01
6.165523938684307481e-01
6.276337714133745083e-01
4.917868545467286023e-01
6.349300796840311456e-01
4.672686294398686324e-01
6.097036062319881600e-01
6.877515991720384303e-01
7.544209206712716442e-01
6.519850664798459983e-01
3.696855033525687229e-01
4.225013353195541943e-01
4.047015339936522182e-01
3.903758936680993830e-01
3.979831102126941689e-01
4.942282445498913934e-01
3.350828790094859122e-01
4.171335636382975109e-01
4.850885061612962290e-01
4.736347213513087406e-01
4.349333649641994870e-01
5.452063339199602066e-01
5.104955240317929910e-01
5.993044461943364265e-01
4.521950955531766070e-01
6.519850664798459983e-01
5.651454795100201434e-01
4.643202808054795461e-01
3.691177667053590072e-01
6.074635059427820893e-01
6.719442874654317777e-01
7.785131972011034573e-01
6.463609126871795452e-01
7.015364330039131069e-01
3.098564055574428711e-01
4.642908310639037306e-01
4.407794867708991204e-01
5.154007809511171878e-01
3.423586000735006074e-01
6.716985538821811375e-01
5.577188073838790228e-01
3.993475347793216113e-01
5.366902492162027860e-01
5.359820008710196593e-01
5.790082756489647320e-01
5.318353309487087177e-01
6.171302783581293916e-01
6.282116559030732628e-01
3.946228222784511352e-01
5.005127620747003014e-01
5.255459034919074401e-01
2.952420352683520210e-01
6.645331212781252495e-01
5.314629236836651005e-01
4.248080939618031349e-01
5.651454795100201434e-01
6.104118545771712867e-01
4.104549536101133600e-01
5.016055628747462247e-01
4.157463453536920372e-01
4.749757097733949829e-01
5.616713185096711136e-01
4.393761071215911973e-01
5.644372311648371277e-01
6.274668413729860283e-01
4.682572859924369890e-01
5.558416874923499673e-01
3.202851838734881440e-01
3.202851838734881440e-01
6.246854227789854219e-01
4.888090561707637560e-01
4.838057615488441932e-01
5.569864197615744805e-01
5.386347647838649610e-01
4.496357581543553028e-01
3.258449315824804571e-01
3.188042810994480836e-01
2.659884491324625566e-01
2.841857996936152930e-01
2.663859983677133725e-01
2.663859983677133725e-01
2.841857996936153485e-01
3.451924202159159516e-01
3.273926188900140311e-01
3.519108439968740010e-01
3.273926188900139755e-01
2.985114400191681838e-01
3.095928175641120550e-01
3.451924202159159516e-01
3.163112413450701599e-01
2.980014336408134401e-01
2.624018309890095435e-01
7.213437180768286217e-01
7.502248969476744689e-01
8.196465167240084559e-01
7.840469140722048369e-01
8.359796407965750520e-01
8.000076308797274827e-01
7.393734176224705523e-01
7.466082269020217765e-01
6.029486162661259474e-01
5.352235719628672950e-01
6.966585629295800608e-01
6.970553911897087174e-01
8.070984619257293158e-01
5.350137491386529609e-01
8.079872546893658303e-01
8.363276270665336298e-01
7.213437180768286217e-01
6.963471428445255906e-01
7.869187695877700728e-01
8.192741094589650608e-01
3.661554742682287533e-01
3.661554742682287533e-01
3.839552755941307294e-01
5.569864197615745915e-01
6.592184065711511609e-01
5.023762675881642270e-01
6.187409338450142737e-01
7.183953694424395353e-01
6.079798914413753197e-01
7.073139918974956641e-01
7.133640942671901630e-01
7.969058771444220701e-01
8.103427247063381689e-01
6.338113887006544545e-01
4.162612616640391505e-01
3.159632550751114710e-01
4.429173343733972534e-01
4.396730715927881783e-01
3.159632550751114710e-01
6.103858237392802977e-01
7.747431220545344388e-01
7.493361041840376213e-01
5.851853811251280790e-01
7.814615458354924327e-01
6.766702216270945591e-01
6.655888440821506880e-01
6.902066035532662402e-01
8.003800381447710999e-01
8.050909781787155550e-01
6.634388512898334866e-01
8.002131081043825089e-01
7.555761778395526651e-01
6.548554528071653946e-01
3.518857020266668023e-01
5.675159436547105862e-01
5.213868171097707505e-01
8.325054797962259112e-01
5.540641019650763832e-01
4.921836828068572034e-01
5.531903033291578620e-01
7.574691330945925172e-01
5.429977185478507273e-01
6.481370290262072897e-01
6.613254246824203930e-01
4.434966880513418475e-01
7.925429233804363038e-01
5.925860224133784326e-01
7.257066718408143879e-01
7.568008116833288002e-01
5.438055012572893254e-01
7.580375907169242256e-01
6.030345362523165109e-01
8.437923345658249197e-01
7.208288017664814529e-01
8.256201259748794374e-01
6.285611113612779022e-01
8.968193312784870086e-01
7.328604710661675847e-01
8.157999484586158090e-01
7.618841589823169835e-01
7.615117517172734773e-01
7.108782603947335632e-01
6.899767053335260636e-01
6.187409338450142737e-01
8.292367960205319077e-01
9.329338502406382405e-01
7.760672902625662672e-01
7.152031787855692713e-01
9.186082099150851832e-01
8.194166185042683903e-01
8.541274283924356059e-01
9.118897861341271893e-01
7.311638955930920281e-01
8.134444784416436924e-01
8.603309358630464310e-01
8.726735134366706559e-01
8.067260546606856986e-01
9.225987564140276653e-01
8.679381524076412724e-01
9.047989550881255782e-01
8.481552883298107970e-01
8.169186394419927222e-01
8.928287847795449705e-01
8.335997497845178961e-01
7.833020995421174915e-01
9.573095663021945478e-01
9.182358026500415660e-01
8.980805313071675844e-01
7.689764592165645452e-01
7.711264520088817465e-01
8.370739107848668148e-01
7.502248969476744689e-01
9.372968040046241178e-01
8.170611484872962738e-01
8.940899848082253243e-01
9.440152277855821117e-01
8.129280929430504621e-01
9.042825695895325699e-01
7.808026512915957618e-01
8.196465167240084559e-01
8.619645431567702909e-01
8.053208763984556207e-01
8.508831656118265307e-01
8.263649405049666719e-01
7.942394988535118605e-01
8.145753146148395629e-01
8.501749172666436261e-01
7.655388644011196231e-01
7.944200432719654703e-01
8.094539319427014323e-01
7.722207219971736203e-01
7.179325252558309556e-01
6.680072822784742792e-01
6.154966710644053096e-01
6.866958763680129918e-01
6.476221127158600099e-01
7.535321279076350187e-01
7.384846248588339268e-01
6.049302098298086072e-01
6.837366316780111308e-01
5.849788058687835912e-01
5.916972296497415851e-01
6.171042475202384026e-01
5.993044461943364265e-01
5.925860224133784326e-01
5.353905020032558859e-01
4.612964893772438235e-01
2.624018309890095435e-01
2.190600674298099904e-01
2.079786898848660914e-01
2.613780938625719363e-01
2.368598687557118831e-01
2.613780938625719363e-01
1.688680306231330752e-01
1.530615868550632697e-01
1.530615868550632697e-01
1.530615868550632697e-01
1.530615868550632697e-01
1.886611895068671385e-01
1.530615868550632697e-01
3.202851838734881440e-01
3.202851838734881440e-01
5.636788022566847633e-01
6.094970309756436722e-01
8.552461193758125191e-01
6.467333199522232734e-01
7.800944029464126350e-01
6.680977192000391307e-01
8.301500097792537947e-01
4.883371145414645009e-01
7.717947734201453525e-01
7.655388644011197341e-01
7.789391457781316142e-01
7.112141014748730727e-01
5.172139478127509848e-01
5.963971225255565445e-01
7.328604710661676958e-01
7.764396975276098845e-01
7.690130254014686528e-01
8.723376723565312574e-01
8.205353094876454145e-01
5.813007774865853738e-01
7.963129985270051003e-01
8.149111556949790725e-01
9.451339187689590249e-01
5.417321729196109548e-01
5.096067312681561434e-01
5.061369158673665325e-01
5.920341687615707782e-01
5.882230686493926664e-01
4.994539602396230182e-01
6.338113887006544545e-01
6.049302098298086072e-01
5.457011748347816438e-01
6.726552541330673707e-01
6.049302098298086072e-01
6.770182078970531370e-01
6.414186052452492959e-01
6.414186052452492959e-01
6.850852208811281097e-01
6.858975205259411068e-01
8.526607511391002259e-01
8.129280929430504621e-01
7.373659338754569026e-01
8.307278942689524381e-01
7.827857140435243721e-01
8.085651391790646958e-01
7.582674889366642912e-01
8.365575252862736955e-01
7.306475100944990198e-01
7.551657352013588786e-01
6.366266551571068133e-01
8.476389028312176777e-01
7.864023840891769535e-01
8.187577239603717194e-01
8.046126280532727160e-01
8.367380697047273053e-01
8.367380697047273053e-01
7.757314491824268687e-01
7.397594392655794104e-01
6.674659639736797434e-01
8.046126280532727160e-01
7.655388644011196231e-01
7.121394604234138059e-01
7.757314491824268687e-01
7.766202419460634943e-01
7.757314491824267577e-01
8.469306544860345509e-01
7.753590419173831405e-01
7.963129985270051003e-01
9.772593604204136142e-01
8.973342475888341774e-01
6.795515040100266191e-01
8.926233075548897222e-01
8.027355081617434385e-01
7.916541306167996783e-01
8.231206777243574857e-01
6.643276440534702232e-01
6.529597792296731873e-01
5.374350637462901314e-01
5.374350637462900204e-01
6.416224726270983725e-01
5.951315768973167719e-01
3.875104466486778976e-01
4.078970853995380619e-01
6.349040488461403786e-01
2.242607921586710074e-01
5.599087271101159669e-01
4.942282445498913379e-01
5.194053642006479787e-01
3.556650837799323339e-01
5.318353309487087177e-01
3.528826803353878883e-01
5.467677936944197459e-01
5.524195986157396376e-01
5.916972296497415851e-01
8.859048837739318394e-01
9.360356039759435420e-01
9.360356039759435420e-01
8.861103609985867546e-01
9.550966053305258718e-01
8.545378710306292813e-01
8.361851180212300783e-01
9.416597577686097731e-01
7.160398994254673077e-01
8.528906493588402915e-01
7.584099979819679538e-01
8.913621075262094795e-01
9.340525412240150427e-01
8.717847206730339193e-01
9.115173788690836831e-01
8.482977973751143486e-01
9.194970026787221418e-01
9.416597577686097731e-01
8.615921358917270068e-01
8.482977973751143486e-01
8.216295794759371773e-01
6.548554528071652836e-01
6.705036514979441087e-01
8.584903821564213722e-01
5.963971225255565445e-01
7.010215166935658271e-01
7.255763079853300157e-01
8.053208763984556207e-01
4.171335636382975109e-01
6.481370290262072897e-01
7.678577682331877430e-01
4.845260144292864446e-01
5.680677973065184627e-01
6.716483733192120109e-01
6.716483733192120109e-01
7.010215166935659381e-01
7.611393444522297491e-01
7.322581655813839019e-01
6.858975205259411068e-01
7.680246982735763339e-01
7.569433207286324627e-01
7.146252942958705168e-01
6.991809629869408793e-01
7.122698242788984002e-01
7.204549253131918851e-01
7.146252942958705168e-01
6.978138200978609706e-01
6.717143892456918230e-01
8.085651391790645848e-01
9.407709650049729255e-01
9.696521438758186617e-01
9.086455233535182252e-01
6.819605153389836083e-01
5.759811234717134854e-01
8.679381524076410503e-01
5.680677973065184627e-01
7.560545279649957262e-01
8.869991537622236022e-01
8.406905808305195071e-01
4.858147144841037934e-01
5.413382210707957665e-01
8.027355081617434385e-01
6.519850664798459983e-01
7.396693317686904301e-01
6.938771443355795654e-01
7.405581245323272777e-01
8.435868573411698934e-01
8.660975987010163246e-01
9.028158923361969679e-01
8.791864599929736235e-01
9.016972013528201657e-01
7.621140572020570492e-01
7.460918414034287682e-01
8.281425260322401449e-01
9.340525412240150427e-01
3.629670795716106735e-01
4.225013353195541943e-01
4.513825141904000415e-01
3.903758936680993830e-01
3.378652824540303579e-01
4.090644877576381511e-01
4.047015339936522182e-01
3.801833088867923038e-01
4.047015339936522182e-01
3.903758936680993830e-01
3.556650837799323339e-01
3.903758936680993830e-01
4.225013353195541943e-01
3.480578672353374925e-01
4.157829115385960894e-01
3.556650837799323339e-01
3.903758936680993830e-01
4.047015339936522182e-01
3.903758936680993830e-01
4.225013353195541943e-01
3.556650837799323339e-01
3.378652824540303579e-01
3.725760923421974624e-01
4.225013353195541943e-01
4.513825141904000415e-01
4.047015339936522182e-01
4.225013353195541943e-01
4.225013353195541943e-01
4.335827128644980655e-01
3.903758936680993830e-01
4.047015339936522182e-01
3.725760923421974624e-01
4.047015339936522182e-01
4.225013353195541943e-01
4.759007392972600115e-01
4.047015339936522182e-01
4.403011366454561148e-01
3.518857020266668023e-01
3.696855033525687229e-01
4.248080939618031349e-01
6.707595805555750523e-01
7.112141014748730727e-01
6.521519965202345892e-01
7.881799696164505376e-01
7.021767738618469590e-01
7.460918414034285462e-01
8.196465167240084559e-01
8.570237049030859922e-01
8.406905808305193961e-01
9.262154264596801356e-01
8.256201259748792154e-01
6.324981165482352896e-01
8.717847206730339193e-01
8.802807299812656083e-01
7.210342789911364791e-01
7.956446771157419384e-01
8.730459207017142731e-01
1.000000000000000000e+00
9.253266336960432881e-01
8.721571279380774255e-01
7.778448757898398513e-01
4.747333369391599223e-01
4.764284432239894174e-01
5.747862210874765676e-01
6.027786071946855673e-01
5.704232673234905793e-01
6.238226713011963964e-01
5.993044461943364265e-01
5.925860224133784326e-01
6.014560488294595775e-01
7.294767469873832955e-01
7.925429233804364149e-01
7.387955331327719088e-01
7.834690295825059714e-01
7.589508044756461125e-01
8.748235062289879682e-01
9.186082099150851832e-01
9.327913411953344669e-01
8.459423273581420100e-01
8.557625048744055274e-01
6.943030929126078332e-01
9.238599564427077970e-01
9.019270995725602313e-01
8.040596763697752669e-01
8.406905808305193961e-01
8.003800381447710999e-01
9.095343161171549617e-01
8.528906493588402915e-01
7.396693317686904301e-01
7.992613471613942977e-01
8.201629022226017973e-01
6.605669957742680287e-01
7.994912453811343633e-01
9.037046850998337044e-01
8.926233075548899443e-01
8.114614156897150821e-01
7.212012090315250701e-01
8.123502084533519296e-01
7.749730202742743934e-01
4.764284432239894174e-01
4.226566319812399830e-01
3.900972840736361413e-01
4.146155091804960002e-01
3.710362827190537560e-01
5.747862210874765676e-01
4.888889681932722664e-01
5.324681946547146216e-01
4.097467052649302888e-01
4.767133206600365769e-01
5.849788058687835912e-01
4.527729800428753060e-01
4.992240620198830081e-01
5.502679959806164867e-01
5.255459034919074401e-01
5.413382210707957665e-01
6.414186052452492959e-01
5.010276783850474702e-01
4.343952942272746309e-01
4.527729800428753060e-01
6.538987525562792724e-01
6.976332756794073608e-01
6.670034492117473679e-01
6.314038465599435268e-01
7.502248969476743579e-01
6.318663613218760133e-01
8.668438824193492875e-01
5.911453759979338196e-01
5.312574464590100742e-01
6.492036478858455029e-01
5.636788022566847633e-01
5.016055628747462247e-01
3.528826803353878883e-01
5.121720241093428161e-01
5.398285691364121952e-01
5.651454795100201434e-01
6.435256233565185280e-01
7.729655365272608547e-01
3.993475347793216113e-01
