3.321660654893002218e-01
4.428185249266993195e-01
4.428185249266993195e-01
4.428185249266993195e-01
4.682645554806072474e-01
5.089432488108137642e-01
5.035536691400270826e-01
5.277291097920869811e-01
5.919215764277071523e-01
7.086862471863956126e-01
8.790069873395532918e-01
7.738555600106069576e-01
7.613812797924208731e-01
7.141851789900017788e-01
7.300267643215023750e-01
7.040483521712330717e-01
7.850243388481195073e-01
1.484640218870163786e-01
1.484640218870163786e-01
6.788060480216039361e-01
5.202213797811456875e-01
7.466921033383550066e-02
1.484640218870163786e-01
4.085041571510240055e-01
2.678047839282268194e-01
1.958946485462972620e-01
7.466921033383550066e-02
7.466921033383550066e-02
0.000000000000000000e+00
0.000000000000000000e+00
0.000000000000000000e+00
0.000000000000000000e+00
1.914666922665029525e-01
0.000000000000000000e+00
3.549021013140586933e-01
0.000000000000000000e+00
0.000000000000000000e+00
0.000000000000000000e+00
0.000000000000000000e+00
1.484640218870163786e-01
7.466921033383550066e-02
1.230179913331084229e-01
7.466921033383550066e-02
7.466921033383550066e-02
0.000000000000000000e+00
7.466921033383550066e-02
7.466921033383550066e-02
0.000000000000000000e+00
0.000000000000000000e+00
0.000000000000000000e+00
2.799063360929874289e-01
0.000000000000000000e+00
0.000000000000000000e+00
2.678047839282268194e-01
3.641406784854202550e-01
0.000000000000000000e+00
0.000000000000000000e+00
7.466921033383550066e-02
1.608441727699818358e-01
0.000000000000000000e+00
7.466921033383550066e-02
4.085041571510240055e-01
1.608441727699818358e-01
3.036441721551969009e-01
6.113885674380392654e-01
6.622283546894635053e-01
7.466921033383550066e-02
0.000000000000000000e+00
6.173676069816149692e-01
1.230179913331084229e-01
2.678047839282268194e-01
7.850243388481193962e-01
3.727175733740685226e-01
2.646963110493436577e-01
7.466921033383550066e-02
7.713143802069106769e-01
3.414153317595416404e-01
2.678047839282268194e-01
7.676184199015140264e-01
7.086862471863957236e-01
4.885925832793831525e-01
6.269720522040224120e-01
3.321660654893002218e-01
6.027966115519626245e-01
8.268443363298891846e-01
5.598353099186296200e-01
7.263308040161055024e-01
8.013983057759813677e-01
7.855567204444808826e-01
5.736546206926579350e-01
9.382329037679284500e-01
1.000000000000000000e+00
5.654630565374682005e-01
8.777363974377049294e-01
9.683168293369988078e-01
8.008659241796201034e-01
7.567433847772583322e-01
8.104703694020274352e-01
5.763380916617238947e-01
3.968930140261283657e-01
8.631654020080525846e-01
7.390988279475485534e-01
7.850243388481196183e-01
8.455208451783426948e-01
9.031824279916129683e-01
6.816758830173829109e-01
9.223913184364279649e-01
9.491079388921839222e-01
8.764658075358569000e-01
8.110027509983886995e-01
9.140574631158686625e-01
9.127868732140204111e-01
8.886114325619606236e-01
8.727698472304601385e-01
7.754198936257118424e-01
8.414153317595414183e-01
6.378470873282779952e-01
7.396312095439097067e-01
7.964317555687362438e-01
7.409017994457578471e-01
9.127868732140204111e-01
9.140574631158686625e-01
7.834600052330144004e-01
8.410866765674592793e-01
9.332663535606834371e-01
9.395034936697762573e-01
8.613624305098432909e-01
6.515919574483122201e-01
8.455208451783426948e-01
7.294943827251408885e-01
8.200748146244348780e-01
6.978112120621401404e-01
8.318108865371338645e-01
6.526761833234477894e-01
8.377193714541447678e-01
6.770379880022200370e-01
9.478373489903357818e-01
7.562110031808970678e-01
8.426859216613897807e-01
9.286284585455207852e-01
7.930644504554219543e-01
7.850243388481193962e-01
9.491079388921839222e-01
8.110027509983886995e-01
9.236619083382759943e-01
8.200748146244347669e-01
7.388050842342913649e-01
8.377193714541447678e-01
9.745539694460918501e-01
9.395034936697764794e-01
7.245278325178962087e-01
8.460532267747040702e-01
7.237896242124093327e-01
7.296981091294200139e-01
6.430717381010401246e-01
7.901946154596432015e-01
9.491079388921839222e-01
8.318108865371338645e-01
9.127868732140204111e-01
6.975174683488832850e-01
6.894773567415807269e-01
7.580139746791065836e-01
8.522903668837971125e-01
9.031824279916129683e-01
9.223913184364279649e-01
6.282426421058704413e-01
9.174247682291829520e-01
8.359163999559354741e-01
7.580139746791063615e-01
7.746816853202249664e-01
9.140574631158686625e-01
9.649495242236845183e-01
8.764658075358569000e-01
8.060362007911436866e-01
9.841584146684995149e-01
5.089432488108137642e-01
4.085041571510240055e-01
6.562298524634746499e-01
6.882067668397324756e-01
7.505062446681654009e-01
7.754198936257118424e-01
8.613624305098432909e-01
7.772228651239213582e-01
7.905232706517256736e-01
7.296981091294197919e-01
8.522903668837971125e-01
6.894773567415807269e-01
7.409017994457578471e-01
7.964317555687363548e-01
6.269720522040226340e-01
5.919215764277071523e-01
7.917938605535737029e-01
7.993015905645147745e-01
8.268443363298891846e-01
8.823742924528675813e-01
7.325679441251985446e-01
9.019118380897647169e-01
9.745539694460918501e-01
8.727698472304601385e-01
7.899908890553641871e-01
7.551441396833278308e-01
8.104703694020274352e-01
7.917938605535737029e-01
7.917938605535737029e-01
8.681319522152975976e-01
7.821894153311662601e-01
8.281149262317372139e-01
9.428707987830909909e-01
5.736546206926578240e-01
6.277102605095092880e-01
4.008276122146297027e-01
8.522903668837971125e-01
8.314822313450515034e-01
3.549021013140586933e-01
3.036441721551969009e-01
8.455208451783425838e-01
5.598353099186297310e-01
2.678047839282268194e-01
3.386946479315123271e-01
2.678047839282268194e-01
5.343892793647215811e-01
6.368345979919470823e-01
4.085041571510240055e-01
6.272301527695397505e-01
9.298990484473691476e-01
8.281149262317372139e-01
7.388050842342915869e-01
6.526761833234477894e-01
5.482085901387498961e-01
5.446026471423310866e-01
3.386946479315123271e-01
3.641406784854202550e-01
2.932508144821347473e-01
2.932508144821347473e-01
2.932508144821347473e-01
1.484640218870163786e-01
1.484640218870163786e-01
1.484640218870163786e-01
