4.333733270876249932e-01
4.333733270876249932e-01
3.478156725210385658e-01
4.475586928176312762e-01
4.105876498823051168e-01
4.333733270876249932e-01
3.922492757487376358e-01
3.922492757487376358e-01
4.105876498823052279e-01
4.703443700229510971e-01
4.105876498823052279e-01
3.922492757487376358e-01
4.105876498823051168e-01
4.862560762722802910e-01
4.948563877475937178e-01
4.720707105422738969e-01
4.309466592033865395e-01
4.776557647969666975e-01
4.948563877475937178e-01
4.537323364087063604e-01
5.694282415672342612e-01
5.141188244983405653e-01
5.916686583730401683e-01
5.288966810117734507e-01
5.688829811677201809e-01
6.058540241030463402e-01
5.602826696924066985e-01
6.496145304448889268e-01
6.637998961748953208e-01
6.324139074942620731e-01
6.834034362784136007e-01
5.892454702365137464e-01
6.520174475977803530e-01
6.659716968807665172e-01
6.701247052843277707e-01
7.201433627667195303e-01
7.384817369002871779e-01
5.971379435545567382e-01
7.754527798356132262e-01
6.745720083560799996e-01
6.096282302889421967e-01
6.691712618638270271e-01
7.835763696006763368e-01
7.835763696006766699e-01
7.396194880832276386e-01
8.074997979889368960e-01
8.405002595627609763e-01
7.440667911549799785e-01
8.632859367680808527e-01
7.063559933649142808e-01
7.249574006429712059e-01
4.333733270876249932e-01
7.294047037147233237e-01
0.000000000000000000e+00
6.832484716586598172e-02
0.000000000000000000e+00
0.000000000000000000e+00
0.000000000000000000e+00
0.000000000000000000e+00
2.510879094450663707e-01
0.000000000000000000e+00
0.000000000000000000e+00
0.000000000000000000e+00
0.000000000000000000e+00
0.000000000000000000e+00
0.000000000000000000e+00
0.000000000000000000e+00
0.000000000000000000e+00
6.832484716586598172e-02
0.000000000000000000e+00
0.000000000000000000e+00
0.000000000000000000e+00
6.832484716586598172e-02
0.000000000000000000e+00
0.000000000000000000e+00
0.000000000000000000e+00
5.380422528866010135e-01
2.147054558461224394e-01
0.000000000000000000e+00
2.460914445267557982e-01
0.000000000000000000e+00
5.561963192577286108e-01
6.832484716586598172e-02
0.000000000000000000e+00
4.410635240793059353e-01
0.000000000000000000e+00
0.000000000000000000e+00
0.000000000000000000e+00
6.832484716586598172e-02
3.757409437945028463e-01
0.000000000000000000e+00
0.000000000000000000e+00
0.000000000000000000e+00
0.000000000000000000e+00
0.000000000000000000e+00
0.000000000000000000e+00
0.000000000000000000e+00
0.000000000000000000e+00
3.850810101245558115e-01
0.000000000000000000e+00
0.000000000000000000e+00
2.571772648151026686e-01
6.832484716586598172e-02
1.131491660776890035e-01
1.359348432830088382e-01
1.359348432830088382e-01
1.359348432830088382e-01
2.853046675307808200e-01
2.662598608396560818e-01
1.131491660776890035e-01
2.720568374308333648e-01
7.066190265094035583e-01
6.832484716586598172e-02
1.131491660776890035e-01
6.832484716586598172e-02
5.192739657273635068e-01
0.000000000000000000e+00
3.006298452172080360e-01
3.621129058771768161e-01
1.800117959970581605e-01
2.429918990850963301e-01
1.131491660776890035e-01
6.268288532395690504e-01
0.000000000000000000e+00
6.832484716586598172e-02
4.409158383086607680e-01
5.744680354224130925e-01
1.359348432830088382e-01
4.468995440653216744e-01
3.113489307010557927e-01
6.120311474418336228e-01
5.632134193635530695e-01
6.748031248031001184e-01
7.194036079119801030e-01
8.205474125360026072e-01
8.758568296048964141e-01
7.533281321029837718e-01
6.010279188136287143e-01
5.962313088186363963e-01
5.739223533235667807e-01
7.061891134837334771e-01
6.520174475977803530e-01
6.422793849395264099e-01
5.238568871565947305e-01
5.694282415672342612e-01
5.404277421582333041e-01
7.384817369002870668e-01
5.176420649529135387e-01
9.260579141293476813e-01
6.975419933238397041e-01
7.063559933649143918e-01
8.890868711940212998e-01
8.632859367680808527e-01
7.437724964867887811e-01
9.674762601364261805e-01
8.019147437342439844e-01
7.380050151900368061e-01
6.849711004870243647e-01
7.196666410564693805e-01
8.161001094642503784e-01
7.061423047991532975e-01
7.603139706851063107e-01
8.205474125360026072e-01
7.607906923953566825e-01
6.973576855613997649e-01
7.526671026302934608e-01
7.902991750383099312e-01
7.835763696006764478e-01
8.530711523995766488e-01
8.216851637189431790e-01
7.663757466500495941e-01
9.544286455893603582e-01
6.235999074531873854e-01
7.977617353306829528e-01
8.849338627904602683e-01
9.630289570646736186e-01
8.318999480874476049e-01
1.131491660776890035e-01
1.131491660776890035e-01
1.131491660776890035e-01
1.131491660776890035e-01
2.799629420204224339e-01
2.799629420204224894e-01
4.333733270876249377e-01
4.703443700229510971e-01
4.475586928176312207e-01
4.561590042929448141e-01
4.333733270876249377e-01
4.333733270876249377e-01
4.475586928176312762e-01
5.176420649529136497e-01
5.090417534775999453e-01
6.600256899889994644e-01
5.916686583730399462e-01
6.975888020084198837e-01
5.739223533235668917e-01
6.606177590730938354e-01
6.206314589171469942e-01
8.074997979889368960e-01
8.318999480874476049e-01
7.691279707261809984e-01
7.291416705702340462e-01
8.035292166274350389e-01
7.526671026302934608e-01
7.298814254249735844e-01
8.763335513151466749e-01
8.632859367680808527e-01
6.062149767401207034e-01
3.529552665891830254e-01
3.297382707584798900e-01
3.694635985434178149e-01
4.620050309186464754e-01
0.000000000000000000e+00
1.359348432830088382e-01
6.832484716586598172e-02
0.000000000000000000e+00
6.832484716586598172e-02
6.832484716586598172e-02
3.805670490839204723e-01
3.792016612016718691e-01
0.000000000000000000e+00
6.832484716586598172e-02
2.662598608396560818e-01
0.000000000000000000e+00
0.000000000000000000e+00
3.300027095026823454e-01
1.486258073164248295e-01
4.817108537079429764e-01
3.443549551138695430e-01
6.832484716586598172e-02
2.147054558461224394e-01
3.213555893427885723e-01
0.000000000000000000e+00
0.000000000000000000e+00
0.000000000000000000e+00
1.800117959970581605e-01
0.000000000000000000e+00
0.000000000000000000e+00
0.000000000000000000e+00
1.131491660776890035e-01
1.777344129107963078e-01
1.359348432830088382e-01
0.000000000000000000e+00
6.832484716586598172e-02
0.000000000000000000e+00
0.000000000000000000e+00
0.000000000000000000e+00
0.000000000000000000e+00
0.000000000000000000e+00
1.131491660776890035e-01
6.832484716586598172e-02
6.832484716586598172e-02
0.000000000000000000e+00
5.688829811677202919e-01
2.018678477462089726e-01
1.486258073164248295e-01
0.000000000000000000e+00
7.112487566232150726e-01
3.995606705227532363e-01
1.359348432830088382e-01
1.486258073164248295e-01
1.800117959970581605e-01
4.862560762722801799e-01
7.212811139496601021e-01
6.832484716586598172e-02
1.131491660776890035e-01
4.392193537133266545e-01
8.060990136615069357e-01
5.010712099512748541e-01
4.406847218616405937e-01
6.798627679425818249e-01
7.447278206276702894e-01
8.121295281027482993e-01
8.758568296048964141e-01
8.363472511591999448e-01
9.544286455893603582e-01
7.754527798356132262e-01
7.949289051521214455e-01
5.168710485744720806e-01
6.662028133277866360e-01
2.460914445267557982e-01
1.359348432830088382e-01
5.396567257797918460e-01
7.710054767638608864e-01
4.862560762722801799e-01
7.919136479315006527e-01
8.535478741098269095e-01
8.019147437342438733e-01
7.754527798356132262e-01
7.705287550536107366e-01
8.905189170451530689e-01
8.302854751942566613e-01
9.674762601364259584e-01
9.316429683840403708e-01
8.519334012166359660e-01
9.305052172010997991e-01
8.530711523995763157e-01
7.705287550536106256e-01
5.318274306829198217e-01
3.757409437945028463e-01
2.027974732023779814e-01
5.176420649529135387e-01
7.919136479315006527e-01
5.632134193635530695e-01
8.079765196991871568e-01
6.966179307066603377e-01
8.849338627904602683e-01
3.113489307010557927e-01
3.113489307010557927e-01
2.799629420204224339e-01
2.799629420204224339e-01
3.757409437945028463e-01
3.529552665891830254e-01
2.901832892279164189e-01
3.757409437945028463e-01
6.576025018524732646e-01
6.659716968807665172e-01
7.070957482196539301e-01
6.843100710143340537e-01
6.973576855613997649e-01
7.212811139496602131e-01
7.919136479315006527e-01
6.793860462323314531e-01
7.421892851172999794e-01
3.694635985434178149e-01
5.729514820218071236e-01
7.052182421819738201e-01
7.294047037147234347e-01
8.112860715879989248e-01
8.535478741098269095e-01
9.316429683840404818e-01
8.491005710380744587e-01
9.002569797034070120e-01
7.791290665289239969e-01
8.530711523995765377e-01
7.847141207836171306e-01
6.277841773804505587e-01
7.747130249808737990e-01
7.919136479315008748e-01
7.235566163155412456e-01
6.431860196754467518e-01
6.529240823337006949e-01
7.298814254249735844e-01
6.606177590730938354e-01
9.230426569087268884e-01
8.688709910227737643e-01
7.061423047991531865e-01
4.703443700229510971e-01
2.799629420204224339e-01
5.374969924870869331e-01
7.482197995585412320e-01
5.090417534775999453e-01
8.302854751942566613e-01
8.546856252927674813e-01
8.946719254487143225e-01
8.718862482433944461e-01
2.147054558461224949e-01
2.799629420204224894e-01
2.799629420204224894e-01
2.799629420204224894e-01
3.708623220973671919e-01
4.161727041369979729e-01
5.096715214265882254e-01
5.780285530425478546e-01
5.954428645589359137e-01
5.771044904253683772e-01
6.659716968807665172e-01
6.431860196754467518e-01
6.290006539454403578e-01
8.530711523995765377e-01
7.977617353306829528e-01
8.074997979889368960e-01
8.535478741098269095e-01
8.916566682280934186e-01
9.858146342699934950e-01
1.131491660776890035e-01
1.131491660776890035e-01
1.131491660776890035e-01
1.486258073164248295e-01
1.486258073164248295e-01
1.486258073164248295e-01
1.486258073164248295e-01
1.486258073164248295e-01
8.005139594068142461e-01
8.135615739538800684e-01
8.091142708821278395e-01
8.263148938327545823e-01
7.280039193872935854e-01
5.152565756812812481e-01
3.757409437945028463e-01
1.359348432830088382e-01
4.537323364087063604e-01
8.318999480874476049e-01
5.812574988289295197e-01
9.402432798593539642e-01
8.524101229268863378e-01
8.860716139734007291e-01
8.774713024980871356e-01
8.474860981448836261e-01
9.630289570646738406e-01
1.000000000000000000e+00
4.178990446563208283e-01
5.318274306829198217e-01
6.286397013083659946e-01
6.058540241030462292e-01
6.551995846995817274e-01
7.061891134837334771e-01
6.206314589171471052e-01
5.664597930311939811e-01
7.298814254249735844e-01
7.919136479315006527e-01
7.219421434223504130e-01
8.758568296048964141e-01
9.219049057257865387e-01
8.535478741098269095e-01
7.749760581253630765e-01
8.979814773375260906e-01
8.388857866695700327e-01
7.538048538132339216e-01
3.536616991467402271e-01
4.161727041369979729e-01
6.010279188136287143e-01
5.380422528866009024e-01
7.435900694447297177e-01
7.168338108779078732e-01
7.579578622167952862e-01
5.664597930311939811e-01
6.182285417642557901e-01
6.975888020084199947e-01
3.757409437945028463e-01
7.519273477755539226e-01
9.316429683840403708e-01
7.519273477755539226e-01
7.749760581253630765e-01
9.219049057257864277e-01
8.707484970604537633e-01
7.974987021861935643e-01
5.017303587035844004e-01
4.078333650326933513e-01
4.164336765080068892e-01
5.176420649529135387e-01
5.324571986319081018e-01
6.286397013083662166e-01
6.600256899889994644e-01
6.637998961748952098e-01
7.384817369002870668e-01
8.060990136615071577e-01
7.291416705702340462e-01
6.290006539454403578e-01
8.266091885009457796e-01
7.152193379847169297e-01
8.519334012166359660e-01
8.449475626345133161e-01
9.446905829311063041e-01
9.219049057257864277e-01
8.991192285204666623e-01
7.440667911549799785e-01
8.991192285204665513e-01
8.449475626345133161e-01
9.446905829311063041e-01
9.402432798593537422e-01
5.892454702365137464e-01
4.416555931634003063e-01
9.002569797034070120e-01
8.318999480874476049e-01
5.420596429326832721e-01
5.968749104100675718e-01
6.798627679425817139e-01
7.477430778482909712e-01
7.579578622167951751e-01
4.377539721904941672e-01
6.324139074942619621e-01
6.966179307066602266e-01
3.922492757487376913e-01
6.832484716586598172e-02
6.832484716586598172e-02
1.359348432830088382e-01
3.113489307010557927e-01
6.724002076502086922e-01
2.429918990850963301e-01
2.147054558461224949e-01
8.774713024980873577e-01
4.789446814982645795e-01
5.277589298288331010e-01
5.654889217294343240e-01
3.995606705227533473e-01
4.164336765080068892e-01
6.832484716586598172e-02
6.832484716586598172e-02
4.164336765080069447e-01
4.789446814982645795e-01
4.224993939668110765e-01
6.832484716586598172e-02
2.688771217320756191e-01
6.150464046624541936e-01
2.799629420204224894e-01
1.359348432830088382e-01
1.359348432830088382e-01
3.729574581946694667e-01
6.832484716586598172e-02
6.832484716586598172e-02
5.916686583730399462e-01
5.420596429326831611e-01
1.359348432830088382e-01
3.478156725210385658e-01
6.701247052843275487e-01
6.152132845436352193e-01
5.782422416083088379e-01
5.404277421582333041e-01
6.551995846995817274e-01
3.297382707584799455e-01
5.374969924870869331e-01
7.691279707261807763e-01
7.047415204717235593e-01
8.530711523995766488e-01
7.893438508974285339e-01
8.374850023421404055e-01
6.073527279230610532e-01
6.889884905331065124e-01
6.637998961748953208e-01
6.268288532395691615e-01
5.780285530425478546e-01
5.090417534775999453e-01
5.318274306829198217e-01
4.862560762722801799e-01
4.475586928176312207e-01
4.475586928176312762e-01
4.161727041369979729e-01
4.475586928176312207e-01
3.708623220973671919e-01
3.850476878273735859e-01
3.850476878273735859e-01
3.215692779085497222e-01
3.215692779085497222e-01
7.321569277908547280e-01
9.574439028099809290e-01
8.318999480874476049e-01
8.946719254487143225e-01
8.091142708821277285e-01
7.533281321029836608e-01
7.429290399720394067e-01
4.321689179358013111e-01
5.745346933912961473e-01
5.954428645589359137e-01
7.209868192814691268e-01
6.832484716586598172e-02
7.077567776923440190e-01
5.401334474900421068e-01
6.832484716586598172e-02
6.096282302889423077e-01
2.460914445267557982e-01
7.280039193872934744e-01
3.113489307010557927e-01
1.359348432830088382e-01
1.359348432830088382e-01
1.800117959970581605e-01
6.413085136377666418e-01
2.027974732023779814e-01
1.359348432830088382e-01
2.429918990850963301e-01
6.832484716586598172e-02
2.147054558461224394e-01
2.460914445267557982e-01
6.832484716586598172e-02
1.359348432830088382e-01
1.359348432830088382e-01
2.147054558461224949e-01
2.027974732023779814e-01
7.974987021861935643e-01
6.832484716586598172e-02
6.277841773804505587e-01
4.164336765080068892e-01
6.966179307066603377e-01
4.950875041946138366e-01
5.466425643619144958e-01
2.799629420204224894e-01
3.708623220973672474e-01
7.896381455656196202e-01
7.477430778482908602e-01
7.619284435782971432e-01
8.935341742657738617e-01
7.979441623727423494e-01
4.862560762722801799e-01
7.977617353306829528e-01
7.933144322589306130e-01
4.854850598938387218e-01
9.902619373417458348e-01
9.305052172010997991e-01
7.835763696006763368e-01
7.107720349129647008e-01
6.324139074942620731e-01
7.289279820044731739e-01
7.168338108779078732e-01
6.605709503885135447e-01
6.324139074942619621e-01
3.073839121785433837e-01
3.536616991467402826e-01
3.850476878273735859e-01
4.696852212706415508e-01
5.602826696924066985e-01
7.209868192814690158e-01
3.443549551138695430e-01
3.621129058771768161e-01
4.224993939668110765e-01
7.661127135055603166e-01
5.916686583730400573e-01
1.359348432830088382e-01
6.843100710143339427e-01
5.288966810117734507e-01
4.037136789263144343e-01
2.027974732023779814e-01
4.406847218616405937e-01
5.168710485744720806e-01
8.161001094642503784e-01
2.460914445267557982e-01
3.443549551138695430e-01
4.377539721904941672e-01
6.662028133277868580e-01
2.027974732023779814e-01
6.206314589171469942e-01
5.420596429326832721e-01
4.164336765080068892e-01
6.431860196754468628e-01
1.359348432830088382e-01
1.359348432830088382e-01
3.708623220973672474e-01
1.359348432830088382e-01
6.832484716586598172e-02
2.885632534957359718e-01
3.805670490839204723e-01
3.113489307010557927e-01
1.800117959970581605e-01
5.782422416083088379e-01
1.359348432830088382e-01
6.832484716586598172e-02
6.526297876655096086e-01
6.832484716586598172e-02
2.662598608396560818e-01
3.073839121785433837e-01
2.460914445267557982e-01
5.090417534776000563e-01
6.832484716586598172e-02
3.271351380527068864e-01
6.832484716586598172e-02
6.832484716586598172e-02
1.359348432830088382e-01
1.800117959970581605e-01
1.359348432830088382e-01
2.799629420204224339e-01
2.799629420204224339e-01
5.425363646429336439e-01
2.460914445267557982e-01
3.694635985434178149e-01
6.150464046624541936e-01
4.409158383086607680e-01
6.834034362784136007e-01
6.108933962588930511e-01
4.981027614152344629e-01
6.301384051283809296e-01
4.703443700229510971e-01
3.073839121785433837e-01
7.452045423379205502e-01
8.991192285204665513e-01
8.530711523995766488e-01
8.216851637189431790e-01
7.663757466500494830e-01
6.345857082001331584e-01
8.130848522436295855e-01
7.896381455656197312e-01
8.449475626345133161e-01
7.607906923953565714e-01
7.224188651326007848e-01
6.854478221972747365e-01
7.907758967485603030e-01
5.978457817118272288e-01
4.913331472930207999e-01
1.359348432830088382e-01
3.073839121785433282e-01
1.800117959970581605e-01
5.273801276111675929e-01
2.429918990850963301e-01
6.832484716586598172e-02
5.273801276111675929e-01
6.832484716586598172e-02
2.460914445267557982e-01
1.359348432830088382e-01
2.147054558461224949e-01
1.359348432830088382e-01
5.819991344040499337e-01
1.359348432830088382e-01
6.832484716586598172e-02
1.359348432830088382e-01
1.359348432830088382e-01
6.832484716586598172e-02
1.359348432830088382e-01
6.832484716586598172e-02
6.832484716586598172e-02
6.832484716586598172e-02
6.832484716586598172e-02
6.832484716586598172e-02
6.832484716586598172e-02
6.832484716586598172e-02
6.832484716586598172e-02
6.832484716586598172e-02
6.832484716586598172e-02
6.832484716586598172e-02
6.832484716586598172e-02
4.078333650326933513e-01
6.296616834181305578e-01
7.061891134837333661e-01
7.607906923953564604e-01
8.849338627904602683e-01
7.463422935208611220e-01
7.007709391102214802e-01
6.824325649766539437e-01
7.612674141056068322e-01
6.973576855613998760e-01
6.422793849395262988e-01
6.108933962588929401e-01
6.834034362784136007e-01
5.967080305288866571e-01
6.206314589171469942e-01
5.640568758783024439e-01
5.374969924870869331e-01
5.096715214265883365e-01
5.694282415672342612e-01
4.475586928176313872e-01
4.333733270876249932e-01
4.247730156123115108e-01
4.164336765080068892e-01
3.297382707584798900e-01
4.164336765080068892e-01
4.164336765080068892e-01
4.078333650326933513e-01
3.850476878273735304e-01
3.708623220973672474e-01
3.850476878273735304e-01
4.164336765080068892e-01
3.850476878273735859e-01
4.078333650326933513e-01
3.708623220973672474e-01
4.078333650326933513e-01
6.701247052843277707e-01
7.523728079621023745e-01
6.277841773804506698e-01
7.607906923953565714e-01
7.835763696006764478e-01
7.305424548976640065e-01
8.388857866695702548e-01
8.161001094642503784e-01
7.424523182617891459e-01
7.112487566232150726e-01
7.691279707261809984e-01
1.486258073164248295e-01
1.486258073164248295e-01
1.486258073164248295e-01
1.486258073164248295e-01
1.486258073164248295e-01
1.800117959970581605e-01
1.486258073164248295e-01
1.486258073164248295e-01
8.388857866695700327e-01
8.216851637189431790e-01
5.017303587035844004e-01
5.555839791899994662e-01
6.096282302889421967e-01
7.377419820455476396e-01
8.068387685162464740e-01
4.599471586123874967e-01
4.309466592033866505e-01
6.832484716586598172e-02
1.359348432830088382e-01
4.747250151258203821e-01
6.832484716586598172e-02
6.832484716586598172e-02
2.027974732023779814e-01
6.832484716586598172e-02
6.832484716586598172e-02
6.832484716586598172e-02
5.168710485744720806e-01
6.832484716586598172e-02
2.147054558461224394e-01
4.537323364087063604e-01
1.359348432830088382e-01
3.073839121785433837e-01
2.885632534957359718e-01
2.429918990850963301e-01
6.832484716586598172e-02
2.429918990850963301e-01
5.061110038064536853e-01
6.832484716586598172e-02
6.832484716586598172e-02
2.460914445267557982e-01
4.164336765080068892e-01
1.359348432830088382e-01
6.832484716586598172e-02
3.850810101245558115e-01
6.832484716586598172e-02
6.832484716586598172e-02
2.027974732023779814e-01
1.359348432830088382e-01
6.832484716586598172e-02
1.359348432830088382e-01
2.460914445267557982e-01
5.796430259357385761e-01
6.832484716586598172e-02
2.662598608396560818e-01
6.832484716586598172e-02
6.832484716586598172e-02
6.832484716586598172e-02
6.832484716586598172e-02
1.359348432830088382e-01
1.359348432830088382e-01
4.703443700229510971e-01
4.817108537079429764e-01
1.359348432830088382e-01
2.799629420204224339e-01
2.460914445267557982e-01
1.359348432830088382e-01
1.359348432830088382e-01
2.688771217320756191e-01
6.889884905331064013e-01
2.027974732023779814e-01
1.359348432830088382e-01
1.359348432830088382e-01
1.359348432830088382e-01
1.359348432830088382e-01
3.922492757487376913e-01
3.922492757487376913e-01
3.297382707584799455e-01
1.359348432830088382e-01
1.359348432830088382e-01
4.589251765026231000e-01
3.443549551138695430e-01
6.832484716586598172e-02
1.359348432830088382e-01
3.073839121785433837e-01
1.359348432830088382e-01
1.800117959970581605e-01
6.832484716586598172e-02
2.460914445267557982e-01
3.297382707584799455e-01
1.800117959970581605e-01
3.478156725210385658e-01
3.125709701050352063e-01
2.027974732023779814e-01
6.832484716586598172e-02
6.832484716586598172e-02
1.359348432830088382e-01
2.460914445267557982e-01
6.832484716586598172e-02
6.832484716586598172e-02
3.478156725210385658e-01
2.027974732023779814e-01
6.582148419202025202e-01
1.359348432830088382e-01
2.853046675307808200e-01
6.106622798118728213e-01
2.027974732023779814e-01
3.478156725210385658e-01
1.359348432830088382e-01
5.466425643619144958e-01
3.215692779085497222e-01
6.832484716586598172e-02
1.359348432830088382e-01
5.632134193635530695e-01
6.832484716586598172e-02
6.832484716586598172e-02
8.079765196991871568e-01
6.108933962588930511e-01
6.832484716586598172e-02
6.662028133277866360e-01
6.966179307066603377e-01
6.832484716586598172e-02
4.720707105422740080e-01
7.351721850114754098e-01
3.708623220973672474e-01
8.074997979889368960e-01
7.077567776923440190e-01
4.406847218616405937e-01
4.092987331810072904e-01
4.475586928176312762e-01
3.865772925415268402e-01
3.529552665891830254e-01
4.746092460526442069e-01
5.734456316133165199e-01
7.777282822014944808e-01
6.832484716586598172e-02
4.589251765026232111e-01
4.789446814982646905e-01
5.318274306829198217e-01
1.800117959970581605e-01
1.359348432830088382e-01
6.832484716586598172e-02
6.424150032970052937e-01
5.090417534776001673e-01
5.239036958411749101e-01
6.832484716586598172e-02
2.147054558461224394e-01
2.460914445267557982e-01
7.149563048402277632e-01
6.084904791060016249e-01
4.589251765026231000e-01
8.177145823574410999e-01
7.212811139496601021e-01
8.577008825133880521e-01
2.147054558461224949e-01
5.552428758372279782e-01
7.749760581253630765e-01
6.832484716586598172e-02
6.268288532395692725e-01
6.832484716586598172e-02
2.027974732023779814e-01
5.374969924870869331e-01
3.922492757487376913e-01
4.782855327459549777e-01
5.743522663492368618e-01
3.393272286718569952e-01
3.708623220973671919e-01
6.520174475977803530e-01
5.090417534775999453e-01
4.492850333369541316e-01
8.079765196991871568e-01
9.574439028099808180e-01
7.668524683602998548e-01
8.474860981448836261e-01
7.893438508974285339e-01
9.372280226387332824e-01
7.765905310185539090e-01
4.247730156123115108e-01
4.309466592033865395e-01
5.318274306829198217e-01
5.972537126277329689e-01
6.600256899889993534e-01
5.688829811677202919e-01
4.817108537079429209e-01
6.324139074942619621e-01
5.782422416083088379e-01
6.840157763461429674e-01
9.002569797034070120e-01
4.078333650326933513e-01
1.359348432830088382e-01
3.922492757487376358e-01
6.517863311507601232e-01
5.971379435545567382e-01
4.703443700229510971e-01
4.475586928176312762e-01
2.688771217320756191e-01
2.688771217320756191e-01
6.606177590730937244e-01
3.443549551138695430e-01
2.460914445267557982e-01
4.673291128023304708e-01
1.800117959970581605e-01
2.688771217320756191e-01
2.662598608396560818e-01
2.027974732023779814e-01
3.443549551138695430e-01
1.359348432830088382e-01
6.832484716586598172e-02
5.190428492803432770e-01
3.443549551138694875e-01
3.729574581946694667e-01
1.359348432830088382e-01
3.757409437945028463e-01
1.359348432830088382e-01
2.027974732023779814e-01
2.147054558461224394e-01
2.460914445267557982e-01
2.027974732023779814e-01
1.359348432830088382e-01
6.832484716586598172e-02
2.027974732023779814e-01
6.832484716586598172e-02
6.832484716586598172e-02
1.359348432830088382e-01
4.078333650326933513e-01
6.832484716586598172e-02
6.832484716586598172e-02
1.359348432830088382e-01
4.808553297800273185e-01
2.799629420204224894e-01
6.591701660610838065e-01
5.245160359089041657e-01
3.113489307010557927e-01
4.963729411481996312e-01
6.889884905331065124e-01
2.688771217320756191e-01
7.219421434223504130e-01
8.388857866695702548e-01
3.694635985434178149e-01
2.429918990850963301e-01
2.460914445267557982e-01
8.060990136615071577e-01
6.832484716586598172e-02
6.832484716586598172e-02
6.832484716586598172e-02
4.406847218616405382e-01
3.997137167614913111e-01
1.800117959970581605e-01
3.297382707584799455e-01
3.850810101245558115e-01
1.800117959970581605e-01
3.936479993026870683e-01
2.147054558461224949e-01
2.027974732023779814e-01
3.125709701050352063e-01
4.696852212706415508e-01
2.027974732023779814e-01
2.429918990850963301e-01
5.506599544079966435e-01
5.789819964630483762e-01
1.359348432830088382e-01
2.027974732023779814e-01
5.744680354224130925e-01
4.537323364087064159e-01
7.321569277908548390e-01
6.338146918216919223e-01
8.121295281027482993e-01
7.710054767638609974e-01
7.833133364561871703e-01
4.720707105422738969e-01
4.956998442623432033e-01
6.832484716586598172e-02
6.966179307066603377e-01
4.475586928176312207e-01
4.789446814982645795e-01
6.591701660610838065e-01
4.164336765080068892e-01
5.496890831062370975e-01
6.832484716586598172e-02
6.240766291634376461e-01
3.443549551138694875e-01
9.305052172011000211e-01
2.027974732023779814e-01
6.832484716586598172e-02
1.359348432830088382e-01
4.155135553846884822e-01
3.113489307010557927e-01
3.729574581946694667e-01
6.832484716586598172e-02
4.321689179358013111e-01
1.800117959970581605e-01
6.832484716586598172e-02
2.460914445267557982e-01
4.940853713691522597e-01
3.478156725210385658e-01
6.832484716586598172e-02
1.359348432830088382e-01
3.936479993026870683e-01
2.027974732023779814e-01
6.832484716586598172e-02
4.561590042929448141e-01
3.113489307010557927e-01
2.460914445267557982e-01
1.359348432830088382e-01
1.359348432830088382e-01
3.073839121785433837e-01
5.694282415672342612e-01
2.688771217320756191e-01
5.404277421582333041e-01
7.407572392661683214e-01
4.406847218616405937e-01
6.286397013083661056e-01
6.980187150340900759e-01
4.406847218616405937e-01
7.289279820044730629e-01
6.951858848555286796e-01
6.966179307066602266e-01
8.177145823574410999e-01
7.749760581253631875e-01
5.780285530425478546e-01
6.834034362784136007e-01
7.063559933649142808e-01
6.880176192313468553e-01
5.901521049724341994e-01
6.182285417642556791e-01
8.435155167833817691e-01
7.893438508974285339e-01
8.979814773375259795e-01
8.079765196991871568e-01
8.524101229268863378e-01
7.123865078061557554e-01
7.907758967485603030e-01
6.834034362784136007e-01
7.440667911549798674e-01
8.616714638748899091e-01
9.219049057257865387e-01
8.291477240113160896e-01
8.905189170451530689e-01
7.863285936768078521e-01
7.761138093083035372e-01
9.219049057257864277e-01
8.535478741098267985e-01
7.988994865136233026e-01
9.002569797034072341e-01
7.526671026302934608e-01
5.288966810117734507e-01
7.526671026302934608e-01
8.632859367680808527e-01
7.988994865136235246e-01
6.662028133277866360e-01
4.406847218616405937e-01
6.291849617078802970e-01
2.147054558461224394e-01
5.010712099512747431e-01
8.393625083798202935e-01
6.286397013083661056e-01
4.901147900076502362e-01
8.632859367680810747e-01
6.832484716586598172e-02
5.141188244983406763e-01
5.580263614370613023e-01
6.517863311507602342e-01
6.832484716586598172e-02
6.798627679425817139e-01
6.521843274789612677e-01
3.073839121785433837e-01
2.460914445267557982e-01
9.002569797034070120e-01
2.688771217320756191e-01
6.832484716586598172e-02
6.517863311507600121e-01
4.703443700229510971e-01
2.147054558461224949e-01
1.800117959970581605e-01
3.757409437945029018e-01
3.341346079063756136e-01
4.188699159580804854e-01
4.105876498823051168e-01
8.307621969045068111e-01
1.800117959970581605e-01
1.800117959970581605e-01
9.174576026540340878e-01
3.757409437945029018e-01
2.027974732023779814e-01
9.163198514710932940e-01
3.922492757487376913e-01
6.652319420260270899e-01
7.579578622167952862e-01
2.799629420204224339e-01
1.359348432830088382e-01
2.460914445267557982e-01
3.985266209998226672e-01
6.832484716586598172e-02
6.832484716586598172e-02
4.548700875916469877e-01
4.093832407304815457e-01
6.832484716586598172e-02
6.832484716586598172e-02
8.460853138174539989e-01
8.849338627904602683e-01
5.466425643619144958e-01
5.694282415672343722e-01
4.720707105422738969e-01
5.916686583730399462e-01
6.057382550298702206e-01
7.112487566232150726e-01
6.793860462323314531e-01
8.291477240113162006e-01
7.977617353306829528e-01
9.305052172011000211e-01
9.488435913346673356e-01
8.632859367680808527e-01
8.491005710380745697e-01
9.002569797034072341e-01
8.535478741098269095e-01
7.517604678943731189e-01
6.896008306008356570e-01
7.152193379847170407e-01
7.691279707261809984e-01
6.757097595390205713e-01
6.008142302478676200e-01
4.164336765080068892e-01
7.298814254249736955e-01
5.922139187725540266e-01
6.422793849395264099e-01
6.062149767401205924e-01
5.327983019846797008e-01
5.801197476459890590e-01
5.233116267570805391e-01
4.333733270876249932e-01
3.529552665891830254e-01
4.161727041369979729e-01
5.168710485744720806e-01
5.090417534776000563e-01
7.037861963308420510e-01
4.589251765026232111e-01
4.309466592033865395e-01
4.309466592033866505e-01
6.290006539454403578e-01
2.429918990850963301e-01
1.359348432830088382e-01
1.359348432830088382e-01
2.027974732023779814e-01
2.027974732023779814e-01
1.359348432830088382e-01
1.359348432830088382e-01
2.799629420204224894e-01
5.239036958411750211e-01
2.688771217320756191e-01
4.392193537133266545e-01
7.452045423379205502e-01
7.777282822014943697e-01
5.892454702365137464e-01
6.935714119623378471e-01
8.616714638748901312e-01
8.161001094642503784e-01
7.549426049961744933e-01
6.693849504295881214e-01
6.749700046842810330e-01
7.007709391102214802e-01
7.007709391102214802e-01
8.232996366121340115e-01
8.221618854291934397e-01
8.479628198551339979e-01
7.435900694447297177e-01
8.718862482433944461e-01
8.449475626345133161e-01
9.488435913346673356e-01
8.774713024980871356e-01
9.772143227946801236e-01
8.905189170451530689e-01
9.174576026540340878e-01
7.907758967485601920e-01
7.691279707261809984e-01
7.477430778482908602e-01
5.789819964630483762e-01
5.972537126277328579e-01
4.901147900076502362e-01
4.392193537133266545e-01
6.832484716586598172e-02
1.359348432830088382e-01
1.800117959970581605e-01
4.359431241216972230e-01
4.092987331810072904e-01
5.168710485744720806e-01
6.832484716586598172e-02
5.239036958411749101e-01
6.832484716586598172e-02
2.429918990850963301e-01
6.832484716586598172e-02
3.073839121785433837e-01
6.659716968807665172e-01
5.688829811677202919e-01
4.309466592033866505e-01
7.107720349129645898e-01
7.835763696006763368e-01
3.443549551138695430e-01
6.605709503885136558e-01
7.340344338285348380e-01
7.294047037147233237e-01
8.038235112956260142e-01
8.849338627904600463e-01
8.221618854291934397e-01
8.844571410802097855e-01
9.219049057257862057e-01
8.302854751942566613e-01
9.088572911787208275e-01
2.027974732023779814e-01
3.922492757487376913e-01
6.832484716586598172e-02
3.805670490839204723e-01
6.387387166036944119e-01
7.607906923953566825e-01
9.088572911787206055e-01
8.688709910227739863e-01
8.535478741098269095e-01
7.949289051521214455e-01
9.002569797034070120e-01
8.161001094642503784e-01
8.251771426498140105e-01
6.940481336725882189e-01
7.437724964867887811e-01
9.077195399957801447e-01
8.621481855851403919e-01
9.630289570646736186e-01
9.133045942504729453e-01
7.749760581253629654e-01
8.063620468059963242e-01
8.135615739538800684e-01
7.440667911549799785e-01
7.321569277908547280e-01
8.063620468059962132e-01
8.161001094642503784e-01
6.701247052843275487e-01
7.526671026302934608e-01
5.780285530425477436e-01
4.789446814982645795e-01
4.475586928176312762e-01
4.789446814982645795e-01
4.703443700229510971e-01
3.529552665891830254e-01
3.073839121785433837e-01
3.443549551138694875e-01
3.757409437945028463e-01
6.517863311507601232e-01
5.191586183535193966e-01
7.533281321029837718e-01
5.744680354224130925e-01
8.946719254487142114e-01
8.302854751942567724e-01
5.318274306829198217e-01
5.318274306829198217e-01
4.948563877475937178e-01
5.318274306829198217e-01
5.090417534775999453e-01
8.388857866695702548e-01
8.677332398398331925e-01
6.576025018524731536e-01
9.944149457453069774e-01
8.449475626345133161e-01
8.161001094642503784e-01
8.758568296048964141e-01
8.535478741098271316e-01
8.263148938327546933e-01
6.973576855613997649e-01
7.435900694447297177e-01
7.194036079119802141e-01
8.091142708821278395e-01
9.219049057257865387e-01
8.991192285204666623e-01
8.665954886568926208e-01
8.296244457215664614e-01
3.757409437945028463e-01
4.392193537133266545e-01
6.194937077342066445e-01
5.780285530425477436e-01
6.084904791060017359e-01
7.710054767638608864e-01
6.824325649766538326e-01
5.010712099512748541e-01
5.466425643619144958e-01
5.238568871565946194e-01
8.302854751942567724e-01
9.305052172010997991e-01
9.630289570646738406e-01
8.247004209395637497e-01
7.863285936768077411e-01
5.830683468977266859e-01
7.937911539691806517e-01
9.163198514710935161e-01
9.300284954908495383e-01
7.761138093083035372e-01
8.844571410802097855e-01
8.318999480874476049e-01
8.121295281027482993e-01
9.446905829311063041e-01
8.577008825133880521e-01
8.860716139734007291e-01
9.077195399957799227e-01
1.000000000000000000e+00
8.579951771815792494e-01
8.849338627904602683e-01
7.982384570409332136e-01
7.521903809200433111e-01
8.707484970604537633e-01
2.147054558461224949e-01
2.147054558461224394e-01
2.799629420204224339e-01
2.799629420204224339e-01
2.429918990850963301e-01
2.429918990850963301e-01
3.113489307010557927e-01
3.443549551138695430e-01
3.215692779085497222e-01
3.113489307010557927e-01
3.215692779085497222e-01
3.529552665891830254e-01
4.392193537133266545e-01
4.078333650326933513e-01
4.078333650326933513e-01
4.164336765080068892e-01
4.333733270876249377e-01
4.161727041369979729e-01
4.333733270876249377e-01
4.475586928176312762e-01
3.478156725210385658e-01
4.333733270876249932e-01
4.247730156123115108e-01
5.632134193635531805e-01
5.090417534776000563e-01
5.694282415672343722e-01
5.466425643619144958e-01
5.324571986319081018e-01
6.336790734642128164e-01
6.973576855613998760e-01
7.440667911549799785e-01
7.612674141056069432e-01
8.491005710380745697e-01
8.860716139734007291e-01
7.619284435782972542e-01
7.533281321029837718e-01
8.035292166274348169e-01
7.635429164714880867e-01
7.377419820455476396e-01
8.930574525555232679e-01
7.668524683602998548e-01
6.973576855613998760e-01
8.263148938327545823e-01
7.201433627667195303e-01
4.392193537133266545e-01
8.079765196991871568e-01
8.079765196991871568e-01
8.060990136615071577e-01
6.529240823337006949e-01
6.671094480637070889e-01
8.535478741098269095e-01
8.216851637189434010e-01
7.919136479315006527e-01
4.105876498823051168e-01
8.374850023421404055e-01
7.563433893236045646e-01
7.021717234376511074e-01
6.824325649766538326e-01
6.966179307066603377e-01
2.460914445267557982e-01
3.757409437945029018e-01
3.166906562114141233e-01
1.486258073164248295e-01
4.161727041369979729e-01
1.486258073164248295e-01
2.233057673214359495e-01
5.640568758783025549e-01
4.309466592033865395e-01
4.164336765080068892e-01
4.475586928176312762e-01
2.460914445267557982e-01
2.799629420204224894e-01
2.027974732023779814e-01
1.359348432830088382e-01
4.561590042929448141e-01
6.410142189695754444e-01
3.757409437945029018e-01
1.800117959970581605e-01
2.688771217320756191e-01
2.429918990850963301e-01
3.708623220973672474e-01
4.723018269892941268e-01
5.090417534776000563e-01
2.027974732023779814e-01
3.480766448920474265e-01
4.247730156123115108e-01
1.359348432830088382e-01
6.496145304448889268e-01
7.523728079621025966e-01
7.612674141056069432e-01
7.847141207836171306e-01
6.591701660610836955e-01
8.112860715879989248e-01
6.443237708583871015e-01
8.449475626345135382e-01
8.074997979889367850e-01
8.632859367680808527e-01
7.066190265094035583e-01
7.265718735361619274e-01
8.221618854291936618e-01
8.491005710380745697e-01
4.161727041369979729e-01
4.164336765080068892e-01
3.341346079063756136e-01
2.027974732023779814e-01
5.694282415672343722e-01
2.027974732023779814e-01
5.090417534775999453e-01
9.174576026540338658e-01
6.973576855613997649e-01
7.289747906890533535e-01
5.978457817118272288e-01
3.478156725210385658e-01
4.789446814982645795e-01
3.757409437945028463e-01
3.757409437945028463e-01
2.688771217320756191e-01
2.460914445267557982e-01
2.460914445267557982e-01
1.800117959970581605e-01
1.800117959970581605e-01
2.027974732023779814e-01
5.141188244983405653e-01
8.632859367680808527e-01
7.847141207836170196e-01
7.196666410564693805e-01
9.716292685399874340e-01
8.665954886568926208e-01
6.843100710143339427e-01
6.659716968807665172e-01
3.113489307010557927e-01
7.523728079621024856e-01
8.318999480874476049e-01
3.113489307010557927e-01
6.793860462323313421e-01
2.027974732023779814e-01
2.027974732023779814e-01
1.359348432830088382e-01
1.359348432830088382e-01
1.359348432830088382e-01
1.359348432830088382e-01
1.359348432830088382e-01
1.359348432830088382e-01
1.359348432830088382e-01
1.359348432830088382e-01
