7.435443182326921807e-01
5.981519554050434007e-01
8.099986175385537335e-01
7.623656101849288769e-01
5.812538771258315418e-01
8.642847268132525240e-01
6.230584625611178540e-01
7.061562872372050270e-01
7.183244772683674562e-01
5.535429357712456921e-01
5.873390923296695210e-01
2.773825011497015325e-01
1.544427848520496527e-01
4.719522187724179418e-01
6.862342212381660200e-01
6.502015171984673048e-01
5.349761967279952346e-01
7.881533378664898892e-01
7.610102832291403274e-01
7.044876264731663174e-01
8.642847268132525240e-01
7.289200271989388913e-01
7.610102832291403274e-01
6.399565408403296018e-01
6.034497303703290072e-01
4.719522187724179418e-01
6.295127716312290955e-01
5.752266623565300829e-01
7.726105865430663577e-01
9.457138907253009874e-01
6.742833443518061465e-01
9.354689143671633955e-01
7.044876264731662063e-01
6.945559839232788857e-01
8.321944707830511989e-01
6.670995954776790526e-01
8.526844234993264937e-01
8.695825017785381306e-01
7.881533378664898892e-01
8.219494944249133850e-01
8.811828050924643829e-01
7.604423965119040396e-01
8.914277814506019748e-01
8.811828050924643829e-01
9.083258597298138337e-01
8.249734821447406441e-01
8.980808833716762418e-01
9.354689143671633955e-01
9.083258597298138337e-01
8.371416721759030732e-01
8.914277814506019748e-01
8.811828050924643829e-01
7.676633851502144834e-01
8.166517194596277784e-01
7.895086648222782166e-01
6.911814226310178944e-01
6.626830410378800051e-01
6.368953133563189928e-01
5.649816859983924910e-01
5.649816859983924910e-01
5.480836077191807432e-01
5.923235334867048563e-01
6.693361429589541611e-01
7.061562872372050270e-01
5.740701282517045589e-01
6.164053606400436980e-01
3.097439255683211434e-01
1.544427848520496527e-01
3.411283869204992936e-01
4.330570800996714764e-01
5.535429357712456921e-01
3.965502696296708263e-01
7.133772758755154708e-01
7.881533378664898892e-01
8.255413688619770429e-01
8.321944707830510879e-01
8.249734821447406441e-01
8.695825017785383526e-01
8.321944707830511989e-01
8.526844234993264937e-01
9.185708360879515366e-01
9.185708360879515366e-01
6.759892448800283171e-01
7.948064397875639342e-01
8.745297031713902269e-01
7.623656101849287658e-01
7.352225555475793151e-01
8.914277814506019748e-01
7.557125082638546099e-01
7.712552595872780303e-01
8.695825017785383526e-01
7.183244772683674562e-01
6.030991567978953860e-01
8.268966958177653703e-01
6.674129292859294349e-01
7.230543655164168859e-01
8.166517194596277784e-01
9.354689143671633955e-01
7.604423965119039286e-01
7.997536411804159195e-01
5.480836077191807432e-01
6.502015171984673048e-01
6.621151543206438284e-01
8.371416721759030732e-01
7.726105865430664688e-01
7.895086648222782166e-01
8.064067431014900755e-01
8.811828050924643829e-01
6.626830410378800051e-01
8.540397504551149321e-01
8.152963925038393400e-01
7.726105865430663577e-01
7.441122049499285795e-01
7.507653068710026245e-01
8.152963925038393400e-01
7.779083615083521863e-01
8.980808833716762418e-01
8.914277814506019748e-01
7.067241739544414258e-01
8.811828050924643829e-01
7.610102832291403274e-01
8.321944707830511989e-01
8.166517194596277784e-01
8.437947740969772292e-01
8.967255564158878034e-01
7.983983142246274811e-01
6.964791975963036119e-01
8.437947740969772292e-01
8.268966958177653703e-01
9.016727578087396777e-01
8.642847268132525240e-01
8.709378287343266800e-01
8.249734821447407551e-01
9.185708360879515366e-01
8.321944707830510879e-01
9.354689143671633955e-01
8.980808833716762418e-01
9.083258597298138337e-01
1.000000000000000000e+00
8.709378287343266800e-01
8.811828050924643829e-01
7.779083615083521863e-01
8.593375254204006497e-01
7.332993418745545888e-01
7.044876264731663174e-01
6.230584625611178540e-01
6.670995954776791637e-01
9.457138907253009874e-01
7.659574846219922017e-01
8.371416721759030732e-01
8.695825017785383526e-01
8.166517194596277784e-01
8.166517194596277784e-01
7.948064397875639342e-01
7.418756574686534710e-01
6.252950100423929625e-01
7.236222522336531737e-01
2.029173181052383590e-01
1.544427848520496527e-01
0.000000000000000000e+00
1.544427848520496527e-01
0.000000000000000000e+00
0.000000000000000000e+00
0.000000000000000000e+00
0.000000000000000000e+00
7.773688254969036981e-02
0.000000000000000000e+00
0.000000000000000000e+00
2.029173181052383590e-01
0.000000000000000000e+00
7.773688254969036981e-02
0.000000000000000000e+00
0.000000000000000000e+00
0.000000000000000000e+00
0.000000000000000000e+00
2.029173181052383590e-01
1.544427848520496527e-01
0.000000000000000000e+00
7.773688254969036981e-02
2.399944701542143510e-01
0.000000000000000000e+00
0.000000000000000000e+00
7.773688254969036981e-02
5.865516520911172593e-01
7.773688254969036981e-02
2.535346026205974046e-01
1.544427848520496527e-01
1.544427848520496527e-01
1.272997302147001464e-01
7.773688254969036981e-02
7.773688254969036981e-02
2.635456503545003937e-01
0.000000000000000000e+00
0.000000000000000000e+00
0.000000000000000000e+00
0.000000000000000000e+00
0.000000000000000000e+00
0.000000000000000000e+00
0.000000000000000000e+00
0.000000000000000000e+00
0.000000000000000000e+00
0.000000000000000000e+00
0.000000000000000000e+00
7.773688254969036981e-02
7.773688254969036981e-02
0.000000000000000000e+00
0.000000000000000000e+00
0.000000000000000000e+00
0.000000000000000000e+00
3.097439255683211434e-01
0.000000000000000000e+00
0.000000000000000000e+00
0.000000000000000000e+00
0.000000000000000000e+00
0.000000000000000000e+00
0.000000000000000000e+00
3.045255557870509278e-01
3.045255557870509278e-01
0.000000000000000000e+00
1.544427848520496527e-01
5.112077033829066641e-01
3.899551681431331907e-01
3.225616478772487805e-01
7.773688254969036981e-02
7.147326028313039092e-01
4.535470328159467712e-01
8.255413688619770429e-01
7.659574846219923128e-01
8.642847268132525240e-01
8.335497977388396373e-01
7.983983142246274811e-01
7.044876264731662063e-01
7.875854511492534904e-01
8.878359070135385389e-01
7.881533378664898892e-01
7.352225555475793151e-01
8.166517194596277784e-01
7.765530345525636369e-01
8.152963925038393400e-01
7.116713753472933002e-01
6.687682562417178733e-01
6.978345245520921614e-01
8.321944707830510879e-01
8.745297031713902269e-01
8.152963925038393400e-01
8.371416721759030732e-01
8.268966958177653703e-01
8.371416721759030732e-01
7.067241739544413148e-01
7.997536411804159195e-01
6.471402897144565847e-01
6.128134862029801511e-01
7.712552595872779193e-01
7.997536411804159195e-01
7.983983142246274811e-01
8.036960891899131987e-01
6.759892448800283171e-01
8.255413688619770429e-01
6.848788942823775816e-01
8.050514161457015261e-01
8.540397504551149321e-01
8.064067431014900755e-01
6.416252016043684225e-01
6.693361429589541611e-01
7.418756574686533600e-01
