4.030100679677897646e-01
4.321176487143490452e-01
4.321176487143490452e-01
5.738037098080174259e-01
7.341799306418379523e-01
8.019281454793443231e-01
7.612251017580743406e-01
6.905700446855517205e-01
7.437129839862256508e-01
6.338083043099410618e-01
5.222147594242702029e-01
5.919248160926809943e-01
6.979377180725109264e-01
5.735307331864994973e-01
8.225762630014873955e-02
2.824549257209062469e-01
2.299209749330472508e-01
2.824549257209062469e-01
2.824549257209062469e-01
3.580946501849328611e-01
4.321176487143490452e-01
6.219773972433522147e-01
5.747487102121293656e-01
6.320188713011360981e-01
5.738037098080175369e-01
6.905700446855517205e-01
7.431039954734107722e-01
6.905700446855517205e-01
7.202866139449259908e-01
7.107535606005382922e-01
7.380317732809661413e-01
4.903328102074677175e-01
7.321175210115149490e-01
3.296836127521290960e-01
4.454173924246108141e-01
1.633481695271882528e-01
5.527757612883377192e-01
8.434756218053075516e-01
7.523010369265014097e-01
8.033815665968523367e-01
8.907043088365304007e-01
8.491568325105671722e-01
8.835696770137626554e-01
7.909416710174486109e-01
8.019281454793443231e-01
7.909416710174486109e-01
8.033815665968523367e-01
7.341799306418379523e-01
7.139964147268513805e-01
5.937142491014861800e-01
4.321176487143489897e-01
4.502387549990125026e-01
4.793463357455718388e-01
4.030100679677897091e-01
4.752813122747888697e-01
8.615967280899711200e-01
7.437129839862256508e-01
7.618340902708892193e-01
6.798166117878474690e-01
4.752813122747888697e-01
3.762157564695963741e-01
4.057844364380329694e-01
2.759692174682799592e-01
1.740012646344433755e-01
0.000000000000000000e+00
0.000000000000000000e+00
2.625443864274377703e-01
3.762157564695963741e-01
0.000000000000000000e+00
1.342405887806289444e-01
0.000000000000000000e+00
0.000000000000000000e+00
0.000000000000000000e+00
0.000000000000000000e+00
0.000000000000000000e+00
2.715282470488737387e-01
0.000000000000000000e+00
2.140953198428985071e-01
8.225762630014873955e-02
2.487989590214633173e-01
4.645080186445479375e-01
4.454173924246108141e-01
9.073719940036857334e-01
9.016907832984263349e-01
9.599059447915448962e-01
7.146054032396662592e-01
8.725832025518670543e-01
8.725832025518667212e-01
7.089241925344068607e-01
7.050723498952786716e-01
7.122069817180463058e-01
6.539918202249277446e-01
6.869512436106152142e-01
7.742739858502932782e-01
7.231934561799422401e-01
7.814086176730609123e-01
7.217400350624341154e-01
7.923950921349567356e-01
6.525383991074196199e-01
6.816459798539790116e-01
5.917116352610262142e-01
5.626040545144669336e-01
6.329638717052480379e-01
7.689687220936569645e-01
7.050723498952786716e-01
6.721129265095914240e-01
8.033815665968525588e-01
8.143680410587482710e-01
5.626040545144669336e-01
8.013191569665295555e-01
8.491568325105671722e-01
6.338083043099411729e-01
7.689687220936568535e-01
8.615967280899708980e-01
6.940858754333828484e-01
6.759647691487192800e-01
8.215026728815159052e-01
8.310357262259036037e-01
4.752813122747889252e-01
6.940858754333827374e-01
6.848888339802920999e-01
5.225099993060117187e-01
7.050723498952786716e-01
8.143680410587481600e-01
5.446961290614581452e-01
5.981750802534290257e-01
4.583183872258920766e-01
6.798166117878474690e-01
5.337096545995624330e-01
7.139964147268513805e-01
6.213684087305372250e-01
6.032473024458737676e-01
6.266736724871734276e-01
8.434756218053075516e-01
6.397225565793923652e-01
4.740410719889355251e-01
8.143680410587482710e-01
4.793463357455718388e-01
4.163098116780514779e-01
5.871886057915333135e-01
6.219773972433522147e-01
5.871886057915333135e-01
6.397225565793923652e-01
7.107535606005384032e-01
8.033815665968523367e-01
3.580946501849328611e-01
6.032473024458737676e-01
2.824549257209063025e-01
2.824549257209063025e-01
2.824549257209063025e-01
2.824549257209063025e-01
5.924938695481695161e-01
6.468571884021599994e-01
3.289870694383735250e-01
5.924938695481694051e-01
6.745113480312111554e-01
5.924938695481694051e-01
4.321176487143489897e-01
7.093001394830300566e-01
7.288746668852016386e-01
6.692060842745749527e-01
5.613638142286135890e-01
7.909416710174486109e-01
6.124443438989644051e-01
6.816459798539790116e-01
7.742739858502931671e-01
5.996285013709373724e-01
6.905700446855517205e-01
7.431039954734108832e-01
5.102433495009361941e-01
6.563902417465478090e-01
4.811357687543768580e-01
6.138977650164727518e-01
6.902340327942547704e-01
5.334964737679076530e-01
4.793463357455718388e-01
4.030100679677897646e-01
9.016907832984262239e-01
8.506102536280751858e-01
7.799551965555526767e-01
9.016907832984260018e-01
9.307983640449855045e-01
6.578436628640558226e-01
5.194403909540270536e-01
6.287360821174964309e-01
7.160588243571744949e-01
5.393509302474954747e-01
7.451664051037338865e-01
4.163098116780514779e-01
5.043888930213482613e-01
4.752813122747889252e-01
5.222147594242703139e-01
5.456411294655699740e-01
5.165335487190108044e-01
5.456411294655699740e-01
5.613638142286135890e-01
6.109909227814563915e-01
6.688301373259516458e-01
5.613638142286135890e-01
8.033815665968523367e-01
5.346546550036741507e-01
3.580946501849328611e-01
3.055606993970738094e-01
3.504761171799306574e-01
3.055606993970738094e-01
5.055470742571148701e-01
5.580810250449740328e-01
5.399599187603104644e-01
6.032473024458737676e-01
7.036189287777705470e-01
8.835696770137625444e-01
8.907043088365304007e-01
8.687313599127386432e-01
7.814086176730609123e-01
7.909416710174483889e-01
7.270452988190703181e-01
8.324891473434116174e-01
7.270452988190703181e-01
7.036189287777705470e-01
6.563902417465476979e-01
7.618340902708891083e-01
6.106149758328329735e-01
5.414133398778185891e-01
5.393509302474954747e-01
6.397225565793923652e-01
6.940858754333828484e-01
6.926324543158748348e-01
5.904713949751728697e-01
6.507090310412880774e-01
4.518549422334890986e-01
7.139964147268513805e-01
3.697776679605841998e-01
7.217400350624341154e-01
7.012205072561504826e-01
7.852604603121889904e-01
7.742739858502931671e-01
5.917116352610262142e-01
5.928698164967928230e-01
4.227473614869299290e-01
5.102433495009361941e-01
3.055606993970738094e-01
5.225099993060117187e-01
5.225099993060117187e-01
4.518549422334890986e-01
6.213684087305372250e-01
6.798166117878474690e-01
5.580810250449740328e-01
7.437129839862256508e-01
3.217444833819945726e-01
7.211310465496191258e-01
8.324891473434116174e-01
7.217400350624340044e-01
7.742739858502931671e-01
7.689687220936569645e-01
6.940858754333829594e-01
6.869512436106152142e-01
6.109909227814563915e-01
7.431039954734107722e-01
6.905700446855517205e-01
6.138977650164726407e-01
5.747487102121293656e-01
5.747487102121293656e-01
5.055470742571148701e-01
5.222147594242702029e-01
5.747487102121293656e-01
6.038562909586887573e-01
5.222147594242702029e-01
5.747487102121293656e-01
5.304268654159227658e-01
7.139964147268514916e-01
6.614624639389924399e-01
7.722115762199701638e-01
7.431039954734107722e-01
7.030099402649557794e-01
6.848888339802920999e-01
5.334366779780442824e-01
4.862079909468214889e-01
8.076093561846039437e-01
7.384077202295894482e-01
4.454173924246108141e-01
7.561528795656295987e-01
4.903328102074677175e-01
8.033815665968525588e-01
7.451664051037337755e-01
7.799551965555527877e-01
9.183584684655815567e-01
7.909416710174484999e-01
5.194403909540270536e-01
7.050723498952786716e-01
3.697776679605841998e-01
7.341799306418380633e-01
7.561528795656297097e-01
8.434756218053075516e-01
8.725832025518667212e-01
7.502386272961785174e-01
7.785017754380446631e-01
8.324891473434118394e-01
6.138977650164726407e-01
6.320188713011360981e-01
8.013191569665293335e-01
6.109909227814563915e-01
6.869512436106152142e-01
8.143680410587482710e-01
8.310357262259036037e-01
7.196776254321111121e-01
6.688301373259516458e-01
4.793463357455717833e-01
6.397225565793922542e-01
5.613638142286135890e-01
5.225099993060117187e-01
6.614624639389923288e-01
4.163098116780515889e-01
7.139964147268514916e-01
5.937142491014860690e-01
4.793463357455718388e-01
3.217444833819945726e-01
7.139964147268514916e-01
6.320188713011360981e-01
5.194403909540269426e-01
5.393509302474955858e-01
7.632875113883972329e-01
8.324891473434119504e-01
8.907043088365304007e-01
7.909416710174484999e-01
7.962469347740845915e-01
7.728205647327850425e-01
7.980763028402163561e-01
8.907043088365304007e-01
1.000000000000000000e+00
8.725832025518669433e-01
8.892508877190222760e-01
7.814086176730609123e-01
8.601433069724628844e-01
7.923950921349566245e-01
8.782644132571264528e-01
7.728205647327850425e-01
7.341799306418379523e-01
7.742739858502931671e-01
9.307983640449855045e-01
7.612251017580742296e-01
7.122069817180463058e-01
6.979377180725109264e-01
8.725832025518669433e-01
8.725832025518669433e-01
8.907043088365304007e-01
7.341799306418379523e-01
8.367169369311633353e-01
7.909416710174486109e-01
4.612252294609083814e-01
5.626040545144669336e-01
5.225099993060117187e-01
5.626040545144669336e-01
5.626040545144669336e-01
6.620714524518074295e-01
5.738037098080175369e-01
6.138977650164727518e-01
7.012205072561505936e-01
6.138977650164727518e-01
6.688301373259516458e-01
5.996285013709373724e-01
6.649782946868236788e-01
7.122069817180464169e-01
5.776555524471456149e-01
5.646066683549266774e-01
7.341799306418379523e-01
5.464855620702632200e-01
6.067631331937050065e-01
5.464855620702631089e-01
5.464855620702631089e-01
4.461737315282296445e-01
4.518549422334890986e-01
5.043888930213482613e-01
4.764394935105555895e-01
8.215026728815159052e-01
7.742739858502931671e-01
7.561528795656295987e-01
6.614624639389924399e-01
8.200492517640078916e-01
8.797178343746344664e-01
7.380317732809662523e-01
9.780270510762081315e-01
7.618340902708893303e-01
8.310357262259036037e-01
8.782644132571264528e-01
7.923950921349566245e-01
4.454173924246108141e-01
6.026383139330588889e-01
7.341799306418379523e-01
5.646066683549266774e-01
3.795836979264899380e-01
5.507133516580146049e-01
5.904713949751729807e-01
5.871886057915334245e-01
3.795836979264899935e-01
6.635248735693153321e-01
6.578436628640558226e-01
6.635248735693154432e-01
6.248842394783684639e-01
7.341799306418379523e-01
7.341799306418380633e-01
5.937142491014861800e-01
7.321175210115149490e-01
5.981750802534291367e-01
6.578436628640558226e-01
6.611264520476953788e-01
5.516175800525711104e-01
3.697776679605841998e-01
7.146054032396663702e-01
8.835696770137626554e-01
7.327265095243297166e-01
8.105161984196198599e-01
8.090627773021119573e-01
7.923950921349566245e-01
9.307983640449855045e-01
8.013191569665293335e-01
8.019281454793443231e-01
8.434756218053075516e-01
7.923950921349566245e-01
8.215026728815159052e-01
7.852604603121889904e-01
8.143680410587482710e-01
7.107535606005384032e-01
8.615967280899708980e-01
6.216014502947289078e-01
6.525383991074197310e-01
7.689687220936569645e-01
8.090627773021120683e-01
8.907043088365304007e-01
7.050723498952786716e-01
8.310357262259036037e-01
6.210323968392403859e-01
8.892508877190222760e-01
8.200492517640078916e-01
6.344172928227560515e-01
7.852604603121889904e-01
7.742739858502932782e-01
8.324891473434116174e-01
8.019281454793443231e-01
7.799551965555525657e-01
8.725832025518667212e-01
9.198118895830894592e-01
7.909416710174486109e-01
7.728205647327850425e-01
7.728205647327849315e-01
7.217400350624341154e-01
6.739023595183962767e-01
5.222147594242703139e-01
5.456411294655699740e-01
6.219773972433521037e-01
3.795836979264899380e-01
3.795836979264899380e-01
4.030100679677897646e-01
3.055606993970738094e-01
3.762157564695963741e-01
3.580946501849328611e-01
8.434756218053075516e-01
9.307983640449852825e-01
4.793463357455718388e-01
5.414133398778185891e-01
2.525428474269801882e-01
8.225762630014873955e-02
3.348156307344369309e-01
8.225762630014873955e-02
2.140953198428985071e-01
1.633481695271882528e-01
1.633481695271882528e-01
3.055606993970738094e-01
5.046020738530031524e-01
1.633481695271882528e-01
1.342405887806289444e-01
3.055606993970738094e-01
8.090627773021119573e-01
8.491568325105671722e-01
9.073719940036857334e-01
3.296836127521290960e-01
2.824549257209063025e-01
2.824549257209063025e-01
2.824549257209063025e-01
2.299209749330472508e-01
2.299209749330472508e-01
2.299209749330472508e-01
2.824549257209063025e-01
2.824549257209063025e-01
2.824549257209063025e-01
2.824549257209063025e-01
3.296836127521290960e-01
3.005760320055698154e-01
3.296836127521290960e-01
3.697776679605841998e-01
2.824549257209063025e-01
3.005760320055697599e-01
2.525428474269801882e-01
2.525428474269801882e-01
3.217444833819945726e-01
2.525428474269801882e-01
2.053141603957573669e-01
2.053141603957573669e-01
2.053141603957573669e-01
2.053141603957573669e-01
2.053141603957573669e-01
2.053141603957573669e-01
2.053141603957573669e-01
2.053141603957573669e-01
2.053141603957573669e-01
2.053141603957573669e-01
2.053141603957573669e-01
2.053141603957573669e-01
2.525428474269801882e-01
2.926369026354352920e-01
2.053141603957573669e-01
2.053141603957573669e-01
7.321175210115149490e-01
6.344172928227560515e-01
6.635248735693154432e-01
8.033815665968523367e-01
4.321176487143489897e-01
3.795836979264899380e-01
4.321176487143489897e-01
4.321176487143489897e-01
4.321176487143489897e-01
3.580946501849328611e-01
3.762157564695963741e-01
4.053233372161557102e-01
3.580946501849328611e-01
4.053233372161557102e-01
4.053233372161557102e-01
3.580946501849328611e-01
3.580946501849328611e-01
7.618340902708892193e-01
7.689687220936569645e-01
5.456411294655700850e-01
7.814086176730608013e-01
9.599059447915447851e-01
7.618340902708892193e-01
9.379329958677530277e-01
6.611264520476954898e-01
5.456411294655700850e-01
5.456411294655699740e-01
5.904713949751728697e-01
5.265750227767946878e-01
5.337096545995624330e-01
5.847901842699133601e-01
4.443245027295612548e-01
6.344172928227561625e-01
4.227473614869299290e-01
7.384077202295894482e-01
3.795836979264899935e-01
6.415519246455237967e-01
5.046020738530031524e-01
5.981750802534290257e-01
7.202866139449259908e-01
6.510849779899114953e-01
5.904713949751728697e-01
4.227473614869298180e-01
