2.173220112736489185e-01
2.173220112736489185e-01
2.173220112736489185e-01
2.173220112736489185e-01
2.661658213312920185e-01
2.985495531066277852e-01
3.473933631642709408e-01
2.985495531066277852e-01
2.985495531066277852e-01
2.985495531066277852e-01
2.985495531066277852e-01
3.888585518058221835e-01
3.473933631642709408e-01
2.985495531066277852e-01
3.473933631642709408e-01
4.189615513722202422e-01
2.985495531066277852e-01
2.985495531066277852e-01
2.985495531066277852e-01
2.985495531066277852e-01
3.587555522394240137e-01
3.888585518058221835e-01
3.473933631642709408e-01
3.888585518058221835e-01
3.473933631642709408e-01
3.473933631642709408e-01
2.661658213312920185e-01
3.076310099728432612e-01
3.076310099728432612e-01
2.661658213312920185e-01
3.076310099728432612e-01
3.587555522394240137e-01
4.686373711228165040e-01
3.970691829148670915e-01
4.022243155805326209e-01
4.565548183989448505e-01
4.752956288901898363e-01
4.565548183989448505e-01
5.468638170981392488e-01
5.167608175317410790e-01
4.752956288901898363e-01
4.264518188325466808e-01
5.053986284565880061e-01
5.167608175317410790e-01
4.686373711228165040e-01
4.686373711228165040e-01
4.686373711228165040e-01
4.686373711228165040e-01
4.271721824812652613e-01
4.385343715564183342e-01
4.565548183989448505e-01
5.933152489026101151e-01
4.787787469514016014e-01
6.234182484690081738e-01
6.265928310526098777e-01
6.680580196941611204e-01
6.993588078896336713e-01
6.262874945799765669e-01
6.633803120088516136e-01
6.046774379777631880e-01
5.838036877294177085e-01
8.547306838270007923e-01
7.702971814421903929e-01
8.246276842606026225e-01
7.945246846942044527e-01
8.326361203320871152e-01
8.040362458673968593e-01
8.040362458673968593e-01
8.040362458673968593e-01
9.155664976151897116e-01
7.610679321241378137e-01
9.057074336417443305e-01
7.739332463009988006e-01
9.358104332081425003e-01
9.155664976151897116e-01
9.057074336417443305e-01
8.983288122256525288e-01
7.551924358097538148e-01
6.593967443497903425e-01
9.545512436993874861e-01
8.568636235841012860e-01
9.229451190312814024e-01
8.455014345089481020e-01
9.585348113584487573e-01
9.057074336417443305e-01
8.799768052880224678e-01
9.456694971815878814e-01
8.854634980487916529e-01
7.709269960975830838e-01
7.724301211992909977e-01
6.378931794460521720e-01
8.246276842606027335e-01
7.665546248849068878e-01
6.762456261857124895e-01
6.968783653322803140e-01
6.983814904339880059e-01
7.699496786419374184e-01
7.211058685842943738e-01
6.968783653322803140e-01
5.758365524112951661e-01
6.366723661994840855e-01
6.692558083232355015e-01
6.204119982655924570e-01
6.578936192480824285e-01
6.993588078896336713e-01
8.433684947518474972e-01
7.115943074111019673e-01
5.785580060704262895e-01
5.785580060704262895e-01
3.783283724236221057e-01
3.577369340304164536e-01
8.433684947518474972e-01
8.621407475879371007e-02
8.621407475879371007e-02
8.621407475879371007e-02
5.518500602610588723e-01
8.621407475879371007e-02
8.621407475879371007e-02
8.621407475879371007e-02
1.835802242844989940e-01
8.621407475879371007e-02
0.000000000000000000e+00
5.030062502034157168e-01
8.621407475879371007e-02
4.752956288901898363e-01
1.712847410710057472e-01
3.435214415494441953e-01
8.621407475879371007e-02
2.551484124924484065e-01
3.172903635978727710e-01
2.985495531066277852e-01
3.435214415494441953e-01
0.000000000000000000e+00
0.000000000000000000e+00
8.621407475879371007e-02
3.076310099728432612e-01
8.621407475879371007e-02
8.621407475879371007e-02
1.712847410710057472e-01
8.621407475879371007e-02
1.712847410710057472e-01
8.621407475879371007e-02
3.970691829148670915e-01
1.712847410710057472e-01
8.621407475879371007e-02
8.621407475879371007e-02
8.621407475879371007e-02
3.587555522394240137e-01
8.621407475879371007e-02
9.042043085400366387e-01
6.204119982655924570e-01
5.030062502034158278e-01
8.621407475879371007e-02
8.621407475879371007e-02
8.621407475879371007e-02
2.250454129260502922e-01
8.621407475879371007e-02
2.551484124924483510e-01
8.621407475879371007e-02
0.000000000000000000e+00
0.000000000000000000e+00
2.988548895792612625e-01
0.000000000000000000e+00
0.000000000000000000e+00
0.000000000000000000e+00
3.010299956639811980e-01
1.411817415046076052e-01
0.000000000000000000e+00
0.000000000000000000e+00
0.000000000000000000e+00
0.000000000000000000e+00
8.621407475879371007e-02
0.000000000000000000e+00
3.239978696052098761e-01
8.621407475879371007e-02
2.922852532386289170e-01
0.000000000000000000e+00
8.621407475879371007e-02
8.621407475879371007e-02
1.712847410710057472e-01
0.000000000000000000e+00
1.411817415046076052e-01
0.000000000000000000e+00
8.621407475879371007e-02
2.988548895792612625e-01
0.000000000000000000e+00
0.000000000000000000e+00
8.621407475879371007e-02
0.000000000000000000e+00
0.000000000000000000e+00
0.000000000000000000e+00
2.250454129260502922e-01
0.000000000000000000e+00
1.835802242844989940e-01
8.621407475879371007e-02
8.621407475879371007e-02
8.621407475879371007e-02
8.621407475879371007e-02
8.621407475879371007e-02
0.000000000000000000e+00
1.411817415046076052e-01
8.621407475879371007e-02
8.621407475879371007e-02
2.985495531066277852e-01
1.835802242844989940e-01
8.621407475879371007e-02
6.160396270529162610e-01
3.970691829148670915e-01
2.250454129260502922e-01
0.000000000000000000e+00
0.000000000000000000e+00
0.000000000000000000e+00
0.000000000000000000e+00
0.000000000000000000e+00
8.621407475879371007e-02
3.970691829148670915e-01
0.000000000000000000e+00
8.621407475879371007e-02
1.712847410710057472e-01
3.783283724236221057e-01
0.000000000000000000e+00
0.000000000000000000e+00
3.849866301909954380e-01
2.551484124924483510e-01
1.411817415046076052e-01
8.621407475879371007e-02
0.000000000000000000e+00
8.621407475879371007e-02
0.000000000000000000e+00
0.000000000000000000e+00
0.000000000000000000e+00
0.000000000000000000e+00
0.000000000000000000e+00
2.442190502882155556e-01
8.621407475879371007e-02
0.000000000000000000e+00
0.000000000000000000e+00
7.837923102744440707e-01
1.000000000000000000e+00
9.284318117920505875e-01
6.253101771243309015e-01
4.324797048219675699e-01
