6.197327958708821471e-01
7.372844285818189736e-01
7.950834966205415633e-01
8.117841811092654236e-01
8.331293185504839993e-01
8.555962934993077695e-01
7.347813994550449479e-01
7.427913649303560240e-01
8.876651252558807048e-01
7.528632755629371953e-01
8.271523283771143875e-01
7.877253148280038975e-01
8.106623436016600071e-01
9.484372762462096595e-01
6.827486218764222681e-01
8.906382082074870699e-01
7.742084130041557710e-01
8.411392840257951864e-01
9.186121195048480015e-01
9.325990751535283563e-01
9.186121195048478905e-01
8.945532532235863643e-01
8.512111946583762467e-01
8.961451445560241202e-01
8.865432877482750662e-01
1.000000000000000000e+00
7.388763199142569515e-01
5.888999514381990652e-01
3.656750872464247237e-01
7.682314228307863813e-01
7.421395812475827247e-01
7.248893642655763747e-01
6.876037745421860192e-01
7.977972254605851798e-01
8.092503277123349603e-01
8.046853534282906173e-01
7.219162813139700097e-01
4.099124854273665242e-01
1.999609539390318769e-01
1.999609539390318769e-01
3.294610819648999822e-01
7.237675267579708471e-01
1.340335286588990871e-01
3.704854718782558676e-01
6.128446679031765987e-01
4.555429870417201377e-01
6.198469456871663619e-01
6.854623507164656626e-01
8.769414309405261232e-01
7.093413415546147016e-01
8.780632684481314287e-01
9.635460694024955419e-01
9.399572569460662441e-01
8.180205253941976729e-01
7.320676706150015534e-01
8.860732339234426158e-01
8.372242390096958919e-01
7.274232176625070601e-01
3.069941070160761010e-01
3.069941070160761010e-01
2.426493744066403613e-01
2.426493744066403613e-01
5.663188266730911913e-01
7.462345017067947284e-01
1.999609539390318769e-01
1.774939789902079956e-01
1.340335286588990871e-01
3.395384776292885154e-01
6.064437778785600752e-01
6.545153564674984770e-01
5.973799707383423696e-01
3.867629025256130726e-01
7.102986333225359550e-01
2.760471127671087488e-01
3.811702530959615864e-01
5.104018283485257657e-01
4.406487799630646185e-01
5.328688032973496469e-01
6.876037745421860192e-01
6.574884394191049530e-01
6.882555582249594295e-01
6.753904400838846023e-01
2.426493744066403613e-01
2.426493744066403613e-01
4.631157549118884442e-01
3.395384776292885154e-01
5.524460208406947181e-01
5.973799707383424806e-01
2.395931821696044850e-01
3.480184969294319863e-01
5.429578980481877259e-01
1.774939789902079956e-01
3.811069150041196396e-01
4.525062104128180773e-01
5.653111389817696564e-01
5.614636740073273291e-01
2.426493744066403613e-01
5.892558554467471899e-01
7.877253148280037864e-01
4.188317342821858968e-01
6.197327958708822582e-01
9.186121195048478905e-01
8.512111946583764688e-01
6.128446679031765987e-01
5.344778787480441995e-01
5.810037199781297179e-01
8.372242390096958919e-01
5.104018283485257657e-01
0.000000000000000000e+00
0.000000000000000000e+00
2.426493744066403613e-01
2.426493744066403613e-01
6.736919055885415286e-02
6.736919055885415286e-02
6.736919055885415286e-02
6.345822349156050590e-01
6.736919055885415286e-02
0.000000000000000000e+00
6.210345088216006060e-01
2.426493744066403613e-01
6.736919055885415286e-02
6.736919055885415286e-02
6.736919055885415286e-02
1.340335286588990871e-01
0.000000000000000000e+00
8.191423629018034225e-01
6.793516390735686583e-01
4.722457034799770192e-01
3.030845470317842238e-01
1.774939789902079956e-01
6.736919055885415286e-02
6.736919055885415286e-02
1.340335286588990871e-01
6.736919055885415286e-02
0.000000000000000000e+00
0.000000000000000000e+00
7.737383591793234316e-01
0.000000000000000000e+00
0.000000000000000000e+00
3.732478551165930303e-01
7.109024086168960199e-01
3.704854718782558121e-01
0.000000000000000000e+00
1.999609539390318769e-01
2.187235835850257493e-01
6.736919055885415286e-02
3.867629025256130726e-01
6.290752985670681197e-01
6.405284008188179001e-01
2.117023801576730369e-01
3.811069150041196396e-01
2.573189380082504529e-01
0.000000000000000000e+00
6.736919055885415286e-02
0.000000000000000000e+00
0.000000000000000000e+00
6.736919055885415286e-02
0.000000000000000000e+00
0.000000000000000000e+00
0.000000000000000000e+00
0.000000000000000000e+00
0.000000000000000000e+00
1.340335286588990871e-01
0.000000000000000000e+00
4.525062104128181883e-01
1.340335286588990871e-01
0.000000000000000000e+00
4.990320516429035957e-01
0.000000000000000000e+00
3.429507901355708377e-01
4.940627491608556854e-01
0.000000000000000000e+00
2.426493744066403613e-01
7.866034773203983699e-01
1.999609539390318769e-01
1.999609539390318769e-01
6.736919055885415286e-02
1.340335286588990871e-01
1.340335286588990871e-01
2.535801378182849231e-01
0.000000000000000000e+00
2.395931821696044850e-01
3.030845470317842238e-01
4.345208842019108175e-01
5.203771890841220049e-01
3.480184969294319863e-01
6.646667457685299096e-01
3.069941070160761010e-01
7.652583398791799052e-01
2.760471127671088043e-01
0.000000000000000000e+00
1.340335286588990871e-01
1.999609539390318769e-01
3.656750872464247237e-01
5.614636740073273291e-01
6.923504786841713221e-01
7.473563392144003670e-01
6.939423700166090780e-01
6.653646834248885256e-01
5.903776929543529395e-01
8.736781696072001280e-01
4.432287873335802320e-01
2.475759539917383734e-01
8.736781696072001280e-01
6.289107528273840675e-01
1.999609539390318769e-01
5.644675812290901318e-01
7.457644478819626110e-01
6.257097860442515369e-01
7.838102698119046030e-01
7.737383591793233206e-01
6.522716814522873108e-01
4.990320516429037068e-01
8.202642004094089501e-01
8.021823243015164806e-01
8.051554072531230677e-01
9.355721581051346103e-01
8.651981503070566015e-01
8.007703084121915449e-01
8.496193033259383798e-01
7.329301540110441104e-01
8.046853534282906173e-01
9.005302433969555320e-01
9.550660501023521265e-01
9.131051831563106180e-01
9.314772376459227177e-01
8.950233070484183706e-01
8.720862782747622610e-01
9.186121195048476684e-01
8.326592647256515489e-01
9.046251638561674246e-01
8.062772447607283732e-01
8.276223822019468379e-01
9.580391330539584915e-01
9.495591137538151871e-01
8.961451445560241202e-01
8.961451445560238982e-01
8.320074810428784717e-01
8.640763127994510739e-01
9.101321002047042530e-01
9.399572569460662441e-01
8.695832491479881243e-01
8.051554072531228456e-01
8.500893571507707192e-01
8.991182275076304853e-01
7.558363585145436714e-01
9.131051831563110621e-01
8.640763127994512960e-01
8.106623436016600071e-01
8.271523283771143875e-01
9.131051831563108401e-01
8.202642004094087280e-01
8.356323476772581360e-01
8.906382082074869588e-01
8.994084058893498934e-01
7.753302505117609655e-01
7.863441232088350663e-01
7.232974729331386188e-01
8.416093378506273037e-01
9.046251638561676467e-01
8.945532532235861423e-01
7.893172061604416534e-01
7.657283937040121335e-01
7.558363585145437824e-01
8.271523283771146096e-01
8.500893571507707192e-01
8.459944366915586045e-01
8.172911174578023630e-01
7.881953686528361258e-01
9.355721581051347213e-01
8.629544752918455464e-01
7.977972254605850688e-01
8.736781696072000170e-01
8.906382082074869588e-01
7.602214573554750832e-01
7.838102698119046030e-01
8.117841811092657567e-01
7.613432948630807218e-01
9.314772376459227177e-01
8.780632684481318728e-01
8.411392840257949644e-01
8.876651252558803717e-01
8.736781696072001280e-01
8.725563320995946004e-01
6.964762234135395413e-01
7.955535504453741247e-01
8.147572640608717887e-01
7.164093449654330703e-01
9.174902819972423629e-01
8.681712332586631886e-01
8.681712332586629666e-01
8.640763127994510739e-01
8.906382082074869588e-01
9.131051831563108401e-01
8.147572640608718997e-01
7.962053341281470908e-01
7.583702119114743567e-01
7.737383591793234316e-01
9.101321002047044750e-01
6.011013872697072991e-01
8.427311753582327203e-01
6.235683622185311803e-01
5.389966990585035589e-01
6.876037745421861302e-01
8.416093378506273037e-01
6.747386564011111920e-01
6.878316583737120737e-01
7.272125179492378022e-01
7.528632755629373063e-01
6.283269649873098883e-01
6.854623507164656626e-01
8.090704522692221401e-01
7.498901926113310523e-01
5.250097434098229821e-01
7.955535504453737916e-01
6.963116776738554892e-01
7.558363585145436714e-01
7.838102698119044920e-01
7.102986333225359550e-01
7.134362620138264832e-01
8.404875003430216651e-01
8.271523283771143875e-01
7.251795426472958939e-01
8.636062589746188456e-01
9.314772376459228287e-01
9.495591137538152982e-01
8.585693764509142456e-01
7.288044092816756692e-01
7.657283937040122446e-01
8.512111946583762467e-01
8.541842776099826118e-01
7.881953686528361258e-01
8.950233070484185927e-01
8.961451445560238982e-01
7.826884323042990754e-01
8.416093378506273037e-01
8.769414309405259011e-01
8.596912139585197732e-01
9.410790944536717717e-01
8.736781696072003500e-01
8.106623436016600071e-01
6.320483815186744847e-01
5.428441640329458862e-01
6.964762234135395413e-01
6.600222928160354163e-01
7.783033334633676636e-01
8.106623436016600071e-01
6.248158323681719528e-01
6.334603974079996425e-01
3.867629025256130726e-01
3.765111164499189700e-01
6.882555582249594295e-01
6.119507142270971256e-01
6.783943473056472939e-01
4.406487799630645630e-01
3.253869762409239419e-01
1.340335286588990871e-01
5.883619017706677168e-01
4.754432391864742424e-01
1.340335286588990871e-01
1.340335286588990871e-01
6.736919055885415286e-02
3.570480487228580024e-01
4.607926012282271278e-01
6.736919055885415286e-02
2.347882825695807307e-01
7.219162813139700097e-01
7.528632755629373063e-01
1.999609539390318769e-01
2.651163493554642425e-01
8.580993226260816842e-01
8.640763127994510739e-01
9.131051831563108401e-01
8.106623436016598960e-01
9.624242318948901254e-01
3.170715026804646341e-01
3.030845470317841683e-01
3.030845470317841683e-01
2.625356959750679842e-01
2.625356959750679842e-01
2.625356959750679842e-01
3.030845470317841683e-01
2.625356959750679842e-01
3.030845470317841683e-01
3.030845470317842238e-01
3.395384776292885154e-01
4.273117535823292568e-01
4.473860023429857558e-01
5.250097434098230931e-01
5.159920902431904821e-01
5.833930150896620148e-01
5.609260401408382446e-01
6.224465247109256527e-01
6.180614258699941299e-01
5.609260401408382446e-01
5.871144316210268332e-01
5.999795497621017715e-01
5.646474566722030630e-01
6.653646834248881925e-01
7.962053341281470908e-01
7.388763199142568405e-01
7.922902891120482405e-01
6.854623507164656626e-01
8.062772447607283732e-01
6.573085639759921328e-01
8.331293185504839993e-01
7.561265368962631905e-01
8.046853534282908393e-01
8.555962934993078806e-01
7.925804674937676486e-01
7.219162813139700097e-01
5.399368067081681266e-01
8.651981503070568236e-01
7.506196005477262512e-01
7.701134925449437674e-01
8.021823243015164806e-01
7.096006956661776721e-01
8.021823243015164806e-01
8.117841811092654236e-01
7.427913649303560240e-01
8.320074810428782497e-01
9.035033263485618971e-01
7.870735311452303762e-01
5.080497048095361512e-01
4.654678784508781142e-01
3.294610819648999822e-01
4.485078398505912833e-01
6.736919055885415286e-02
0.000000000000000000e+00
5.506605010235225972e-01
8.500893571507707192e-01
7.421395812475827247e-01
8.865432877482750662e-01
8.007703084121912118e-01
8.427311753582328313e-01
8.821581889073435434e-01
9.479672224213774312e-01
5.118971697839785895e-01
5.524460208406947181e-01
3.170715026804646341e-01
2.535801378182849231e-01
7.962053341281473129e-01
4.680850573939362991e-01
4.679709075776522509e-01
6.119507142270970146e-01
6.417297169948739111e-01
3.395384776292885154e-01
1.340335286588990871e-01
4.656957622824041132e-01
4.722457034799770192e-01
7.966753879529795412e-01
6.909692870650027130e-01
6.341898053443949523e-01
6.460353371673549505e-01
7.111925869986155391e-01
5.708838009571353123e-01
3.069941070160761010e-01
3.030845470317841683e-01
4.106090371440724862e-01
2.845271320672522197e-01
1.774939789902079956e-01
3.571950679462813083e-01
5.871144316210267222e-01
3.487150486461378374e-01
2.651163493554642425e-01
4.249190273941618190e-01
2.651163493554642425e-01
6.109625981890192126e-01
3.823778036846815498e-01
6.953543859059341248e-01
1.340335286588990871e-01
1.340335286588990871e-01
5.903776929543528285e-01
3.571950679462813083e-01
6.430622542157485855e-01
7.867833527635111901e-01
8.356323476772579140e-01
7.418494028658633166e-01
5.025427684609992118e-01
4.273117535823293123e-01
7.109024086168959089e-01
7.545346455638254346e-01
7.742084130041556600e-01
6.783943473056471829e-01
7.347813994550449479e-01
6.428977084760645333e-01
7.646065561964066060e-01
7.948241425089787038e-01
6.419404167081429469e-01
8.046853534282906173e-01
7.893172061604416534e-01
8.821581889073435434e-01
8.651981503070566015e-01
8.810363513997380158e-01
6.799554143679286122e-01
3.704854718782558121e-01
3.480184969294319863e-01
7.327656082713597252e-01
8.287442197095523655e-01
8.046853534282906173e-01
5.871144316210268332e-01
7.402883358035818873e-01
7.079293256652896549e-01
8.046853534282906173e-01
8.202642004094087280e-01
7.822183784794669581e-01
8.596912139585197732e-01
7.737383591793233206e-01
9.101321002047042530e-01
8.769414309405261232e-01
7.657283937040121335e-01
5.474767183586468633e-01
5.609260401408382446e-01
5.708838009571354233e-01
4.794548340995584690e-01
4.485078398505912833e-01
5.101116499668063575e-01
4.106090371440724862e-01
1.115665537100752058e-01
1.774939789902079956e-01
1.115665537100752058e-01
1.774939789902079956e-01
1.774939789902079956e-01
2.760471127671088043e-01
4.097017857140973218e-01
2.535801378182849231e-01
1.774939789902079956e-01
2.201823994578164800e-01
3.480184969294319863e-01
1.774939789902079956e-01
2.426493744066403613e-01
5.609260401408383556e-01
5.389966990585035589e-01
7.698233141632241372e-01
8.725563320995946004e-01
8.636062589746187346e-01
8.865432877482750662e-01
8.331293185504837773e-01
8.725563320995946004e-01
8.725563320995946004e-01
9.005302433969555320e-01
8.342511560580893049e-01
7.443832562627938909e-01
7.753302505117610766e-01
8.131653727284342548e-01
7.808371868602981269e-01
7.627553107524057685e-01
6.382847258036069560e-01
6.972056313499349622e-01
7.742084130041555490e-01
9.539442125947465989e-01
9.035033263485618971e-01
8.950233070484185927e-01
9.314772376459228287e-01
8.106623436016600071e-01
7.432614187551884743e-01
8.695832491479881243e-01
7.152875074578276537e-01
8.416093378506273037e-01
8.136354265532663721e-01
7.380446607883708321e-01
7.512713842304994394e-01
7.473563392144001449e-01
6.964762234135397634e-01
