7.539332135896305298e-02
2.234871491824400314e-01
7.480867577320036155e-01
6.209056912782291437e-01
7.468038461763943925e-01
7.218564177179037644e-01
8.458432263887400993e-01
8.251651445376336769e-01
9.229216131943702717e-01
9.423167834898674711e-01
7.834771384816288098e-01
6.785889077883621168e-01
5.652643605052819487e-01
5.812595709594099436e-01
3.770752802485801691e-01
3.770752802485801691e-01
3.065887873692897392e-01
5.755767732865599839e-01
4.464026781696546764e-01
5.792176852222246097e-01
8.458432263887399882e-01
6.697254593707642201e-01
7.881600098786072373e-01
8.091699340835055709e-01
8.715360219906168604e-01
7.468038461763943925e-01
7.367744186748538260e-01
1.000000000000000000e+00
9.326191983421189269e-01
7.724966417782711536e-01
7.531014714827739542e-01
8.188675192312543372e-01
7.994723489357569157e-01
9.840047895458721161e-01
9.229216131943702717e-01
8.251651445376335658e-01
8.041552203327353432e-01
8.458432263887400993e-01
7.881600098786073483e-01
8.138528054804839984e-01
8.862483208891355213e-01
8.799506955827561816e-01
9.937023746936207713e-01
9.216387016387610487e-01
8.715360219906168604e-01
9.376339120928890436e-01
9.486144087962468108e-01
8.849654093335265204e-01
7.572467984675291808e-01
7.640819681861317214e-01
9.132240280466216165e-01
7.270768335271051708e-01
6.659936571756033263e-01
7.396720841398641832e-01
7.669443836152777250e-01
7.944576351849866880e-01
7.572467984675290698e-01
3.993681160090877258e-01
3.898919606306923136e-01
4.670807600207610988e-01
7.884918522323993706e-01
5.111464178802539449e-01
5.976617863159046085e-01
7.539332135896305298e-02
5.454420583820003277e-01
7.539332135896305298e-02
7.539332135896305298e-02
7.539332135896305298e-02
6.487155351658662195e-01
5.535248896203479596e-01
4.124656609982055300e-01
7.669443836152778360e-01
4.007419178241934943e-01
4.945587615546059301e-01
4.670807600207610988e-01
2.960946392252220005e-01
3.082411150125226040e-01
2.234871491824400314e-01
7.539332135896305298e-02
4.694584118242490778e-01
7.539332135896305298e-02
7.042817033902386559e-01
1.499037643806429843e-01
7.539332135896305298e-02
3.419791681189151000e-01
4.784883885519033986e-01
7.539332135896305298e-02
5.732519022696369593e-01
1.499037643806429843e-01
1.499037643806429843e-01
7.539332135896305298e-02
2.350114628737199618e-01
2.649007813132849831e-01
7.539332135896305298e-02
2.649007813132849831e-01
6.676084110850043496e-01
7.539332135896305298e-02
4.124656609982055300e-01
6.579108259372556944e-01
7.539332135896305298e-02
7.539332135896305298e-02
3.763320337779259561e-01
7.539332135896305298e-02
7.539332135896305298e-02
2.890163967395923406e-01
3.082411150125226040e-01
5.952128956763526046e-01
5.084369237229739991e-01
9.229216131943700496e-01
5.826176450635935922e-01
5.328468077692415372e-01
1.977943535805633535e-01
2.350114628737199618e-01
4.295380809495116803e-01
7.687648395831100379e-01
6.440326637688876810e-01
7.202769138443667618e-01
6.785889077883621168e-01
7.750624648894893776e-01
5.386068886633977870e-01
8.652383966842375207e-01
4.381584566000822911e-01
7.514867175733729310e-01
9.229216131943700496e-01
8.104528456391146829e-01
6.697254593707642201e-01
8.959459060368843986e-01
9.229216131943700496e-01
7.847600500372381438e-01
3.513824846467035190e-01
4.888008013331813784e-01
4.381584566000822911e-01
3.513824846467035190e-01
1.977943535805633535e-01
2.649007813132849831e-01
8.875312324447447443e-01
7.539332135896305298e-02
2.234871491824400314e-01
3.676719637207917502e-01
8.537203555686564416e-01
7.653648797417407224e-01
4.047146721136499203e-01
5.498839776846834448e-01
8.361456412409914440e-01
6.430103557310065110e-01
1.499037643806429843e-01
1.977943535805633535e-01
5.916247645272533218e-01
7.539332135896305298e-02
1.499037643806429843e-01
4.124656609982055300e-01
3.447262360100267764e-01
9.583119939439954660e-01
1.499037643806429843e-01
5.652643605052819487e-01
7.045782957081667686e-01
5.315638962136323142e-01
7.417891324256241647e-01
8.862483208891357434e-01
8.508579401395103270e-01
7.771795131752494701e-01
9.229216131943702717e-01
7.816566825137968300e-01
2.960946392252220005e-01
6.801684116618992304e-01
5.792176852222244987e-01
4.117224145275512615e-01
4.047146721136499758e-01
2.234871491824400314e-01
2.704018436233453504e-01
3.082411150125226040e-01
2.960946392252220005e-01
4.471127952771766223e-01
1.499037643806429843e-01
7.539332135896305298e-02
3.583437946606668478e-01
6.836036215391322335e-01
7.103911573888879172e-01
7.539332135896305298e-02
4.207098825677780263e-01
3.082411150125226040e-01
7.719590973660479527e-01
3.353872741925754131e-01
7.539332135896305298e-02
3.904295050429154590e-01
7.539332135896305298e-02
0.000000000000000000e+00
7.539332135896305298e-02
9.827218779902630041e-01
3.340292000883917645e-01
3.353872741925754131e-01
4.295380809495116248e-01
4.534104205835560175e-01
0.000000000000000000e+00
1.499037643806429843e-01
6.697254593707644421e-01
7.539332135896305298e-02
1.242109687787662925e-01
4.717636314177394707e-01
4.174052122004012766e-01
4.295380809495116248e-01
7.539332135896305298e-02
5.855153105286039494e-01
2.350114628737199618e-01
0.000000000000000000e+00
0.000000000000000000e+00
3.340292000883917645e-01
3.790218765117733257e-01
0.000000000000000000e+00
3.770752802485801691e-01
4.728055908790532724e-01
5.016370040402355901e-01
0.000000000000000000e+00
3.583437946606668478e-01
5.144935969350579175e-01
4.933307514582936371e-01
0.000000000000000000e+00
0.000000000000000000e+00
2.234871491824400314e-01
0.000000000000000000e+00
0.000000000000000000e+00
0.000000000000000000e+00
3.641991650288156634e-01
0.000000000000000000e+00
3.736753204072110202e-01
0.000000000000000000e+00
0.000000000000000000e+00
2.704018436233453504e-01
2.704018436233453504e-01
4.174052122004013321e-01
7.539332135896305298e-02
0.000000000000000000e+00
0.000000000000000000e+00
1.242109687787662925e-01
1.499037643806429843e-01
0.000000000000000000e+00
0.000000000000000000e+00
0.000000000000000000e+00
2.447090480214686448e-01
6.594903298107925860e-01
0.000000000000000000e+00
7.539332135896305298e-02
7.539332135896305298e-02
5.816665758617765025e-01
6.807059560741222093e-01
0.000000000000000000e+00
0.000000000000000000e+00
2.550350678409369909e-01
0.000000000000000000e+00
0.000000000000000000e+00
0.000000000000000000e+00
0.000000000000000000e+00
0.000000000000000000e+00
3.820148314507759157e-01
5.138787693015286484e-01
4.631607865178696826e-01
5.816665758617765025e-01
6.948807105604181134e-01
4.974564270196160654e-01
0.000000000000000000e+00
1.499037643806429843e-01
1.242109687787662925e-01
0.000000000000000000e+00
1.242109687787662925e-01
2.185299038603018551e-01
0.000000000000000000e+00
3.436314957621479649e-01
7.539332135896305298e-02
0.000000000000000000e+00
0.000000000000000000e+00
5.273297996421121292e-01
0.000000000000000000e+00
0.000000000000000000e+00
2.550350678409369909e-01
7.189940022887577609e-01
5.535248896203479596e-01
0.000000000000000000e+00
1.242109687787662925e-01
4.059975836692590323e-01
0.000000000000000000e+00
2.234871491824400314e-01
2.808959917674130335e-01
3.065887873692897392e-01
3.082411150125226040e-01
0.000000000000000000e+00
0.000000000000000000e+00
7.539332135896305298e-02
5.976617863159046085e-01
0.000000000000000000e+00
0.000000000000000000e+00
1.977943535805633535e-01
0.000000000000000000e+00
0.000000000000000000e+00
5.724177655394860897e-01
0.000000000000000000e+00
3.231259866063403430e-01
4.631080057313046727e-01
2.389137170914480968e-01
0.000000000000000000e+00
1.499037643806429843e-01
0.000000000000000000e+00
0.000000000000000000e+00
1.499037643806429843e-01
7.539332135896305298e-02
3.340292000883917645e-01
0.000000000000000000e+00
0.000000000000000000e+00
2.704018436233453504e-01
5.659319689253763386e-01
2.350114628737199618e-01
5.341297193248505382e-01
5.200458550980514572e-01
3.065887873692897392e-01
4.124656609982055300e-01
3.583437946606668478e-01
2.550350678409369909e-01
5.192117183679005876e-01
1.624039728309379926e-01
1.977943535805633535e-01
0.000000000000000000e+00
2.350114628737199618e-01
7.539332135896305298e-02
7.539332135896305298e-02
1.242109687787662925e-01
7.539332135896305298e-02
4.471127952771766223e-01
5.652643605052819487e-01
6.156852754690278484e-01
2.234871491824400314e-01
2.350114628737199618e-01
1.499037643806429843e-01
3.867728653963288799e-01
3.506392381760492505e-01
4.561002633174033871e-01
4.207098825677780263e-01
7.302710913100433077e-01
5.438273044725993044e-01
8.188675192312543372e-01
7.847600500372381438e-01
4.694584118242490778e-01
3.353872741925754686e-01
2.890163967395923406e-01
3.082411150125226040e-01
4.304074677155266815e-01
5.328468077692415372e-01
5.084369237229739991e-01
7.207792082207258311e-01
6.544756160600224693e-01
9.646096192503749167e-01
6.954182549726409812e-01
8.508579401395103270e-01
6.562960720278546711e-01
8.078870225278965700e-01
6.562960720278546711e-01
7.834771384816288098e-01
8.445603148331310983e-01
8.078870225278963479e-01
8.592726137316497592e-01
8.348627296853822211e-01
6.848865330947416785e-01
6.933012066868809997e-01
6.306032764259780210e-01
3.419791681189151000e-01
3.513824846467035190e-01
1.499037643806429843e-01
6.133251544162406921e-01
4.264347134260701999e-01
4.534104205835560175e-01
4.124656609982055300e-01
0.000000000000000000e+00
2.389137170914480968e-01
4.207098825677780263e-01
1.977943535805633535e-01
0.000000000000000000e+00
0.000000000000000000e+00
2.389137170914480968e-01
3.340292000883917645e-01
0.000000000000000000e+00
0.000000000000000000e+00
7.013840379252286317e-01
3.583437946606668478e-01
2.704018436233453504e-01
7.926371792171545971e-01
6.333127705832579668e-01
6.430103557310066220e-01
3.513824846467035190e-01
6.836036215391322335e-01
7.218564177179037644e-01
0.000000000000000000e+00
8.023347643649032523e-01
8.799506955827562926e-01
5.504215220969065347e-01
7.539332135896305298e-02
6.600278742230156759e-01
7.669443836152780580e-01
1.624039728309379926e-01
7.721647994244791313e-01
4.117224145275512615e-01
4.738806797034995077e-01
8.972288175924935105e-01
2.672632260640397384e-01
4.049752756313779178e-01
2.704018436233453504e-01
8.537203555686564416e-01
7.383891725842550713e-01
2.389137170914480968e-01
4.888008013331813784e-01
8.875312324447449663e-01
5.966394782780234385e-01
7.539332135896305298e-02
5.535248896203479596e-01
8.395456010823607595e-01
7.539332135896305298e-02
0.000000000000000000e+00
5.465367986298791392e-01
7.139792885379875331e-01
3.676719637207917502e-01
6.036275692684920369e-01
3.082411150125226040e-01
2.649007813132849831e-01
4.174052122004012766e-01
4.124656609982055300e-01
7.539332135896305298e-02
0.000000000000000000e+00
4.888008013331813784e-01
5.669542769632576196e-01
1.933234568177152335e-01
3.326509990587901422e-01
3.411826051225959611e-01
5.909571561071585988e-01
4.552308765513882749e-01
2.809335655012448196e-01
3.853195018181526654e-01
7.139792885379874221e-01
6.209056912782291437e-01
7.539332135896305298e-02
8.335798181297733311e-01
2.234871491824400314e-01
4.162523646526635757e-01
4.214199996752999167e-01
4.731902140194101936e-01
0.000000000000000000e+00
5.598225149267272993e-01
4.207098825677780263e-01
0.000000000000000000e+00
7.539332135896305298e-02
6.015105209827321664e-01
7.160963368237476256e-01
7.371062610286458483e-01
2.890163967395923406e-01
4.675078918485454649e-01
5.808324391316257440e-01
7.459697094462435230e-01
8.618384368428682052e-01
4.124656609982055300e-01
7.202769138443667618e-01
8.348627296853822211e-01
7.430720439812334988e-01
2.389137170914480968e-01
7.539332135896305298e-02
1.242109687787662925e-01
0.000000000000000000e+00
4.817930589192800372e-01
7.669443836152778360e-01
6.306032764259779100e-01
5.465367986298791392e-01
6.333127705832579668e-01
7.270768335271051708e-01
6.173175601291298609e-01
8.251651445376336769e-01
5.569248494617170531e-01
6.440326637688877920e-01
7.297335468978202178e-01
6.600278742230156759e-01
5.328468077692415372e-01
8.188675192312541151e-01
0.000000000000000000e+00
4.631080057313046727e-01
7.315540028656524196e-01
6.594903298107925860e-01
4.764465028147178427e-01
6.078081462891116171e-01
6.596960318692238756e-01
6.613107857786250099e-01
6.499984467214752204e-01
6.836036215391322335e-01
7.270768335271051708e-01
6.864660369682785701e-01
8.348627296853822211e-01
7.160963368237476256e-01
6.136569967700327144e-01
8.188675192312543372e-01
7.669443836152780580e-01
5.855153105286039494e-01
7.884918522323991485e-01
8.251651445376338989e-01
3.790218765117733257e-01
2.890163967395923406e-01
0.000000000000000000e+00
4.321175110989201595e-01
7.539332135896305298e-02
6.756912423233519815e-01
7.687648395831100379e-01
5.144935969350579175e-01
6.431985270387368114e-01
7.784624247308584710e-01
4.984983864809300336e-01
7.261257643252880811e-01
4.888008013331813784e-01
4.471127952771766223e-01
4.124656609982055300e-01
7.556672945939921782e-01
7.462663017641714136e-01
6.068218270514301738e-01
8.492431862301094148e-01
5.819271793795044445e-01
8.280275599667799025e-01
8.091699340835057930e-01
6.659936571756031043e-01
7.299744989921156391e-01
5.732519022696369593e-01
7.333744588334847325e-01
5.899924798671513093e-01
7.989348045235338258e-01
8.458432263887400993e-01
7.847600500372381438e-01
7.459697094462435230e-01
6.322180303353790443e-01
7.994723489357569157e-01
6.864660369682784591e-01
4.974564270196161209e-01
8.298480159346122154e-01
6.687031513328832721e-01
7.042817033902388779e-01
6.659936571756033263e-01
7.371062610286458483e-01
7.577843428797524927e-01
6.688913226406134616e-01
5.241911820828066837e-01
7.821942269260198088e-01
4.631080057313046727e-01
7.367744186748538260e-01
6.023446577128830359e-01
8.348627296853824431e-01
6.537302489166364472e-01
7.114134654267693092e-01
4.817930589192800372e-01
5.952128956763526046e-01
3.513824846467035190e-01
4.817930589192799817e-01
6.531927045044132463e-01
6.280374533147595750e-01
5.585396033711180763e-01
8.765507357413870881e-01
8.348627296853822211e-01
6.333127705832579668e-01
7.527696291289821540e-01
6.590055661851346169e-01
7.572467984675292918e-01
7.396720841398641832e-01
8.715360219906168604e-01
7.559638869119200688e-01
7.160963368237474036e-01
6.587449626674066749e-01
6.785889077883623388e-01
5.968276495857537389e-01
4.881859736996519983e-01
3.790218765117732702e-01
6.691879149585414632e-01
7.302710913100431966e-01
5.181345088707225433e-01
5.562343837776279054e-01
2.389137170914480968e-01
1.977943535805633535e-01
5.779347736666154978e-01
0.000000000000000000e+00
1.499037643806429843e-01
5.905300242793743992e-01
3.419791681189151000e-01
2.808959917674130335e-01
3.162863725170383944e-01
1.624039728309379926e-01
3.763320337779259561e-01
6.579108259372556944e-01
3.326509990587901422e-01
1.499037643806429843e-01
3.436314957621479649e-01
2.890163967395923406e-01
4.827441281210972379e-01
6.225204451876303891e-01
5.465367986298791392e-01
8.715360219906167494e-01
4.728055908790532724e-01
2.649007813132849831e-01
2.350114628737199618e-01
1.499037643806429843e-01
4.464026781696546764e-01
5.585396033711180763e-01
7.539332135896305298e-02
7.539332135896305298e-02
4.561002633174033871e-01
8.702531104350076374e-01
8.618384368428682052e-01
7.462663017641711916e-01
8.264480560932427888e-01
8.715360219906168604e-01
9.646096192503749167e-01
7.994723489357569157e-01
7.721647994244791313e-01
8.508579401395103270e-01
9.583119939439954660e-01
6.236151854355093116e-01
8.862483208891357434e-01
4.888008013331813784e-01
8.812336071383654046e-01
7.108759210145459972e-01
7.539332135896305298e-02
6.933012066868809997e-01
5.979223898336327725e-01
7.462663017641711916e-01
6.756912423233519815e-01
6.579108259372556944e-01
8.348627296853824431e-01
6.068218270514301738e-01
4.471127952771766223e-01
4.277176249816793119e-01
2.649007813132849831e-01
5.819271793795046666e-01
7.539332135896305298e-02
1.499037643806429843e-01
7.539332135896305298e-02
7.539332135896305298e-02
7.539332135896305298e-02
0.000000000000000000e+00
7.539332135896305298e-02
7.539332135896305298e-02
1.977943535805633535e-01
7.539332135896305298e-02
3.898919606306923136e-01
