1.922526892705939683e-01
3.778007596195183115e-01
3.381549012210983141e-01
9.707076869969824551e-02
4.775170324705129699e-01
1.556249059429647419e-01
8.258390108235044158e-01
7.735573741623376076e-01
9.707076869969824551e-02
0.000000000000000000e+00
9.707076869969824551e-02
2.487724050430870637e-01
6.931528054459767940e-01
8.030361554288644177e-01
7.892112274958751339e-01
8.030361554288644177e-01
7.507545187676977205e-01
8.168610833618539235e-01
6.793278775129873992e-01
6.060723108577288354e-01
7.141267354400684386e-01
5.604666000684491722e-01
7.802333000342246416e-01
7.297805887736059649e-01
5.141448157981421963e-01
3.397155686245479367e-01
7.436055167065953597e-01
6.565250221183476231e-01
3.397155686245479367e-01
8.624667941511334757e-01
7.003018075070790438e-01
5.399657462635727434e-01
4.282534708801369328e-01
5.238388167408200013e-01
7.664083721012352468e-01
5.189918162694810988e-01
4.282534708801369328e-01
7.507545187676977205e-01
8.396639387564936996e-01
6.767326259965513735e-01
6.270462408518205910e-01
7.369295908347083257e-01
7.003018075070790438e-01
8.258390108235041938e-01
8.396639387564936996e-01
6.793278775129873992e-01
7.387585162352564572e-01
7.664083721012352468e-01
1.000000000000000000e+00
6.060723108577288354e-01
3.397155686245479367e-01
7.664083721012352468e-01
7.159556608406166811e-01
3.916256875525076508e-01
4.282534708801369328e-01
8.396639387564936996e-01
6.401048426689222026e-01
1.556249059429647419e-01
5.747646041906538938e-01
7.892112274958751339e-01
6.498490962464604781e-01
7.387585162352564572e-01
7.021307329076271753e-01
8.030361554288645287e-01
7.892112274958751339e-01
8.168610833618539235e-01
4.775170324705129699e-01
6.793278775129875102e-01
8.168610833618539235e-01
7.159556608406165701e-01
6.655029495799980044e-01
7.369295908347083257e-01
8.762917220841229815e-01
6.401048426689222026e-01
5.904184575241914201e-01
6.703499500513370180e-01
6.767326259965513735e-01
3.778007596195183115e-01
6.655029495799980044e-01
2.854001883707162901e-01
4.648812542077661591e-01
3.778007596195183115e-01
5.784224549917501568e-01
7.003018075070790438e-01
4.505832500855614930e-01
7.003018075070790438e-01
7.297805887736059649e-01
4.408892491428837435e-01
4.001305388249428718e-01
5.100138888078306065e-01
5.391994201476849602e-01
8.258390108235044158e-01
7.664083721012352468e-01
8.396639387564936996e-01
8.120140828905150210e-01
7.159556608406166811e-01
7.159556608406165701e-01
7.802333000342246416e-01
8.030361554288645287e-01
7.159556608406165701e-01
7.664083721012352468e-01
8.030361554288645287e-01
8.534888666894832054e-01
7.753862995628856281e-01
8.762917220841229815e-01
7.753862995628856281e-01
8.258390108235044158e-01
7.159556608406166811e-01
7.664083721012352468e-01
8.762917220841229815e-01
8.258390108235044158e-01
7.753862995628856281e-01
7.525834441682458520e-01
7.369295908347083257e-01
4.648812542077661591e-01
3.763433519521771631e-01
3.778007596195183115e-01
2.667282599663880482e-01
5.302214926860344679e-01
2.487724050430870637e-01
3.030877852969187103e-01
4.282534708801369328e-01
6.337221667237076250e-01
4.505832500855614930e-01
6.767326259965513735e-01
6.498490962464604781e-01
7.664083721012352468e-01
7.297805887736060759e-01
6.655029495799980044e-01
6.480201708459122356e-01
6.262799147359328078e-01
2.892628573639293155e-01
1.922526892705939683e-01
2.854001883707162901e-01
1.556249059429647419e-01
3.496778275643243061e-01
4.636921045375235750e-01
4.282534708801369328e-01
6.793278775129873992e-01
7.003018075070790438e-01
5.141448157981421963e-01
7.664083721012352468e-01
7.369295908347083257e-01
0.000000000000000000e+00
0.000000000000000000e+00
7.802333000342246416e-01
0.000000000000000000e+00
2.738270093926298832e-01
8.901166500171122653e-01
8.624667941511336977e-01
2.522635563030930506e-01
5.970943833960784541e-01
6.288751662523687225e-01
4.595611775472119853e-01
0.000000000000000000e+00
0.000000000000000000e+00
9.707076869969824551e-02
5.765935295912019143e-01
8.258390108235041938e-01
7.141267354400684386e-01
6.636740241794498729e-01
4.211044688190345719e-01
7.892112274958751339e-01
8.762917220841229815e-01
9.707076869969824551e-02
5.466416721354597774e-01
7.873823020953268914e-01
6.270462408518205910e-01
9.707076869969824551e-02
5.391994201476849602e-01
9.707076869969824551e-02
9.707076869969824551e-02
5.668492760136637498e-01
7.141267354400684386e-01
0.000000000000000000e+00
1.983196937824684702e-01
2.487724050430870637e-01
0.000000000000000000e+00
0.000000000000000000e+00
4.733861054802013801e-01
1.983196937824684702e-01
0.000000000000000000e+00
9.707076869969824551e-02
0.000000000000000000e+00
0.000000000000000000e+00
0.000000000000000000e+00
4.775170324705129699e-01
1.556249059429647419e-01
6.401048426689222026e-01
7.021307329076271753e-01
7.021307329076271753e-01
2.487724050430870637e-01
4.505832500855614930e-01
5.100138888078306065e-01
6.262799147359328078e-01
4.180863937482438564e-01
7.507545187676977205e-01
7.159556608406165701e-01
3.381549012210983141e-01
3.763433519521771631e-01
7.369295908347083257e-01
8.258390108235044158e-01
7.003018075070790438e-01
5.747646041906538938e-01
7.159556608406165701e-01
7.159556608406165701e-01
5.302214926860344679e-01
5.604666000684491722e-01
3.778007596195183115e-01
4.282534708801369328e-01
