3.755624470970681528e-01
5.159940071450005439e-01
6.611672410249603837e-01
5.063245543517385094e-01
2.723549174669053774e-01
3.147842871498101602e-01
6.596291640811573487e-01
1.752675880186332358e-01
8.821879194695959880e-02
3.755624470970680973e-01
5.222527403819814396e-01
8.821879194695959880e-02
8.821879194695959880e-02
8.821879194695959880e-02
2.302783451203928022e-01
0.000000000000000000e+00
0.000000000000000000e+00
2.223753528838902371e-01
8.821879194695959880e-02
0.000000000000000000e+00
0.000000000000000000e+00
0.000000000000000000e+00
0.000000000000000000e+00
8.821879194695959880e-02
8.821879194695959880e-02
4.861910718629087191e-01
8.821879194695959880e-02
2.302783451203928022e-01
3.455872652384500698e-01
8.821879194695959880e-02
0.000000000000000000e+00
8.821879194695959880e-02
4.931600858136707122e-01
1.444646099299932707e-01
2.498978229150760066e-01
8.821879194695959880e-02
0.000000000000000000e+00
0.000000000000000000e+00
1.878489754374880749e-01
5.455055235705109640e-01
1.752675880186332358e-01
8.821879194695959880e-02
5.499795645830152235e-01
8.821879194695959880e-02
8.821879194695959880e-02
2.302783451203928022e-01
0.000000000000000000e+00
1.444646099299932707e-01
1.878489754374880749e-01
1.878489754374880749e-01
0.000000000000000000e+00
8.821879194695959880e-02
8.821879194695959880e-02
1.752675880186332358e-01
0.000000000000000000e+00
0.000000000000000000e+00
8.821879194695959880e-02
3.058040975314796905e-01
0.000000000000000000e+00
8.821879194695959880e-02
6.027464066621376348e-01
0.000000000000000000e+00
8.821879194695959880e-02
3.147842871498101602e-01
3.939386408333092615e-01
4.838995673932310893e-01
1.752675880186332358e-01
4.591087072608984188e-01
3.670976173133285170e-01
3.147842871498101602e-01
4.363680105162139888e-01
2.223753528838902371e-01
1.444646099299932707e-01
4.371051246246730471e-01
2.714638425872084038e-01
0.000000000000000000e+00
5.857523567105891171e-01
0.000000000000000000e+00
0.000000000000000000e+00
6.939061403757533775e-01
2.714638425872084038e-01
1.752675880186332358e-01
3.755624470970680973e-01
1.752675880186332358e-01
4.524943908163929773e-01
7.595882932471876847e-01
7.494999785967259021e-01
7.919293482796307959e-01
8.211942494244675039e-01
7.070706089138212302e-01
6.071114797477908942e-01
7.130827268701286359e-01
3.979005954019684821e-01
5.920110899475699018e-01
7.903912713358276498e-01
3.058040975314796905e-01
3.660553133959549843e-01
2.714638425872084038e-01
6.781612909765089015e-01
2.302783451203928022e-01
8.821879194695959880e-02
0.000000000000000000e+00
0.000000000000000000e+00
1.444646099299932707e-01
0.000000000000000000e+00
0.000000000000000000e+00
0.000000000000000000e+00
0.000000000000000000e+00
0.000000000000000000e+00
0.000000000000000000e+00
0.000000000000000000e+00
0.000000000000000000e+00
0.000000000000000000e+00
0.000000000000000000e+00
0.000000000000000000e+00
0.000000000000000000e+00
0.000000000000000000e+00
0.000000000000000000e+00
1.444646099299932707e-01
1.878489754374880749e-01
0.000000000000000000e+00
8.821879194695959880e-02
3.515092711504045342e-01
1.444646099299932707e-01
0.000000000000000000e+00
3.802620858513963698e-01
5.357727921275738936e-01
0.000000000000000000e+00
2.839813090611701951e-01
4.500204354169847765e-01
4.795344943075778299e-01
0.000000000000000000e+00
8.821879194695959880e-02
2.302783451203928022e-01
0.000000000000000000e+00
0.000000000000000000e+00
0.000000000000000000e+00
8.821879194695959880e-02
0.000000000000000000e+00
0.000000000000000000e+00
0.000000000000000000e+00
0.000000000000000000e+00
0.000000000000000000e+00
0.000000000000000000e+00
0.000000000000000000e+00
0.000000000000000000e+00
0.000000000000000000e+00
0.000000000000000000e+00
0.000000000000000000e+00
0.000000000000000000e+00
2.610813232090327674e-01
1.444646099299932707e-01
3.147842871498101602e-01
8.821879194695959880e-02
9.267676522284553631e-01
0.000000000000000000e+00
0.000000000000000000e+00
3.515092711504045342e-01
0.000000000000000000e+00
0.000000000000000000e+00
0.000000000000000000e+00
8.821879194695959880e-02
0.000000000000000000e+00
0.000000000000000000e+00
4.439182054163244850e-01
4.722731757989662160e-01
0.000000000000000000e+00
0.000000000000000000e+00
4.371051246246730471e-01
2.990816988613911875e-01
0.000000000000000000e+00
2.302783451203928022e-01
7.146208038139316709e-01
1.444646099299932707e-01
0.000000000000000000e+00
4.363680105162139888e-01
1.752675880186332358e-01
0.000000000000000000e+00
0.000000000000000000e+00
0.000000000000000000e+00
2.723549174669053774e-01
0.000000000000000000e+00
0.000000000000000000e+00
0.000000000000000000e+00
0.000000000000000000e+00
3.670976173133285170e-01
5.646821100648862224e-01
2.714638425872084038e-01
2.223753528838902371e-01
2.223753528838902371e-01
6.710089403947484543e-01
7.671384881472981254e-01
8.343587179625353567e-01
6.040353258601848241e-01
3.979005954019684821e-01
1.752675880186332358e-01
6.995204140137107895e-01
4.298438061160615442e-01
0.000000000000000000e+00
1.752675880186332358e-01
1.878489754374880749e-01
2.723549174669053774e-01
3.147842871498101602e-01
0.000000000000000000e+00
7.227731972022403140e-01
6.995204140137107895e-01
1.752675880186332358e-01
2.302783451203928022e-01
8.321761814197087270e-01
9.151412606341905454e-01
9.500204354169849985e-01
8.812621286579445101e-01
7.589438336481640901e-01
8.227323263682706500e-01
1.000000000000000000e+00
3.979005954019684821e-01
8.821879194695959880e-02
1.752675880186332358e-01
6.611672410249602727e-01
5.676180741335873359e-01
4.500204354169847765e-01
4.425360616316320050e-01
6.919702191136003488e-01
5.147025454818709989e-01
0.000000000000000000e+00
1.878489754374880749e-01
2.302783451203928022e-01
0.000000000000000000e+00
8.821879194695959880e-02
8.821879194695959880e-02
8.821879194695959880e-02
8.821879194695959880e-02
8.821879194695959880e-02
1.752675880186332358e-01
1.752675880186332358e-01
1.752675880186332358e-01
1.752675880186332358e-01
2.302783451203928022e-01
0.000000000000000000e+00
1.878489754374880749e-01
2.610813232090327674e-01
6.348383039488246782e-01
8.095678578302027972e-01
6.423884988489351189e-01
7.130827268701286359e-01
6.904321421697970917e-01
