3.469918829203382793e-01
2.971615110870030607e-01
2.971615110870030607e-01
3.469918829203382793e-01
3.469918829203382793e-01
3.641804143491386703e-01
3.641804143491386703e-01
2.971615110870030607e-01
4.187389253355175422e-01
4.613428402439428422e-01
5.061409755578004654e-01
6.023024953499296341e-01
5.746928914648724573e-01
6.785660578406873533e-01
7.134828886931710024e-01
7.134828886931710024e-01
7.839343570003980410e-01
6.613775264118868513e-01
7.098292752094577107e-01
8.673408165114931956e-01
7.346816330229863912e-01
7.912794638288650484e-01
8.569197440552364098e-01
6.428103719473221567e-01
8.135002317771430347e-01
7.754695554358290721e-01
8.121216087413788420e-01
7.687020964632855780e-01
7.754695554358290721e-01
5.851139639211293542e-01
7.287151492302835765e-01
8.121216087413788420e-01
7.563247531153407532e-01
6.980295797174366212e-01
6.960733088257488044e-01
7.518701644517867821e-01
6.146231202063414667e-01
7.754695554358289611e-01
5.754348692678848964e-01
7.582810240070286811e-01
6.202330045817424642e-01
6.478426084667997520e-01
5.966336135977002852e-01
4.889524441290000745e-01
4.613428402439428422e-01
4.889524441290000745e-01
7.563247531153407532e-01
8.239213042334000425e-01
7.242605605667296054e-01
7.287151492302835765e-01
8.070893722219011357e-01
6.526537965476555403e-01
6.681449853844304565e-01
6.464639854310354483e-01
7.239039611494278992e-01
7.239039611494278992e-01
5.906671298049975816e-01
6.717985988681437481e-01
5.926234006966853984e-01
7.098292752094577107e-01
6.802634004327127171e-01
8.949504203965504834e-01
8.569197440552362988e-01
8.464986715989794019e-01
5.476042169442059127e-01
8.121216087413788420e-01
7.518701644517866711e-01
7.754695554358289611e-01
7.582810240070285701e-01
7.926580868646293521e-01
9.121389518253508744e-01
8.306887632059434257e-01
7.410924925782281791e-01
8.188890677139223362e-01
9.239386473173719638e-01
8.239213042333998205e-01
7.926580868646294631e-01
8.963290434323146760e-01
9.411271787461723548e-01
8.343423766896567173e-01
7.740909324000646574e-01
7.478599515507717843e-01
8.569197440552364098e-01
6.962943572643706114e-01
6.526537965476555403e-01
6.236655696268340598e-01
6.391567584636089761e-01
6.613775264118868513e-01
6.391567584636089761e-01
5.853161737292588152e-01
6.233468500705728887e-01
6.115471545785516883e-01
5.468032417643651222e-01
6.138221450265005652e-01
6.337679225268296745e-01
6.681449853844304565e-01
4.633967822532699676e-01
4.538334034683868534e-01
6.023024953499296341e-01
4.889524441290000745e-01
4.613428402439428422e-01
4.681102992164864474e-01
5.337505794428576422e-01
5.717812557841717158e-01
4.233121639026288796e-01
4.359274567643179332e-01
3.566498600577948652e-01
2.545406951034551724e-01
6.980295797174366212e-01
9.171711883448283587e-01
6.146231202063414667e-01
6.509564539556299545e-01
7.360602560587506948e-01
5.015677369906892391e-01
8.030791593208862489e-01
8.188890677139223362e-01
6.478426084667997520e-01
8.515309081184571083e-01
8.845293479402936976e-01
8.687194395472574993e-01
8.845293479402934755e-01
9.343597197736287496e-01
8.239213042333998205e-01
8.017005362851219452e-01
8.017005362851219452e-01
9.343597197736287496e-01
8.397312126264360188e-01
8.515309081184571083e-01
8.673408165114931956e-01
7.740909324000646574e-01
7.124608650747084049e-01
8.569197440552364098e-01
7.414490919955298853e-01
7.256391836024937980e-01
5.735164782372377257e-01
7.442063380670584927e-01
5.577065698442016384e-01
6.613775264118868513e-01
6.115471545785516883e-01
6.115471545785516883e-01
6.889871302969441391e-01
6.337679225268297856e-01
5.509391108716581442e-01
6.690413527966150298e-01
6.242432174827574620e-01
4.800643843176797265e-01
4.918640798097008715e-01
5.575043600360721774e-01
4.187389253355175422e-01
3.641804143491386703e-01
3.917900182341959026e-01
2.971615110870030607e-01
8.017005362851219452e-01
8.411098356622002115e-01
8.084679952576655504e-01
9.171711883448284697e-01
7.907018159729416462e-01
8.515309081184571083e-01
8.017005362851219452e-01
7.687020964632854669e-01
6.960733088257488044e-01
8.569197440552364098e-01
8.464986715989794019e-01
8.030791593208862489e-01
9.067501158885715729e-01
6.962943572643706114e-01
9.895789275437432142e-01
8.949504203965504834e-01
8.845293479402936976e-01
8.188890677139223362e-01
8.569197440552362988e-01
7.165967341820013159e-01
8.791405120035142851e-01
7.478599515507717843e-01
9.343597197736287496e-01
8.687194395472574993e-01
7.822370144083725663e-01
7.478599515507717843e-01
8.791405120035142851e-01
7.963117003483427547e-01
8.619519805747138941e-01
8.963290434323146760e-01
8.687194395472574993e-01
7.478599515507717843e-01
7.182940767740267907e-01
5.966336135977002852e-01
6.613775264118868513e-01
6.980295797174366212e-01
6.906844728889695029e-01
5.746928914648724573e-01
4.642544759246436392e-01
4.800643843176797265e-01
5.298947561510148896e-01
5.575043600360721774e-01
4.889524441290000745e-01
4.889524441290000745e-01
4.187389253355175422e-01
4.187389253355175422e-01
3.469918829203382793e-01
3.186191837164808471e-01
3.186191837164808471e-01
8.582983670910007135e-01
9.239386473173719638e-01
8.343423766896567173e-01
8.515309081184571083e-01
7.563247531153407532e-01
8.411098356622002115e-01
8.687194395472574993e-01
8.188890677139222252e-01
7.582810240070285701e-01
9.067501158885715729e-01
8.084679952576655504e-01
8.845293479402934755e-01
6.686847533793133236e-01
9.515482512024291406e-01
9.239386473173719638e-01
9.239386473173719638e-01
8.175104446781579215e-01
9.791578550874863174e-01
9.619693236586859264e-01
8.017005362851219452e-01
9.501696281666649480e-01
8.070893722219011357e-01
8.895615844597710709e-01
8.115439608854551068e-01
8.397312126264360188e-01
8.017005362851219452e-01
9.067501158885715729e-01
7.410924925782281791e-01
8.121216087413788420e-01
7.687020964632854669e-01
8.067327728045994295e-01
8.084679952576654394e-01
8.569197440552364098e-01
9.343597197736287496e-01
8.011228884291983210e-01
8.963290434323146760e-01
8.411098356622002115e-01
9.135175748611150670e-01
7.963117003483426437e-01
8.293101401701792330e-01
7.478599515507717843e-01
7.636698599438078716e-01
8.135002317771430347e-01
8.135002317771430347e-01
8.306887632059434257e-01
6.906844728889695029e-01
5.853161737292588152e-01
5.744128456494222990e-01
6.794624252528718156e-01
4.613428402439428422e-01
8.239213042334000425e-01
8.293101401701792330e-01
9.067501158885715729e-01
8.845293479402936976e-01
9.447807922298855354e-01
7.650484829795720643e-01
8.895615844597712929e-01
7.346816330229863912e-01
4.681102992164863363e-01
5.630575259199402938e-01
8.895615844597710709e-01
4.391220722956648559e-01
6.233468500705728887e-01
4.033663864022997148e-01
5.974345887775410757e-01
6.202330045817424642e-01
3.366275289556143746e-01
6.306540770379993610e-01
3.097599028735695814e-01
2.064051688049381161e-01
1.570974295134305587e-01
4.391220722956648559e-01
2.064051688049381161e-01
7.907306539857268668e-02
7.907306539857268668e-02
2.064051688049381161e-01
7.907306539857268668e-02
7.907306539857268668e-02
5.205722609150722491e-01
1.570974295134305587e-01
2.064051688049381161e-01
7.907306539857268668e-02
4.298206945755099206e-01
1.570974295134305587e-01
3.469918829203382793e-01
7.858906278920858579e-01
4.739581331056319513e-01
7.907306539857268668e-02
3.689085535021823237e-01
6.876085072611798354e-01
5.298947561510148896e-01
1.570974295134305587e-01
7.907306539857268668e-02
4.262237995833296211e-01
2.064051688049381161e-01
1.570974295134305587e-01
3.290402561727376884e-01
3.852814875613147505e-01
6.686847533793134346e-01
7.907306539857268668e-02
4.681102992164864474e-01
6.962943572643706114e-01
7.569024009712643775e-01
5.966336135977002852e-01
5.735164782372377257e-01
4.022110906904526884e-01
4.250473863556948340e-01
6.794624252528718156e-01
7.754695554358289611e-01
7.464813285150074806e-01
0.000000000000000000e+00
8.030791593208862489e-01
1.000000000000000000e+00
4.613428402439428422e-01
0.000000000000000000e+00
2.064051688049381161e-01
1.294878256283733264e-01
7.907306539857268668e-02
6.115471545785516883e-01
7.907306539857268668e-02
1.683744924636240703e-01
3.734817920692936055e-01
0.000000000000000000e+00
0.000000000000000000e+00
0.000000000000000000e+00
0.000000000000000000e+00
1.993214873333407633e-01
1.570974295134305587e-01
0.000000000000000000e+00
0.000000000000000000e+00
5.957372461855156009e-01
7.907306539857268668e-02
3.193822790352811025e-01
7.907306539857268668e-02
0.000000000000000000e+00
0.000000000000000000e+00
7.907306539857268668e-02
7.188717246299503039e-01
2.441196226471983310e-01
0.000000000000000000e+00
1.294878256283733264e-01
6.306540770379993610e-01
3.566498600577949207e-01
2.821502989885123491e-01
8.135002317771430347e-01
9.067501158885715729e-01
4.681102992164864474e-01
5.468032417643651222e-01
8.011228884291983210e-01
5.076739882027369033e-01
3.566498600577949207e-01
7.030618162369141055e-01
8.017005362851219452e-01
2.821502989885124046e-01
6.734959414601692229e-01
8.011228884291983210e-01
5.630575259199402938e-01
4.187389253355175422e-01
4.861951980574714671e-01
6.754522123518569288e-01
6.233468500705728887e-01
5.586029372563862117e-01
7.518701644517866711e-01
9.030965024048582812e-01
6.960733088257488044e-01
7.030618162369141055e-01
6.808410482886362303e-01
7.354826082028271816e-01
7.134828886931710024e-01
7.030618162369141055e-01
5.061409755578004654e-01
8.017005362851219452e-01
5.586029372563862117e-01
7.354826082028271816e-01
6.428103719473222677e-01
5.785487147567152100e-01
5.754348692678850075e-01
7.563247531153407532e-01
5.575043600360721774e-01
6.134655456091990811e-01
8.135002317771430347e-01
7.182940767740267907e-01
7.858906278920858579e-01
8.293101401701790110e-01
5.690240097126431085e-01
6.962943572643706114e-01
6.684637049406916276e-01
6.202330045817424642e-01
5.250268495786263312e-01
6.740735893160926251e-01
8.619519805747138941e-01
8.030791593208862489e-01
7.256391836024937980e-01
7.926580868646294631e-01
8.515309081184571083e-01
7.636698599438078716e-01
8.017005362851219452e-01
8.239213042333998205e-01
7.182940767740269017e-01
8.293101401701792330e-01
6.740735893160927361e-01
6.115471545785516883e-01
8.030791593208862489e-01
6.146231202063414667e-01
3.911293214504603100e-01
5.636351737758638070e-01
5.509391108716581442e-01
6.020224495344795868e-01
8.293101401701792330e-01
8.343423766896568283e-01
7.845120048563215542e-01
7.346816330229863912e-01
9.171711883448283587e-01
7.569024009712643775e-01
7.858906278920858579e-01
6.134655456091990811e-01
7.563247531153407532e-01
7.182940767740267907e-01
6.152007680622649799e-01
7.740909324000646574e-01
8.515309081184571083e-01
5.509391108716581442e-01
9.171711883448283587e-01
8.343423766896567173e-01
5.957372461855156009e-01
7.569024009712643775e-01
8.515309081184571083e-01
8.515309081184571083e-01
7.636698599438078716e-01
8.017005362851219452e-01
5.309933333713290349e-01
4.022110906904526884e-01
5.097945890415136461e-01
