8.599520944303518100e-01
1.000000000000000000e+00
8.056221237967416959e-01
8.818738958980822940e-01
6.683012089806085188e-01
8.544182458449429696e-01
5.021176845166918090e-01
6.241096382088040517e-01
7.035143725010822857e-01
6.176138195986022872e-01
1.790082647070887767e-01
5.052505615752389545e-01
0.000000000000000000e+00
6.837718902768538665e-02
2.444820726352965878e-01
1.804889652227122665e-01
1.493907339179687821e-01
2.552251565440561420e-01
9.041590698213969324e-01
1.493907339179687821e-01
0.000000000000000000e+00
1.790082647070887767e-01
6.922659208411222620e-01
5.161729940085455492e-01
5.552056275925097983e-01
6.837718902768538665e-02
5.187852770989630491e-01
4.575044049875649499e-01
6.837718902768538665e-02
2.792711281956474223e-01
6.164864997039078975e-01
0.000000000000000000e+00
2.881696683685993077e-01
5.789097178855028281e-01
7.035143725010822857e-01
0.000000000000000000e+00
6.285161668995186135e-01
3.869982108682385458e-01
6.837718902768538665e-02
2.156403445972411015e-01
1.790082647070887767e-01
3.821643180274029161e-01
2.243680230632941752e-01
2.156403445972411015e-01
4.202483310743077571e-01
5.282223285034968185e-01
0.000000000000000000e+00
6.837718902768538665e-02
4.074701210588276834e-01
6.924466753302646049e-01
0.000000000000000000e+00
0.000000000000000000e+00
2.156403445972411015e-01
5.643141471261788888e-01
1.790082647070887767e-01
0.000000000000000000e+00
2.811141525254489126e-01
2.241618055036860013e-01
2.030657356210108511e-01
2.156403445972411015e-01
6.837718902768538665e-02
2.683942439651969547e-01
1.493907339179687821e-01
0.000000000000000000e+00
6.837718902768538665e-02
1.493907339179687821e-01
0.000000000000000000e+00
0.000000000000000000e+00
1.790082647070887767e-01
0.000000000000000000e+00
6.837718902768538665e-02
3.347891542284909816e-01
0.000000000000000000e+00
1.790082647070887767e-01
0.000000000000000000e+00
4.513465623790511860e-01
1.360756108504282968e-01
2.444820726352965878e-01
3.457733359612320534e-01
6.224635878232792630e-01
2.811141525254489126e-01
2.467385759019845859e-01
0.000000000000000000e+00
0.000000000000000000e+00
8.136712337390600291e-01
1.790082647070887767e-01
2.811141525254489126e-01
9.140994470975202235e-01
0.000000000000000000e+00
5.109967887241654294e-01
4.971704767254574442e-01
5.241073962877662584e-01
6.046858300014430476e-01
6.546212287193733381e-01
6.839252144238197051e-01
6.908779793789069368e-01
6.837718902768538665e-02
4.180964421729821412e-01
4.118766497495421341e-01
1.790082647070887767e-01
2.030657356210108511e-01
2.896356134318938125e-01
2.467385759019845859e-01
7.680453419783366265e-01
7.745238924919981560e-01
7.104361625487063403e-01
4.132625493321464005e-01
6.949929115946374969e-01
5.727518752769890087e-01
5.059835341068862347e-01
8.233200145401996517e-01
7.238365031099921465e-01
7.660024315855532562e-01
7.604685830001444158e-01
7.219762106836504767e-01
7.456803009766436174e-01
7.959733429956024064e-01
9.859446905081463708e-01
8.915226766992215834e-01
8.136712337390600291e-01
8.859888281138128541e-01
7.830453533984430559e-01
9.055779861910752127e-01
9.903512191988607105e-01
9.140994470975200015e-01
8.226650456096314956e-01
8.700732261956173330e-01
8.108643759071664237e-01
7.549347344147355754e-01
7.134547497772055769e-01
5.698479957115877292e-01
7.455149511067419299e-01
4.802929047824690545e-01
3.122123838301923970e-01
5.517438008300482588e-01
5.827759853087469688e-01
4.379152469103023138e-01
3.950923076245622667e-01
6.779499897817476972e-01
2.693153463002831427e-01
7.012597327116933954e-01
7.238365031099920355e-01
6.837718902768538665e-02
5.809817397084500179e-01
6.357840613061864765e-01
1.360756108504282968e-01
5.698479957115877292e-01
3.269536371600773039e-01
5.628114980008658286e-01
2.156403445972411015e-01
3.171630394656332896e-01
8.233200145401992076e-01
3.962196275192566008e-01
6.100543287169504225e-01
7.058952588955537122e-01
5.827759853087469688e-01
4.581575104408336929e-01
6.583608317044850056e-01
8.830012157927766836e-01
6.834838383671565376e-01
5.252347161824607591e-01
8.152709045978809854e-01
5.601992149104484398e-01
4.513465623790511860e-01
7.153150422035471356e-01
7.038059689760663984e-01
7.830453533984431669e-01
4.132625493321464005e-01
7.756512123866925457e-01
4.526236618554249080e-01
5.680537501112907783e-01
3.869982108682385458e-01
3.503661309780862210e-01
4.287697919807526570e-01
5.118325121438758174e-01
4.441022009489800082e-01
4.074701210588276834e-01
2.037350605294138417e-01
4.132625493321464005e-01
3.869982108682385458e-01
5.860432373297324027e-01
5.831336286097756894e-01
5.135430249885382104e-01
3.821643180274029161e-01
3.503661309780862210e-01
5.890308496507684621e-01
5.056455581051981785e-01
5.111794066906070189e-01
3.869982108682385458e-01
5.584049693101513778e-01
7.420067448175762248e-01
4.358393197304449851e-01
5.690003155168427140e-01
5.809817397084500179e-01
1.360756108504282968e-01
6.459850601498307032e-01
6.747970275908102833e-01
3.122123838301923970e-01
6.837718902768538665e-02
4.441022009489800082e-01
6.786829623133948663e-01
2.811141525254489126e-01
5.733758693000939877e-01
6.326310991152490626e-01
6.738040826585540710e-01
3.542947968676769532e-01
7.611235519307124608e-01
6.455127091857041366e-01
7.109085135128327959e-01
3.231965655629334688e-01
5.827759853087469688e-01
9.129721272028259449e-01
8.023429150007216348e-01
9.237482278986595130e-01
9.603803077888116713e-01
9.818297582924159217e-01
9.733082973859711329e-01
8.067494436914360856e-01
7.797661446024229948e-01
9.407911497115493127e-01
9.898788682347342549e-01
5.501751048786905907e-01
8.078767635861304752e-01
2.156403445972411015e-01
5.353558479477263932e-01
2.467385759019845859e-01
2.444820726352965878e-01
3.091412560710797286e-01
2.444820726352965878e-01
0.000000000000000000e+00
2.811141525254489126e-01
3.122123838301923970e-01
2.444820726352965878e-01
2.811141525254489126e-01
2.156403445972411015e-01
6.130265364187456045e-01
3.725155372262636821e-01
3.269536371600773039e-01
2.467385759019845859e-01
3.457733359612320534e-01
2.444820726352965878e-01
2.156403445972411015e-01
2.811141525254489126e-01
2.444820726352965878e-01
1.360756108504282968e-01
1.493907339179687821e-01
1.804889652227122665e-01
1.804889652227122665e-01
6.837718902768538665e-02
5.118325121438757064e-01
3.122123838301923970e-01
2.444820726352965878e-01
3.091412560710797286e-01
6.837718902768538665e-02
2.552251565440561420e-01
1.804889652227122665e-01
4.790002350178732549e-01
2.444820726352965878e-01
2.444820726352965878e-01
2.030657356210108511e-01
1.790082647070887767e-01
2.037350605294138417e-01
2.444820726352965878e-01
4.683894841919409857e-01
2.811141525254489126e-01
2.444820726352965878e-01
4.498946292222986698e-01
5.118325121438758174e-01
3.869982108682385458e-01
2.811141525254489126e-01
2.037350605294138417e-01
0.000000000000000000e+00
0.000000000000000000e+00
2.156403445972411015e-01
2.444820726352965878e-01
2.444820726352965878e-01
2.585373821271503281e-01
6.837718902768538665e-02
2.444820726352965878e-01
6.837718902768538665e-02
2.030657356210108511e-01
1.790082647070887767e-01
2.811141525254489126e-01
2.811141525254489126e-01
2.811141525254489126e-01
2.896356134318938125e-01
2.444820726352965878e-01
2.444820726352965878e-01
2.156403445972411015e-01
3.503661309780862210e-01
1.790082647070887767e-01
2.156403445972411015e-01
4.229443469203598149e-01
6.837718902768538665e-02
2.552251565440561420e-01
2.896356134318938125e-01
2.444820726352965878e-01
3.729429013763848610e-01
6.593073971100370523e-01
2.444820726352965878e-01
0.000000000000000000e+00
1.360756108504282968e-01
6.837718902768538665e-02
1.804889652227122665e-01
2.156403445972411015e-01
2.156403445972411015e-01
2.444820726352965878e-01
2.444820726352965878e-01
2.444820726352965878e-01
5.507990989017954586e-01
4.824447936837947815e-01
2.811141525254489126e-01
2.444820726352965878e-01
1.790082647070887767e-01
3.593289679411943993e-01
2.811141525254489126e-01
2.467385759019845859e-01
2.693153463002831427e-01
1.790082647070887767e-01
1.790082647070887767e-01
2.156403445972411015e-01
1.790082647070887767e-01
1.790082647070887767e-01
2.156403445972411015e-01
2.156403445972411015e-01
1.790082647070887767e-01
2.241618055036860013e-01
2.156403445972411015e-01
1.790082647070887767e-01
2.156403445972411015e-01
0.000000000000000000e+00
2.030657356210108511e-01
2.156403445972411015e-01
6.837718902768538665e-02
2.444820726352965878e-01
2.241618055036860013e-01
6.837718902768538665e-02
0.000000000000000000e+00
0.000000000000000000e+00
2.811141525254489126e-01
1.790082647070887767e-01
0.000000000000000000e+00
0.000000000000000000e+00
6.837718902768538665e-02
5.068818565084349803e-01
5.118325121438757064e-01
2.444820726352965878e-01
0.000000000000000000e+00
4.584160901287436252e-01
2.444820726352965878e-01
4.434490954957111541e-01
0.000000000000000000e+00
3.821643180274028606e-01
2.156403445972411015e-01
2.881696683685993077e-01
0.000000000000000000e+00
3.662507579888185094e-01
3.821643180274029161e-01
