2.881560899731562264e-01
8.006210162408945452e-01
8.006210162408945452e-01
9.542483011486896372e-01
8.294082558004060024e-01
8.590135199263129184e-01
9.033572506664537816e-01
8.590135199263129184e-01
7.059761785632917563e-01
8.469626586369789489e-01
6.665460458256159404e-01
6.363508381549350945e-01
5.693712787365219352e-01
4.634936043359806357e-01
4.734038114905985140e-01
4.276521126392881511e-01
4.276521126392881511e-01
3.767610621570521845e-01
4.452065154758610976e-01
3.994548166245507348e-01
4.734038114905985140e-01
4.276521126392881511e-01
4.276521126392881511e-01
6.547209381647426385e-01
5.169145842297078186e-01
8.872108159410503347e-01
3.163533859878936427e-01
5.693712787365219352e-01
5.198881963654553573e-01
5.693712787365219352e-01
4.732605471585233925e-01
3.642414327829997522e-01
6.257658707659966568e-01
7.799251734293394245e-01
4.389697660517731803e-01
4.993601813931348721e-01
7.276261548359339582e-01
5.557547734226097047e-01
7.166190717414562261e-01
6.559031526474514706e-01
6.651380777144465517e-01
4.063663262829591560e-01
7.793352298845654946e-01
8.377277335699838678e-01
6.268878320663182624e-01
8.483706267481483376e-01
7.905680666075040053e-01
6.277058566327139433e-01
8.414591170897399719e-01
7.675101222236923038e-01
7.919760347186735050e-01
7.637787387039360887e-01
7.517278774146020082e-01
6.403466614668219536e-01
6.832824240957932060e-01
6.277058566327139433e-01
3.034868275253249092e-01
1.322440758204444788e-01
8.075619777518674991e-02
8.075619777518674991e-02
4.119523571265835682e-01
0.000000000000000000e+00
8.075619777518674991e-02
2.389959611456994593e-01
5.975685747512592405e-01
3.254012435900978106e-01
4.107724700370357640e-01
8.469626586369789489e-01
8.308162239115755021e-01
8.081224694440768408e-01
9.033572506664535595e-01
5.839520694373471210e-01
5.557547734226097047e-01
8.570156082703693778e-01
5.975685747512592405e-01
8.349117973476447574e-01
7.675101222236921927e-01
7.779272617733961059e-01
7.799251734293395355e-01
8.239047142531672474e-01
9.329625147923605866e-01
5.986905360515808461e-01
6.495815865338169237e-01
7.410849842364375384e-01
8.521020102679046637e-01
8.181754190774677138e-01
8.469626586369789489e-01
9.315545466811911979e-01
8.308162239115756131e-01
6.939253172739576758e-01
5.422959440221061245e-01
5.198881963654553573e-01
4.780743950368057660e-01
4.452065154758610976e-01
1.604413718351818952e-01
7.850645250602651393e-01
5.184802282542859686e-01
4.107724700370357640e-01
6.101514537961412188e-01
4.001295768588712387e-01
6.860983603181322055e-01
3.767610621570521845e-01
7.393128262089547764e-01
8.872108159410503347e-01
9.033572506664537816e-01
8.483706267481483376e-01
7.517278774146020082e-01
7.517278774146020082e-01
7.517278774146020082e-01
7.799251734293394245e-01
7.793352298845654946e-01
7.111155301942174711e-01
7.568672290455277230e-01
5.307376035465244390e-01
6.665460458256159404e-01
8.363197654588143681e-01
9.718027039852625837e-01
7.678743121400054550e-01
6.860983603181322055e-01
8.483706267481483376e-01
2.107986651309620707e-01
4.840467046687630392e-01
4.452065154758610976e-01
5.975685747512592405e-01
7.919760347186733940e-01
5.393825850687455903e-01
5.557547734226097047e-01
9.154081119557877511e-01
7.355814426891986724e-01
6.334351518084134769e-01
5.663976666007742855e-01
7.004726370160530013e-01
6.602244797119815045e-01
6.754554671399677357e-01
5.866396747622468766e-01
4.634936043359806357e-01
5.023337935288825218e-01
5.129766867070471026e-01
5.869256815730947707e-01
5.411739827217845189e-01
5.023337935288825218e-01
5.184802282542859686e-01
5.129766867070471026e-01
5.869256815730947707e-01
5.557547734226097047e-01
5.275574774078722884e-01
7.111155301942173601e-01
7.637787387039360887e-01
8.308162239115756131e-01
9.154081119557877511e-01
7.799251734293394245e-01
9.033572506664535595e-01
8.363197654588143681e-01
7.341734745780292837e-01
8.483706267481483376e-01
7.053862350185179375e-01
9.329625147923605866e-01
6.547209381647426385e-01
7.111155301942174711e-01
8.187653626222415326e-01
8.858028478298808350e-01
7.785172053181699248e-01
7.462243358673632532e-01
5.025403075317870227e-01
4.732605471585233925e-01
6.967412534962967863e-01
8.187653626222415326e-01
7.617808270479927701e-01
6.052378557936761716e-01
8.075619777518674991e-02
4.352963083212431639e-01
1.719584759380601013e-01
8.075619777518674991e-02
2.107986651309620707e-01
0.000000000000000000e+00
0.000000000000000000e+00
0.000000000000000000e+00
0.000000000000000000e+00
2.485002036070196318e-01
0.000000000000000000e+00
1.719584759380601013e-01
0.000000000000000000e+00
4.110369098291664636e-01
0.000000000000000000e+00
0.000000000000000000e+00
7.410849842364375384e-01
5.704932400368435408e-01
0.000000000000000000e+00
8.765679227628857539e-01
7.850645250602651393e-01
1.604413718351818952e-01
0.000000000000000000e+00
4.849859046952141872e-01
0.000000000000000000e+00
3.350900033071753659e-01
8.377277335699838678e-01
8.075619777518674991e-02
0.000000000000000000e+00
2.881560899731562264e-01
0.000000000000000000e+00
2.107986651309620707e-01
3.934825069925935725e-01
1.719584759380601013e-01
4.276521126392881511e-01
2.107986651309620707e-01
8.075619777518674991e-02
8.075619777518674991e-02
7.335835310332553538e-01
1.322440758204444788e-01
8.075619777518674991e-02
2.107986651309620707e-01
3.543778780075609314e-01
2.035642019289439775e-01
0.000000000000000000e+00
0.000000000000000000e+00
8.075619777518674991e-02
0.000000000000000000e+00
0.000000000000000000e+00
0.000000000000000000e+00
0.000000000000000000e+00
0.000000000000000000e+00
0.000000000000000000e+00
8.075619777518674991e-02
0.000000000000000000e+00
0.000000000000000000e+00
0.000000000000000000e+00
0.000000000000000000e+00
0.000000000000000000e+00
0.000000000000000000e+00
0.000000000000000000e+00
0.000000000000000000e+00
0.000000000000000000e+00
0.000000000000000000e+00
0.000000000000000000e+00
0.000000000000000000e+00
0.000000000000000000e+00
0.000000000000000000e+00
1.322440758204444788e-01
0.000000000000000000e+00
0.000000000000000000e+00
2.107986651309620707e-01
2.287584942565515089e-01
0.000000000000000000e+00
8.075619777518674991e-02
0.000000000000000000e+00
1.322440758204444788e-01
2.881560899731562264e-01
4.450632511437859762e-01
3.350900033071753659e-01
4.389697660517731803e-01
1.322440758204444788e-01
3.217744382387468516e-01
2.819729601473741631e-01
1.322440758204444788e-01
1.719584759380601013e-01
0.000000000000000000e+00
3.642414327829998077e-01
0.000000000000000000e+00
3.163533859878936427e-01
4.965442451707959282e-01
0.000000000000000000e+00
5.198881963654553573e-01
1.719584759380601013e-01
2.485002036070196318e-01
2.881560899731562264e-01
8.075619777518674991e-02
2.107986651309620707e-01
0.000000000000000000e+00
0.000000000000000000e+00
6.121493654520845373e-01
4.829879930392707577e-01
0.000000000000000000e+00
3.350900033071753659e-01
0.000000000000000000e+00
0.000000000000000000e+00
8.075619777518674991e-02
4.849859046952141872e-01
5.811361332150081216e-01
6.495815865338169237e-01
6.375307252444829542e-01
7.511379338698280783e-01
8.081224694440768408e-01
9.047652187776231703e-01
8.081224694440768408e-01
8.463727150922049081e-01
9.154081119557877511e-01
9.260510051339522208e-01
7.617808270479926591e-01
8.414591170897399719e-01
6.541696807836385741e-01
8.858028478298808350e-01
8.645170614735517844e-01
8.308162239115755021e-01
7.779272617733961059e-01
6.651380777144465517e-01
6.245644166577317691e-01
6.366152779470657386e-01
6.823669767983761014e-01
6.930098699765405712e-01
6.754554671399677357e-01
6.084179819323283223e-01
6.823669767983761014e-01
6.648125739618031549e-01
5.908635790957554867e-01
6.153294915907366880e-01
5.977750887541638525e-01
5.034557548292042384e-01
5.480854923801927736e-01
4.352963083212431639e-01
4.276521126392881511e-01
4.452065154758610976e-01
3.767610621570521845e-01
4.001295768588712387e-01
4.993601813931349831e-01
4.484691309108989610e-01
3.767610621570521845e-01
4.840467046687630392e-01
3.994548166245507348e-01
3.543778780075609314e-01
3.254012435900978661e-01
2.796495447387875033e-01
3.254012435900978106e-01
2.796495447387875033e-01
2.287584942565515089e-01
2.796495447387875033e-01
2.796495447387875033e-01
7.180270398526257258e-01
7.905680666075040053e-01
7.899781230627300754e-01
5.169145842297078186e-01
7.868366830877477902e-01
7.286699330307903066e-01
7.899781230627300754e-01
3.254012435900978661e-01
5.695777927394264362e-01
6.860983603181322055e-01
5.799562461254602619e-01
6.645481341696726219e-01
4.001295768588712387e-01
7.517278774146021192e-01
7.128876882217001221e-01
8.469626586369789489e-01
4.276521126392881511e-01
5.750426481229954367e-01
6.665460458256159404e-01
6.616324478231510042e-01
4.056910441953362478e-01
8.075619777518674991e-02
5.888656674398120572e-01
8.075619777518674991e-02
8.075619777518674991e-02
8.075619777518674991e-02
3.350900033071753659e-01
3.964561191283412223e-01
8.075619777518674991e-02
1.719584759380601013e-01
1.604413718351818952e-01
0.000000000000000000e+00
5.247415411855331779e-01
1.604413718351818952e-01
8.075619777518674991e-02
2.485002036070196318e-01
3.767610621570521845e-01
0.000000000000000000e+00
8.075619777518674991e-02
5.034557548292042384e-01
0.000000000000000000e+00
1.604413718351818952e-01
4.119523571265835682e-01
0.000000000000000000e+00
0.000000000000000000e+00
0.000000000000000000e+00
0.000000000000000000e+00
2.737818132752355971e-01
0.000000000000000000e+00
0.000000000000000000e+00
8.075619777518674991e-02
0.000000000000000000e+00
0.000000000000000000e+00
1.322440758204444788e-01
4.056910441953362478e-01
8.075619777518674991e-02
0.000000000000000000e+00
8.075619777518674991e-02
0.000000000000000000e+00
1.322440758204444788e-01
2.485002036070196318e-01
4.914048935398701579e-01
0.000000000000000000e+00
0.000000000000000000e+00
2.107986651309620707e-01
3.163533859878936427e-01
8.075619777518674991e-02
1.322440758204444788e-01
8.075619777518674991e-02
2.796495447387875033e-01
3.837550611118460964e-01
3.360441367682623359e-01
1.322440758204444788e-01
8.075619777518674991e-02
4.904507600787831323e-01
1.604413718351818952e-01
5.756325916677692556e-01
5.945949626155117018e-01
2.485002036070196318e-01
5.693712787365219352e-01
6.403466614668219536e-01
4.484691309108988500e-01
5.023337935288825218e-01
1.322440758204444788e-01
3.480949980575964164e-01
2.799355515496353974e-01
6.541696807836385741e-01
3.719322808441338224e-01
6.898297438378883095e-01
6.334351518084134769e-01
2.796495447387875033e-01
2.796495447387875033e-01
3.254012435900978661e-01
2.796495447387875033e-01
3.642414327829997522e-01
2.796495447387875033e-01
4.001295768588712387e-01
3.543778780075610424e-01
3.034868275253249092e-01
3.543778780075610424e-01
3.719322808441338224e-01
3.719322808441338224e-01
4.001295768588712387e-01
4.107724700370357640e-01
4.276521126392881511e-01
4.452065154758610976e-01
3.485637661423147682e-01
3.994548166245507348e-01
3.767610621570521845e-01
5.169145842297078186e-01
4.993601813931348721e-01
4.484691309108988500e-01
4.993601813931349831e-01
4.711628853783975668e-01
3.934825069925935725e-01
4.993601813931349831e-01
5.411739827217845189e-01
5.411739827217845189e-01
4.902829322395484968e-01
5.411739827217845189e-01
5.411739827217845189e-01
5.693712787365219352e-01
5.411739827217845189e-01
4.051011006505623735e-01
5.411739827217845189e-01
4.565820946775722144e-01
5.411739827217845189e-01
6.093334292297455379e-01
5.704932400368435408e-01
6.657280212592202595e-01
6.550851280810556787e-01
7.318500591694425683e-01
6.541696807836386851e-01
6.366152779470657386e-01
6.472581711252303194e-01
6.754554671399677357e-01
6.930098699765405712e-01
6.245644166577316581e-01
6.527617126724690744e-01
7.180270398526257258e-01
8.006210162408946562e-01
7.497299657586586896e-01
7.335835310332553538e-01
7.974795762659123710e-01
7.799251734293394245e-01
7.517278774146020082e-01
8.187653626222415326e-01
7.799251734293394245e-01
7.799251734293394245e-01
9.260510051339522208e-01
7.122977446769261922e-01
7.799251734293394245e-01
9.611598108070980029e-01
9.329625147923605866e-01
9.893571068218355302e-01
8.872108159410503347e-01
8.765679227628857539e-01
8.645170614735516734e-01
7.511379338698280783e-01
8.978537091192148045e-01
8.552821364065567034e-01
7.568672290455277230e-01
8.521020102679046637e-01
8.469626586369789489e-01
9.084966022973793853e-01
8.414591170897401939e-01
7.678743121400054550e-01
7.905680666075040053e-01
9.260510051339522208e-01
7.799251734293394245e-01
8.483706267481483376e-01
7.517278774146021192e-01
7.960716081547428713e-01
9.366938983121168016e-01
6.363508381549350945e-01
7.497299657586586896e-01
8.187653626222415326e-01
8.363197654588142571e-01
9.084966022973793853e-01
7.462243358673632532e-01
7.221226132886952032e-01
9.436054079705251674e-01
8.187653626222415326e-01
8.927143574882890897e-01
8.696564131044773882e-01
7.215326697439212733e-01
8.645170614735517844e-01
8.256768722806498984e-01
8.377277335699838678e-01
7.850645250602651393e-01
8.696564131044773882e-01
9.033572506664535595e-01
7.919760347186735050e-01
8.026189278968380858e-01
7.706902483623443434e-01
7.249385495110342026e-01
6.596345361672075747e-01
5.750426481229954367e-01
7.036527631547051520e-01
6.472581711252303194e-01
4.711628853783974558e-01
2.035642019289439775e-01
2.035642019289439775e-01
2.599587939584188101e-01
2.881560899731562264e-01
2.107986651309620707e-01
3.543778780075609314e-01
4.276521126392881511e-01
3.994548166245507348e-01
2.107986651309620707e-01
4.051011006505623735e-01
8.075619777518674991e-02
0.000000000000000000e+00
1.604413718351818952e-01
1.604413718351818952e-01
3.163533859878936427e-01
5.529388372002707053e-01
7.335835310332553538e-01
4.840467046687630392e-01
7.813331415405089242e-01
6.213842905190795074e-01
4.840467046687630392e-01
7.850645250602651393e-01
7.462243358673632532e-01
8.012109597856685861e-01
7.637787387039360887e-01
8.483706267481483376e-01
8.294082558004060024e-01
8.696564131044773882e-01
8.181754190774674917e-01
8.751599546517163652e-01
8.081224694440768408e-01
1.000000000000000000e+00
7.355814426891986724e-01
7.988875443770818707e-01
7.235305813998647029e-01
8.858028478298808350e-01
7.730136637709310587e-01
7.036527631547051520e-01
6.616324478231508932e-01
4.452065154758610976e-01
4.671670620665105966e-01
4.276521126392881511e-01
5.169145842297078186e-01
4.107724700370357640e-01
6.268878320663182624e-01
5.198881963654553573e-01
8.469626586369789489e-01
7.290341229471034579e-01
7.730136637709311698e-01
8.469626586369787269e-01
8.414591170897399719e-01
7.393128262089548874e-01
8.187653626222415326e-01
8.483706267481483376e-01
4.001295768588712387e-01
5.275574774078722884e-01
5.839520694373471210e-01
5.169145842297078186e-01
6.930098699765404602e-01
6.898297438378883095e-01
7.813331415405090352e-01
7.813331415405090352e-01
7.462243358673632532e-01
8.872108159410503347e-01
8.026189278968380858e-01
8.095304375552464515e-01
9.260510051339522208e-01
7.572314189618409852e-01
8.483706267481483376e-01
8.765679227628857539e-01
8.294082558004060024e-01
8.026189278968380858e-01
8.696564131044773882e-01
5.451118802444452349e-01
9.436054079705251674e-01
7.850645250602651393e-01
9.084966022973794963e-01
9.421974398593556677e-01
8.858028478298808350e-01
7.503199093034326195e-01
8.696564131044773882e-01
7.850645250602651393e-01
7.355814426891986724e-01
7.678743121400054550e-01
4.734038114905985140e-01
4.734038114905985140e-01
4.276521126392881511e-01
4.734038114905985140e-01
4.734038114905985140e-01
4.452065154758610976e-01
4.734038114905985140e-01
4.452065154758610976e-01
4.276521126392881511e-01
4.734038114905985140e-01
4.276521126392881511e-01
4.276521126392881511e-01
4.063663262829591560e-01
3.994548166245507348e-01
3.994548166245507348e-01
6.093334292297455379e-01
8.187653626222415326e-01
5.404412966982378164e-01
5.307376035465244390e-01
7.108897765657566925e-01
7.785172053181700358e-01
3.543778780075609314e-01
5.316530508439416547e-01
7.335835310332553538e-01
3.642414327829998077e-01
2.881560899731562264e-01
7.957074182384297201e-01
5.963671206429942417e-01
2.107986651309620707e-01
4.202718348961614336e-01
6.645481341696726219e-01
3.034868275253249092e-01
2.796495447387875033e-01
4.276521126392881511e-01
6.671359893703898702e-01
2.796495447387875033e-01
3.767610621570521845e-01
5.704932400368435408e-01
6.038298876825066719e-01
4.119523571265835682e-01
7.503199093034326195e-01
8.469626586369789489e-01
7.724237202261572399e-01
6.541696807836386851e-01
5.169145842297078186e-01
8.187653626222415326e-01
3.994548166245507348e-01
4.734038114905985140e-01
4.276521126392881511e-01
3.994548166245507348e-01
5.811361332150081216e-01
5.584423787475094603e-01
5.986905360515808461e-01
6.268878320663182624e-01
6.038298876825066719e-01
7.675101222236921927e-01
8.181754190774674917e-01
7.957074182384297201e-01
7.637787387039361997e-01
6.671359893703898702e-01
8.590135199263129184e-01
6.967412534962967863e-01
8.377277335699838678e-01
7.678743121400054550e-01
8.469626586369789489e-01
7.517278774146020082e-01
9.033572506664537816e-01
7.905680666075040053e-01
7.957074182384297201e-01
8.256768722806498984e-01
6.939253172739577868e-01
6.665460458256159404e-01
8.483706267481483376e-01
7.617808270479927701e-01
8.377277335699838678e-01
4.389697660517731803e-01
5.750426481229954367e-01
5.557547734226097047e-01
4.734038114905985140e-01
3.254012435900978106e-01
3.924387287977371686e-01
5.693712787365219352e-01
8.696564131044773882e-01
7.531358455257715079e-01
8.872108159410503347e-01
3.543778780075610424e-01
3.543778780075610424e-01
3.543778780075610424e-01
3.034868275253249648e-01
3.934825069925935725e-01
4.484691309108988500e-01
5.411739827217845189e-01
5.411739827217845189e-01
5.129766867070471026e-01
6.257658707659966568e-01
5.584423787475094603e-01
6.884217757267189208e-01
7.730136637709311698e-01
7.850645250602651393e-01
6.162449388881537926e-01
5.480854923801927736e-01
7.215326697439212733e-01
6.268878320663182624e-01
3.163533859878936427e-01
5.451118802444452349e-01
5.393825850687455903e-01
8.858028478298808350e-01
7.286699330307903066e-01
8.645170614735517844e-01
7.497299657586586896e-01
8.187653626222415326e-01
8.570156082703693778e-01
9.718027039852625837e-01
9.542483011486896372e-01
9.366938983121168016e-01
9.315545466811911979e-01
8.377277335699838678e-01
9.047652187776231703e-01
5.975685747512592405e-01
2.881560899731562264e-01
2.881560899731562264e-01
2.881560899731562264e-01
2.493159007802542571e-01
2.881560899731562264e-01
2.493159007802543126e-01
2.881560899731562264e-01
2.493159007802542571e-01
2.035642019289439775e-01
2.035642019289439775e-01
2.035642019289439775e-01
2.035642019289439775e-01
2.035642019289439775e-01
2.035642019289439775e-01
2.493159007802543126e-01
2.035642019289439775e-01
2.035642019289439775e-01
2.796495447387875033e-01
2.796495447387875033e-01
2.796495447387875033e-01
2.796495447387875033e-01
2.796495447387875033e-01
2.796495447387875033e-01
3.254012435900978106e-01
3.254012435900978661e-01
3.642414327829998077e-01
2.389959611456994593e-01
3.254012435900978661e-01
3.642414327829998077e-01
3.254012435900978661e-01
3.254012435900978661e-01
3.360441367682623359e-01
3.254012435900978661e-01
2.796495447387875033e-01
3.254012435900978661e-01
2.796495447387875033e-01
2.796495447387875033e-01
2.796495447387875033e-01
2.796495447387875033e-01
3.360441367682623359e-01
3.254012435900978661e-01
2.796495447387875033e-01
3.254012435900978661e-01
3.642414327829998077e-01
3.360441367682623359e-01
3.543778780075610424e-01
4.389697660517731803e-01
4.389697660517731803e-01
4.734038114905985140e-01
4.452065154758610976e-01
4.734038114905985140e-01
4.276521126392881511e-01
5.587283855583573544e-01
5.129766867070471026e-01
5.411739827217845189e-01
4.902829322395484968e-01
5.598503468586789600e-01
6.268878320663182624e-01
6.832824240957932060e-01
6.162449388881537926e-01
6.093334292297455379e-01
6.093334292297455379e-01
6.093334292297455379e-01
6.657280212592202595e-01
7.221226132886950921e-01
6.375307252444829542e-01
6.550851280810556787e-01
6.550851280810556787e-01
4.646155656363022413e-01
5.866396747622468766e-01
5.584423787475094603e-01
6.884217757267189208e-01
5.945949626155117018e-01
7.724237202261572399e-01
8.187653626222415326e-01
6.826924805510192762e-01
8.026189278968380858e-01
8.469626586369789489e-01
7.393128262089548874e-01
7.442264242114198236e-01
7.442264242114198236e-01
8.288183122556319615e-01
8.288183122556321836e-01
7.637787387039361997e-01
6.375307252444829542e-01
9.134102002998443215e-01
8.852129042851067942e-01
6.826924805510193872e-01
5.869256815730947707e-01
8.765679227628857539e-01
6.245644166577317691e-01
6.754554671399677357e-01
7.212071659912778765e-01
7.212071659912778765e-01
7.318500591694425683e-01
7.212071659912779875e-01
6.440780449865781687e-01
7.675101222236921927e-01
3.642414327829998077e-01
6.093334292297455379e-01
7.249385495110342026e-01
5.034557548292042384e-01
7.744216318821006695e-01
