6.334832611257017465e-01
8.593002375352062350e-01
8.593002375352062350e-01
8.232596915886627453e-01
7.138315735166664844e-01
7.592004415102795445e-01
6.969950914341735970e-01
8.008952474899693197e-01
6.790975078024887868e-01
6.267678995433636491e-01
5.293714643773629325e-01
5.699714308172300070e-01
4.300844792499806668e-01
2.217688713082796303e-01
5.546868076502766698e-01
2.673854843722485164e-01
5.597577502907602476e-01
3.899781821449349595e-01
2.412206802426859753e-01
7.493520286241719952e-02
0.000000000000000000e+00
7.493520286241719952e-02
0.000000000000000000e+00
0.000000000000000000e+00
7.493520286241719952e-02
5.549888487370141510e-01
2.673854843722485164e-01
3.814089205603198307e-01
5.130824020647812844e-01
5.383977453376950217e-01
5.456605266899444695e-01
6.070164159094018075e-01
4.743384952593119874e-01
6.988489914364506284e-01
7.167465750681355496e-01
8.120774695393161435e-01
7.237073153336474052e-01
8.232596915886627453e-01
8.035082079547009037e-01
8.022017277223352227e-01
5.173397814713673881e-01
7.610543415125566868e-01
7.957884072267344955e-01
6.452129029449598097e-01
6.166467790432088592e-01
6.073184569961391777e-01
7.690761833272606873e-01
7.330356373807170867e-01
7.237073153336474052e-01
6.713777070745223785e-01
6.499818044987057952e-01
7.592004415102795445e-01
8.115300497694046822e-01
9.017541039773504519e-01
6.807060291215919490e-01
6.439064227125940176e-01
7.429113791976980075e-01
7.434587989676093578e-01
7.087247332534316602e-01
7.237073153336474052e-01
5.181892423280162197e-01
7.859126654097535747e-01
8.022017277223352227e-01
6.975425112040849474e-01
7.237073153336475162e-01
7.859126654097534637e-01
7.237073153336474052e-01
6.695238070722452361e-01
6.713777070745223785e-01
6.027590365028157038e-01
8.382422736688787124e-01
8.382422736688787124e-01
8.022017277223352227e-01
9.279189081069130207e-01
8.022017277223352227e-01
9.017541039773504519e-01
8.168463710930622401e-01
8.494244957182253142e-01
7.224008351012816131e-01
7.172939948380467889e-01
7.330356373807170867e-01
7.592004415102795445e-01
9.116298457943313727e-01
8.755892998477878830e-01
7.872191456421192557e-01
7.872191456421192557e-01
8.069706292760812083e-01
8.382422736688784903e-01
7.970948874591001765e-01
7.597478612801910058e-01
8.232596915886627453e-01
7.023114127578309329e-01
7.087247332534316602e-01
8.481180154858596332e-01
9.215055876113122935e-01
8.022017277223350007e-01
7.760369235927724318e-01
8.022017277223350007e-01
8.657135580308069622e-01
7.957884072267344955e-01
9.279189081069130207e-01
7.237073153336474052e-01
8.219532113562970643e-01
8.494244957182253142e-01
7.511785996955756550e-01
9.116298457943313727e-01
8.644070777984412812e-01
7.121871545748118537e-01
8.755892998477878830e-01
8.742828196154219800e-01
8.283665318518975695e-01
8.232596915886627453e-01
7.231598955637361659e-01
7.434587989676093578e-01
6.615019652575413467e-01
5.976521962395806575e-01
5.032066602478003636e-01
7.493520286241719952e-02
0.000000000000000000e+00
1.595635212321735996e-01
6.545412249920294911e-01
5.824601330989424008e-01
7.493520286241719952e-02
1.488765825684772171e-01
4.796548165829693788e-01
7.493520286241719952e-02
0.000000000000000000e+00
1.488765825684772171e-01
4.679251747637113712e-01
0.000000000000000000e+00
7.493520286241719952e-02
1.956040671787171170e-01
3.759009709885785533e-01
1.227117784389146621e-01
5.032066602478003636e-01
5.824601330989424008e-01
6.126347783197966246e-01
5.795451315474734466e-01
7.645167628339371024e-01
7.696236030971719266e-01
8.953407834817497246e-01
8.430111752226246979e-01
7.872191456421192557e-01
8.644070777984410592e-01
6.609545454876301074e-01
8.395487539012443934e-01
7.597478612801910058e-01
4.895305583999502996e-01
7.284762168873935018e-01
9.377946499238939415e-01
6.433590029426826673e-01
7.498721194632099740e-01
8.069706292760812083e-01
8.168463710930621291e-01
7.970948874591001765e-01
7.597478612801910058e-01
7.511785996955757660e-01
8.120774695393161435e-01
8.953407834817497246e-01
6.807060291215919490e-01
8.232596915886627453e-01
9.116298457943313727e-01
8.382422736688787124e-01
8.022017277223350007e-01
7.648547015434258300e-01
8.494244957182253142e-01
7.348895373829941180e-01
8.022017277223352227e-01
7.348895373829941180e-01
8.593002375352062350e-01
8.854650416647688038e-01
9.116298457943313727e-01
7.597478612801910058e-01
8.219532113562970643e-01
9.017541039773504519e-01
7.087247332534316602e-01
8.593002375352062350e-01
8.331354334056436661e-01
7.224008351012816131e-01
8.854650416647688038e-01
6.446654831750484593e-01
7.773434038251383349e-01
6.006030954138010802e-01
8.644070777984412812e-01
1.000000000000000000e+00
9.215055876113122935e-01
7.485656392308441820e-01
7.760369235927724318e-01
8.232596915886627453e-01
7.970948874591001765e-01
7.511785996955756550e-01
8.854650416647688038e-01
7.859126654097535747e-01
8.331354334056436661e-01
7.808058251465186395e-01
7.773434038251383349e-01
6.761466086282683641e-01
7.690761833272605763e-01
7.167465750681355496e-01
6.057099356770360155e-01
5.709758699628582068e-01
5.285220035207141009e-01
7.052623119320512446e-01
6.006030954138010802e-01
4.633657542703877308e-01
8.657135580308069622e-01
9.279189081069130207e-01
0.000000000000000000e+00
7.957884072267344955e-01
1.488765825684772171e-01
7.970948874591001765e-01
6.761466086282683641e-01
6.139412585521624166e-01
6.490132629758289529e-01
5.173397814713673881e-01
7.493520286241719952e-02
2.673854843722485164e-01
2.673854843722485164e-01
6.430569618559452971e-01
3.026691294884581995e-01
5.181892423280162197e-01
3.288339336180207684e-01
5.446194375852118075e-01
4.924814575741706668e-01
3.379865125952987159e-01
0.000000000000000000e+00
8.133839497716818245e-01
5.979901349490696072e-01
1.488765825684772171e-01
7.434587989676093578e-01
6.027590365028155928e-01
1.595635212321735996e-01
5.392472061943438533e-01
7.485656392308441820e-01
2.935502885018110297e-01
4.663166534446080980e-01
2.597574913342441394e-01
3.026691294884581995e-01
0.000000000000000000e+00
1.595635212321735996e-01
0.000000000000000000e+00
7.493520286241719952e-02
6.452129029449598097e-01
6.924356709408501231e-01
0.000000000000000000e+00
1.595635212321735996e-01
6.120873585498853853e-01
0.000000000000000000e+00
0.000000000000000000e+00
5.718253308195070383e-01
6.975425112040848363e-01
4.713875960850916202e-01
1.227117784389146621e-01
7.808058251465186395e-01
5.806599835317552971e-01
1.595635212321735996e-01
2.985805853872133264e-01
6.104788372307821120e-01
0.000000000000000000e+00
1.956040671787171170e-01
5.255711043464937893e-01
5.603051700606714869e-01
4.975524002146541891e-01
5.181892423280162197e-01
6.452129029449598097e-01
2.673854843722485164e-01
5.446194375852118075e-01
7.125250932843006924e-01
7.434587989676093578e-01
8.382422736688784903e-01
6.168921577263826173e-01
7.493520286241719952e-02
0.000000000000000000e+00
2.816111656221305659e-01
1.488765825684772171e-01
0.000000000000000000e+00
1.956040671787171170e-01
5.282766248375403428e-01
2.217688713082796303e-01
0.000000000000000000e+00
6.190480988153973518e-01
5.915768144534689910e-01
2.540473212338873465e-01
5.549888487370141510e-01
4.975524002146540781e-01
0.000000000000000000e+00
2.313449384257050268e-01
5.032066602478003636e-01
4.550985337725099722e-01
2.305880375953712202e-01
7.237073153336474052e-01
7.087247332534316602e-01
0.000000000000000000e+00
0.000000000000000000e+00
5.293714643773629325e-01
6.283764208624669223e-01
0.000000000000000000e+00
1.888910719835608654e-01
8.494244957182253142e-01
4.620592740380219388e-01
2.935502885018110297e-01
7.808058251465186395e-01
8.657135580308069622e-01
7.386898974138632612e-01
