4.981539554945950687e-01
6.210956024820696308e-01
8.764746220539881838e-01
7.438115703269297940e-01
7.996122813497233972e-01
7.703187847786374665e-01
9.336684741364708051e-01
8.847064889436029311e-01
8.499674076022804003e-01
7.648732000084008664e-01
9.336684741364708051e-01
8.778677631136772019e-01
6.020108448188249417e-01
7.731050668980156138e-01
7.941666965794867972e-01
7.173043558752220106e-01
8.101430961904587669e-01
7.876883254492986763e-01
6.404420151709573350e-01
6.760869034037114700e-01
9.894691851592644083e-01
8.989293927951482743e-01
8.394365927615448086e-01
8.778677631136772019e-01
8.554129923725168894e-01
8.499674076022804003e-01
7.717119258383265956e-01
7.836358817387512055e-01
6.481865478923145574e-01
6.481865478923145574e-01
4.437463855314905947e-01
3.893388155683861207e-01
6.125416596595605334e-01
2.851215715444185839e-01
7.432278393683923179e-01
6.191760462473082649e-01
3.568170615613052710e-01
8.989293927951482743e-01
4.662011562726508518e-01
2.085787834197936896e-01
7.990576920917442927e-02
3.183858912091729332e-01
7.036269042153706632e-01
6.683423706823541366e-01
2.263494809102903071e-01
4.927083707243585242e-01
1.308514379441951814e-01
7.036269042153706632e-01
7.990576920917442927e-02
0.000000000000000000e+00
1.587517934555920107e-01
4.662011562726508518e-01
7.990576920917442927e-02
0.000000000000000000e+00
2.708986676928732407e-01
3.315612325273660232e-01
0.000000000000000000e+00
0.000000000000000000e+00
3.959158863726686128e-01
6.020108448188249417e-01
5.988642079997091860e-01
0.000000000000000000e+00
7.543423851676653857e-01
4.851198534605609125e-01
2.014205050102281791e-01
0.000000000000000000e+00
5.988642079997090750e-01
7.990576920917442927e-02
0.000000000000000000e+00
8.883985779544127936e-01
6.376557330515791877e-01
7.990576920917442927e-02
0.000000000000000000e+00
1.308514379441951814e-01
0.000000000000000000e+00
6.874271283455987147e-01
7.139343427973063871e-01
7.941666965794867972e-01
1.308514379441951814e-01
5.058020914256725620e-01
0.000000000000000000e+00
0.000000000000000000e+00
0.000000000000000000e+00
4.835706969433121172e-01
6.979579431863343064e-01
0.000000000000000000e+00
0.000000000000000000e+00
6.097553775401822751e-01
0.000000000000000000e+00
2.606083081681528357e-01
8.101430961904589889e-01
4.941015117840476534e-01
2.085787834197936896e-01
2.364791389311904635e-01
8.152283262609580916e-01
7.990576920917442927e-02
7.990576920917442927e-02
1.587517934555920107e-01
7.153274838569956273e-01
3.506459901906105459e-01
7.990576920917442927e-02
7.432278393683924289e-01
9.720996444886031984e-01
1.587517934555920107e-01
2.364791389311904635e-01
9.162989334658095952e-01
6.020108448188249417e-01
3.315612325273660232e-01
1.000000000000000000e+00
7.767971559088254763e-01
5.499022228068413121e-01
8.952373037843385228e-01
7.767971559088255873e-01
8.741756741028673394e-01
8.764746220539881838e-01
8.101430961904587669e-01
9.043749775653849854e-01
7.452047113866189232e-01
6.495796889520037976e-01
7.642894690498635013e-01
7.136122668644121481e-01
6.086452314065727842e-01
4.343470567248009506e-01
3.604056736970377983e-01
1.587517934555920107e-01
3.604056736970377983e-01
3.325053181856409967e-01
2.767046071628473380e-01
2.767046071628473380e-01
3.219745033449054050e-01
3.219745033449054050e-01
3.604056736970377983e-01
3.219745033449054050e-01
3.219745033449054605e-01
3.219745033449054605e-01
6.755031724451741049e-01
3.785463457020073474e-01
7.104656300452963924e-01
6.757265487039738616e-01
1.308514379441951814e-01
5.689869804700857792e-01
2.085787834197936896e-01
4.835706969433121172e-01
7.520434372165445414e-01
8.325978669316190794e-01
7.822427406790620763e-01
7.873279707495611790e-01
8.275126368611201988e-01
7.418346983087031887e-01
6.811721334742104617e-01
7.036269042153706632e-01
