0.000000000000000000e+00
5.922171744992047598e-02
5.922171744992047598e-02
2.711653921963140812e-01
2.711653921963140812e-01
2.717893028982274473e-01
1.761199702992854166e-01
5.625235777769372891e-01
3.092257732123784297e-01
7.834850779224941109e-01
3.079776756146910266e-01
2.337558017598668214e-01
6.403941600453768590e-01
4.202567889974583859e-01
5.879681260510091212e-01
5.363105607797534757e-01
9.890470658202250853e-02
1.308767627940694012e-01
7.415580290311367673e-01
3.946925402673307492e-01
3.821964079813940929e-01
4.530069722584729730e-01
7.076101055393062556e-01
8.310942145808862813e-01
3.940437720002745170e-01
0.000000000000000000e+00
4.485456585486483072e-01
5.922171744992047598e-02
6.371041104975888603e-01
1.885125942546507505e-01
1.570897797912532423e-01
5.922171744992047598e-02
0.000000000000000000e+00
1.576350397277380688e-01
1.576350397277380688e-01
7.737839624739195621e-01
6.029777181334409208e-01
5.922171744992047598e-02
7.249328614533481208e-01
4.485456585486481962e-01
3.107401834789941253e-01
3.472861542284428338e-01
5.355420920566413834e-01
1.179348970900546828e-01
4.804438385525435229e-01
4.023522215827496917e-01
5.922171744992047598e-02
0.000000000000000000e+00
6.903019050803217427e-01
3.478503350343760125e-01
4.524169724076784194e-01
7.709332740918718452e-01
5.922171744992047598e-02
1.885125942546507505e-01
5.922171744992047598e-02
0.000000000000000000e+00
2.830127562151945608e-01
2.146987313741309245e-01
1.761199702992854166e-01
3.940437720002745170e-01
2.830127562151945608e-01
4.202567889974583859e-01
2.908194934062596770e-01
1.576350397277380688e-01
2.713314235470596358e-01
0.000000000000000000e+00
5.639404514011985281e-01
0.000000000000000000e+00
1.308767627940694012e-01
4.914687945949781089e-01
1.761199702992854166e-01
0.000000000000000000e+00
1.761199702992854166e-01
6.872315361154038849e-01
3.940437720002745170e-01
3.288201445263437828e-01
4.530069722584729730e-01
7.382418704172781787e-01
1.885125942546507505e-01
2.337558017598668214e-01
5.185042195686078159e-01
5.494523532910111641e-01
1.997091676939141414e-01
1.885125942546507505e-01
4.452341459185268358e-01
3.631662174733618631e-01
5.922171744992047598e-02
1.761199702992854166e-01
3.578854206496359103e-01
2.926617931757051205e-01
2.505134929574169833e-01
5.922171744992047598e-02
4.137784023200484218e-01
2.717893028982275028e-01
3.369532004761780497e-01
2.926617931757051205e-01
2.337558017598668214e-01
3.020429467232267906e-01
6.891319950367691405e-01
4.662044363144162151e-01
2.926617931757051205e-01
3.388552301416037360e-01
4.330265522897582819e-01
3.020429467232267906e-01
6.967129709811082927e-01
1.179348970900546828e-01
1.576350397277380688e-01
2.147256112518346471e-01
6.551840715449385177e-01
3.388552301416036805e-01
2.817646586175071577e-01
5.484315446348380085e-01
4.115204584646237063e-01
2.147256112518345916e-01
3.020429467232267906e-01
4.570815099374072599e-01
2.817646586175071577e-01
9.890470658202250853e-02
1.308767627940694012e-01
4.392869795054905602e-01
5.922171744992047598e-02
9.890470658202250853e-02
7.057096466179412220e-01
5.922171744992047598e-02
4.330265522897582819e-01
5.922171744992047598e-02
3.079776756146910266e-01
4.485456585486481962e-01
9.120318739489904347e-01
6.725068274589802719e-01
7.774982705429657193e-01
8.551870920738349202e-01
8.860646466007475741e-01
5.526718236433085796e-01
5.365841806159575844e-01
5.172803702717212460e-01
4.530069722584729730e-01
4.176681040217354868e-01
5.363383909670166316e-01
7.396575701097717337e-01
6.289710545477545933e-01
6.068443860087339159e-01
4.640858675542415268e-01
3.813327882943954306e-01
6.355360509988486895e-01
2.951388704245752614e-01
6.564506698500526261e-01
7.934319830200093904e-01
8.345888420670624086e-01
8.833005679923837672e-01
8.442899575156369574e-01
8.243095375469221553e-01
8.252597670076047276e-01
8.695527450521383095e-01
9.275935460369173491e-01
8.738191331266794704e-01
8.549413024248939674e-01
9.347763725260688217e-01
8.891350155656653209e-01
8.895331650208528895e-01
7.914657740660815399e-01
8.879651055221127187e-01
8.833005679923837672e-01
6.374204793420203963e-01
7.207240678633007880e-01
4.485456585486481962e-01
5.409211478859893285e-01
6.364702498813378240e-01
1.803526584271128441e-01
4.754778398291883978e-01
2.161428816883887716e-01
1.179348970900546828e-01
3.270078661227232009e-01
1.576350397277380688e-01
5.711232778903502227e-01
6.208379985979204374e-01
1.576350397277380688e-01
3.092257732123784297e-01
3.833220310747175175e-01
6.876296855705914535e-01
5.951900463172280498e-01
3.199988625221517613e-01
4.366982945297677721e-01
7.475709454767357487e-01
3.282559637204106595e-01
6.937965325664978700e-01
3.840984376468197237e-01
6.761147209743357811e-01
5.913233784419351657e-01
7.971462910890558806e-01
1.570897797912532423e-01
6.280208250870721320e-01
4.691224454730872351e-01
4.804438385525434119e-01
2.146987313741309245e-01
9.890470658202250853e-02
3.107401834789941253e-01
2.505134929574169833e-01
6.312435538582366057e-01
3.388552301416036805e-01
6.839153775015452963e-01
7.609863689943565657e-01
7.716377139036135757e-01
7.600361395336739934e-01
7.777179511258360822e-01
6.951449114823680109e-01
7.165149220775056671e-01
4.901171238138548047e-01
5.534681225536837168e-01
3.079776756146910266e-01
2.624871077164734889e-01
2.717893028982275028e-01
2.817646586175071577e-01
5.915285035697480653e-01
1.803526584271128441e-01
1.570897797912532423e-01
4.176681040217355978e-01
0.000000000000000000e+00
3.821964079813940929e-01
4.031286281548519534e-01
4.223326415514643828e-01
5.623056183152597143e-01
1.885125942546507505e-01
1.997091676939141414e-01
2.337558017598668214e-01
3.270078661227232009e-01
1.570897797912532423e-01
1.576350397277380688e-01
2.830127562151945608e-01
1.761199702992854166e-01
0.000000000000000000e+00
5.367772049433321424e-01
3.107401834789941253e-01
3.578854206496359103e-01
2.555516416203232888e-01
2.908194934062596770e-01
6.755365319027701876e-01
2.555516416203232888e-01
3.631662174733618631e-01
1.570897797912532423e-01
6.142202368252603906e-01
1.761199702992854166e-01
4.904773534237427679e-01
4.202567889974583859e-01
2.717893028982274473e-01
2.337558017598668214e-01
3.092257732123784297e-01
4.524169724076784749e-01
9.890470658202250853e-02
5.922171744992047598e-02
7.011990396385197055e-01
2.901955827043462000e-01
5.922171744992047598e-02
3.631662174733618631e-01
7.714853540973669599e-01
5.766712712935629925e-01
0.000000000000000000e+00
3.388552301416037360e-01
1.803526584271128441e-01
4.176681040217354868e-01
5.360926013180757899e-01
5.314280637883469494e-01
2.926617931757051205e-01
2.337558017598668214e-01
8.046615170008321050e-01
5.417746890851105057e-01
2.926617931757051205e-01
4.392869795054905602e-01
5.553407512877855945e-01
2.717893028982275028e-01
3.631662174733618631e-01
6.222009329688478196e-01
3.578854206496359103e-01
5.100975437825695513e-01
7.711262984192466252e-01
8.299243045373335681e-01
9.238792379678710809e-01
8.870148760614300354e-01
9.475739660056319291e-01
8.705029745128207708e-01
9.085633555288853414e-01
8.429415785997667054e-01
8.477584759357422728e-01
4.176681040217354868e-01
4.530069722584729730e-01
5.553407512877855945e-01
4.757793010228146824e-01
6.141811430481930456e-01
6.213639695373447402e-01
5.908288929209342122e-01
5.980117194100859068e-01
6.616096929007823091e-01
7.140357268951500469e-01
6.616096929007823091e-01
6.522806178413247391e-01
6.713108083493569689e-01
6.369647354023387775e-01
8.427218980168966755e-01
8.570875509951999538e-01
7.965284610509980601e-01
8.046615170008323270e-01
8.046615170008323270e-01
8.190271699791356053e-01
7.656509065240854062e-01
8.227414780481818735e-01
7.503350240850994446e-01
7.774982705429659413e-01
7.475709454767357487e-01
7.256900665866559130e-01
8.623699185629865038e-01
8.433397280549544961e-01
7.429064079470069082e-01
7.475709454767356377e-01
6.742142620529707475e-01
6.982810304798486856e-01
8.096980949196779243e-01
7.166933909498230948e-01
7.098826048497882679e-01
6.530378229746325314e-01
7.672189660228257990e-01
6.792508399718164558e-01
8.025152684305263406e-01
3.388552301416037360e-01
3.079776756146910266e-01
3.282559637204106595e-01
2.830127562151945608e-01
3.092257732123784297e-01
3.092257732123784297e-01
2.830127562151945608e-01
7.444744674457471900e-01
8.180769405184531440e-01
8.524230134654712243e-01
8.619717691077988242e-01
8.277780559670276928e-01
7.403881189875840541e-01
7.783091249083982088e-01
8.561373215345174925e-01
8.633201480236690761e-01
9.275935460369173491e-01
8.551870920738348092e-01
8.786360304626550377e-01
8.452401869763194187e-01
9.691224454730870130e-01
8.171267110577704607e-01
7.592789344003662011e-01
6.142202368252603906e-01
7.986486005552331235e-01
9.619396189839353184e-01
7.256900665866559130e-01
7.943822124806920737e-01
6.878227098979662335e-01
5.790633095128098207e-01
8.045221419055822443e-01
7.744017925119773826e-01
9.048490474598387401e-01
8.429415785997667054e-01
8.705029745128207708e-01
5.756653702881950885e-01
6.213639695373447402e-01
6.751383824475826190e-01
6.510716140207046809e-01
7.249328614533481208e-01
5.565646005846721645e-01
5.314280637883469494e-01
9.419591990152207384e-01
8.858188569518067323e-01
9.500922549650550053e-01
9.322580835666461896e-01
8.858188569518066213e-01
9.403911395164803455e-01
9.462255870897618992e-01
7.834850779224942219e-01
9.166964114787193862e-01
8.895331650208530005e-01
8.289740750766511068e-01
8.629219985684815075e-01
8.904833944815355729e-01
8.848686274911241600e-01
8.524230134654712243e-01
7.930338335648220438e-01
4.524169724076784194e-01
5.553407512877855945e-01
5.766712712935629925e-01
3.460380566307553751e-01
6.091836589064145713e-01
4.347763725260691547e-01
1.179348970900546828e-01
3.914550870245516734e-01
7.524551635893348411e-01
2.265460953930114596e-01
9.890470658202250853e-02
2.505134929574169833e-01
6.091836589064146823e-01
5.244631967608729406e-01
4.714471629157105936e-01
5.423251983465449122e-01
9.238792379678710809e-01
7.192116799092459489e-01
4.714471629157106491e-01
7.753520219726599549e-01
7.474315703814856660e-01
3.986379135137033125e-01
7.928141529819517919e-01
6.636334963392043207e-01
2.736316026676728907e-01
4.290942847590342724e-01
6.941946820216854386e-01
7.060420460405659737e-01
1.179348970900546828e-01
2.147256112518346471e-01
8.176787910632653533e-01
5.512822330168856144e-01
5.798350701011748543e-01
5.907322046593729281e-01
7.718835035525545285e-01
8.427218980168966755e-01
8.452401869763194187e-01
7.402487438923339713e-01
8.062295764995726088e-01
7.297106650122562321e-01
6.754808603580847448e-01
8.134124029887243035e-01
3.650682471387875494e-01
9.429094284759034217e-01
7.512591444797113160e-01
5.088736833155238504e-01
6.524199929365749329e-01
2.161428816883887716e-01
2.527591123901952730e-01
9.890470658202250853e-02
4.452341459185267247e-01
5.222185276376540841e-01
2.830127562151945608e-01
2.337558017598668214e-01
0.000000000000000000e+00
4.033024510434322085e-01
5.766712712935629925e-01
4.176681040217355978e-01
0.000000000000000000e+00
4.070871551287784662e-01
8.642703774843517595e-01
7.140357268951500469e-01
3.138366615099826840e-01
7.285407549687036299e-01
3.722216726966154354e-01
2.147256112518345916e-01
6.458549964854808367e-01
5.922171744992047598e-02
4.731216369681417455e-01
3.460086556994316220e-01
1.803526584271128441e-01
4.599718392859470373e-01
2.299548839171366155e-01
3.262314595506208836e-01
2.908194934062596770e-01
2.505134929574169833e-01
3.873851953293546146e-01
1.885125942546507505e-01
1.761199702992854166e-01
1.885125942546507505e-01
1.179348970900546828e-01
4.570815099374072599e-01
8.772876515467847858e-01
4.485456585486481962e-01
3.020429467232267906e-01
6.292874233921862404e-01
2.161428816883887716e-01
2.147256112518346471e-01
7.284013798734534362e-01
9.890470658202250853e-02
7.382418704172780677e-01
3.452401869763195852e-01
6.957627415204258314e-01
7.440763179905597324e-01
5.363105607797534757e-01
5.244631967608728296e-01
5.885186353124435277e-01
5.766712712935629925e-01
5.576410807855308738e-01
5.314280637883469494e-01
6.450586975751055885e-01
6.708163228283559043e-01
7.016938773552686692e-01
6.858158364229104409e-01
6.831581723682373930e-01
6.878227098979662335e-01
6.369647354023387775e-01
7.783091249083982088e-01
7.511458784505319342e-01
7.449132814220627008e-01
8.236917075088645568e-01
7.241220070879156312e-01
8.810019596158312760e-01
8.134124029887243035e-01
8.833005679923837672e-01
8.689349150140804889e-01
8.807822790329610241e-01
9.275935460369173491e-01
1.000000000000000000e+00
8.345888420670624086e-01
8.619717691077990462e-01
8.833005679923837672e-01
9.918669440501656220e-01
8.096980949196779243e-01
8.514727840047885410e-01
7.953324419413746460e-01
3.282559637204106595e-01
6.225990824240354993e-01
3.478503350343759570e-01
6.685994950625593347e-01
4.031286281548519534e-01
3.020429467232267906e-01
6.096950743907816328e-01
8.359111119168617376e-01
4.761529121559921474e-01
2.717893028982274473e-01
6.751383824475826190e-01
5.033552523909259335e-01
1.570897797912532423e-01
7.301088144674438007e-01
7.831130375333770210e-01
5.113750423115807076e-01
5.879681260510091212e-01
5.427640123228604230e-01
7.081621855448012592e-01
8.549413024248939674e-01
4.561051714106540422e-01
7.909136940605866473e-01
1.179348970900546828e-01
7.491390049754760305e-01
9.890470658202250853e-02
8.025152684305263406e-01
5.694884448044112979e-01
5.052150467911630249e-01
7.088767038444202528e-01
5.885186353124435277e-01
5.565646005846721645e-01
6.107517184051548531e-01
3.369532004761780497e-01
3.610867424902545753e-01
7.559236820094401565e-01
3.999909384133106260e-01
3.678307550030907036e-01
6.483176139002183591e-01
6.364702498813378240e-01
5.314280637883469494e-01
8.180769405184531440e-01
4.832945269345910733e-01
1.885125942546507505e-01
4.495662840256308135e-01
6.555004403893700538e-01
5.922171744992047598e-02
4.914687945949780534e-01
4.244297472293055429e-01
1.885125942546507505e-01
5.507040439453199099e-01
4.130739625083066913e-01
6.445066175696108068e-01
3.946925402673308603e-01
5.922171744992047598e-02
2.527591123901952730e-01
4.143565913916140708e-01
1.308767627940694012e-01
3.678307550030907036e-01
4.262039554104945505e-01
2.413598115306002101e-01
2.147256112518346471e-01
6.829651480408627240e-01
1.179348970900546828e-01
4.790020297939792115e-01
5.922171744992047598e-02
7.563218314646277252e-01
4.176681040217354868e-01
6.201940594937920270e-01
3.270078661227232009e-01
6.464070764909758404e-01
4.530069722584729730e-01
5.135938923899382447e-01
1.179348970900546828e-01
6.026186624553208082e-01
5.568809694291037005e-01
4.564476493211562236e-01
5.830939864262876249e-01
5.570905715240964673e-01
6.069983165590412399e-01
6.378758710859540049e-01
6.403941600453768590e-01
6.660812061031364806e-01
5.052150467911630249e-01
6.075488258204756464e-01
5.766712712935629925e-01
5.694884448044112979e-01
5.504582542963791791e-01
5.432754278072273735e-01
4.295154680406160219e-01
6.075488258204756464e-01
4.792199892556568419e-01
5.100975437825695513e-01
5.815537682849695189e-01
5.363105607797533647e-01
4.714471629157106491e-01
4.714471629157106491e-01
4.832945269345910733e-01
4.832945269345910733e-01
4.832945269345911843e-01
4.524169724076784194e-01
4.561312804767247431e-01
4.223326415514643828e-01
4.675758490566804815e-01
4.295154680406160219e-01
4.176681040217354868e-01
4.366982945297677721e-01
4.747586755458321206e-01
4.366982945297677721e-01
4.366982945297677721e-01
4.295154680406160219e-01
4.023522215827496917e-01
4.223326415514643828e-01
4.747586755458320096e-01
4.557284850377998353e-01
3.821964079813940929e-01
4.202567889974583859e-01
6.826636868472363284e-01
6.636334963392043207e-01
6.555004403893700538e-01
6.112074623448364719e-01
7.238762174389746784e-01
7.429064079470069082e-01
7.001814894012138302e-01
7.763022514333425272e-01
6.658354164541956388e-01
7.783091249083982088e-01
7.403881189875840541e-01
7.737839624739195621e-01
8.739714929329263082e-01
8.858188569518067323e-01
7.906679044116458055e-01
8.477584759357422728e-01
7.440763179905597324e-01
8.324425934967564222e-01
7.402096501152666264e-01
8.705029745128207708e-01
8.427218980168966755e-01
8.217912485874994122e-01
7.310590439281264841e-01
7.893195254957756646e-01
6.876296855705915645e-01
8.505225545441060797e-01
5.988652606092070840e-01
8.108941140293013383e-01
6.682013456073717661e-01
7.357235814578552136e-01
7.796184100472010048e-01
6.018078080898883186e-01
6.174400593733057052e-01
3.940437720002745170e-01
7.823824886555648117e-01
7.605882195391688860e-01
2.146987313741309245e-01
3.914550870245516734e-01
2.337558017598668214e-01
2.830127562151945608e-01
5.922171744992047598e-02
1.570897797912532423e-01
2.521352016882819069e-01
3.282559637204106595e-01
2.917099929709619510e-01
4.448739163086387061e-01
4.023522215827496917e-01
5.922171744992047598e-02
6.107517184051549641e-01
2.265460953930114596e-01
1.576350397277380688e-01
5.922171744992047598e-02
6.091836589064145713e-01
2.717893028982275028e-01
1.308767627940694012e-01
2.455762859010436061e-01
1.179348970900546828e-01
4.982501797636890717e-01
2.147256112518346471e-01
4.033024510434322085e-01
5.943791919517956712e-01
0.000000000000000000e+00
2.527591123901952730e-01
2.736316026676728907e-01
5.294013541268058898e-01
5.922171744992047598e-02
1.761199702992854166e-01
0.000000000000000000e+00
3.653273736944730454e-01
4.136521515798723403e-01
2.265460953930114596e-01
1.885125942546507505e-01
5.063553943561011073e-01
6.831581723682373930e-01
2.717893028982275028e-01
4.260254865381771783e-01
4.012265984894262116e-01
6.287252648988137516e-01
5.922171744992047598e-02
4.761529121559922029e-01
6.124591529991453287e-01
4.641249613313088163e-01
3.999909384133106260e-01
7.559236820094400455e-01
8.452401869763194187e-01
2.147256112518346471e-01
6.786330099337586352e-01
6.904803739526391704e-01
3.079776756146910266e-01
4.157296042504188827e-01
5.033552523909259335e-01
5.922171744992047598e-02
7.906679044116458055e-01
5.808243933389246605e-01
5.946249816007365130e-01
5.484315446348380085e-01
7.318569135825622185e-01
7.592789344003662011e-01
4.530069722584729730e-01
2.147256112518346471e-01
5.993600983259560477e-01
3.631662174733618631e-01
5.576410807855307628e-01
2.146987313741309245e-01
1.885125942546507505e-01
4.792199892556568419e-01
2.147256112518346471e-01
5.922171744992047598e-02
1.570897797912532423e-01
5.951509525401608158e-01
5.376049892721307399e-01
1.761199702992854166e-01
3.610867424902545753e-01
6.327559418122915558e-01
7.559236820094401565e-01
3.880569646207462364e-01
0.000000000000000000e+00
4.550416759207919770e-01
5.080197899206546630e-01
6.064462365535463473e-01
2.265460953930114596e-01
0.000000000000000000e+00
3.138366615099826840e-01
0.000000000000000000e+00
2.455762859010436061e-01
1.308767627940694012e-01
4.395932698620446666e-01
5.484315446348380085e-01
4.202567889974583859e-01
2.711653921963140812e-01
2.555516416203232888e-01
1.179348970900546828e-01
7.081621855448012592e-01
4.012265984894262116e-01
2.265460953930114596e-01
1.803526584271128441e-01
8.367089815712976941e-01
5.314280637883469494e-01
3.673391757052090201e-01
2.575291141640553283e-01
5.427249185457930780e-01
4.832945269345910733e-01
4.023522215827496917e-01
5.617551090538253078e-01
2.527591123901952730e-01
2.337558017598668214e-01
7.029455680095774150e-01
5.827776175818560889e-01
1.576350397277380688e-01
9.890470658202250853e-02
2.265460953930114596e-01
5.922171744992047598e-02
4.452341459185268358e-01
5.123978732803148306e-01
4.157296042504188827e-01
5.383452644420724242e-01
6.334962169822333511e-01
3.158750204034618259e-01
6.105586940777802951e-01
3.631662174733618631e-01
4.392869795054905602e-01
7.503350240850995556e-01
5.213549079506555328e-01
7.563218314646276141e-01
8.551870920738349202e-01
8.333928229574388835e-01
2.337558017598668214e-01
9.013805290397335357e-01
9.141781225192965321e-01
4.557284850377998353e-01
8.071798059602550701e-01
8.438918080604492777e-01
7.338231225364900689e-01
6.332113335562251644e-01
8.477584759357422728e-01
8.742172825818670390e-01
4.852346268224483894e-01
8.037112875401497547e-01
8.025152684305261186e-01
8.833005679923837672e-01
9.357266019867515050e-01
9.238792379678709699e-01
9.728367535421332812e-01
8.786360304626550377e-01
8.501244050889185111e-01
8.963178420548171266e-01
3.270078661227232009e-01
3.270078661227232009e-01
3.840984376468197237e-01
3.270078661227232009e-01
3.650682471387875494e-01
3.270078661227232009e-01
3.840984376468197237e-01
3.388552301416036805e-01
3.578854206496359103e-01
3.270078661227232009e-01
3.840984376468197792e-01
3.472861542284428338e-01
3.020429467232267906e-01
3.282559637204106595e-01
3.092257732123784297e-01
2.830127562151945608e-01
3.282559637204106595e-01
3.578854206496359103e-01
2.926617931757051205e-01
4.202567889974583859e-01
4.012265984894261006e-01
4.176681040217354868e-01
4.524169724076784194e-01
5.054330062528407108e-01
8.786360304626550377e-01
7.596379900784864247e-01
8.176787910632655754e-01
6.868724804372836612e-01
8.823503385317013059e-01
6.324395729678600198e-01
8.598516296035637607e-01
7.856313264928002082e-01
6.792508399718164558e-01
7.980965205497383419e-01
6.374204793420203963e-01
4.904773534237428234e-01
6.720680134826647611e-01
8.130142535335366238e-01
3.840984376468197237e-01
6.068443860087340269e-01
7.644548874144619921e-01
9.060450665694622652e-01
2.717893028982275028e-01
6.018078080898882076e-01
8.551870920738348092e-01
2.147256112518345916e-01
3.940437720002745170e-01
7.809667889630712567e-01
5.383452644420724242e-01
1.179348970900546828e-01
4.757793010228146824e-01
7.254442769377149602e-01
5.879681260510092322e-01
1.570897797912532423e-01
7.481887755147935692e-01
3.578854206496359103e-01
4.176681040217354868e-01
2.147256112518346471e-01
6.374204793420203963e-01
4.714471629157106491e-01
1.179348970900546828e-01
1.570897797912532423e-01
5.123978732803147196e-01
6.208379985979204374e-01
1.179348970900546828e-01
0.000000000000000000e+00
7.906679044116456945e-01
0.000000000000000000e+00
1.308767627940694012e-01
2.146987313741309245e-01
1.570897797912532423e-01
0.000000000000000000e+00
5.063553943561011073e-01
2.147256112518346471e-01
2.413598115306002101e-01
5.922171744992047598e-02
4.318583633673981348e-01
2.654413044290926393e-01
7.093711893654213174e-01
6.023337790293125105e-01
1.761199702992854166e-01
6.201940594937920270e-01
6.332113335562251644e-01
8.895331650208530005e-01
9.357266019867516160e-01
8.477584759357422728e-01
9.547567924947837348e-01
8.320444440415687426e-01
8.190271699791356053e-01
8.405756494465906892e-01
8.941977025505818411e-01
9.238792379678709699e-01
9.266433165762348878e-01
2.830127562151945608e-01
3.282559637204106595e-01
3.478503350343759570e-01
4.202567889974583859e-01
3.821964079813940374e-01
4.262039554104945505e-01
4.262039554104945505e-01
6.826636868472365505e-01
6.105586940777801841e-01
2.830127562151945608e-01
7.029455680095775261e-01
5.161121813493610988e-01
2.146987313741309245e-01
3.092257732123784297e-01
2.844567704655103224e-01
2.368193192492959731e-01
4.157296042504188827e-01
2.926617931757051205e-01
0.000000000000000000e+00
9.890470658202250853e-02
6.636334963392043207e-01
7.763022514333423052e-01
7.192116799092459489e-01
6.334962169822333511e-01
4.223326415514643828e-01
6.976632004417908650e-01
5.617551090538253078e-01
6.026186624553206972e-01
5.922171744992047598e-02
7.145471423795171084e-01
3.814001090710187891e-01
6.149774419585681828e-01
7.338231225364901800e-01
5.637474270738238591e-01
6.254764270615784660e-01
4.909428236555538061e-01
8.570875509951999538e-01
7.332052924984322484e-01
0.000000000000000000e+00
7.672189660228256880e-01
7.440763179905597324e-01
4.384906805951153119e-01
6.023337790293125105e-01
7.491390049754760305e-01
8.236917075088643347e-01
7.790663300417061121e-01
3.092257732123784297e-01
8.130142535335366238e-01
7.009793590556495646e-01
6.904803739526391704e-01
1.179348970900546828e-01
1.570897797912532423e-01
4.485456585486483072e-01
4.295154680406160219e-01
2.147256112518346471e-01
5.922171744992047598e-02
7.206273796017395039e-01
4.395932698620446666e-01
5.485593661190746317e-01
5.526045028666850545e-01
7.204076990188693630e-01
7.782700311313309749e-01
5.953294214124782435e-01
3.282559637204106595e-01
6.075488258204756464e-01
2.711653921963140812e-01
8.510746345496011944e-01
8.201970800226882075e-01
8.161764815970878884e-01
5.063553943561011073e-01
7.784485000036484026e-01
5.429033874181105057e-01
7.714853540973668489e-01
6.564506698500526261e-01
6.594243505534090888e-01
4.861848562831309062e-01
3.288201445263437828e-01
5.367772049433321424e-01
4.981256501447055007e-01
6.929986629120620245e-01
6.940553069264353558e-01
2.717893028982274473e-01
7.881496154522228403e-01
6.555967764551833277e-01
5.475679249478394572e-01
9.076131260682026580e-01
6.201940594937920270e-01
6.174400593733057052e-01
6.967129709811084037e-01
9.890470658202250853e-02
4.077637647532568743e-01
3.282559637204106595e-01
2.146987313741309245e-01
2.717893028982274473e-01
3.642703774843518150e-01
0.000000000000000000e+00
9.890470658202250853e-02
3.999909384133107371e-01
2.527591123901952730e-01
0.000000000000000000e+00
2.368193192492959731e-01
5.922171744992047598e-02
6.396223994570117144e-01
7.275905255080209466e-01
5.922171744992047598e-02
9.890470658202250853e-02
1.761199702992854166e-01
3.940437720002745170e-01
6.180478109234860407e-01
7.668208165676380084e-01
4.485456585486481962e-01
5.922171744992047598e-02
4.904773534237428234e-01
5.435212174561682152e-01
4.761529121559922029e-01
4.955139313425885872e-01
6.903019050803216317e-01
7.097302450435414301e-01
5.091473143218869790e-01
3.840984376468197792e-01
5.658675665780591446e-01
8.776858010019725764e-01
9.048490474598388511e-01
4.467760963511964167e-01
6.295231345532495970e-01
5.556143711239897032e-01
3.631662174733618631e-01
3.460086556994316220e-01
3.369532004761780497e-01
7.200095495636817944e-01
3.369532004761780497e-01
1.179348970900546828e-01
5.314280637883469494e-01
4.842287258170803743e-01
9.890470658202250853e-02
4.832945269345910733e-01
6.280208250870721320e-01
1.179348970900546828e-01
4.481244752670665576e-01
4.434599377373377171e-01
3.914550870245516734e-01
5.806313690115501025e-01
6.982810304798486856e-01
6.735964320149130380e-01
6.289710545477545933e-01
8.215454589385584594e-01
8.714532039735032320e-01
8.433397280549544961e-01
4.339767817504407432e-01
7.396575701097717337e-01
8.524230134654710023e-01
5.244631967608728296e-01
5.177470144353000236e-01
9.204107195477654324e-01
7.846810970321175249e-01
4.792199892556568419e-01
7.338231225364900689e-01
8.037112875401497547e-01
7.854528576204825585e-01
5.879681260510091212e-01
7.856313264927999862e-01
6.950055363871178171e-01
9.784515205325446940e-01
8.287282854277101540e-01
8.549413024248939674e-01
6.112074623448364719e-01
7.753520219726598439e-01
8.551870920738348092e-01
3.840984376468197237e-01
6.978828810246608949e-01
7.402487438923339713e-01
2.830127562151945608e-01
6.754808603580847448e-01
5.363105607797534757e-01
6.564506698500526261e-01
3.999909384133107371e-01
7.516572939348988847e-01
7.263945063983975325e-01
5.232950078385126824e-01
3.840984376468197237e-01
4.569030410650898322e-01
4.714471629157106491e-01
6.967129709811082927e-01
7.635046579537794198e-01
2.711653921963140812e-01
4.675758490566804815e-01
4.747586755458320096e-01
5.023247174426233030e-01
5.023247174426233030e-01
5.095075439317748867e-01
5.363105607797533647e-01
5.625235777769372891e-01
6.208379985979204374e-01
6.280208250870721320e-01
5.637474270738239701e-01
5.684119646035526996e-01
6.332113335562251644e-01
5.717987024129020934e-01
6.514697634758922495e-01
7.021883628762695118e-01
7.140357268951500469e-01
8.205952294778758871e-01
8.438918080604492777e-01
9.918669440501657331e-01
8.392272705307204372e-01
8.904833944815353508e-01
8.823503385317013059e-01
8.751675120425495003e-01
7.868012365363528104e-01
9.466237365449494678e-01
7.519030835838398374e-01
7.637504476027202616e-01
8.701048250576332022e-01
8.442899575156369574e-01
8.239113880917346977e-01
8.551870920738349202e-01
7.477906260596057786e-01
7.965284610509980601e-01
5.879681260510092322e-01
7.410059490256418746e-01
6.425795023927501903e-01
2.265460953930114596e-01
3.199988625221517613e-01
8.705029745128207708e-01
3.833220310747174620e-01
1.885125942546507505e-01
5.831903224921010098e-01
5.172803702717211349e-01
3.035295268025792192e-01
4.642643364265588990e-01
5.432754278072274845e-01
2.147256112518346471e-01
4.202567889974583859e-01
2.368193192492959731e-01
6.374204793420203963e-01
5.553407512877854835e-01
5.172803702717212460e-01
1.179348970900546828e-01
3.079776756146910266e-01
3.940437720002745170e-01
4.569030410650898322e-01
3.650682471387875494e-01
6.784545410614412075e-01
8.015650389698436573e-01
4.832079171609072743e-01
6.291907351306248453e-01
7.672189660228256880e-01
1.179348970900546828e-01
2.146987313741309245e-01
7.015971890937072741e-01
7.368934915014079268e-01
3.631662174733618631e-01
4.130739625083066913e-01
8.427218980168966755e-01
3.092257732123784297e-01
2.717893028982275028e-01
5.943791919517957822e-01
6.776827804730761740e-01
5.549704320198611818e-01
6.929986629120621355e-01
9.204107195477656544e-01
6.792508399718164558e-01
7.320765941654324704e-01
7.553716020039452639e-01
7.120288534200941433e-01
7.666011359847679785e-01
8.095457351134313084e-01
6.446033058311720909e-01
4.524169724076784749e-01
7.410059490256418746e-01
5.244631967608729406e-01
6.819491685476173348e-01
6.904803739526392814e-01
6.549382818959976760e-01
3.126422131444198671e-01
6.324395729678600198e-01
4.982501797636890717e-01
6.022205130001331286e-01
5.285377344398072275e-01
4.710869333058226305e-01
8.243095375469221553e-01
6.596028194257265165e-01
8.823503385317013059e-01
7.716377139036135757e-01
6.831581723682373930e-01
7.862491565308578068e-01
7.703154440538141356e-01
1.179348970900546828e-01
5.417746890851105057e-01
8.215454589385584594e-01
5.988652606092070840e-01
1.570897797912532423e-01
7.403881189875840541e-01
5.504582542963791791e-01
3.578854206496359103e-01
5.922171744992047598e-02
1.761199702992854166e-01
4.639041068166708803e-01
1.761199702992854166e-01
3.462118795193356302e-01
1.179348970900546828e-01
6.514697634758922495e-01
4.262039554104945505e-01
5.423251983465449122e-01
6.188456805779217751e-01
7.821366990066240810e-01
7.238762174389747894e-01
5.113213930794561213e-01
6.208379985979204374e-01
6.398681891059526672e-01
5.171558406527377860e-01
6.636334963392043207e-01
8.058314270443849292e-01
2.147256112518346471e-01
4.262039554104945505e-01
1.956954207438024174e-01
9.048490474598388511e-01
5.553407512877855945e-01
4.792199892556568974e-01
8.108941140293013383e-01
7.749538725174722753e-01
7.753520219726598439e-01
5.988652606092070840e-01
2.736316026676728907e-01
7.406077995704541950e-01
6.932444525610028663e-01
3.288201445263437273e-01
5.565646005846721645e-01
4.639041068166709914e-01
5.526718236433085796e-01
4.180708994606603390e-01
6.280208250870721320e-01
5.899604440710077835e-01
7.664226671124505508e-01
7.691194249441907216e-01
6.280208250870721320e-01
9.500922549650550053e-01
8.941977025505818411e-01
7.868012365363528104e-01
9.403911395164803455e-01
8.087478654589954630e-01
5.866197471351389803e-01
4.832945269345911843e-01
6.495693045545271049e-01
7.553716020039451529e-01
5.232950078385126824e-01
4.295154680406160219e-01
6.405726289176941757e-01
5.893165049668793731e-01
2.147256112518346471e-01
7.023277379715197055e-01
8.190271699791358273e-01
6.858158364229103299e-01
5.232950078385126824e-01
6.018078080898882076e-01
5.943791919517957822e-01
7.928141529819517919e-01
8.582574610387527780e-01
8.810019596158312760e-01
7.930338335648219328e-01
7.522354830064645892e-01
8.747693625873620427e-01
8.689349150140804889e-01
