3.304477700903389881e-01
5.161645722710246353e-01
5.846040477042507844e-01
6.186781217573444902e-01
7.778183987776358110e-01
5.187643834748432159e-01
5.693907345179685109e-01
5.702020459928951457e-01
6.514986894602902145e-01
7.415483124104492729e-01
7.579585962619223016e-01
7.134622356701167956e-01
6.827375743784590556e-01
6.958318033258278357e-01
7.534486845808748834e-01
5.717503709203399787e-01
6.820755970920124867e-01
6.827375743784590556e-01
6.171612627781239979e-01
7.372296221536359662e-01
7.168396231295189880e-01
6.032138351200746484e-01
6.771917719409192848e-01
5.847672944305184473e-01
8.232115282979691750e-01
4.139249328054948607e-01
5.490007354938516437e-01
3.598874590836244058e-01
5.722801900667322528e-01
7.027009740472357491e-01
5.441941133263997754e-01
5.934815005657757547e-01
7.078620643651891697e-01
7.817259827454412502e-01
6.787578592058149951e-01
8.191285933342730141e-01
4.714208319320389307e-01
6.379182115843764489e-01
4.900569588683700295e-01
5.570373688227809872e-01
4.597865489169223330e-01
2.967796280939015707e-01
2.967796280939015707e-01
2.548269203829682805e-01
8.709820565581245511e-01
7.041457018216176200e-01
7.613359837213244941e-01
6.032138351200746484e-01
8.225059807936752065e-01
8.351999021015763525e-01
6.954314956863603125e-01
6.237178525847841826e-01
7.955520509129768714e-01
6.441078516089010497e-01
8.440281266774262159e-01
7.327019481351377816e-01
7.536399060051086618e-01
8.302020585098905947e-01
6.061754218736770117e-01
8.731323318368005015e-01
7.584884154083144647e-01
8.232115282979690640e-01
6.559904614418758939e-01
6.917307286626700469e-01
8.210612530192932246e-01
6.827375743784589446e-01
7.191112578987085557e-01
6.215675773061082321e-01
8.373501773802524140e-01
6.742301851873169216e-01
6.919219500869040473e-01
5.739006461990159291e-01
8.567220479853274728e-01
6.448611446606158926e-02
7.052778486812518732e-01
6.279043847015433055e-01
6.019867229393484065e-01
6.551216672113141515e-01
7.607880248754704811e-01
8.450462550964679131e-01
5.513603718962230005e-01
7.767281391537556035e-01
7.838762580241172007e-01
8.654362541205847803e-01
8.232115282979691750e-01
7.620415312256184626e-01
7.457944941004132078e-01
7.333639254215843506e-01
7.304023386679819874e-01
8.323523337885667672e-01
8.885244872692318330e-01
7.868378447777196749e-01
8.517242043936419371e-01
7.747354525335196085e-01
7.444991005145112917e-01
8.681344882451148548e-01
7.507923376920988545e-01
6.996180278031196575e-01
7.860446730022547790e-01
6.604762482246200328e-01
6.223767219634653847e-01
7.900243881748988395e-01
5.191313332569787997e-01
7.348703631132753600e-01
7.207317140309922321e-01
5.849322241388796861e-01
6.340982518877419372e-01
6.570863791335838089e-01
6.071655755947525934e-01
4.607173757778895151e-01
4.908695281587446280e-01
4.536426459278145584e-01
5.366473697986641200e-01
5.520395252310954515e-01
6.132095223034461640e-01
6.055134445872305538e-01
5.483231626875237907e-01
5.148126430001653819e-01
4.908695281587446280e-01
4.994155096037024011e-01
5.478915853681517456e-01
5.021891699150091704e-01
5.583613233956741251e-01
3.381438478065545983e-01
3.304477700903389881e-01
3.585338468306715209e-01
2.686935513535690379e-01
2.967796280939015707e-01
2.967796280939015707e-01
2.967796280939015707e-01
5.302752466553415367e-01
5.710552447035754930e-01
4.894952486071078024e-01
5.175813253474403908e-01
4.807810424718505504e-01
6.820755970920124867e-01
6.053641103987505989e-01
6.032138351200745374e-01
6.538401861631999434e-01
7.282520633893061479e-01
5.513603718962231115e-01
7.867238263371270079e-01
3.392571041643693275e-01
5.085612930583316427e-01
5.560192404037395120e-01
5.851234455631136866e-01
6.051274746521961845e-01
5.272838410993000435e-01
2.819428937376917688e-01
2.686935513535690379e-01
7.603178553022827968e-01
5.209146587535190553e-01
8.236381276533094598e-01
8.246562560723509350e-01
5.490007354938516437e-01
4.603345077627762350e-01
4.603345077627762350e-01
4.536832753481205294e-01
5.294639351804152350e-01
7.091155707153371512e-01
8.073492032923501593e-01
5.739184085364665844e-01
7.783485952860391688e-01
4.317004721765898001e-01
5.787513224197911033e-01
5.886715834163855909e-01
4.788392671193834049e-01
7.629564398536079484e-01
6.721939283492335271e-01
6.758684036570512532e-01
9.592200019517662657e-01
7.401912089072383294e-01
6.637046788575532430e-01
5.356292413796225338e-01
9.384034035723091138e-01
1.000000000000000000e+00
9.500791964611687845e-01
8.812131216726024618e-01
8.645394851920570334e-01
6.132095223034460529e-01
6.055134445872305538e-01
6.182073658951319217e-01
7.992265262207944865e-01
6.537982989274461199e-01
6.691904543598772293e-01
6.570863791335839199e-01
6.339981459849369783e-01
5.653656050230040364e-01
4.430571126628352063e-01
4.711431894031677392e-01
3.705304751042389766e-01
3.618162689689817801e-01
4.520904712007067783e-01
3.508089685262580915e-01
3.585338468306715209e-01
3.381438478065545983e-01
3.915889665744920478e-01
3.915889665744920478e-01
4.196750433148246362e-01
4.196750433148246362e-01
2.686935513535690379e-01
2.967796280939015707e-01
2.686935513535690379e-01
2.967796280939015707e-01
2.967796280939015707e-01
2.763896290697846481e-01
2.967796280939015707e-01
2.763896290697846481e-01
2.344369213588513579e-01
2.344369213588513579e-01
5.751277583797421711e-01
7.264791591802952642e-01
7.466058055753397316e-01
7.692954140666123930e-01
5.096218950021521588e-01
5.498120469687781675e-01
6.019867229393485175e-01
5.370459944560380672e-01
5.096218950021521588e-01
4.949632617719812999e-01
4.983743844507262377e-01
5.238606499872403566e-01
5.161645722710245243e-01
5.628324617292147503e-01
6.443924578256824409e-01
6.207143785954278847e-01
5.976261454467810541e-01
6.972765311002098176e-01
7.992265262207944865e-01
7.298725195215896022e-01
8.050775685231607026e-01
7.044090544506901308e-01
7.867238263371270079e-01
6.996180278031196575e-01
8.223427340674073216e-01
6.832077439516467399e-01
6.489916767599942515e-01
4.807810424718505504e-01
5.379713243715573689e-01
9.602381303708079630e-01
6.419277575277859693e-01
4.190065508686884876e-01
6.151529806380068299e-01
5.435308782245052983e-01
6.456142893005921701e-01
7.741439234698183069e-01
6.832077439516467399e-01
8.731323318368005015e-01
8.428959798177921847e-01
8.745351723754284379e-01
6.972765311002098176e-01
6.284523435473974295e-01
7.888741016158028474e-01
6.132095223034460529e-01
7.717302955620698457e-01
6.275835493168356871e-01
1.080749474437408264e-01
2.344369213588513579e-01
1.732669242865005621e-01
2.140469223347344352e-01
1.715283721743413037e-01
2.063508446185188250e-01
2.063508446185188250e-01
2.063508446185188250e-01
1.732669242865005621e-01
1.732669242865005621e-01
2.063508446185188250e-01
1.732669242865005621e-01
2.973638497583207529e-01
7.521951782307269019e-01
6.236038341441915156e-01
5.513603718962231115e-01
6.019867229393484065e-01
7.824315302497353297e-01
6.919219500869040473e-01
7.050144960521793625e-01
5.040164429914079092e-01
6.559904614418758939e-01
8.323523337885667672e-01
3.381438478065545983e-01
3.217047633668839723e-01
4.788392671193834049e-01
5.963676611326013122e-01
5.391773792328945492e-01
4.571907837810866293e-01
5.555876630843674668e-01
5.198055086278193793e-01
4.994155096037024011e-01
4.775807828052036075e-01
4.994155096037024011e-01
4.994155096037024011e-01
4.775807828052036075e-01
5.187873802087775710e-01
5.391773792328946602e-01
4.382455125313516331e-01
4.332476689396658753e-01
4.332476689396658753e-01
6.090615824405025691e-01
6.335995213275631421e-01
5.366473697986641200e-01
4.867265662598329046e-01
4.908695281587446280e-01
6.171892374760902245e-01
5.570373688227809872e-01
6.259034436113475319e-01
4.908695281587446280e-01
5.148126430001653819e-01
5.934516817633366248e-01
6.700138342681186687e-01
6.051274746521961845e-01
6.342316798115704701e-01
5.272838410993001546e-01
5.857556040471210146e-01
5.720435543201779494e-01
6.051274746521961845e-01
5.068938420751831764e-01
6.138416807874534920e-01
5.934516817633365138e-01
6.750116778598043155e-01
6.342316798115704701e-01
6.536035504166456400e-01
5.716169549648377757e-01
6.536035504166456400e-01
6.809081344844908346e-01
7.052778486812518732e-01
9.544855109891531297e-01
7.832428417246617425e-01
7.963633623879035062e-01
6.623475753543421884e-01
8.244494391282358725e-01
7.836694410800020272e-01
8.240228397728955878e-01
6.255174736763131627e-01
6.088438371957678452e-01
6.462934426354643991e-01
5.555876630843673558e-01
5.886715834163855909e-01
7.205559856730904267e-01
9.756302858032390724e-01
8.160634094276075778e-01
3.972792710229157143e-01
4.634471116869521845e-01
3.424443983639064992e-01
5.175813253474403908e-01
7.674659741726442830e-01
5.882203043450173752e-01
4.190065508686884876e-01
4.780073821605437256e-01
2.344369213588513579e-01
5.175813253474403908e-01
5.391773792328945492e-01
5.846040477042507844e-01
1.988093481459609901e-01
4.216489852196766974e-01
6.332135513925287729e-01
3.171696271180184934e-01
2.973638497583207529e-01
1.284649464678577768e-01
3.789238458547884436e-01
1.284649464678577768e-01
1.080749474437408264e-01
6.448611446606158926e-02
0.000000000000000000e+00
0.000000000000000000e+00
4.894952486071078024e-01
1.919183711984582263e-01
6.448611446606158926e-02
1.080749474437408264e-01
3.100577710662220654e-01
2.548269203829682805e-01
3.002196725412907274e-01
5.555876630843674668e-01
5.478915853681517456e-01
5.275015863440348785e-01
4.634471116869521845e-01
6.448611446606158926e-02
7.134622356701167956e-01
6.550518052775941014e-01
2.973638497583207529e-01
6.009142256529188542e-01
6.746148973069032717e-01
4.647269097529727611e-01
6.193115380567999484e-01
0.000000000000000000e+00
7.832428417246617425e-01
4.614091718667753250e-01
3.585050462424738127e-01
4.206291738185414242e-01
4.994155096037024011e-01
1.919183711984582263e-01
2.695428086291543068e-01
2.973638497583206974e-01
1.715283721743413037e-01
3.100577710662220654e-01
4.196750433148246362e-01
3.396623897678687776e-01
5.068938420751831764e-01
4.128734465291212241e-01
0.000000000000000000e+00
4.691052495829908797e-01
5.724295242552122076e-01
1.732669242865005621e-01
5.535106471748989510e-01
4.780073821605437812e-01
6.840190554265732636e-01
6.583678601816981280e-01
6.448611446606158926e-02
5.225791689391260375e-01
2.356096310215507750e-01
3.475915761440721008e-01
6.620842227252695666e-01
7.324951311910227192e-01
4.736466750168972228e-01
4.894952486071078024e-01
6.438026117440746043e-01
7.134622356701169066e-01
5.275015863440349895e-01
5.275015863440348785e-01
4.741030931746765265e-01
5.352026420242823601e-01
0.000000000000000000e+00
3.987944470200426306e-01
6.518656392424257984e-01
6.840190554265731526e-01
3.968789633834481356e-01
6.716641092028412530e-01
5.476738401234170217e-01
3.544613331545048984e-01
2.063508446185188250e-01
6.753048492913159562e-01
5.011710414959673621e-01
0.000000000000000000e+00
0.000000000000000000e+00
0.000000000000000000e+00
0.000000000000000000e+00
2.558865586757529953e-01
0.000000000000000000e+00
4.713294328633698682e-01
2.686935513535690379e-01
1.080749474437408264e-01
1.080749474437408264e-01
2.686935513535690379e-01
5.175813253474403908e-01
1.988093481459609901e-01
3.818871155904844938e-01
4.382455125313515776e-01
2.558865586757529953e-01
4.043958881087445500e-01
0.000000000000000000e+00
4.944226439760484593e-01
8.378981362261064270e-01
3.840058890846276274e-01
4.971913263233234126e-01
6.840190554265732636e-01
4.571907837810866293e-01
4.216489852196766974e-01
6.448611446606158926e-02
6.128235523684119057e-01
4.775807828052036075e-01
6.690255246515159904e-01
4.196110453994997269e-01
4.634471116869521845e-01
1.732669242865005621e-01
3.822062679930987028e-01
3.972792710229156588e-01
2.763896290697846481e-01
5.716747484652431321e-01
1.715283721743413037e-01
2.063508446185188250e-01
4.190065508686884876e-01
4.332476689396658753e-01
0.000000000000000000e+00
4.216489852196766974e-01
6.415309769748849256e-01
1.284649464678577768e-01
5.379713243715573689e-01
6.830009270075315664e-01
9.756302858032392944e-01
6.506121328922778169e-01
6.448611446606158926e-02
8.400484115047822664e-01
5.982881227332275120e-01
0.000000000000000000e+00
4.915331884272847174e-01
5.364561483744303416e-01
8.622678504228672436e-01
0.000000000000000000e+00
2.973638497583207529e-01
7.324951311910227192e-01
6.431514331071684909e-01
2.686935513535690379e-01
4.022771146146014165e-01
2.344369213588513579e-01
1.732669242865005621e-01
3.618162689689817801e-01
7.372296221536358551e-01
8.472146700746053805e-01
4.190065508686884876e-01
4.196750433148246362e-01
8.105176069900676961e-01
8.450462550964680242e-01
8.083673317113919676e-01
7.917216699288127657e-01
8.300388117836231539e-01
9.785918725568414356e-01
8.893357987441582457e-01
9.544855109891531297e-01
7.824315302497353297e-01
8.191285933342730141e-01
7.515738303645863594e-01
6.750116778598043155e-01
6.750116778598043155e-01
6.496238352440016905e-01
5.928195232793291858e-01
6.743795193757969875e-01
6.055134445872305538e-01
5.356292413796225338e-01
5.555876630843674668e-01
5.759776621084843340e-01
5.759776621084843340e-01
5.198055086278192682e-01
5.963676611326013122e-01
5.302752466553416477e-01
5.175813253474403908e-01
5.175813253474402797e-01
5.175813253474402797e-01
4.691052495829908797e-01
4.691052495829908797e-01
5.011710414959673621e-01
5.302752466553416477e-01
3.818871155904844938e-01
4.584492680952665378e-01
4.584492680952664267e-01
4.634471116869521845e-01
4.711431894031677392e-01
4.597865489169223330e-01
3.986165518445715650e-01
4.113104731524728774e-01
4.520904712007067783e-01
4.317004721765898001e-01
4.317004721765898001e-01
5.119231874514016400e-01
5.119231874514016400e-01
4.216489852196766974e-01
4.915331884272847174e-01
4.788392671193834049e-01
4.216489852196766974e-01
4.584492680952664267e-01
4.788392671193834049e-01
4.584492680952665378e-01
4.915331884272848284e-01
4.420389842437936756e-01
4.992292661435002721e-01
5.119231874514016400e-01
4.380592690711495041e-01
3.986165518445715650e-01
3.822062679930986473e-01
3.986165518445715650e-01
3.585050462424737572e-01
3.915889665744920478e-01
3.585050462424737572e-01
3.711989675503750696e-01
3.217047633668839723e-01
3.915889665744920478e-01
3.013147643427669942e-01
3.585050462424737572e-01
3.585050462424737572e-01
3.585338468306714654e-01
3.304477700903389326e-01
2.344369213588513579e-01
1.919183711984582263e-01
1.919183711984582263e-01
1.919183711984582263e-01
1.919183711984582263e-01
1.919183711984582263e-01
1.919183711984582263e-01
2.344369213588513579e-01
2.344369213588513579e-01
2.686935513535690379e-01
2.356096310215507750e-01
2.686935513535690379e-01
2.483035523294521429e-01
2.356096310215507750e-01
2.356096310215507750e-01
2.686935513535690379e-01
2.356096310215507750e-01
2.686935513535690379e-01
2.356096310215507750e-01
3.171696271180184934e-01
2.356096310215507750e-01
2.356096310215507750e-01
2.483035523294521429e-01
2.483035523294521429e-01
2.763896290697846481e-01
2.686935513535690379e-01
2.686935513535690379e-01
2.686935513535690379e-01
