4.947745453596264498e-01
5.768359326150573896e-01
7.045650557567755268e-01
7.530412647639480594e-01
9.106425155625356149e-01
7.974873848877394034e-01
7.154259976323084080e-01
9.640709085490614116e-01
9.196247884252701787e-01
8.123027582623365550e-01
7.951108217587397053e-01
8.154519306132086420e-01
7.678566381385451001e-01
8.033204853996019912e-01
7.319275466876067338e-01
8.099261951333369680e-01
8.926779698370663763e-01
8.244342034759432059e-01
8.392495768505403575e-01
8.337238413706686835e-01
6.491757719838772145e-01
9.480672536099644665e-01
8.290790224233061112e-01
8.926779698370663763e-01
7.997556407061023886e-01
7.678566381385451001e-01
8.856565877607042170e-01
8.285811283071045086e-01
9.910177271372654362e-01
9.196247884252702898e-01
5.313758223617184306e-01
3.261096606721226032e-01
2.732996320416074543e-01
7.061272549439479018e-02
4.281680671036263153e-01
0.000000000000000000e+00
0.000000000000000000e+00
0.000000000000000000e+00
0.000000000000000000e+00
0.000000000000000000e+00
0.000000000000000000e+00
0.000000000000000000e+00
0.000000000000000000e+00
0.000000000000000000e+00
0.000000000000000000e+00
7.061272549439479018e-02
0.000000000000000000e+00
7.061272549439479018e-02
7.061272549439479018e-02
5.085432786783560255e-01
3.068359227142877788e-01
3.181621087797022462e-01
2.094593037201717689e-01
0.000000000000000000e+00
3.722789249666402234e-01
1.166472461477309069e-01
0.000000000000000000e+00
2.266164379998533707e-01
2.642684716032945857e-01
0.000000000000000000e+00
5.833085687517537421e-01
1.404448923850626640e-01
1.404448923850626640e-01
3.866290541513556778e-01
1.856616574828400534e-01
4.288564903040382736e-01
0.000000000000000000e+00
3.068359227142877788e-01
7.061272549439479018e-02
2.550937054084630451e-01
3.261096606721226032e-01
1.166472461477309069e-01
1.166472461477309069e-01
7.061272549439479018e-02
0.000000000000000000e+00
7.061272549439479018e-02
1.856616574828400534e-01
0.000000000000000000e+00
0.000000000000000000e+00
1.528817383827737186e-01
7.061272549439479018e-02
1.404448923850626640e-01
1.528817383827737186e-01
3.561173908696524393e-01
1.404448923850626640e-01
7.061272549439479018e-02
3.632966521039056595e-01
2.496762772392278062e-01
1.404448923850626640e-01
2.972715697138912372e-01
7.061272549439479018e-02
0.000000000000000000e+00
1.404448923850626640e-01
7.409098195503412976e-01
4.457162562147921059e-01
7.061272549439479018e-02
3.899113000992665001e-01
3.159739224373177557e-01
1.166472461477309069e-01
4.624925203757615511e-01
3.068359227142877788e-01
5.333367131480907242e-01
2.210374730717116210e-01
2.210374730717116210e-01
2.538173921717779558e-01
3.307892958119149074e-01
3.068359227142877788e-01
2.496762772392278062e-01
2.730234489100170081e-01
3.574635515920430717e-01
7.061272549439479018e-02
3.873668611493129577e-01
7.465197410516735133e-01
8.676920420352348673e-01
4.519657133409580307e-01
1.404448923850626640e-01
3.307892958119149074e-01
6.457192346010144357e-01
7.100907912366473118e-01
2.776150384091096712e-01
1.404448923850626640e-01
1.856616574828400534e-01
3.210692159512230082e-01
3.699043260855270354e-01
2.776150384091096712e-01
5.518500048132259916e-01
3.873668611493129577e-01
6.561971540602394848e-01
4.526541365413700446e-01
3.699043260855270354e-01
7.588743652758105362e-01
6.799948002975714223e-01
7.290530894424056552e-01
8.630472230878721840e-01
9.016602426998009401e-01
8.914896882725664717e-01
8.285811283071045086e-01
8.137657549325074680e-01
9.063050616471637344e-01
8.009439222706024042e-01
7.392236438696401235e-01
7.338884374739789163e-01
8.868448693252038995e-01
8.154519306132086420e-01
9.968508276491279130e-01
6.093744708074485539e-01
9.016602426998009401e-01
9.016602426998009401e-01
8.676920420352348673e-01
8.438943957979031518e-01
5.227891752725206675e-01
7.868189363443035544e-01
7.292436185266163440e-01
9.344401617998674414e-01
8.903014067080666782e-01
5.561385711530196785e-01
5.465868215098523830e-01
5.833085687517537421e-01
5.743262958890191783e-01
6.423957708151901702e-01
5.904630244251548588e-01
5.858182054777921755e-01
4.219186099774604459e-01
5.666653781878231433e-01
6.408838865694410636e-01
7.127747193976377016e-01
7.365723656349694171e-01
6.663677084874739531e-01
7.795228391622701647e-01
7.319275466876067338e-01
7.319275466876067338e-01
7.292436185266163440e-01
7.618330085424721565e-01
6.899421757142755185e-01
6.947775237458487796e-01
6.709798775085169531e-01
7.229452738248720589e-01
4.810269833097197134e-01
5.465868215098523830e-01
5.323409249156879630e-01
5.614021948844495347e-01
5.833085687517537421e-01
7.856306547798037609e-01
4.191857942408917514e-01
3.307892958119149074e-01
5.768359326150575006e-01
4.216772290697851644e-01
2.094593037201717689e-01
2.094593037201717689e-01
5.227891752725206675e-01
7.061272549439479018e-02
6.275315098650148249e-01
1.856616574828400534e-01
7.061272549439479018e-02
3.159739224373177557e-01
0.000000000000000000e+00
2.776150384091096712e-01
1.528817383827737186e-01
2.732996320416074543e-01
3.545869420492466229e-01
4.244494179723216631e-01
3.210692159512230082e-01
1.856616574828400534e-01
5.768359326150575006e-01
2.919037133919104576e-01
0.000000000000000000e+00
4.198742174413037098e-01
4.454748753071168799e-01
2.094593037201717689e-01
1.166472461477309069e-01
3.545869420492466229e-01
0.000000000000000000e+00
2.067258037119270309e-01
2.972715697138912372e-01
3.873668611493129577e-01
3.397715686746494712e-01
0.000000000000000000e+00
1.166472461477309069e-01
4.457162562147921059e-01
0.000000000000000000e+00
7.061272549439479018e-02
0.000000000000000000e+00
1.528817383827737186e-01
1.404448923850626640e-01
2.210374730717116210e-01
3.068359227142877788e-01
4.572293370723879424e-01
3.210692159512230082e-01
7.061272549439479018e-02
3.561173908696524393e-01
0.000000000000000000e+00
4.417951589137236734e-01
0.000000000000000000e+00
7.061272549439479018e-02
6.964636994265499537e-01
0.000000000000000000e+00
7.061272549439479018e-02
0.000000000000000000e+00
1.404448923850626640e-01
0.000000000000000000e+00
0.000000000000000000e+00
0.000000000000000000e+00
0.000000000000000000e+00
1.404448923850626640e-01
4.322434092705564335e-01
0.000000000000000000e+00
2.496762772392278062e-01
1.856616574828400534e-01
7.061272549439479018e-02
0.000000000000000000e+00
7.061272549439479018e-02
2.538173921717779558e-01
5.563617501635499396e-01
6.810087904271191483e-01
5.513521106970246111e-01
6.102553873399576556e-01
4.794430759716830082e-01
3.632966521039056595e-01
7.061272549439479018e-02
5.505286496516874628e-01
2.732996320416074543e-01
0.000000000000000000e+00
7.061272549439479018e-02
7.635191842231732196e-01
2.644916506138249024e-01
0.000000000000000000e+00
0.000000000000000000e+00
2.094593037201717689e-01
3.661136538619347847e-01
7.061272549439479018e-02
1.824244534597827538e-01
0.000000000000000000e+00
0.000000000000000000e+00
2.094593037201717689e-01
2.094593037201717689e-01
0.000000000000000000e+00
0.000000000000000000e+00
0.000000000000000000e+00
0.000000000000000000e+00
1.404448923850626640e-01
7.061272549439479018e-02
3.978795828324533934e-01
7.061272549439479018e-02
4.810269833097197134e-01
3.899113000992665001e-01
7.283627019941073533e-01
1.404448923850626640e-01
0.000000000000000000e+00
0.000000000000000000e+00
4.356873432961900217e-01
0.000000000000000000e+00
0.000000000000000000e+00
2.538173921717779558e-01
7.061272549439479018e-02
0.000000000000000000e+00
0.000000000000000000e+00
0.000000000000000000e+00
0.000000000000000000e+00
7.061272549439479018e-02
0.000000000000000000e+00
1.166472461477309069e-01
1.166472461477309069e-01
0.000000000000000000e+00
1.166472461477309069e-01
0.000000000000000000e+00
7.061272549439479018e-02
2.496762772392278062e-01
0.000000000000000000e+00
0.000000000000000000e+00
0.000000000000000000e+00
7.061272549439479018e-02
1.404448923850626640e-01
0.000000000000000000e+00
0.000000000000000000e+00
0.000000000000000000e+00
0.000000000000000000e+00
7.061272549439479018e-02
0.000000000000000000e+00
0.000000000000000000e+00
0.000000000000000000e+00
0.000000000000000000e+00
0.000000000000000000e+00
0.000000000000000000e+00
1.856616574828400534e-01
0.000000000000000000e+00
3.545869420492466229e-01
7.061272549439479018e-02
0.000000000000000000e+00
7.061272549439479018e-02
0.000000000000000000e+00
7.061272549439479018e-02
3.839451259903652880e-01
1.166472461477309069e-01
1.404448923850626640e-01
0.000000000000000000e+00
0.000000000000000000e+00
0.000000000000000000e+00
3.800032978485302637e-01
1.856616574828400534e-01
6.238824791500549027e-01
1.824244534597827538e-01
0.000000000000000000e+00
5.177487305516210725e-01
2.094593037201717689e-01
7.061272549439479018e-02
4.288564903040382736e-01
4.758122471538679954e-01
4.526541365413701556e-01
7.061272549439479018e-02
5.799362173903512829e-01
2.776150384091096712e-01
1.856616574828400534e-01
4.079478689170232819e-01
6.889770731603059861e-01
0.000000000000000000e+00
3.812611978293748427e-01
5.843063212320429578e-01
2.730234489100170081e-01
0.000000000000000000e+00
0.000000000000000000e+00
3.562056516111985482e-01
3.545869420492466229e-01
0.000000000000000000e+00
0.000000000000000000e+00
2.067258037119270309e-01
0.000000000000000000e+00
0.000000000000000000e+00
0.000000000000000000e+00
4.457162562147921059e-01
3.068359227142877788e-01
1.404448923850626640e-01
7.061272549439479018e-02
1.166472461477309069e-01
0.000000000000000000e+00
0.000000000000000000e+00
0.000000000000000000e+00
7.061272549439479018e-02
3.383107243020740951e-01
2.067258037119270309e-01
2.094593037201717689e-01
7.061272549439479018e-02
7.061272549439479018e-02
0.000000000000000000e+00
3.561173908696524393e-01
5.621948506754124164e-01
1.166472461477309069e-01
3.459468364424180264e-01
4.996098933911998219e-01
5.313758223617184306e-01
6.843322542129431918e-01
6.947775237458487796e-01
8.528766686606376046e-01
9.434224346626018942e-01
7.333905433577776467e-01
8.528766686606377156e-01
8.868448693252038995e-01
9.152873345098984093e-01
9.048094150506730271e-01
8.914896882725664717e-01
9.094542339980357104e-01
5.119156300397584847e-01
2.496762772392278062e-01
9.242696073726329731e-01
6.663677084874739531e-01
3.068359227142877788e-01
4.191857942408917514e-01
1.856616574828400534e-01
7.061272549439479018e-02
6.244312250897209315e-01
2.882892968511566734e-01
1.404448923850626640e-01
2.496762772392278062e-01
3.892929357432556858e-01
0.000000000000000000e+00
7.061272549439479018e-02
2.300197459344462125e-01
7.061272549439479018e-02
4.322434092705564335e-01
6.321763288123775082e-01
5.505286496516874628e-01
0.000000000000000000e+00
3.246836324919767924e-01
1.856616574828400534e-01
2.094593037201717689e-01
2.067258037119270309e-01
2.776150384091096712e-01
5.821202871872540596e-01
5.850789304539154578e-01
7.720035629697065138e-01
7.392236438696401235e-01
7.061272549439479018e-02
4.939510843142893015e-01
2.538173921717779558e-01
5.450029141718157888e-01
8.958271421879384633e-01
5.524199220217149708e-01
1.856616574828400534e-01
3.448668621885547236e-01
4.655928051510553334e-01
1.166472461477309069e-01
0.000000000000000000e+00
1.528817383827737186e-01
6.761225905720811280e-01
7.061272549439479018e-02
0.000000000000000000e+00
5.085432786783560255e-01
3.210692159512230082e-01
7.061272549439479018e-02
0.000000000000000000e+00
6.663677084874739531e-01
5.465868215098523830e-01
7.061272549439479018e-02
1.166472461477309069e-01
6.874814265638152788e-01
7.635191842231732196e-01
0.000000000000000000e+00
7.571881895951092512e-01
4.905787329528868979e-01
5.850789304539154578e-01
5.799362173903512829e-01
5.075781761243866042e-01
0.000000000000000000e+00
3.210692159512230082e-01
2.538173921717779558e-01
0.000000000000000000e+00
1.856616574828400534e-01
7.061272549439479018e-02
3.873668611493129577e-01
1.856616574828400534e-01
0.000000000000000000e+00
7.061272549439479018e-02
3.626082289034935902e-01
7.061272549439479018e-02
1.404448923850626640e-01
7.061272549439479018e-02
0.000000000000000000e+00
1.404448923850626640e-01
1.824244534597827538e-01
2.094593037201717689e-01
2.972715697138912372e-01
7.061272549439479018e-02
4.526541365413700446e-01
5.357132762770903112e-01
7.635191842231732196e-01
7.588743652758105362e-01
6.071062149890854576e-01
7.431780753687043939e-01
7.974873848877394034e-01
9.718648998472964040e-01
8.958271421879384633e-01
9.004719611353011466e-01
7.482059167323746873e-01
8.433965016817016602e-01
7.467429200622037744e-01
2.067258037119270309e-01
2.496762772392278062e-01
2.496762772392278062e-01
7.647074657876730130e-01
8.380612952860406750e-01
8.195988554443700558e-01
8.064696577504740782e-01
5.227891752725206675e-01
6.498661594321756274e-01
8.766743148979694311e-01
6.423957708151901702e-01
7.620235376266826233e-01
4.847456324410243655e-01
7.618330085424719345e-01
5.833085687517537421e-01
7.061272549439479018e-02
2.776150384091096712e-01
4.288564903040383847e-01
7.061272549439479018e-02
3.873668611493129577e-01
0.000000000000000000e+00
1.166472461477309069e-01
7.061272549439479018e-02
2.496762772392278062e-01
3.812611978293748982e-01
7.061272549439479018e-02
7.061272549439479018e-02
7.061272549439479018e-02
2.300197459344462125e-01
2.703047045565969975e-01
6.636837803264836744e-01
2.067258037119270309e-01
0.000000000000000000e+00
8.914896882725664717e-01
7.061272549439479018e-02
3.953881480035599805e-01
5.471562982902850036e-01
8.290790224233058892e-01
7.061272549439479018e-02
3.448668621885547236e-01
5.364878497468492657e-01
6.814577969677422242e-01
3.068359227142877788e-01
2.538173921717779558e-01
6.964636994265500647e-01
4.025244017798161322e-01
2.266164379998533707e-01
0.000000000000000000e+00
1.166472461477309069e-01
1.166472461477309069e-01
0.000000000000000000e+00
1.166472461477309069e-01
3.159739224373177557e-01
7.061272549439479018e-02
0.000000000000000000e+00
0.000000000000000000e+00
1.856616574828400534e-01
7.061272549439479018e-02
0.000000000000000000e+00
0.000000000000000000e+00
4.322434092705564890e-01
0.000000000000000000e+00
7.061272549439479018e-02
1.166472461477309069e-01
1.528817383827737186e-01
2.094593037201717689e-01
0.000000000000000000e+00
0.000000000000000000e+00
5.426263510428160908e-01
3.873668611493129577e-01
0.000000000000000000e+00
0.000000000000000000e+00
7.061272549439479018e-02
7.440589919012133846e-01
5.465868215098523830e-01
4.849688114515547377e-01
1.166472461477309069e-01
1.824244534597827538e-01
4.236381198561573469e-01
8.200967495605713253e-01
7.635191842231733306e-01
7.061272549439479018e-02
4.667810867155551824e-01
6.457192346010144357e-01
3.181621087797022462e-01
0.000000000000000000e+00
3.812611978293748982e-01
5.177487305516210725e-01
7.061272549439479018e-02
2.642684716032945857e-01
5.275544644596928956e-01
2.776150384091096712e-01
2.538173921717779558e-01
4.037126833443158702e-01
3.210692159512230082e-01
0.000000000000000000e+00
0.000000000000000000e+00
1.856616574828400534e-01
2.300197459344462125e-01
0.000000000000000000e+00
2.732996320416074543e-01
0.000000000000000000e+00
7.061272549439479018e-02
7.061272549439479018e-02
1.166472461477309069e-01
0.000000000000000000e+00
2.210374730717116210e-01
7.061272549439479018e-02
7.061272549439479018e-02
0.000000000000000000e+00
0.000000000000000000e+00
1.528817383827737186e-01
0.000000000000000000e+00
2.538173921717779558e-01
0.000000000000000000e+00
2.538173921717779558e-01
2.703047045565969975e-01
1.166472461477309069e-01
4.996098933911998219e-01
1.404448923850626640e-01
2.300197459344462125e-01
4.167250450904315673e-01
4.810269833097197134e-01
7.530412647639480594e-01
7.061272549439479018e-02
2.094593037201717689e-01
7.380353623051404410e-01
7.768389110012797749e-01
6.756246964558796364e-01
8.688803235997346608e-01
8.926779698370663763e-01
9.582378080371989348e-01
7.974873848877394034e-01
7.720035629697065138e-01
7.736897386504075769e-01
7.736897386504075769e-01
9.254578889371326555e-01
7.237178830467445589e-01
3.210692159512230082e-01
7.061272549439479018e-02
0.000000000000000000e+00
0.000000000000000000e+00
5.085432786783560255e-01
2.300197459344462125e-01
4.364926024443822605e-01
2.642684716032945857e-01
2.972715697138912372e-01
7.061272549439479018e-02
0.000000000000000000e+00
7.061272549439479018e-02
2.067258037119270309e-01
1.166472461477309069e-01
1.824244534597827538e-01
7.061272549439479018e-02
0.000000000000000000e+00
0.000000000000000000e+00
0.000000000000000000e+00
7.061272549439479018e-02
0.000000000000000000e+00
1.528817383827737186e-01
1.166472461477309069e-01
7.061272549439479018e-02
2.703047045565969975e-01
4.847456324410243655e-01
1.404448923850626640e-01
2.067258037119270309e-01
0.000000000000000000e+00
1.404448923850626640e-01
7.061272549439479018e-02
0.000000000000000000e+00
7.061272549439479018e-02
5.005567940480243339e-01
0.000000000000000000e+00
2.776150384091096712e-01
8.587097691725001924e-01
6.678307051576448661e-01
7.350767190384788208e-01
7.190730640993818756e-01
6.999202368094128435e-01
6.241898441820458165e-01
3.866290541513556778e-01
4.454748753071168799e-01
3.159739224373177557e-01
2.644916506138249024e-01
7.666683565740453066e-01
6.799948002975713113e-01
7.127747193976377016e-01
5.530382863777257851e-01
6.222289533956735230e-01
6.081039674693747843e-01
7.232199889305431784e-01
5.465868215098524940e-01
6.569697632821120958e-01
7.873168304605050460e-01
8.688803235997346608e-01
7.974873848877394034e-01
6.712872425405078669e-01
7.137398219516072340e-01
7.795228391622702757e-01
8.676920420352348673e-01
8.361004044996682705e-01
7.958012092070382293e-01
9.004719611353011466e-01
2.644916506138249024e-01
2.644916506138249024e-01
2.882892968511566734e-01
2.972715697138912372e-01
2.496762772392278062e-01
2.972715697138912372e-01
4.847456324410243655e-01
4.519657133409580307e-01
5.561385711530196785e-01
5.994452972878894226e-01
7.475155292840762744e-01
6.651794269229741596e-01
7.916542843758769266e-01
8.361004044996683815e-01
8.047834820697727931e-01
8.438943957979029298e-01
6.761225905720811280e-01
7.338884374739789163e-01
4.090152398136572831e-01
6.874814265638153898e-01
8.154519306132086420e-01
7.678566381385452111e-01
5.879533876991164254e-01
5.518500048132259916e-01
2.094593037201717689e-01
1.404448923850626640e-01
5.177487305516209615e-01
5.858182054777921755e-01
0.000000000000000000e+00
7.061272549439479018e-02
5.333367131480907242e-01
1.166472461477309069e-01
7.061272549439479018e-02
5.612812842165837424e-01
0.000000000000000000e+00
1.856616574828400534e-01
0.000000000000000000e+00
0.000000000000000000e+00
0.000000000000000000e+00
0.000000000000000000e+00
6.222289533956735230e-01
0.000000000000000000e+00
7.061272549439479018e-02
1.166472461477309069e-01
1.856616574828400534e-01
5.984313071583416965e-01
7.482059167323745763e-01
9.004719611353011466e-01
5.323409249156878520e-01
5.743262958890191783e-01
6.096158517151238909e-01
3.812611978293748427e-01
5.595109225144220266e-01
6.991476275875404545e-01
7.385332564213415996e-01
3.323868341050438824e-01
2.210374730717116210e-01
5.614021948844495347e-01
3.960765712039719944e-01
7.139630009621374951e-01
9.063050616471637344e-01
7.618330085424721565e-01
5.804341115065527745e-01
7.482059167323746873e-01
6.999202368094128435e-01
3.960765712039719944e-01
5.357132762770903112e-01
7.202613456638816691e-01
6.989244485770099713e-01
5.941821139845158140e-01
2.538173921717779558e-01
4.847456324410243655e-01
5.138069024097859927e-01
9.140990529453983937e-01
3.635692149119812422e-01
3.448668621885547236e-01
8.334164763386778807e-01
8.244342034759432059e-01
8.528766686606376046e-01
8.006365572386116014e-01
9.808471727100309678e-01
9.254578889371326555e-01
8.630472230878720730e-01
8.450826773624028343e-01
7.885051120250047285e-01
7.736897386504075769e-01
6.761225905720811280e-01
8.154519306132086420e-01
9.254578889371326555e-01
9.820354542745307613e-01
8.868448693252038995e-01
9.820354542745307613e-01
9.820354542745307613e-01
9.152873345098984093e-01
8.914896882725664717e-01
9.524047075253364580e-01
9.254578889371326555e-01
9.164756160743980917e-01
9.344401617998674414e-01
8.540649502251373981e-01
9.480672536099644665e-01
7.768389110012797749e-01
9.048094150506730271e-01
7.470176351678748938e-01
9.672200808999337207e-01
9.344401617998674414e-01
8.676920420352348673e-01
8.688803235997346608e-01
8.630472230878721840e-01
7.861285488960051415e-01
7.783345575977703712e-01
9.718648998472964040e-01
8.200967495605713253e-01
5.994452972878894226e-01
7.725014570859077834e-01
6.810087904271191483e-01
6.671403177093465642e-01
1.000000000000000000e+00
3.545869420492466229e-01
7.997556407061026107e-01
8.392495768505403575e-01
7.545369113604387667e-01
8.868448693252038995e-01
8.761764207817679395e-01
7.528507356797373706e-01
7.260944461757442570e-01
9.196247884252701787e-01
9.196247884252701787e-01
7.423728162205122105e-01
8.688803235997346608e-01
8.914896882725664717e-01
9.063050616471637344e-01
8.618589415233721684e-01
8.598980507370000970e-01
8.825074154098317969e-01
8.598980507370000970e-01
8.575214876080003990e-01
9.063050616471636234e-01
8.361004044996683815e-01
8.630472230878720730e-01
8.868448693252038995e-01
7.899681086951757525e-01
9.152873345098981872e-01
8.618589415233723905e-01
7.951108217587397053e-01
9.344401617998674414e-01
9.106425155625357259e-01
7.467429200622037744e-01
8.285811283071045086e-01
6.386978525246520544e-01
8.523787745444362240e-01
8.810117688133414227e-01
8.868448693252038995e-01
8.914896882725666938e-01
7.498920924130758614e-01
3.873668611493129577e-01
2.776150384091096712e-01
7.237178830467445589e-01
5.710028321031949128e-01
7.290530894424057662e-01
4.111645073866447286e-01
7.159238917485097886e-01
6.297155796619174906e-01
1.856616574828400534e-01
1.166472461477309069e-01
1.404448923850626640e-01
7.061272549439479018e-02
1.856616574828400534e-01
0.000000000000000000e+00
1.824244534597827538e-01
5.666653781878231433e-01
1.166472461477309069e-01
1.166472461477309069e-01
2.067258037119270309e-01
0.000000000000000000e+00
0.000000000000000000e+00
7.061272549439479018e-02
3.626082289034935902e-01
0.000000000000000000e+00
1.166472461477309069e-01
7.061272549439479018e-02
0.000000000000000000e+00
0.000000000000000000e+00
0.000000000000000000e+00
0.000000000000000000e+00
1.404448923850626640e-01
0.000000000000000000e+00
5.138069024097859927e-01
4.025244017798161322e-01
