5.122440006835004001e-01
6.930098699765404602e-01
6.933353737291838570e-01
8.469626586369789489e-01
8.095304375552464515e-01
7.724237202261572399e-01
7.286699330307903066e-01
7.568672290455277230e-01
8.765679227628857539e-01
7.318500591694425683e-01
7.957074182384297201e-01
7.724237202261572399e-01
8.978537091192148045e-01
8.483706267481483376e-01
6.268878320663182624e-01
6.472581711252303194e-01
7.511379338698281893e-01
8.872108159410503347e-01
6.527617126724690744e-01
8.483706267481483376e-01
7.675101222236921927e-01
6.151229775878321870e-01
5.413804967246889088e-01
4.450632511437859762e-01
7.511379338698280783e-01
6.947433418403533567e-01
4.452065154758610976e-01
3.163533859878936427e-01
2.881560899731562264e-01
2.881560899731562264e-01
7.318500591694424573e-01
4.734038114905985140e-01
5.451118802444452349e-01
7.600473551841799846e-01
6.084179819323283223e-01
8.483706267481483376e-01
3.360441367682623359e-01
5.880476428734163763e-01
7.335835310332553538e-01
6.602244797119813935e-01
7.617808270479926591e-01
6.947433418403533567e-01
8.187653626222415326e-01
8.012109597856685861e-01
8.645170614735517844e-01
7.974795762659123710e-01
8.006210162408946562e-01
9.154081119557877511e-01
8.181754190774674917e-01
7.785172053181700358e-01
8.590135199263129184e-01
8.377277335699838678e-01
8.469626586369789489e-01
7.497299657586586896e-01
7.799251734293394245e-01
7.286699330307903066e-01
8.483706267481483376e-01
6.369407816997090244e-01
6.245644166577316581e-01
7.799251734293394245e-01
7.166190717414562261e-01
7.793352298845654946e-01
8.872108159410503347e-01
7.724237202261572399e-01
8.872108159410503347e-01
7.793352298845654946e-01
7.335835310332553538e-01
5.023337935288825218e-01
7.637787387039360887e-01
8.978537091192148045e-01
8.576055518151434187e-01
6.791868506597239508e-01
5.977750887541638525e-01
9.084966022973793853e-01
8.308162239115755021e-01
8.187653626222415326e-01
6.375307252444829542e-01
6.366152779470656276e-01
7.410849842364375384e-01
3.543778780075609314e-01
7.675101222236921927e-01
7.799251734293394245e-01
7.850645250602651393e-01
7.675101222236923038e-01
8.239047142531672474e-01
8.187653626222415326e-01
8.363197654588142571e-01
7.393128262089547764e-01
7.022447950435355413e-01
9.084966022973793853e-01
4.389697660517731803e-01
4.389697660517731803e-01
4.840467046687630392e-01
4.840467046687630392e-01
7.160291281966824073e-01
7.511379338698280783e-01
7.793352298845654946e-01
6.081535421401976782e-01
7.799251734293394245e-01
7.128876882217001221e-01
6.994288588211966529e-01
7.919760347186735050e-01
7.004726370160530013e-01
9.329625147923605866e-01
8.308162239115755021e-01
9.542483011486896372e-01
6.829182341794800548e-01
7.899781230627301865e-01
7.799251734293394245e-01
8.181754190774677138e-01
9.366938983121168016e-01
9.140001438446182513e-01
1.604413718351818952e-01
2.389959611456994593e-01
2.389959611456994593e-01
2.389959611456994593e-01
2.389959611456994593e-01
2.389959611456994593e-01
2.389959611456994593e-01
2.389959611456994593e-01
2.389959611456994593e-01
2.389959611456994593e-01
2.389959611456994593e-01
2.389959611456994593e-01
5.122440006835004001e-01
4.452065154758610976e-01
5.451118802444452349e-01
5.693712787365219352e-01
5.869256815730947707e-01
5.888656674398120572e-01
6.933353737291838570e-01
8.349117973476447574e-01
8.012109597856685861e-01
7.850645250602651393e-01
9.033572506664537816e-01
8.469626586369789489e-01
6.495815865338169237e-01
5.411739827217845189e-01
7.497299657586586896e-01
4.840467046687630392e-01
4.452065154758610976e-01
6.213842905190795074e-01
6.953332853851272866e-01
4.840467046687630392e-01
5.981005925068070272e-01
6.259723847689011578e-01
2.389959611456994593e-01
3.837550611118461519e-01
6.559031526474514706e-01
4.389697660517731803e-01
0.000000000000000000e+00
0.000000000000000000e+00
0.000000000000000000e+00
0.000000000000000000e+00
0.000000000000000000e+00
0.000000000000000000e+00
0.000000000000000000e+00
0.000000000000000000e+00
0.000000000000000000e+00
5.023337935288825218e-01
0.000000000000000000e+00
0.000000000000000000e+00
0.000000000000000000e+00
1.719584759380601013e-01
0.000000000000000000e+00
0.000000000000000000e+00
8.075619777518674991e-02
0.000000000000000000e+00
0.000000000000000000e+00
0.000000000000000000e+00
0.000000000000000000e+00
3.217744382387468516e-01
0.000000000000000000e+00
0.000000000000000000e+00
5.129766867070471026e-01
0.000000000000000000e+00
0.000000000000000000e+00
0.000000000000000000e+00
0.000000000000000000e+00
4.202718348961614336e-01
0.000000000000000000e+00
0.000000000000000000e+00
8.075619777518674991e-02
0.000000000000000000e+00
5.693712787365218242e-01
0.000000000000000000e+00
2.493159007802542571e-01
0.000000000000000000e+00
2.819729601473741631e-01
3.254012435900978661e-01
2.107986651309620707e-01
5.275574774078722884e-01
1.604413718351818952e-01
0.000000000000000000e+00
1.322440758204444788e-01
0.000000000000000000e+00
0.000000000000000000e+00
4.646155656363022413e-01
6.933353737291839680e-01
5.756325916677692556e-01
6.495815865338169237e-01
6.213842905190795074e-01
7.899781230627300754e-01
7.919760347186735050e-01
6.953332853851272866e-01
5.908635790957553757e-01
7.318500591694424573e-01
9.718027039852625837e-01
8.696564131044773882e-01
6.754554671399677357e-01
9.718027039852625837e-01
9.542483011486896372e-01
9.033572506664537816e-01
9.140001438446182513e-01
9.154081119557877511e-01
8.469626586369789489e-01
8.308162239115755021e-01
7.744216318821006695e-01
9.542483011486896372e-01
1.000000000000000000e+00
9.154081119557877511e-01
8.377277335699838678e-01
8.978537091192148045e-01
8.872108159410503347e-01
6.722753410013155850e-01
8.802993062826419690e-01
8.201733307334109213e-01
8.308162239115756131e-01
8.590135199263129184e-01
9.542483011486896372e-01
8.187653626222415326e-01
9.033572506664537816e-01
8.872108159410503347e-01
8.696564131044773882e-01
9.033572506664535595e-01
9.260510051339522208e-01
8.765679227628857539e-01
8.201733307334109213e-01
8.256768722806498984e-01
8.696564131044776103e-01
8.349117973476447574e-01
8.751599546517161432e-01
8.927143574882890897e-01
8.483706267481483376e-01
7.111155301942174711e-01
6.898297438378883095e-01
7.004726370160528903e-01
7.180270398526257258e-01
7.286699330307903066e-01
6.722753410013155850e-01
7.212071659912778765e-01
6.245644166577316581e-01
7.036527631547050410e-01
6.541696807836385741e-01
6.093334292297455379e-01
6.657280212592202595e-01
4.276521126392881511e-01
4.840467046687630392e-01
4.452065154758610976e-01
3.994548166245507348e-01
4.276521126392881511e-01
8.858028478298808350e-01
7.503199093034326195e-01
8.802993062826419690e-01
9.260510051339522208e-01
9.154081119557877511e-01
7.286699330307904177e-01
6.550851280810556787e-01
6.176529069993234033e-01
2.389959611456994870e-01
3.163533859878936427e-01
5.695777927394264362e-01
6.826924805510192762e-01
5.411739827217845189e-01
6.472581711252303194e-01
8.256768722806496763e-01
7.215326697439212733e-01
5.247415411855332890e-01
5.584423787475094603e-01
4.993601813931348721e-01
4.389697660517731803e-01
8.075619777518674991e-02
4.723450998611062324e-01
2.107986651309620707e-01
8.075619777518674991e-02
0.000000000000000000e+00
3.860197399530811979e-01
1.322440758204444788e-01
8.075619777518674991e-02
8.075619777518674991e-02
0.000000000000000000e+00
0.000000000000000000e+00
2.737818132752355971e-01
8.075619777518674991e-02
2.035642019289439775e-01
0.000000000000000000e+00
0.000000000000000000e+00
0.000000000000000000e+00
2.485002036070196318e-01
8.075619777518674991e-02
8.075619777518674991e-02
6.791868506597239508e-01
6.162449388881537926e-01
5.169145842297078186e-01
3.924387287977371686e-01
5.184802282542859686e-01
6.142470272322103630e-01
2.389959611456994593e-01
3.924387287977371686e-01
5.880476428734163763e-01
6.245644166577316581e-01
5.869256815730947707e-01
4.429655893636600950e-01
6.268878320663182624e-01
3.642414327829997522e-01
2.389959611456994593e-01
3.163533859878936427e-01
4.202718348961614336e-01
1.604413718351818952e-01
3.350900033071753659e-01
2.389959611456994593e-01
6.084179819323283223e-01
6.440780449865780577e-01
8.349117973476447574e-01
8.552821364065567034e-01
7.410849842364375384e-01
8.256768722806496763e-01
9.542483011486896372e-01
5.584423787475094603e-01
5.034557548292042384e-01
1.322440758204444788e-01
8.075619777518674991e-02
1.604413718351818952e-01
0.000000000000000000e+00
1.604413718351818952e-01
3.163533859878936427e-01
5.169145842297078186e-01
3.652852109778561562e-01
3.994548166245507348e-01
6.213842905190795074e-01
2.599587939584188101e-01
3.719322808441338224e-01
0.000000000000000000e+00
1.322440758204444788e-01
4.202718348961614336e-01
6.369407816997090244e-01
2.107986651309620707e-01
5.626662830810180704e-01
2.599587939584188101e-01
2.493159007802543126e-01
3.924387287977371686e-01
8.075619777518674991e-02
2.107986651309620707e-01
4.389697660517731803e-01
5.977750887541638525e-01
0.000000000000000000e+00
3.543778780075609314e-01
3.642414327829998077e-01
8.075619777518674991e-02
1.604413718351818952e-01
4.001295768588712387e-01
5.693712787365219352e-01
0.000000000000000000e+00
2.107986651309620707e-01
3.719322808441338224e-01
8.075619777518674991e-02
8.075619777518674991e-02
1.322440758204444788e-01
2.107986651309620707e-01
2.107986651309620707e-01
8.075619777518674991e-02
1.604413718351818952e-01
0.000000000000000000e+00
0.000000000000000000e+00
0.000000000000000000e+00
1.322440758204444788e-01
4.498770990220684052e-01
0.000000000000000000e+00
6.550851280810556787e-01
0.000000000000000000e+00
0.000000000000000000e+00
0.000000000000000000e+00
8.075619777518674991e-02
0.000000000000000000e+00
0.000000000000000000e+00
2.796495447387875033e-01
0.000000000000000000e+00
8.075619777518674991e-02
0.000000000000000000e+00
8.075619777518674991e-02
2.799355515496353974e-01
5.587283855583573544e-01
0.000000000000000000e+00
5.247415411855332890e-01
0.000000000000000000e+00
0.000000000000000000e+00
1.322440758204444788e-01
0.000000000000000000e+00
2.287584942565515089e-01
3.163533859878936427e-01
0.000000000000000000e+00
1.322440758204444788e-01
4.738504907032972113e-01
0.000000000000000000e+00
8.075619777518674991e-02
0.000000000000000000e+00
2.881560899731562264e-01
6.930098699765405712e-01
3.437929106186225492e-01
8.075619777518674991e-02
3.163533859878936427e-01
3.767610621570521845e-01
6.093334292297455379e-01
6.826924805510192762e-01
6.884217757267189208e-01
2.493159007802542571e-01
0.000000000000000000e+00
8.075619777518674991e-02
2.737818132752355971e-01
3.261805819928235151e-01
0.000000000000000000e+00
8.075619777518674991e-02
4.107724700370357640e-01
0.000000000000000000e+00
0.000000000000000000e+00
8.075619777518674991e-02
2.881560899731562264e-01
0.000000000000000000e+00
0.000000000000000000e+00
6.375307252444828432e-01
1.604413718351818952e-01
0.000000000000000000e+00
5.681698246282568254e-01
2.107986651309620707e-01
1.604413718351818952e-01
1.604413718351818952e-01
4.498770990220684052e-01
3.254012435900978661e-01
1.604413718351818952e-01
3.642414327829998077e-01
1.604413718351818952e-01
2.389959611456994593e-01
6.081535421401976782e-01
4.558494086540256229e-01
2.035642019289439775e-01
8.075619777518674991e-02
8.075619777518674991e-02
8.075619777518674991e-02
0.000000000000000000e+00
2.107986651309620707e-01
8.075619777518674991e-02
0.000000000000000000e+00
8.075619777518674991e-02
2.107986651309620707e-01
2.633819345533286449e-01
0.000000000000000000e+00
3.034868275253249092e-01
0.000000000000000000e+00
8.075619777518674991e-02
8.075619777518674991e-02
8.075619777518674991e-02
2.972039475753603943e-01
3.034868275253249092e-01
8.075619777518674991e-02
1.322440758204444788e-01
1.604413718351818952e-01
8.075619777518674991e-02
0.000000000000000000e+00
0.000000000000000000e+00
1.604413718351818952e-01
8.075619777518674991e-02
0.000000000000000000e+00
0.000000000000000000e+00
8.075619777518674991e-02
1.719584759380601013e-01
2.107986651309620707e-01
3.034868275253249092e-01
0.000000000000000000e+00
8.075619777518674991e-02
8.075619777518674991e-02
1.322440758204444788e-01
2.107986651309620707e-01
4.001295768588712387e-01
7.111155301942173601e-01
2.389959611456994593e-01
4.558494086540256229e-01
8.075619777518674991e-02
8.075619777518674991e-02
0.000000000000000000e+00
1.604413718351818952e-01
2.599587939584188101e-01
0.000000000000000000e+00
8.075619777518674991e-02
2.107986651309620707e-01
8.075619777518674991e-02
1.322440758204444788e-01
0.000000000000000000e+00
0.000000000000000000e+00
0.000000000000000000e+00
1.719584759380601013e-01
2.485002036070196318e-01
0.000000000000000000e+00
0.000000000000000000e+00
0.000000000000000000e+00
0.000000000000000000e+00
1.719584759380601013e-01
1.322440758204444788e-01
0.000000000000000000e+00
0.000000000000000000e+00
2.881560899731562264e-01
3.034868275253249092e-01
0.000000000000000000e+00
0.000000000000000000e+00
2.035642019289439775e-01
2.107986651309620707e-01
6.369407816997090244e-01
4.276521126392881511e-01
4.904507600787831323e-01
7.899781230627300754e-01
8.075619777518674991e-02
3.261805819928235151e-01
8.075619777518674991e-02
4.979522132819653168e-01
8.075619777518674991e-02
0.000000000000000000e+00
1.322440758204444788e-01
8.075619777518674991e-02
2.881560899731562264e-01
1.719584759380601013e-01
3.642414327829998077e-01
2.107986651309620707e-01
0.000000000000000000e+00
4.389697660517731803e-01
2.493159007802542571e-01
8.075619777518674991e-02
0.000000000000000000e+00
0.000000000000000000e+00
4.452065154758610976e-01
0.000000000000000000e+00
1.604413718351818952e-01
1.322440758204444788e-01
1.604413718351818952e-01
0.000000000000000000e+00
1.604413718351818952e-01
8.075619777518674991e-02
8.075619777518674991e-02
1.604413718351818952e-01
0.000000000000000000e+00
0.000000000000000000e+00
0.000000000000000000e+00
0.000000000000000000e+00
0.000000000000000000e+00
0.000000000000000000e+00
0.000000000000000000e+00
1.604413718351818952e-01
0.000000000000000000e+00
1.322440758204444788e-01
0.000000000000000000e+00
0.000000000000000000e+00
2.107986651309620707e-01
0.000000000000000000e+00
0.000000000000000000e+00
1.322440758204444788e-01
1.604413718351818952e-01
0.000000000000000000e+00
4.119523571265835682e-01
2.107986651309620707e-01
4.780743950368058215e-01
0.000000000000000000e+00
2.881560899731562264e-01
8.483706267481483376e-01
1.322440758204444788e-01
1.604413718351818952e-01
8.483706267481483376e-01
6.550851280810556787e-01
4.107724700370357640e-01
3.163533859878936427e-01
8.081224694440768408e-01
7.675101222236921927e-01
7.318500591694425683e-01
6.550851280810556787e-01
6.544951845362818599e-01
7.180270398526258369e-01
5.986905360515808461e-01
4.276521126392881511e-01
6.933353737291838570e-01
6.648125739618031549e-01
8.201733307334109213e-01
3.642414327829997522e-01
5.963671206429942417e-01
5.122440006835004001e-01
2.389959611456994870e-01
2.881560899731562264e-01
1.604413718351818952e-01
4.840467046687630392e-01
4.276521126392881511e-01
2.881560899731562264e-01
5.695777927394264362e-01
7.249385495110342026e-01
7.617808270479927701e-01
6.320271836972440882e-01
7.706902483623443434e-01
6.495815865338169237e-01
7.036527631547050410e-01
8.765679227628857539e-01
5.557547734226097047e-01
7.410849842364375384e-01
8.201733307334109213e-01
3.485637661423147682e-01
1.604413718351818952e-01
8.075619777518674991e-02
8.075619777518674991e-02
6.602244797119815045e-01
2.799355515496353974e-01
8.075619777518674991e-02
0.000000000000000000e+00
0.000000000000000000e+00
8.075619777518674991e-02
1.604413718351818952e-01
2.599587939584188101e-01
0.000000000000000000e+00
8.075619777518674991e-02
4.634936043359806357e-01
0.000000000000000000e+00
1.322440758204444788e-01
3.437929106186225492e-01
0.000000000000000000e+00
4.711628853783974558e-01
0.000000000000000000e+00
0.000000000000000000e+00
2.107986651309620707e-01
1.719584759380601013e-01
1.322440758204444788e-01
0.000000000000000000e+00
2.035642019289439775e-01
0.000000000000000000e+00
8.075619777518674991e-02
7.730136637709311698e-01
6.953332853851272866e-01
3.437929106186225492e-01
3.254012435900978106e-01
0.000000000000000000e+00
0.000000000000000000e+00
0.000000000000000000e+00
7.637787387039360887e-01
3.994548166245507348e-01
0.000000000000000000e+00
7.114797201105306224e-01
0.000000000000000000e+00
7.637787387039360887e-01
0.000000000000000000e+00
1.604413718351818952e-01
0.000000000000000000e+00
8.075619777518674991e-02
8.075619777518674991e-02
6.084179819323283223e-01
8.075619777518674991e-02
4.780743950368058215e-01
8.075619777518674991e-02
6.334351518084135879e-01
3.769038046358249572e-01
8.075619777518674991e-02
3.543778780075609314e-01
7.286699330307903066e-01
1.719584759380601013e-01
8.075619777518674991e-02
1.322440758204444788e-01
0.000000000000000000e+00
0.000000000000000000e+00
0.000000000000000000e+00
0.000000000000000000e+00
0.000000000000000000e+00
8.075619777518674991e-02
0.000000000000000000e+00
0.000000000000000000e+00
8.075619777518674991e-02
0.000000000000000000e+00
0.000000000000000000e+00
0.000000000000000000e+00
0.000000000000000000e+00
1.604413718351818952e-01
0.000000000000000000e+00
8.075619777518674991e-02
1.604413718351818952e-01
0.000000000000000000e+00
8.075619777518674991e-02
8.075619777518674991e-02
0.000000000000000000e+00
2.107986651309620707e-01
8.075619777518674991e-02
2.881560899731562264e-01
2.389959611456994593e-01
1.604413718351818952e-01
1.604413718351818952e-01
2.107986651309620707e-01
8.075619777518674991e-02
5.557547734226097047e-01
6.084179819323283223e-01
2.737818132752355971e-01
0.000000000000000000e+00
2.972039475753603943e-01
8.075619777518674991e-02
1.604413718351818952e-01
3.865709973341852623e-01
2.819729601473741631e-01
1.604413718351818952e-01
3.814316457032594920e-01
1.604413718351818952e-01
1.604413718351818952e-01
0.000000000000000000e+00
4.107724700370357640e-01
1.604413718351818952e-01
8.075619777518674991e-02
1.604413718351818952e-01
8.075619777518674991e-02
2.881560899731562264e-01
7.073841466744613671e-01
1.604413718351818952e-01
8.075619777518674991e-02
6.754554671399677357e-01
0.000000000000000000e+00
5.111852890540081740e-01
0.000000000000000000e+00
2.107986651309620707e-01
0.000000000000000000e+00
0.000000000000000000e+00
2.799355515496353974e-01
0.000000000000000000e+00
0.000000000000000000e+00
0.000000000000000000e+00
2.287584942565515089e-01
1.604413718351818952e-01
2.493159007802542571e-01
8.075619777518674991e-02
0.000000000000000000e+00
2.107986651309620707e-01
0.000000000000000000e+00
2.389959611456994593e-01
5.977750887541638525e-01
2.107986651309620707e-01
8.075619777518674991e-02
4.887172882149703468e-01
0.000000000000000000e+00
2.881560899731562264e-01
7.637787387039360887e-01
4.738504907032972113e-01
2.633819345533286449e-01
2.799355515496353974e-01
6.579010643033947892e-01
0.000000000000000000e+00
8.075619777518674991e-02
5.557547734226097047e-01
4.711628853783974558e-01
8.075619777518674991e-02
2.389959611456994870e-01
5.584423787475094603e-01
6.245644166577316581e-01
8.075619777518674991e-02
4.902829322395484968e-01
2.493159007802542571e-01
0.000000000000000000e+00
2.493159007802542571e-01
1.322440758204444788e-01
1.719584759380601013e-01
8.075619777518674991e-02
8.075619777518674991e-02
4.389697660517731803e-01
8.075619777518674991e-02
8.075619777518674991e-02
8.075619777518674991e-02
4.107724700370357640e-01
8.075619777518674991e-02
0.000000000000000000e+00
4.107724700370357640e-01
2.107986651309620707e-01
6.334351518084134769e-01
5.819541577814038025e-01
7.678743121400054550e-01
8.872108159410503347e-01
5.122440006835004001e-01
6.245644166577316581e-01
4.389697660517731803e-01
5.963671206429942417e-01
3.934825069925935725e-01
2.881560899731562264e-01
0.000000000000000000e+00
1.719584759380601013e-01
1.604413718351818952e-01
8.075619777518674991e-02
0.000000000000000000e+00
