0.000000000000000000e+00
0.000000000000000000e+00
8.569342313846380066e-02
2.828696379287861662e-01
5.974863853052274631e-01
4.336985450886630677e-01
4.347085606433475635e-01
0.000000000000000000e+00
0.000000000000000000e+00
2.591909763362211239e-01
0.000000000000000000e+00
2.874961020563425729e-01
2.630912422173016796e-01
0.000000000000000000e+00
0.000000000000000000e+00
0.000000000000000000e+00
0.000000000000000000e+00
0.000000000000000000e+00
0.000000000000000000e+00
0.000000000000000000e+00
1.398476481045035080e-01
3.351833428345578625e-01
0.000000000000000000e+00
3.586037307998288237e-01
0.000000000000000000e+00
2.874961020563425729e-01
8.066144293110257824e-01
0.000000000000000000e+00
0.000000000000000000e+00
0.000000000000000000e+00
2.138898727628401053e-01
0.000000000000000000e+00
0.000000000000000000e+00
0.000000000000000000e+00
2.230378101152315218e-01
0.000000000000000000e+00
0.000000000000000000e+00
0.000000000000000000e+00
2.230378101152315218e-01
3.048599753166284509e-01
4.272759242882127051e-01
7.385350579200321564e-01
5.137036408132622523e-01
3.730518100528040781e-01
0.000000000000000000e+00
2.874961020563425729e-01
3.183235826958337733e-01
0.000000000000000000e+00
4.545710344536496028e-01
0.000000000000000000e+00
1.701710156224329473e-01
7.200487057598800034e-01
7.936549350533823599e-01
1.701710156224329473e-01
4.533644774549655532e-01
4.951332105542923245e-01
9.090298974462115433e-01
7.995734427322709337e-01
9.393532649641409549e-01
6.176332376246941314e-01
9.393532649641407328e-01
6.528490378536651040e-01
8.975845318648141280e-01
7.822095694719850556e-01
8.632484351206222151e-01
8.960704031885680099e-01
6.584174988502510262e-01
7.822095694719851666e-01
5.108133904868661368e-01
1.701710156224329473e-01
8.846250376071707056e-01
5.974863853052274631e-01
0.000000000000000000e+00
3.501610788900095250e-01
6.602816742087999069e-01
8.569342313846380066e-02
0.000000000000000000e+00
2.942527101259329592e-01
1.398476481045035080e-01
8.569342313846380066e-02
3.561682955447263987e-01
2.630912422173016796e-01
4.198432879330779022e-01
6.717270397901972112e-01
7.389267076964121106e-01
6.473221799511563734e-01
5.381085006523030900e-01
2.230378101152315218e-01
0.000000000000000000e+00
6.602816742088000179e-01
3.954384280940369534e-01
4.220991130680065706e-01
3.561682955447263987e-01
0.000000000000000000e+00
5.746579475266834214e-01
0.000000000000000000e+00
5.182460268420009397e-01
8.569342313846380066e-02
4.554507379384286070e-01
5.033807541317314449e-01
3.852228126797213048e-01
6.284441780146242662e-01
7.419549650489044579e-01
9.090298974462117654e-01
8.254924312475580006e-01
8.731796720257734012e-01
9.279078993827436506e-01
7.991817929558910905e-01
7.991817929558910905e-01
8.254924312475581116e-01
6.664429573027759179e-01
6.778883228841733333e-01
5.813913624278761461e-01
5.848112695567485586e-01
5.254565780722217916e-01
4.951332105542922690e-01
4.690446573875393654e-01
6.778883228841731112e-01
7.512517767625883636e-01
7.404408363726582287e-01
3.434540795803945890e-01
4.932067418114928770e-01
3.586037307998288237e-01
4.628833742935634099e-01
8.569342313846380066e-02
7.707642038905876403e-01
2.138898727628401053e-01
3.363058217344243594e-01
1.701710156224329473e-01
5.881895735915436685e-01
5.869182203303848766e-01
4.690446573875394765e-01
5.025658469094270719e-01
3.730518100528040781e-01
4.640219126065924238e-01
3.730518100528040781e-01
3.730518100528040781e-01
3.183235826958337733e-01
4.222531795072657079e-01
3.730518100528040781e-01
3.183235826958337733e-01
4.222531795072657079e-01
3.730518100528040781e-01
3.183235826958337733e-01
4.640219126065924238e-01
2.591909763362211239e-01
3.919298119893362409e-01
4.951332105542923245e-01
4.848944019715791254e-01
5.848112695567485586e-01
6.838068305630617960e-01
5.618789352998767583e-01
7.156443267572375477e-01
7.082116904021026338e-01
5.625133604913439278e-01
6.361195897848465064e-01
7.082116904021027448e-01
6.231600955272028619e-01
7.156443267572375477e-01
7.688584254379616789e-01
7.385350579200321564e-01
8.746938007020195194e-01
8.125329369899143561e-01
8.731796720257734012e-01
7.230769631123724617e-01
8.672611643468848275e-01
7.822095694719850556e-01
7.082116904021026338e-01
9.204752630276088476e-01
7.741425079253829722e-01
9.279078993827435395e-01
7.385350579200320453e-01
5.411367580047955483e-01
8.239783025713118825e-01
8.657470356706385983e-01
9.771092688372050583e-01
8.066144293110260044e-01
9.696766324820703664e-01
9.393532649641409549e-01
8.254924312475581116e-01
9.811219980634676707e-01
7.837236981482312848e-01
8.428563045078439897e-01
9.204752630276088476e-01
9.467859013192756468e-01
8.483831624103527203e-01
8.746938007020195194e-01
8.861391662834168237e-01
9.811219980634674487e-01
8.140470656661608073e-01
7.512517767625883636e-01
8.428563045078439897e-01
9.393532649641409549e-01
8.233438773798444910e-01
8.672611643468847165e-01
9.393532649641407328e-01
8.140470656661608073e-01
8.314109389264465744e-01
4.951332105542922690e-01
5.025658469094270719e-01
5.254565780722217916e-01
4.404049831973219642e-01
5.254565780722217916e-01
5.254565780722217916e-01
5.254565780722217916e-01
5.254565780722217916e-01
5.440270083311917748e-01
6.395394969137188079e-01
7.930205098619150794e-01
5.996349391729409728e-01
6.055534468518296576e-01
7.741425079253828612e-01
7.936549350533823599e-01
8.731796720257734012e-01
8.180597948924231977e-01
8.369377968289554159e-01
9.393532649641409549e-01
1.000000000000000000e+00
7.936549350533824709e-01
8.787065299282821318e-01
9.263937707064974214e-01
7.762910617930964818e-01
9.263937707064974214e-01
7.822095694719849446e-01
8.239783025713118825e-01
9.279078993827436506e-01
9.507986305455382592e-01
8.558157987654874121e-01
8.787065299282821318e-01
8.254924312475580006e-01
9.452717726430293066e-01
8.975845318648141280e-01
9.149484051251001171e-01
8.960704031885680099e-01
8.140470656661606963e-01
7.930205098619150794e-01
8.369377968289551939e-01
8.483831624103524982e-01
7.936549350533823599e-01
9.696766324820703664e-01
5.108133904868662478e-01
8.657470356706385983e-01
7.518862019540555330e-01
8.239783025713117715e-01
8.051003006347796642e-01
9.149484051251001171e-01
8.051003006347795532e-01
8.543016700892412940e-01
8.369377968289551939e-01
1.812690770159047504e-01
3.183235826958337733e-01
4.404049831973219642e-01
3.812723768377093148e-01
0.000000000000000000e+00
3.048599753166284509e-01
3.730518100528040781e-01
0.000000000000000000e+00
4.897868346826205199e-01
2.591909763362211239e-01
0.000000000000000000e+00
0.000000000000000000e+00
2.395244827689626821e-01
4.993680249054688880e-01
0.000000000000000000e+00
2.230378101152315218e-01
0.000000000000000000e+00
6.664429573027759179e-01
3.048599753166284509e-01
5.773786332016136447e-01
5.684318681702326126e-01
0.000000000000000000e+00
6.602816742088000179e-01
0.000000000000000000e+00
7.209284092446588410e-01
0.000000000000000000e+00
0.000000000000000000e+00
0.000000000000000000e+00
2.630912422173016796e-01
0.000000000000000000e+00
0.000000000000000000e+00
5.625133604913440388e-01
0.000000000000000000e+00
3.852228126797213048e-01
0.000000000000000000e+00
1.398476481045035080e-01
4.690446573875394765e-01
6.594019707240208472e-01
1.812690770159047504e-01
8.569342313846380066e-02
5.485693943599305733e-01
4.640219126065924238e-01
8.569342313846380066e-02
8.569342313846380066e-02
2.942527101259329592e-01
0.000000000000000000e+00
8.569342313846380066e-02
3.434540795803945334e-01
4.336985450886630122e-01
6.061878720432969381e-01
3.048599753166284509e-01
3.780745548337511308e-01
5.443345800087538988e-01
7.020504073081267338e-01
7.270896923386349631e-01
6.887408663681805487e-01
7.345223286937696550e-01
8.010875714085171628e-01
7.626971423439856679e-01
5.977707638143920921e-01
7.518862019540555330e-01
8.066144293110258934e-01
7.626971423439856679e-01
8.239783025713118825e-01
5.848112695567485586e-01
5.108133904868662478e-01
7.936549350533822489e-01
9.204752630276088476e-01
4.993680249054688880e-01
5.746579475266834214e-01
7.345223286937696550e-01
8.369377968289554159e-01
0.000000000000000000e+00
8.960704031885680099e-01
2.533611776331609611e-01
6.284441780146242662e-01
2.395244827689626821e-01
6.587675455325537888e-01
6.117147299458055576e-01
0.000000000000000000e+00
7.815751442805178861e-01
1.701710156224329473e-01
7.930205098619150794e-01
7.101174688547288172e-01
8.569342313846380066e-02
8.110188083136682380e-01
8.180597948924231977e-01
0.000000000000000000e+00
5.443345800087538988e-01
7.020504073081267338e-01
2.138898727628401053e-01
4.951332105542923245e-01
5.137036408132623633e-01
4.220991130680065706e-01
4.272759242882127051e-01
5.881895735915436685e-01
5.987552356881620241e-01
4.554507379384287180e-01
4.932067418114928770e-01
4.897868346826205199e-01
6.534834630451323845e-01
0.000000000000000000e+00
3.969525567702832380e-01
3.048599753166284509e-01
1.812690770159047504e-01
7.345223286937696550e-01
6.473221799511562624e-01
3.048599753166284509e-01
4.554507379384287180e-01
1.812690770159047504e-01
0.000000000000000000e+00
3.548994451617918933e-01
7.648456962116990665e-01
0.000000000000000000e+00
4.222531795072657079e-01
3.488004554520663381e-01
3.183235826958337733e-01
4.648098430363628020e-01
1.701710156224329473e-01
2.533611776331609611e-01
2.395244827689626821e-01
3.351833428345578625e-01
8.569342313846380066e-02
4.198432879330779022e-01
2.395244827689626821e-01
0.000000000000000000e+00
0.000000000000000000e+00
3.434540795803945890e-01
4.272759242882127051e-01
2.630912422173016796e-01
5.861033131080807257e-01
6.280941313323216146e-01
4.951332105542923245e-01
5.625133604913440388e-01
3.852228126797213048e-01
8.295051604738205020e-01
3.048599753166284509e-01
7.762910617930964818e-01
5.943508566855197905e-01
9.149484051250998951e-01
4.640219126065924238e-01
3.852228126797213048e-01
4.993680249054688880e-01
7.385350579200321564e-01
3.919298119893362409e-01
2.230378101152315218e-01
4.115957443556387818e-01
6.776455474690858960e-01
8.180597948924230867e-01
1.701710156224329473e-01
0.000000000000000000e+00
4.347085606433475635e-01
6.509848624951162233e-01
2.828696379287861662e-01
3.917757455500771591e-01
6.534834630451323845e-01
8.369377968289551939e-01
4.198432879330779022e-01
8.483831624103524982e-01
8.239783025713117715e-01
7.323737748260561453e-01
1.398476481045035080e-01
7.692500752143415221e-01
5.411367580047956594e-01
8.861391662834170457e-01
7.626971423439855569e-01
8.483831624103524982e-01
8.672611643468847165e-01
