4.126931310316030443e-01
5.403887835188451172e-01
5.223825994242720094e-01
4.126931310316030443e-01
6.032808170870618270e-01
2.796879464359028900e-01
1.000000000000000000e+00
9.191017823372101825e-01
3.539624441347633543e-01
1.419657796204551459e-01
4.126931310316030443e-01
4.816580966220053717e-01
9.412693131031604210e-01
8.603710954403706035e-01
9.412693131031601990e-01
8.603710954403706035e-01
8.603710954403706035e-01
9.412693131031601990e-01
6.032808170870618270e-01
7.650772524126411289e-01
8.238079393094809300e-01
4.007598789592156097e-01
7.794728777775807860e-01
7.650772524126412399e-01
6.032808170870618270e-01
3.539624441347633543e-01
6.841790347498514224e-01
6.590789201554870802e-01
2.209572595390631722e-01
7.650772524126412399e-01
6.590789201554870802e-01
5.781807024926973737e-01
3.539624441347633543e-01
5.781807024926973737e-01
7.207421908807410960e-01
3.539624441347633543e-01
3.539624441347633543e-01
6.841790347498514224e-01
8.603710954403704925e-01
8.603710954403704925e-01
7.650772524126411289e-01
8.603710954403706035e-01
8.603710954403706035e-01
6.254483478530117324e-01
7.794728777775807860e-01
7.429097216466912235e-01
8.382035646744204760e-01
4.636519125274323194e-01
8.382035646744203650e-01
5.223825994242720094e-01
2.730642264719736478e-01
7.429097216466911124e-01
5.445501301902220259e-01
3.539624441347633543e-01
3.539624441347633543e-01
8.603710954403706035e-01
7.178096070523267702e-01
2.209572595390631722e-01
6.590789201554870802e-01
7.063465655158015499e-01
6.985746601147909685e-01
7.794728777775807860e-01
6.369113893895369527e-01
8.382035646744203650e-01
8.603710954403704925e-01
9.191017823372101825e-01
7.794728777775807860e-01
6.590789201554870802e-01
6.841790347498514224e-01
4.816580966220053717e-01
4.229274097251656261e-01
7.650772524126411289e-01
8.238079393094809300e-01
4.816580966220053717e-01
7.207421908807410960e-01
7.650772524126411289e-01
4.816580966220053717e-01
5.445501301902220259e-01
7.063465655158014389e-01
3.539624441347633543e-01
2.209572595390631722e-01
5.781807024926972627e-01
6.032808170870618270e-01
6.590789201554870802e-01
6.841790347498514224e-01
6.841790347498514224e-01
8.603710954403704925e-01
3.539624441347633543e-01
6.032808170870617159e-01
4.636519125274323194e-01
6.369113893895369527e-01
7.178096070523267702e-01
6.590789201554870802e-01
7.650772524126411289e-01
5.445501301902220259e-01
7.063465655158015499e-01
6.590789201554870802e-01
7.650772524126411289e-01
8.238079393094809300e-01
7.178096070523267702e-01
7.650772524126411289e-01
6.369113893895369527e-01
7.429097216466912235e-01
5.781807024926972627e-01
6.841790347498514224e-01
6.841790347498514224e-01
5.781807024926972627e-01
5.445501301902220259e-01
6.590789201554870802e-01
6.620115039839015170e-01
7.650772524126411289e-01
7.178096070523267702e-01
6.032808170870618270e-01
6.369113893895369527e-01
2.796879464359028900e-01
1.419657796204551459e-01
1.419657796204551459e-01
2.209572595390631722e-01
3.539624441347633543e-01
1.419657796204551459e-01
2.796879464359028900e-01
2.796879464359028900e-01
4.126931310316030443e-01
5.079869740593323524e-01
4.126931310316030443e-01
6.841790347498514224e-01
6.590789201554870802e-01
6.841790347498514224e-01
4.816580966220053717e-01
5.416175463618077002e-01
2.796879464359028900e-01
2.209572595390631722e-01
1.419657796204551459e-01
1.419657796204551459e-01
1.419657796204551459e-01
4.270887563965426459e-01
4.356192141046534849e-01
2.796879464359028900e-01
5.445501301902220259e-01
4.816580966220053717e-01
4.126931310316030443e-01
6.369113893895369527e-01
7.178096070523267702e-01
0.000000000000000000e+00
0.000000000000000000e+00
6.620115039839014059e-01
0.000000000000000000e+00
3.054660359314863016e-01
8.825386262063206200e-01
8.238079393094809300e-01
2.730642264719736478e-01
4.126931310316030443e-01
5.445501301902220259e-01
4.007598789592156097e-01
0.000000000000000000e+00
0.000000000000000000e+00
0.000000000000000000e+00
6.369113893895369527e-01
7.178096070523267702e-01
7.178096070523267702e-01
6.841790347498514224e-01
6.369113893895369527e-01
6.590789201554870802e-01
7.650772524126411289e-01
0.000000000000000000e+00
5.403887835188450062e-01
8.238079393094809300e-01
6.841790347498514224e-01
1.419657796204551459e-01
5.445501301902220259e-01
1.419657796204551459e-01
0.000000000000000000e+00
4.816580966220053717e-01
6.620115039839015170e-01
0.000000000000000000e+00
2.730642264719736478e-01
1.419657796204551459e-01
0.000000000000000000e+00
0.000000000000000000e+00
3.539624441347633543e-01
2.209572595390631722e-01
0.000000000000000000e+00
1.419657796204551459e-01
0.000000000000000000e+00
0.000000000000000000e+00
0.000000000000000000e+00
4.126931310316030443e-01
1.419657796204551459e-01
5.888851917221221699e-01
6.032808170870618270e-01
5.403887835188450062e-01
1.419657796204551459e-01
4.270887563965426459e-01
4.126931310316030443e-01
4.126931310316030443e-01
4.816580966220053717e-01
6.369113893895369527e-01
7.178096070523267702e-01
0.000000000000000000e+00
2.796879464359028900e-01
7.650772524126412399e-01
8.238079393094809300e-01
7.650772524126411289e-01
6.841790347498514224e-01
7.178096070523267702e-01
8.238079393094809300e-01
6.841790347498514224e-01
5.888851917221221699e-01
5.416175463618077002e-01
5.416175463618077002e-01
