5.091485247175715489e-01
5.449964758970637924e-01
4.586130143357717293e-01
2.192350480899930287e-01
7.395887635715242547e-02
7.395887635715242547e-02
7.395887635715242547e-02
7.395887635715242547e-02
1.593140497064166883e-01
0.000000000000000000e+00
0.000000000000000000e+00
1.218477116609848199e-01
7.395887635715242547e-02
2.598607380457735316e-01
0.000000000000000000e+00
0.000000000000000000e+00
0.000000000000000000e+00
2.305400984052101698e-01
2.598607380457735316e-01
0.000000000000000000e+00
2.835175260402829078e-01
7.395887635715242547e-02
0.000000000000000000e+00
0.000000000000000000e+00
2.343681077301875693e-01
0.000000000000000000e+00
0.000000000000000000e+00
0.000000000000000000e+00
1.218477116609848199e-01
7.574734724323324286e-01
0.000000000000000000e+00
3.629940765407812520e-01
0.000000000000000000e+00
0.000000000000000000e+00
0.000000000000000000e+00
0.000000000000000000e+00
0.000000000000000000e+00
0.000000000000000000e+00
7.395887635715242547e-02
0.000000000000000000e+00
0.000000000000000000e+00
2.192350480899930287e-01
0.000000000000000000e+00
3.917696764183419833e-01
7.395887635715242547e-02
3.007555816459451803e-01
0.000000000000000000e+00
7.395887635715242547e-02
0.000000000000000000e+00
0.000000000000000000e+00
7.395887635715242547e-02
0.000000000000000000e+00
7.395887635715242547e-02
0.000000000000000000e+00
7.395887635715242547e-02
7.395887635715242547e-02
7.395887635715242547e-02
7.395887635715242547e-02
3.346912120681281300e-01
4.298219859851513114e-01
4.987633241146224305e-01
5.743752056024332697e-01
7.395887635715242547e-02
0.000000000000000000e+00
0.000000000000000000e+00
7.395887635715242547e-02
0.000000000000000000e+00
0.000000000000000000e+00
0.000000000000000000e+00
7.395887635715242547e-02
0.000000000000000000e+00
0.000000000000000000e+00
0.000000000000000000e+00
0.000000000000000000e+00
0.000000000000000000e+00
0.000000000000000000e+00
0.000000000000000000e+00
1.593140497064166883e-01
0.000000000000000000e+00
2.652571362928495269e-01
4.828706526711595837e-01
3.970145081189007108e-01
0.000000000000000000e+00
7.225546462054646124e-01
7.855199669616317326e-01
0.000000000000000000e+00
7.395887635715242547e-02
7.421081179979025499e-01
1.470516721569218310e-01
1.218477116609848199e-01
6.474700817266868524e-01
0.000000000000000000e+00
5.505706853267764433e-01
5.491712451064963973e-01
3.718105476229636719e-01
1.218477116609848199e-01
4.386059580285922022e-01
2.652571362928495269e-01
7.395887635715242547e-02
1.593140497064166883e-01
1.218477116609848199e-01
7.395887635715242547e-02
5.082764015063246932e-01
3.718105476229637274e-01
7.888552386408015371e-01
6.212632637838338967e-01
1.470516721569218310e-01
2.652571362928495269e-01
3.970145081189006553e-01
2.652571362928495269e-01
7.395887635715242547e-02
7.395887635715242547e-02
5.152724735344695883e-01
7.395887635715242547e-02
7.395887635715242547e-02
7.395887635715242547e-02
7.395887635715242547e-02
1.470516721569218310e-01
7.395887635715242547e-02
7.395887635715242547e-02
1.470516721569218310e-01
3.691718822533135436e-01
7.024717770795095850e-01
4.046180254892142170e-01
3.665657159224049999e-01
3.354726195335845373e-01
4.987633241146224305e-01
3.794140649932772891e-01
6.474700817266869635e-01
4.291446572080402366e-01
3.354726195335845373e-01
5.449964758970637924e-01
1.940310875940560453e-01
6.664962365100914887e-01
5.429934393939640502e-01
6.438092813777119838e-01
8.284915795591947241e-01
9.041034610470055632e-01
7.590575037839160100e-01
8.107239274575686050e-01
8.945903836553031896e-01
7.338535432879789155e-01
7.428393036706483210e-01
7.574734724323323176e-01
5.977933464075583236e-01
8.122733794459268131e-01
7.916977726741638577e-01
7.508029290739924866e-01
7.073910801102633039e-01
6.104916837103527838e-01
7.169041575019656776e-01
5.600837627184788170e-01
5.551644596877252091e-01
5.708553427919599299e-01
5.600837627184788170e-01
5.681973998899010336e-01
8.788995005510686909e-01
8.094654247757899768e-01
7.888552386408017592e-01
6.210076185489712408e-01
3.794140649932772891e-01
7.446251233614601395e-01
6.811842621674102372e-01
6.090922434900725158e-01
6.055723806795991759e-01
3.917696764183419833e-01
3.917696764183419833e-01
1.470516721569218310e-01
1.470516721569218310e-01
7.395887635715242547e-02
1.470516721569218310e-01
4.386059580285922022e-01
8.140591991367386315e-01
7.065728137946508669e-01
8.027603020542244394e-01
7.194211628655230450e-01
6.533223587694142465e-01
5.041016322968920882e-01
6.412922760141546163e-01
5.047047621247008342e-01
3.354726195335845373e-01
4.726263896067116055e-01
7.255989685780553922e-01
6.263325785826653336e-01
7.685705811756182726e-01
3.102686590376475539e-01
4.850754775134875074e-01
1.940310875940560453e-01
2.904610967887865103e-01
2.192350480899930287e-01
2.192350480899930287e-01
4.379093517190723595e-01
4.795008016287639063e-01
7.412898516822901129e-01
3.699009876015749154e-01
3.606765800295215207e-01
3.824738158389275333e-01
1.940310875940560453e-01
6.813688532987135504e-01
2.192350480899930287e-01
2.192350480899930287e-01
4.542968411328269229e-01
1.940310875940560453e-01
3.794140649932772891e-01
2.904610967887865103e-01
6.726740422226238358e-01
3.381674212857994632e-01
6.309609323068398057e-01
6.186053208817751115e-01
1.940310875940560453e-01
1.470516721569218310e-01
4.474224291107747331e-01
4.379093517190723595e-01
5.491712451064963973e-01
7.541382007531622911e-01
7.888552386408015371e-01
8.189785021674922394e-01
7.824756445890410639e-01
6.073064237992609193e-01
7.019444600704765058e-01
7.081222657830086309e-01
7.731643555365669274e-01
8.644671201286125983e-01
6.801103506169349222e-01
8.189785021674923504e-01
8.487762370243780996e-01
7.305182716088088890e-01
9.148750411204865651e-01
7.916977726741638577e-01
7.664938121782269853e-01
8.392631596326757260e-01
8.801580032328473191e-01
9.388204989346448093e-01
8.436551456543962546e-01
8.171926824766801989e-01
4.586130143357717293e-01
4.586130143357717293e-01
5.334803620022616766e-01
6.559803016714730317e-01
6.813688532987135504e-01
7.428393036706480990e-01
8.297500822409731303e-01
8.549540427369102247e-01
8.140591991367386315e-01
8.441824626634292228e-01
5.934013603858380170e-01
3.970145081189007108e-01
4.046180254892142170e-01
1.470516721569218310e-01
4.543486177039771090e-01
2.904610967887865103e-01
3.276739088253330934e-01
5.505706853267764433e-01
1.470516721569218310e-01
1.470516721569218310e-01
1.470516721569218310e-01
1.470516721569218310e-01
7.395887635715242547e-02
0.000000000000000000e+00
3.381674212857994632e-01
7.395887635715242547e-02
5.361383049043204618e-01
8.945903836553034116e-01
8.706449258411449454e-01
5.970621607348127746e-01
7.073910801102633039e-01
6.106762748416564301e-01
7.276757375754465684e-01
8.582893144160802512e-01
7.322695119363953342e-01
7.119848544712119587e-01
7.384473176489277924e-01
7.322695119363953342e-01
7.065728137946506449e-01
7.479603950406299440e-01
7.508029290739924866e-01
7.760068895699293590e-01
6.453933127292958982e-01
6.044984691291240830e-01
6.785263192653512299e-01
8.334108825899482209e-01
7.919887219807433265e-01
8.884125779427708425e-01
8.681279204775875780e-01
8.189785021674922394e-01
7.019444600704765058e-01
6.549063901209980498e-01
8.429239599816504835e-01
7.163768404929323763e-01
8.706449258411449454e-01
9.148750411204867872e-01
8.032876190632576296e-01
8.896710806245496928e-01
9.053619637287841915e-01
8.279642625501613118e-01
5.852877232144156894e-01
7.384473176489275703e-01
6.664962365100917108e-01
1.470516721569218310e-01
2.652571362928495269e-01
3.931173400674718987e-01
2.652571362928495269e-01
2.192350480899930287e-01
7.395887635715242547e-02
3.970145081189007108e-01
1.470516721569218310e-01
1.470516721569218310e-01
5.227087819287806747e-01
6.309609323068398057e-01
3.972701533537632557e-01
5.551644596877252091e-01
6.453933127292956762e-01
6.880393966570536035e-01
6.438092813777119838e-01
6.090922434900727378e-01
3.354726195335845373e-01
4.795008016287639063e-01
8.392631596326757260e-01
3.970145081189007108e-01
7.826774329282693010e-01
8.801580032328470971e-01
6.917001970060285831e-01
8.334108825899482209e-01
3.515258901577802964e-01
0.000000000000000000e+00
1.470516721569218310e-01
1.940310875940560453e-01
6.055723806795991759e-01
8.012108500658664534e-01
3.007555816459451803e-01
6.369541468880683954e-01
3.290061440014032113e-01
1.470516721569218310e-01
2.904610967887865103e-01
3.691718822533135436e-01
5.448684200521269894e-01
7.925160389897766278e-01
7.322695119363953342e-01
4.379093517190723595e-01
5.545095532887660550e-01
4.890138790204662800e-01
7.421081179979025499e-01
6.369541468880683954e-01
4.183213005634088821e-01
2.192350480899930287e-01
3.354726195335845373e-01
4.127053912231353761e-01
4.795008016287639063e-01
2.904610967887865103e-01
1.940310875940560453e-01
1.470516721569218310e-01
6.991365054003396695e-01
7.395887635715242547e-02
7.395887635715242547e-02
2.652571362928495269e-01
1.470516721569218310e-01
7.395887635715242547e-02
1.470516721569218310e-01
2.652571362928495269e-01
2.305400984052101698e-01
7.395887635715242547e-02
4.127053912231353761e-01
3.102686590376475539e-01
5.623451228471735286e-01
3.007555816459451803e-01
6.055723806795991759e-01
6.044984691291240830e-01
5.047047621247008342e-01
4.795008016287639063e-01
7.073910801102633039e-01
7.065728137946508669e-01
5.334803620022616766e-01
2.192350480899930287e-01
8.945903836553034116e-01
3.699009876015749154e-01
7.395887635715242547e-02
7.395887635715242547e-02
7.888552386408017592e-01
7.395887635715242547e-02
7.395887635715242547e-02
7.160858911863530185e-01
5.091485247175715489e-01
1.470516721569218310e-01
3.290061440014032113e-01
7.395887635715242547e-02
3.290061440014032113e-01
7.395887635715242547e-02
7.395887635715242547e-02
5.197925154011266979e-01
3.515258901577802964e-01
7.395887635715242547e-02
7.395887635715242547e-02
4.127053912231353761e-01
7.395887635715242547e-02
6.917001970060285831e-01
7.395887635715242547e-02
1.940310875940560453e-01
7.395887635715242547e-02
7.395887635715242547e-02
7.395887635715242547e-02
7.395887635715242547e-02
1.470516721569218310e-01
0.000000000000000000e+00
3.276739088253330934e-01
7.395887635715242547e-02
7.395887635715242547e-02
4.795008016287639063e-01
2.192350480899930287e-01
3.354726195335845373e-01
7.395887635715242547e-02
4.465695834319364788e-01
1.470516721569218310e-01
2.192350480899930287e-01
7.395887635715242547e-02
5.862905806613319948e-01
7.081222657830086309e-01
4.346675565216134296e-01
0.000000000000000000e+00
4.346675565216134296e-01
2.343681077301875693e-01
5.429934393939640502e-01
1.470516721569218310e-01
3.720661928578262723e-01
6.106762748416564301e-01
7.395887635715242547e-02
6.301214347765770052e-01
6.811842621674102372e-01
7.395887635715242547e-02
3.023764718476850133e-01
2.192350480899930287e-01
1.470516721569218310e-01
7.395887635715242547e-02
2.835175260402829078e-01
1.940310875940560453e-01
3.970145081189007108e-01
4.447837637411245493e-01
5.214502792470019354e-01
1.470516721569218310e-01
2.192350480899930287e-01
7.395887635715242547e-02
2.835175260402829078e-01
1.940310875940560453e-01
3.007555816459451803e-01
3.691718822533135436e-01
2.192350480899930287e-01
3.917696764183420388e-01
3.023764718476850133e-01
1.470516721569218310e-01
5.047047621247008342e-01
1.470516721569218310e-01
2.192350480899930287e-01
4.838169748317087682e-01
1.470516721569218310e-01
7.395887635715242547e-02
4.447837637411245493e-01
2.705954444751191845e-01
0.000000000000000000e+00
1.470516721569218310e-01
1.470516721569218310e-01
7.395887635715242547e-02
4.693845944092527867e-01
7.395887635715242547e-02
3.970145081189007108e-01
7.585301867748829308e-01
5.144542072188570403e-01
7.395887635715242547e-02
2.192350480899930287e-01
3.290061440014032113e-01
3.370935097353243703e-01
1.470516721569218310e-01
2.192350480899930287e-01
2.192350480899930287e-01
2.192350480899930287e-01
4.046180254892142170e-01
1.470516721569218310e-01
2.192350480899930287e-01
7.395887635715242547e-02
5.491712451064963973e-01
1.470516721569218310e-01
1.940310875940560453e-01
0.000000000000000000e+00
7.395887635715242547e-02
4.386059580285923132e-01
1.470516721569218310e-01
7.395887635715242547e-02
1.470516721569218310e-01
2.904610967887865103e-01
4.386059580285922022e-01
4.735593636186853916e-01
7.395887635715242547e-02
1.470516721569218310e-01
2.192350480899930287e-01
3.917696764183420388e-01
1.470516721569218310e-01
1.470516721569218310e-01
3.794140649932772891e-01
4.795008016287639063e-01
2.192350480899930287e-01
3.354726195335845373e-01
1.218477116609848199e-01
3.542101044973402502e-01
1.940310875940560453e-01
2.305400984052101698e-01
7.421081179979025499e-01
1.940310875940560453e-01
3.691718822533135436e-01
1.470516721569218310e-01
6.263325785826653336e-01
1.940310875940560453e-01
0.000000000000000000e+00
8.284915795591945020e-01
4.474224291107747331e-01
0.000000000000000000e+00
3.824738158389275333e-01
1.470516721569218310e-01
3.007555816459451803e-01
1.940310875940560453e-01
1.470516721569218310e-01
3.794140649932772336e-01
7.395887635715242547e-02
3.007555816459451803e-01
7.916977726741638577e-01
7.395887635715242547e-02
5.797135137847030384e-01
7.395887635715242547e-02
6.726740422226238358e-01
8.279642625501615338e-01
7.395887635715242547e-02
3.007555816459451803e-01
5.227087819287806747e-01
3.354726195335845373e-01
7.395887635715242547e-02
5.921428577040592778e-01
8.531682230460984062e-01
5.743752056024332697e-01
7.395887635715242547e-02
3.794140649932772891e-01
2.192350480899930287e-01
7.053143111128720166e-01
4.298219859851513114e-01
2.904610967887865103e-01
8.429239599816505946e-01
7.395887635715242547e-02
5.041016322968920882e-01
6.664962365100917108e-01
3.102686590376475539e-01
5.838882829941356434e-01
2.192350480899930287e-01
4.920927807562825440e-01
5.551644596877252091e-01
4.726263896067116055e-01
3.542101044973402502e-01
4.334090538398348014e-01
3.794140649932772891e-01
7.495444263922136363e-01
7.148273885045743903e-01
5.041016322968920882e-01
6.247831265943074586e-01
9.053619637287841915e-01
1.000000000000000000e+00
9.747960395040629056e-01
8.693864231593663172e-01
9.305659242247212859e-01
7.950330443533338842e-01
7.685705811756182726e-01
7.837341472708196921e-01
6.880393966570536035e-01
7.412898516822901129e-01
6.160883155182175219e-01
6.462115790449081132e-01
3.446970271056379320e-01
3.290061440014032113e-01
3.446970271056379320e-01
3.290061440014032113e-01
3.290061440014032113e-01
3.038021835054662279e-01
3.290061440014032113e-01
3.718105476229636719e-01
4.222184686148377497e-01
3.970145081189006553e-01
3.515258901577802964e-01
4.386059580285923132e-01
4.638099185245291856e-01
4.795008016287639063e-01
4.386059580285922022e-01
4.379093517190723595e-01
9.904869226082974043e-01
8.801580032328473191e-01
8.884125779427708425e-01
6.263325785826653336e-01
6.469427647176536622e-01
8.933318809735244503e-01
8.549540427369104467e-01
6.124275151692427643e-01
8.279642625501613118e-01
8.177199994857133891e-01
7.479603950406299440e-01
8.392631596326757260e-01
8.549540427369102247e-01
7.317767742905877393e-01
7.842614642798531044e-01
6.908819306904161461e-01
5.852877232144158004e-01
6.055723806795991759e-01
4.693845944092527867e-01
6.376314756651795257e-01
6.714155395408452076e-01
6.307763411755362704e-01
4.183213005634088821e-01
3.446970271056379320e-01
7.395887635715242547e-02
4.638099185245291856e-01
5.082764015063248042e-01
1.470516721569218310e-01
3.354726195335845373e-01
6.453933127292956762e-01
6.309609323068398057e-01
4.046180254892142170e-01
3.970145081189006553e-01
7.351120459697577658e-01
7.395887635715242547e-02
7.395887635715242547e-02
6.358456559743678183e-01
3.381674212857994632e-01
3.718105476229637274e-01
4.795008016287639063e-01
6.664962365100917108e-01
2.835175260402829078e-01
1.470516721569218310e-01
7.322695119363953342e-01
4.839445642216347321e-01
1.940310875940560453e-01
6.263325785826653336e-01
8.991841580162520664e-01
1.470516721569218310e-01
5.743752056024332697e-01
7.932472246625220658e-01
6.968751452716447359e-01
5.091485247175715489e-01
6.801103506169349222e-01
7.479603950406301660e-01
5.253667248308394599e-01
5.448684200521269894e-01
7.495444263922136363e-01
6.610496164703048017e-01
6.708882225318120174e-01
6.090922434900725158e-01
7.826774329282693010e-01
4.127053912231353761e-01
6.801103506169349222e-01
3.718105476229637274e-01
5.102794380094244353e-01
3.007555816459451803e-01
6.049174742806400218e-01
4.127053912231353761e-01
4.900685130385326049e-01
6.664962365100917108e-01
6.186053208817751115e-01
4.386059580285922022e-01
5.101513821644877433e-01
9.148750411204867872e-01
7.618654584540528463e-01
5.479127424247176581e-01
7.590575037839160100e-01
8.945903836553034116e-01
3.515258901577802964e-01
5.429934393939640502e-01
6.821871196143263205e-01
2.652571362928495269e-01
6.011286180867284612e-01
3.102686590376475539e-01
7.375143436369538952e-01
8.441824626634294448e-01
6.247831265943074586e-01
8.045461217450364799e-01
1.896452548050384934e-01
2.652571362928495269e-01
2.305400984052101698e-01
1.896452548050384934e-01
2.400531757969125157e-01
3.354726195335845373e-01
3.354726195335845373e-01
4.046180254892142170e-01
3.699009876015749154e-01
9.747960395040629056e-01
8.380046569508968757e-01
4.879917440411412621e-01
6.723485135528189938e-01
8.297500822409733523e-01
9.148750411204867872e-01
8.783721835420352786e-01
6.392155070167633291e-01
9.545113820388795300e-01
8.027603020542243284e-01
6.924313826787741322e-01
9.293074215429426577e-01
8.454409653452080731e-01
7.433666206796812892e-01
6.268598955916986348e-01
7.271484205664132672e-01
7.664938121782269853e-01
1.470516721569218310e-01
4.692565385643160947e-01
9.495920790081260332e-01
7.163768404929323763e-01
6.297024296250609554e-01
8.598733457676638325e-01
9.136165384387078259e-01
8.788995005510684688e-01
5.805530113149656168e-01
6.533223587694143575e-01
9.136165384387078259e-01
4.962463187510649520e-01
7.325950406062001763e-01
6.656779701944792738e-01
7.119848544712119587e-01
3.794140649932772336e-01
2.904610967887865103e-01
6.924313826787741322e-01
6.628354361611166201e-01
2.652571362928495269e-01
8.933318809735244503e-01
8.896710806245499148e-01
6.325103842951977917e-01
2.835175260402829078e-01
8.536955400551315964e-01
8.078813934242062844e-01
6.317791986224522427e-01
6.631609648309215732e-01
6.210076185489712408e-01
6.309609323068398057e-01
5.838882829941356434e-01
8.487762370243778776e-01
8.454409653452080731e-01
8.644671201286125983e-01
8.297500822409733523e-01
8.896710806245496928e-01
8.441824626634294448e-01
7.053143111128720166e-01
9.148750411204865651e-01
9.400790016164236595e-01
6.222661212307498690e-01
9.053619637287844135e-01
8.681279204775875780e-01
8.122733794459268131e-01
7.024717770795095850e-01
9.053619637287844135e-01
8.140591991367386315e-01
6.212632637838338967e-01
5.872235546733056699e-01
5.934013603858379060e-01
7.325950406062002873e-01
4.726263896067117165e-01
7.255989685780555032e-01
7.495444263922136363e-01
4.474224291107747331e-01
2.652571362928495269e-01
7.073910801102633039e-01
8.531682230460984062e-01
4.046180254892142170e-01
2.192350480899930287e-01
5.970621607348129967e-01
7.271484205664133782e-01
4.298219859851513114e-01
4.183213005634088821e-01
9.148750411204867872e-01
6.821871196143263205e-01
4.573757428686430759e-01
7.685705811756182726e-01
8.094654247757899768e-01
4.735593636186853916e-01
5.378723480239822052e-01
7.495444263922136363e-01
8.536955400551318185e-01
7.986938447023089749e-01
7.384473176489277924e-01
3.354726195335845373e-01
1.940310875940560453e-01
6.716711847757078635e-01
7.395887635715242547e-02
3.290061440014032113e-01
3.699009876015749154e-01
7.395887635715242547e-02
1.940310875940560453e-01
7.395887635715242547e-02
4.543486177039771090e-01
2.835175260402829078e-01
7.395887635715242547e-02
2.598607380457735316e-01
3.824738158389275333e-01
1.470516721569218310e-01
1.470516721569218310e-01
4.638099185245291856e-01
4.183213005634088821e-01
8.045461217450364799e-01
6.281183982734772631e-01
6.628354361611167311e-01
3.354726195335845373e-01
1.940310875940560453e-01
7.395887635715242547e-02
7.194211628655230450e-01
5.041016322968920882e-01
1.470516721569218310e-01
3.606765800295215207e-01
4.542968411328269229e-01
1.218477116609848199e-01
2.652571362928495269e-01
4.127053912231353761e-01
5.810457489607733228e-01
1.940310875940560453e-01
9.293074215429426577e-01
8.089381077667567865e-01
7.830029615980744762e-01
7.433666206796812892e-01
5.862905806613319948e-01
5.708553427919598189e-01
5.934013603858380170e-01
5.479127424247176581e-01
5.041016322968920882e-01
4.447837637411245493e-01
4.890138790204662800e-01
4.795008016287639063e-01
5.047047621247008342e-01
5.646257605082771747e-01
4.638099185245291856e-01
4.127053912231353761e-01
3.446970271056379320e-01
3.007555816459451803e-01
2.598607380457735316e-01
2.598607380457735316e-01
3.354726195335845373e-01
3.102686590376475539e-01
3.354726195335845373e-01
