6.384446905968825525e-02
1.271407046695439136e-01
1.693519542717918380e-01
7.981816196876788672e-01
5.641425709291062462e-01
8.969924894329249776e-01
9.101938679099381702e-01
8.446426576272364484e-01
8.368991513039767405e-01
7.893855634292407109e-01
8.846495676730561364e-01
8.143346891871132698e-01
6.446915483242114941e-01
7.188338564489545890e-01
5.729104800899473826e-01
1.693519542717918380e-01
1.271407046695439136e-01
0.000000000000000000e+00
6.384446905968825525e-02
0.000000000000000000e+00
6.384446905968825525e-02
1.271407046695439136e-01
0.000000000000000000e+00
0.000000000000000000e+00
1.066250482278433276e-01
6.384446905968825525e-02
2.152981427556913130e-01
2.152981427556913130e-01
6.384446905968825525e-02
0.000000000000000000e+00
0.000000000000000000e+00
0.000000000000000000e+00
6.384446905968825525e-02
2.152981427556913130e-01
0.000000000000000000e+00
0.000000000000000000e+00
6.384446905968825525e-02
0.000000000000000000e+00
0.000000000000000000e+00
6.384446905968825525e-02
0.000000000000000000e+00
0.000000000000000000e+00
0.000000000000000000e+00
0.000000000000000000e+00
0.000000000000000000e+00
0.000000000000000000e+00
0.000000000000000000e+00
2.330146459209910537e-01
0.000000000000000000e+00
0.000000000000000000e+00
0.000000000000000000e+00
0.000000000000000000e+00
0.000000000000000000e+00
0.000000000000000000e+00
0.000000000000000000e+00
6.384446905968825525e-02
6.384446905968825525e-02
6.384446905968825525e-02
0.000000000000000000e+00
0.000000000000000000e+00
0.000000000000000000e+00
1.699397763182198540e-01
6.384446905968825525e-02
0.000000000000000000e+00
6.384446905968825525e-02
6.384446905968825525e-02
0.000000000000000000e+00
0.000000000000000000e+00
0.000000000000000000e+00
0.000000000000000000e+00
0.000000000000000000e+00
6.384446905968825525e-02
2.152981427556913130e-01
0.000000000000000000e+00
0.000000000000000000e+00
0.000000000000000000e+00
6.384446905968825525e-02
2.152981427556913130e-01
0.000000000000000000e+00
0.000000000000000000e+00
6.384446905968825525e-02
1.271407046695439136e-01
1.271407046695439136e-01
2.925111162171248336e-01
0.000000000000000000e+00
0.000000000000000000e+00
2.152981427556913130e-01
6.384446905968825525e-02
0.000000000000000000e+00
6.384446905968825525e-02
1.066250482278433276e-01
1.271407046695439136e-01
6.384446905968825525e-02
6.384446905968825525e-02
1.271407046695439136e-01
1.271407046695439136e-01
1.066250482278433276e-01
2.718164682856117897e-01
4.231274243266142654e-01
4.183480644930037129e-01
4.132435296821930226e-01
2.949908436046650428e-01
5.260310789901798678e-01
4.012766952582930147e-01
5.446513173249871720e-01
5.078592184243958529e-01
7.063266819224537363e-01
7.883893076892561913e-01
8.392129325710799836e-01
6.826809328706670010e-01
9.091694650723564086e-01
7.911041702173342571e-01
9.336893624716569029e-01
9.522495836309208261e-01
6.480897496044395467e-01
2.314867456433216675e-01
2.930047368908823557e-01
2.930047368908823557e-01
2.647455741259221451e-01
3.135203933325829695e-01
9.296851215140571334e-01
8.599654175071234086e-01
9.051652241147566391e-01
8.969924894329249776e-01
9.101938679099381702e-01
9.394774335124798093e-01
9.805087463958811478e-01
8.398789894239950815e-01
8.794566711112425939e-01
6.572868871238529698e-01
8.758816585122150000e-01
7.893855634292405998e-01
6.998444069311184901e-01
5.521084634891436638e-01
6.188061840018977966e-01
6.239990805637112281e-01
6.117568816291503175e-01
5.021663732454322293e-01
5.601383299715063657e-01
5.697945363008939390e-01
3.858213785323086342e-01
3.653057220906080205e-01
3.935648848555681756e-01
3.333634376107135755e-01
3.538790940524141893e-01
3.256199312874540341e-01
3.538790940524141893e-01
2.724890804491817420e-01
2.442299176842215314e-01
2.930047368908823002e-01
2.930047368908823557e-01
2.647455741259221451e-01
2.724890804491817420e-01
2.930047368908823002e-01
2.647455741259221451e-01
2.442299176842215314e-01
2.647455741259221451e-01
2.930047368908823002e-01
2.647455741259221451e-01
2.724890804491817420e-01
2.930047368908823002e-01
2.647455741259221451e-01
2.724890804491817420e-01
2.724890804491817420e-01
2.930047368908823002e-01
2.930047368908823002e-01
2.930047368908823002e-01
2.647455741259221451e-01
8.856739705106376759e-01
9.754801026006997278e-01
7.906749418587620815e-01
9.589686871165989945e-01
8.651583140689371731e-01
7.527877198620114285e-01
8.254163796150575383e-01
9.189617770707793065e-01
9.024503615866784623e-01
8.806453267154563669e-01
8.143346891871131588e-01
8.603946458656958063e-01
7.103309228800535058e-01
7.642104743753874718e-01
8.348503456288137725e-01
9.267052833940387924e-01
9.549644461589990030e-01
8.934174768338973838e-01
9.097646395513659945e-01
8.603946458656958063e-01
8.794566711112425939e-01
8.185470216393113674e-01
6.784085832429253005e-01
9.292558931554849577e-01
8.651583140689371731e-01
8.459320360567580410e-01
7.958678384205757350e-01
9.713116088764677247e-01
7.726373194507968334e-01
8.105954238214534424e-01
7.621789505994589486e-01
6.306581668738460156e-01
8.764768329912243638e-01
8.185048762651501164e-01
8.674720953360401943e-01
9.507959524347669999e-01
9.512251807933392866e-01
1.000000000000000000e+00
9.575150559204451683e-01
9.024503615866784623e-01
6.871764924037663258e-01
6.565274598782113724e-01
6.410404472316921787e-01
6.898152664383528920e-01
6.282682971132510508e-01
7.441857568216073693e-01
7.441857568216074803e-01
6.543796247315453174e-01
6.826387874965056390e-01
6.543796247315453174e-01
6.493509809363640084e-01
6.698666373780646222e-01
5.934261365316478853e-01
5.446513173249871720e-01
6.011696428549075932e-01
6.061982866500889022e-01
5.574234674434280778e-01
4.735770115934026525e-01
3.653057220906080760e-01
3.333634376107135755e-01
3.256199312874540341e-01
2.553050528015110010e-01
3.538790940524141893e-01
3.538790940524141893e-01
3.935648848555682311e-01
3.858213785323086342e-01
3.653057220906080205e-01
4.502706016079943141e-01
6.525232189206116029e-01
7.692391181705687808e-01
9.855373901910622347e-01
6.871764924037664368e-01
7.195437520298361145e-01
6.621231310548050253e-01
8.313191717577524953e-01
6.061982866500889022e-01
6.373772703595239619e-01
8.637046828727833470e-01
8.241270011855358346e-01
8.574148077456774653e-01
8.235756654344927874e-01
9.805087463958810368e-01
8.321354831007353736e-01
7.978232737030125366e-01
6.447797125973518950e-01
6.581470371948021647e-01
8.086399885390166409e-01
4.453178488284423864e-01
9.009967303905248581e-01
7.359513116104271502e-01
8.936824524258374369e-01
5.704305905870792337e-01
9.091694650723564086e-01
8.153590920246948093e-01
7.944142072244219088e-01
7.561259039666961002e-01
3.525335719721670591e-01
5.082475669757920977e-01
5.078592184243957419e-01
7.806458013659964834e-01
5.209263467015068372e-01
4.453178488284423864e-01
4.429613322850305956e-01
3.965430296217816175e-01
5.163921545600269614e-01
1.693519542717918380e-01
2.930047368908823557e-01
2.314867456433216675e-01
1.693519542717918380e-01
2.314867456433216675e-01
4.712204950499908063e-01
5.579534186273081842e-01
8.020356061552107452e-01
3.256199312874540341e-01
3.538790940524141893e-01
5.021663732454321183e-01
4.042865359450411589e-01
4.132435296821930226e-01
