1.624039728309379649e-01
6.243056511195983482e-01
7.017158802790203209e-01
7.577843428797521597e-01
3.583437946606667923e-01
3.065887873692896837e-01
3.065887873692896837e-01
7.045782957081665465e-01
6.343350786211388037e-01
7.207792082207256090e-01
4.124656609982054190e-01
4.561002633174032761e-01
4.932006874504221150e-01
6.503302890752669096e-01
6.870035813805014380e-01
2.234871491824399758e-01
0.000000000000000000e+00
3.340292000883917090e-01
4.827441281210971269e-01
3.583437946606667923e-01
3.082411150125225485e-01
5.870948144021409520e-01
5.195610914723933771e-01
0.000000000000000000e+00
3.763320337779259006e-01
4.124656609982054190e-01
3.231259866063402875e-01
0.000000000000000000e+00
2.389137170914480413e-01
3.065887873692896837e-01
1.499037643806429565e-01
2.389137170914480413e-01
8.141846478342755766e-01
5.195610914723932661e-01
0.000000000000000000e+00
0.000000000000000000e+00
7.539332135896303910e-02
5.315638962136322032e-01
5.181345088707225433e-01
6.857206698248923260e-01
4.264347134260700889e-01
2.550350678409369354e-01
4.047146721136498648e-01
1.499037643806429565e-01
4.319869715890634621e-01
2.185299038603018273e-01
5.779347736666153867e-01
4.007419178241934388e-01
7.539332135896303910e-02
3.082411150125225485e-01
3.763320337779259006e-01
0.000000000000000000e+00
0.000000000000000000e+00
6.183398681670109198e-01
2.389137170914480413e-01
1.499037643806429565e-01
2.758436892018999442e-01
2.704018436233452949e-01
2.389137170914480413e-01
1.624039728309379649e-01
1.242109687787662786e-01
1.499037643806429565e-01
2.350114628737199340e-01
4.430980078022778712e-01
3.583437946606667923e-01
0.000000000000000000e+00
4.049752756313779178e-01
1.977943535805633257e-01
4.784883885519031210e-01
0.000000000000000000e+00
4.675078918485453539e-01
3.763320337779259006e-01
2.550350678409369354e-01
3.340292000883917090e-01
6.440326637688875699e-01
4.047146721136499203e-01
7.539332135896303910e-02
4.430980078022778712e-01
6.333127705832578558e-01
2.550350678409369354e-01
6.030900248562690580e-01
6.280374533147594640e-01
6.127876100040174911e-01
4.944835990060312825e-01
3.790218765117732147e-01
6.335009418909880452e-01
7.367744186748537150e-01
6.280374533147594640e-01
8.445603148331308763e-01
7.518185599271645092e-01
7.737795533338802656e-01
7.365687166164226474e-01
7.719590973660478417e-01
7.640819681861314994e-01
8.812336071383652936e-01
6.369009017323573607e-01
8.235503906282325426e-01
8.361456412409913330e-01
8.799506955827559596e-01
7.724966417782709316e-01
8.183299748190309142e-01
5.438273044725991934e-01
7.211110505745174093e-01
7.045782957081665465e-01
8.702531104350076374e-01
7.218564177179035424e-01
7.834771384816286988e-01
8.605555252872588712e-01
9.326191983421188159e-01
7.847600500372379217e-01
8.028723087771261202e-01
7.315540028656524196e-01
7.223939621301267433e-01
7.577843428797521597e-01
7.834771384816286988e-01
7.042817033902387669e-01
6.785889077883621168e-01
8.188675192312541151e-01
4.933307514582935815e-01
8.458432263887399882e-01
4.974564270196159543e-01
7.750624648894892665e-01
3.231259866063402875e-01
5.355563019265213720e-01
2.350114628737199340e-01
4.049752756313778623e-01
2.960946392252219450e-01
4.561002633174032761e-01
1.499037643806429565e-01
3.790218765117732147e-01
7.539332135896303910e-02
1.499037643806429565e-01
1.499037643806429565e-01
1.499037643806429565e-01
1.499037643806429565e-01
4.207098825677779708e-01
1.499037643806429565e-01
1.499037643806429565e-01
2.234871491824399758e-01
4.007419178241934388e-01
2.704018436233452949e-01
4.728055908790532169e-01
1.977943535805633257e-01
4.561002633174032761e-01
3.583437946606667923e-01
6.209056912782292548e-01
5.612490975283981332e-01
4.124656609982054190e-01
5.909571561071587098e-01
4.984983864809299781e-01
5.909571561071584878e-01
5.498839776846833338e-01
5.829494874173855035e-01
7.042817033902385448e-01
6.794230445185127643e-01
7.051158401203894144e-01
6.537302489166362252e-01
6.846983617870110450e-01
4.124656609982054190e-01
7.042817033902387669e-01
2.234871491824399758e-01
1.499037643806429565e-01
2.649007813132849276e-01
5.241911820828065727e-01
1.499037643806429565e-01
2.234871491824399758e-01
0.000000000000000000e+00
1.499037643806429565e-01
2.350114628737199340e-01
4.007419178241934388e-01
1.499037643806429565e-01
3.506392381760491950e-01
1.499037643806429565e-01
1.977943535805633257e-01
5.395715649034051875e-01
1.499037643806429565e-01
5.465367986298791392e-01
7.539332135896303910e-02
0.000000000000000000e+00
4.007419178241934388e-01
2.890163967395922850e-01
7.539332135896303910e-02
0.000000000000000000e+00
3.065887873692896837e-01
2.649007813132849276e-01
1.499037643806429565e-01
0.000000000000000000e+00
1.977943535805633257e-01
4.827441281210971269e-01
0.000000000000000000e+00
3.513824846467034635e-01
2.389137170914480413e-01
2.890163967395922850e-01
3.763320337779259006e-01
0.000000000000000000e+00
0.000000000000000000e+00
2.704018436233452949e-01
2.704018436233452949e-01
2.809335655012447641e-01
7.539332135896303910e-02
4.264347134260700889e-01
1.242109687787662786e-01
7.539332135896303910e-02
1.499037643806429565e-01
1.624039728309379649e-01
3.065887873692896837e-01
4.264347134260700889e-01
1.977943535805633257e-01
4.413879644188843931e-01
4.641830945557507415e-01
6.590055661851345059e-01
7.539332135896303910e-02
2.550350678409369354e-01
6.223322738798999776e-01
4.321175110989201040e-01
2.234871491824399758e-01
7.539332135896303910e-02
4.932006874504221150e-01
3.790218765117732147e-01
0.000000000000000000e+00
3.082411150125225485e-01
5.698519424282677548e-01
7.539332135896303910e-02
7.539332135896303910e-02
0.000000000000000000e+00
3.419791681189149890e-01
2.704018436233452949e-01
6.481779907536429075e-01
2.234871491824399758e-01
3.231259866063402875e-01
3.763320337779259006e-01
4.471127952771766223e-01
1.499037643806429565e-01
7.539332135896303910e-02
4.675078918485453539e-01
6.333127705832578558e-01
7.045782957081666575e-01
5.821153506872347450e-01
6.550131604722454481e-01
7.155587924115242027e-01
7.430720439812332767e-01
8.280275599667795694e-01
7.750624648894892665e-01
6.086422830192622646e-01
4.784883885519031765e-01
7.926371792171542641e-01
7.981894373801476927e-01
8.348627296853821100e-01
8.348627296853822211e-01
8.752678241857776431e-01
5.598225149267271883e-01
3.419791681189149890e-01
4.675078918485453539e-01
6.430103557310064000e-01
4.728055908790532169e-01
6.493079810373857397e-01
4.827441281210971269e-01
6.335009418909880452e-01
5.438273044725991934e-01
8.138528054804837764e-01
5.328468077692414262e-01
5.395715649034051875e-01
4.264347134260700889e-01
2.960946392252219450e-01
2.960946392252219450e-01
3.159921038970781026e-01
4.381584566000821801e-01
6.049104808241010378e-01
4.817930589192798707e-01
6.086422830192622646e-01
5.241911820828065727e-01
5.328468077692414262e-01
5.909571561071584878e-01
6.183398681670109198e-01
7.211110505745176313e-01
5.612490975283979111e-01
5.298739797556566433e-01
5.952128956763524936e-01
5.395715649034051875e-01
8.251651445376333438e-01
4.207098825677779708e-01
4.817930589192799817e-01
3.867728653963287688e-01
7.211110505745176313e-01
7.139792885379874221e-01
4.784883885519031210e-01
6.864660369682783481e-01
4.471127952771765113e-01
8.697155660227844365e-01
2.960946392252219450e-01
1.499037643806429565e-01
2.960946392252219450e-01
7.539332135896303910e-02
4.995734753053761024e-01
3.096944785906987074e-01
2.550350678409369354e-01
1.977943535805633257e-01
1.977943535805633257e-01
3.513824846467034635e-01
0.000000000000000000e+00
4.049752756313779178e-01
4.888008013331812673e-01
4.321175110989201040e-01
7.539332135896303910e-02
7.539332135896303910e-02
3.340292000883917090e-01
5.585396033711179653e-01
7.539332135896303910e-02
3.082411150125225485e-01
4.174052122004011656e-01
4.264347134260700889e-01
3.082411150125225485e-01
4.471127952771765113e-01
3.082411150125225485e-01
5.816665758617765025e-01
4.471127952771765113e-01
3.790218765117732147e-01
5.585396033711179653e-01
4.473537473714718771e-01
3.790218765117732147e-01
4.174052122004011656e-01
5.438273044725991934e-01
5.438273044725991934e-01
5.195610914723932661e-01
3.231259866063402875e-01
6.697254593707643311e-01
7.218564177179037644e-01
4.579403707086681097e-01
5.298739797556566433e-01
6.390179500181173422e-01
6.744083307677426475e-01
6.801684116618988973e-01
5.561816029910626735e-01
4.207098825677779708e-01
6.857206698248923260e-01
3.082411150125225485e-01
1.499037643806429565e-01
2.672632260640396828e-01
7.539332135896303910e-02
1.977943535805633257e-01
2.704018436233452949e-01
7.539332135896303910e-02
2.704018436233452949e-01
3.763320337779259006e-01
3.353872741925754131e-01
1.499037643806429565e-01
3.231259866063402875e-01
7.539332135896303910e-02
4.295380809495116248e-01
1.977943535805633257e-01
6.280374533147594640e-01
7.261257643252879701e-01
1.977943535805633257e-01
6.419156154831274774e-01
6.493079810373857397e-01
3.583437946606667923e-01
5.819271793795045555e-01
6.086422830192620426e-01
7.719590973660478417e-01
7.223939621301267433e-01
6.236151854355092006e-01
5.976617863159043864e-01
6.785889077883621168e-01
4.854536222783770727e-01
7.724966417782709316e-01
7.669443836152777250e-01
6.086422830192622646e-01
8.749359818319858428e-01
4.995734753053759913e-01
7.784624247308585820e-01
8.909311922861139488e-01
7.207792082207258311e-01
7.218564177179037644e-01
8.188675192312541151e-01
6.590055661851345059e-01
8.445603148331308763e-01
6.954182549726410922e-01
8.618384368428680942e-01
9.166239878879907099e-01
7.556672945939920671e-01
6.225204451876302780e-01
7.926371792171544861e-01
7.669443836152776139e-01
7.202769138443666508e-01
8.395456010823604265e-01
7.910576753436173725e-01
6.544756160600223582e-01
6.430103557310065110e-01
6.693936170169724198e-01
8.280275599667795694e-01
9.166239878879907099e-01
9.022435313432635162e-01
8.201504307868632271e-01
5.652643605052819487e-01
7.750624648894894886e-01
7.926371792171542641e-01
6.499984467214751094e-01
9.056434911846329427e-01
6.236151854355089785e-01
8.235503906282325426e-01
8.555408115364886434e-01
7.931747236293774650e-01
7.202769138443666508e-01
7.076816632316078604e-01
9.326191983421185938e-01
2.649007813132849831e-01
2.808959917674129780e-01
2.185299038603018273e-01
2.808959917674129780e-01
2.808959917674129780e-01
2.808959917674129780e-01
3.065887873692896837e-01
3.065887873692896837e-01
3.065887873692896837e-01
3.065887873692896837e-01
2.649007813132849831e-01
1.977943535805633257e-01
1.624039728309379649e-01
2.704018436233452949e-01
3.065887873692896837e-01
3.419791681189149890e-01
2.649007813132849831e-01
3.610800697944520632e-01
3.353872741925753576e-01
4.561002633174032761e-01
3.790218765117732147e-01
4.561002633174032761e-01
7.315540028656524196e-01
7.994723489357568047e-01
6.625936973342338998e-01
7.724966417782709316e-01
6.687031513328831611e-01
7.994723489357568047e-01
7.624672142767304761e-01
6.686503705463180403e-01
6.431985270387367004e-01
6.579108259372555834e-01
8.183299748190310252e-01
7.417891324256238317e-01
8.041552203327351211e-01
9.376339120928887105e-01
8.298480159346118823e-01
7.931747236293773540e-01
8.702531104350075264e-01
8.592726137316497592e-01
7.257939219714959478e-01
8.445603148331308763e-01
6.688913226406133505e-01
7.367744186748537150e-01
7.719590973660478417e-01
8.343251852731591311e-01
6.337975342089159358e-01
6.898659968096476636e-01
6.961636221160270033e-01
7.315540028656524196e-01
6.801684116618990084e-01
8.343251852731589091e-01
6.686503705463180403e-01
7.155587924115243137e-01
5.802948947194025431e-01
6.948807105604178913e-01
6.688913226406133505e-01
5.195610914723932661e-01
6.846983617870110450e-01
8.078870225278962369e-01
7.211110505745176313e-01
9.056434911846327207e-01
6.076199749813810946e-01
7.590672544353611606e-01
6.687031513328829391e-01
6.961636221160270033e-01
5.498839776846833338e-01
7.527696291289815989e-01
4.888008013331812673e-01
5.967923995498893852e-01
3.419791681189149890e-01
6.481779907536429075e-01
5.498839776846833338e-01
6.756912423233518705e-01
6.590055661851345059e-01
6.961636221160270033e-01
5.138787693015285374e-01
5.805914870373302117e-01
6.688913226406133505e-01
5.475591066677601981e-01
3.411826051225959056e-01
4.827441281210971269e-01
5.298739797556564213e-01
3.898919606306922581e-01
4.264347134260700889e-01
3.700344084715464499e-01
4.047146721136499203e-01
2.389137170914480413e-01
3.513824846467034635e-01
2.389137170914480413e-01
6.590055661851345059e-01
6.537302489166362252e-01
7.257939219714959478e-01
7.139792885379872001e-01
7.430720439812332767e-01
6.369009017323573607e-01
6.162228198812509383e-01
8.458432263887399882e-01
4.854536222783770727e-01
6.722912824819825550e-01
1.499037643806429565e-01
1.977943535805633257e-01
6.562960720278545601e-01
5.952128956763524936e-01
7.539332135896303910e-02
6.447780309122737030e-01
4.264347134260700889e-01
5.612490975283979111e-01
4.851930187606490752e-01
3.340292000883917090e-01
4.974564270196160654e-01
3.790218765117732147e-01
2.350114628737199340e-01
6.335009418909880452e-01
3.763320337779259006e-01
4.117224145275512059e-01
5.976617863159044974e-01
3.340292000883917090e-01
6.076199749813810946e-01
5.598225149267271883e-01
2.234871491824399758e-01
2.960946392252219450e-01
7.539332135896303910e-02
3.763320337779259006e-01
3.082411150125225485e-01
4.641830945557507415e-01
1.499037643806429565e-01
2.234871491824399758e-01
6.036275692684919258e-01
2.649007813132849276e-01
4.174052122004011656e-01
7.514867175733727089e-01
6.180080258132190085e-01
3.082411150125225485e-01
2.890163967395922850e-01
5.535248896203478486e-01
6.697254593707641090e-01
7.539332135896303910e-02
2.890163967395922850e-01
6.785889077883621168e-01
3.419791681189149890e-01
7.539332135896303910e-02
4.047146721136498648e-01
8.972288175924932885e-01
2.350114628737199340e-01
1.977943535805633257e-01
4.047146721136498648e-01
7.539332135896303910e-02
1.977943535805633257e-01
6.688913226406134616e-01
4.471127952771765113e-01
7.539332135896303910e-02
4.264347134260700889e-01
3.583437946606667923e-01
3.447262360100267209e-01
3.763320337779259006e-01
1.499037643806429565e-01
3.763320337779259006e-01
4.264347134260700889e-01
1.977943535805633257e-01
5.984071534592906305e-01
5.967923995498894962e-01
1.499037643806429565e-01
3.082411150125225485e-01
4.068317203994099018e-01
1.499037643806429565e-01
6.086422830192620426e-01
3.583437946606667923e-01
3.583437946606667923e-01
3.231259866063402875e-01
3.763320337779259006e-01
3.763320337779259006e-01
2.649007813132849831e-01
1.977943535805633257e-01
3.082411150125225485e-01
1.499037643806429565e-01
3.763320337779259006e-01
3.082411150125225485e-01
4.932006874504221150e-01
1.977943535805633257e-01
7.539332135896303910e-02
7.539332135896303910e-02
5.598225149267271883e-01
2.960946392252219450e-01
2.890163967395922850e-01
4.264347134260700889e-01
5.802948947194025431e-01
5.598225149267271883e-01
2.704018436233452949e-01
3.340292000883917090e-01
3.082411150125225485e-01
3.763320337779259006e-01
1.499037643806429565e-01
4.264347134260700889e-01
3.763320337779259006e-01
3.770752802485801136e-01
3.763320337779259006e-01
1.499037643806429565e-01
2.234871491824399758e-01
2.350114628737199340e-01
3.763320337779259006e-01
3.898919606306922581e-01
6.613107857786248989e-01
3.082411150125225485e-01
1.499037643806429565e-01
1.499037643806429565e-01
1.499037643806429565e-01
1.499037643806429565e-01
3.082411150125225485e-01
1.977943535805633257e-01
4.264347134260700889e-01
3.353872741925754131e-01
3.353872741925753576e-01
6.857206698248923260e-01
7.539332135896303910e-02
4.675078918485453539e-01
2.704018436233452949e-01
1.977943535805633257e-01
1.499037643806429565e-01
3.583437946606667923e-01
3.513824846467034635e-01
5.546020991175257819e-01
5.829494874173855035e-01
7.784624247308585820e-01
6.600278742230155649e-01
5.819271793795044445e-01
4.473537473714718771e-01
4.207098825677779708e-01
5.612490975283979111e-01
6.503302890752669096e-01
6.233545819177811476e-01
5.562343837776277944e-01
7.160963368237472926e-01
7.315540028656524196e-01
7.218564177179037644e-01
6.403008615737264542e-01
6.369009017323573607e-01
8.343251852731591311e-01
8.862483208891356323e-01
8.104528456391145719e-01
8.765507357413868661e-01
8.251651445376333438e-01
7.556672945939920671e-01
7.556672945939920671e-01
7.640819681861314994e-01
7.577843428797521597e-01
8.875312324447446333e-01
7.989348045235338258e-01
4.944835990060311715e-01
1.242109687787662786e-01
1.977943535805633257e-01
5.555667753575331824e-01
5.979223898336324394e-01
1.242109687787662786e-01
4.471127952771765113e-01
4.561002633174032761e-01
6.579108259372555834e-01
1.977943535805633257e-01
3.162863725170383389e-01
5.341297193248506492e-01
3.065887873692896837e-01
4.881859736996518873e-01
2.808959917674129780e-01
2.808959917674129780e-01
3.867728653963287688e-01
7.202769138443668728e-01
5.298739797556566433e-01
7.333744588334843995e-01
4.557684209636113093e-01
5.555667753575331824e-01
4.888008013331812673e-01
5.792176852222243877e-01
4.124656609982054190e-01
5.709466826761466773e-01
4.984983864809299781e-01
8.073494781156732580e-01
4.464026781696546209e-01
4.933307514582935815e-01
5.395715649034051875e-01
6.625936973342338998e-01
5.952128956763524936e-01
7.257939219714959478e-01
6.943959469347597002e-01
6.836036215391321225e-01
5.652643605052819487e-01
7.302710913100431966e-01
6.166499517090352489e-01
8.251651445376333438e-01
7.042817033902387669e-01
7.371062610286457373e-01
2.389137170914480413e-01
3.513824846467034635e-01
3.353872741925753576e-01
3.096944785906987074e-01
3.096944785906987074e-01
4.631080057313046172e-01
4.675078918485453539e-01
4.527955929500265264e-01
4.430980078022778712e-01
4.944835990060311715e-01
4.932006874504221150e-01
4.430980078022778712e-01
4.675078918485453539e-01
5.298739797556566433e-01
4.932006874504221150e-01
4.430980078022778712e-01
7.365687166164224253e-01
6.948807105604177803e-01
7.509491731611497300e-01
6.961636221160270033e-01
7.829395940694058309e-01
7.462663017641713026e-01
6.948807105604177803e-01
6.337975342089159358e-01
7.926371792171542641e-01
6.127876100040174911e-01
6.607732413664016979e-01
8.078870225278962369e-01
6.537302489166360031e-01
7.371062610286457373e-01
8.335798181297729981e-01
8.335798181297727760e-01
8.972288175924932885e-01
8.600179808750356703e-01
7.286915874365060830e-01
9.326191983421188159e-01
8.875312324447446333e-01
7.829395940694058309e-01
9.326191983421185938e-01
8.348627296853821100e-01
8.862483208891356323e-01
9.520143686376157932e-01
9.743072043981234609e-01
7.299744989921155280e-01
9.520143686376159042e-01
7.821942269260196978e-01
9.583119939439951329e-01
8.749359818319858428e-01
8.023347643649031413e-01
8.652383966842371876e-01
8.697155660227844365e-01
6.844377582692833251e-01
9.229216131943699386e-01
8.348627296853821100e-01
7.669443836152777250e-01
7.297335468978201067e-01
7.640819681861313883e-01
8.251651445376333438e-01
7.480867577320035045e-01
7.383891725842549603e-01
8.251651445376333438e-01
7.910576753436173725e-01
7.994723489357568047e-01
8.238822329820243429e-01
7.994723489357568047e-01
7.045782957081666575e-01
5.559737802598998524e-01
8.348627296853822211e-01
8.752678241857776431e-01
8.765507357413868661e-01
7.897747637880081495e-01
8.495750285839011040e-01
8.542578999808794205e-01
7.480867577320035045e-01
7.750624648894892665e-01
7.315540028656524196e-01
6.697254593707641090e-01
7.430720439812332767e-01
6.390179500181173422e-01
7.514867175733725979e-01
6.269623644903133952e-01
8.702531104350075264e-01
5.244321341771017719e-01
5.201763946079079881e-01
8.251651445376333438e-01
5.819271793795044445e-01
8.702531104350075264e-01
8.348627296853822211e-01
8.348627296853821100e-01
7.721647994244791313e-01
6.857206698248923260e-01
7.926371792171542641e-01
8.201504307868632271e-01
5.241911820828065727e-01
8.251651445376335658e-01
6.864660369682783481e-01
8.041552203327351211e-01
5.569248494617169420e-01
1.977943535805633257e-01
8.411603549917614497e-01
6.579108259372555834e-01
8.251651445376333438e-01
7.989348045235338258e-01
7.834771384816289208e-01
7.302710913100431966e-01
8.458432263887402103e-01
8.702531104350075264e-01
6.526551600921899343e-01
6.173175601291297498e-01
6.430103557310064000e-01
8.041552203327351211e-01
7.750624648894892665e-01
9.263215730357393651e-01
8.348627296853822211e-01
7.724966417782709316e-01
7.462663017641713026e-01
7.556672945939920671e-01
5.328468077692414262e-01
7.669443836152777250e-01
8.972288175924932885e-01
7.556672945939920671e-01
6.676084110850042386e-01
7.042817033902387669e-01
7.572467984675290698e-01
3.162863725170382834e-01
2.704018436233452949e-01
9.326191983421188159e-01
6.785889077883620057e-01
7.572467984675290698e-01
7.417891324256238317e-01
9.166239878879907099e-01
8.702531104350075264e-01
9.006287774338626040e-01
8.458432263887397662e-01
8.715360219906167494e-01
3.419791681189149890e-01
3.419791681189149890e-01
7.527696291289818209e-01
9.313362867865094818e-01
7.989348045235337148e-01
8.749359818319858428e-01
7.978575950263557814e-01
7.139792885379874221e-01
9.743072043981232389e-01
6.916864527774797544e-01
8.188675192312541151e-01
5.438273044725991934e-01
8.555408115364886434e-01
9.520143686376159042e-01
6.933012066868807777e-01
5.652643605052819487e-01
4.214199996752998612e-01
4.374679909159929214e-01
5.966394782780232164e-01
6.961636221160270033e-01
3.641991650288155524e-01
1.977943535805633257e-01
7.155587924115243137e-01
8.238822329820243429e-01
2.704018436233452949e-01
6.306032764259779100e-01
7.834771384816286988e-01
4.007419178241934388e-01
5.976617863159043864e-01
7.139792885379874221e-01
3.763320337779259006e-01
2.234871491824399758e-01
7.624672142767302541e-01
7.539332135896303910e-02
4.264347134260700889e-01
7.105793286966181066e-01
2.704018436233452949e-01
7.539332135896303910e-02
3.763320337779259006e-01
7.539332135896303910e-02
2.960946392252219450e-01
1.499037643806429565e-01
3.419791681189149890e-01
3.770752802485801136e-01
4.473537473714718771e-01
3.790218765117732147e-01
7.627990566305222764e-01
8.398774434361523378e-01
7.539332135896303910e-02
5.328468077692414262e-01
7.126963769823779771e-01
1.499037643806429565e-01
3.513824846467034635e-01
7.539332135896303910e-02
2.350114628737199340e-01
6.846983617870112671e-01
2.649007813132849276e-01
2.704018436233452949e-01
4.374679909159930324e-01
7.539332135896303910e-02
3.419791681189149890e-01
4.784883885519031210e-01
2.234871491824399758e-01
5.659319689253764496e-01
4.471127952771765113e-01
4.561002633174032761e-01
7.514867175733727089e-01
7.572467984675290698e-01
6.801684116618988973e-01
4.473537473714718771e-01
6.419156154831276995e-01
5.661201402331066390e-01
9.937023746936206603e-01
6.526551600921899343e-01
3.770752802485801136e-01
3.419791681189149890e-01
6.688913226406133505e-01
9.680095790917438991e-01
6.086422830192622646e-01
5.554362358476765404e-01
3.770752802485801136e-01
6.943431661481946904e-01
4.694584118242490778e-01
7.539332135896303910e-02
1.499037643806429565e-01
5.395715649034051875e-01
3.419791681189149890e-01
2.704018436233452949e-01
3.790218765117732147e-01
1.242109687787662786e-01
7.724966417782709316e-01
4.047146721136499203e-01
2.234871491824399758e-01
5.144935969350579175e-01
6.431985270387367004e-01
1.977943535805633257e-01
3.082411150125225485e-01
6.369009017323573607e-01
1.977943535805633257e-01
4.728055908790532169e-01
3.159921038970781026e-01
1.977943535805633257e-01
6.587449626674063419e-01
4.817930589192798707e-01
6.744083307677426475e-01
5.598225149267271883e-01
6.562960720278545601e-01
4.047146721136499203e-01
6.794230445185129863e-01
4.047146721136499203e-01
3.419791681189149890e-01
3.419791681189149890e-01
3.419791681189149890e-01
5.659319689253764496e-01
2.234871491824399758e-01
8.458432263887397662e-01
2.234871491824399758e-01
1.499037643806429565e-01
7.931747236293775760e-01
8.495750285839011040e-01
7.189940022887575388e-01
8.555408115364886434e-01
8.652383966842371876e-01
4.207098825677779708e-01
6.236151854355092006e-01
2.704018436233452949e-01
8.298480159346117713e-01
1.977943535805633257e-01
8.812336071383652936e-01
7.396720841398639612e-01
8.702531104350075264e-01
7.640819681861314994e-01
4.953393787338560283e-01
5.967923995498893852e-01
5.792176852222243877e-01
4.641830945557507415e-01
7.539332135896303910e-02
5.555667753575331824e-01
7.926371792171542641e-01
7.045782957081666575e-01
7.367744186748537150e-01
4.561002633174032761e-01
9.263215730357393651e-01
8.458432263887399882e-01
6.625936973342341219e-01
8.857107764769123204e-01
9.423167834898672490e-01
8.605555252872588712e-01
7.367744186748539370e-01
8.605555252872588712e-01
7.297335468978201067e-01
8.348627296853822211e-01
8.343251852731591311e-01
7.721647994244791313e-01
8.440227704209077864e-01
8.875312324447446333e-01
9.069264027402418327e-01
8.348627296853821100e-01
8.702531104350075264e-01
7.556672945939920671e-01
8.188675192312541151e-01
9.730242928425141269e-01
8.440227704209077864e-01
7.051158401203895254e-01
6.846983617870110450e-01
5.465367986298791392e-01
6.590055661851345059e-01
5.297434402458000013e-01
2.704018436233452949e-01
1.977943535805633257e-01
4.561002633174032761e-01
7.577843428797521597e-01
7.367744186748537150e-01
6.190852353103969419e-01
5.882248046858838952e-01
5.138787693015285374e-01
4.888008013331812673e-01
3.065887873692896837e-01
2.234871491824399758e-01
8.348627296853822211e-01
7.719590973660478417e-01
3.676719637207916946e-01
5.812595709594098325e-01
3.513824846467034635e-01
1.624039728309379649e-01
1.624039728309379649e-01
1.624039728309379649e-01
5.386068886633976760e-01
6.243056511195983482e-01
6.904035412218707535e-01
4.207098825677779708e-01
5.298739797556566433e-01
4.473537473714718771e-01
3.513824846467034635e-01
5.652643605052819487e-01
4.374679909159929214e-01
2.447090480214686170e-01
1.242109687787662786e-01
4.007419178241934388e-01
4.938682958705166159e-01
1.977943535805633257e-01
5.138787693015285374e-01
1.977943535805633257e-01
1.977943535805633257e-01
1.242109687787662786e-01
4.662466232906101182e-01
3.065887873692896837e-01
6.306032764259777990e-01
3.513824846467034635e-01
7.493696692876127274e-01
7.572467984675290698e-01
7.978575950263557814e-01
8.361456412409911110e-01
8.348627296853821100e-01
8.765507357413867551e-01
8.909311922861139488e-01
9.229216131943699386e-01
7.931747236293773540e-01
8.492431862301093037e-01
7.813600901958687173e-01
9.680095790917438991e-01
9.486144087962466998e-01
9.840047895458718941e-01
8.765507357413868661e-01
9.326191983421188159e-01
8.348627296853821100e-01
9.313362867865093708e-01
8.183299748190309142e-01
8.697155660227844365e-01
3.162863725170383389e-01
4.888008013331812673e-01
5.298739797556565323e-01
5.555667753575331824e-01
4.944835990060311715e-01
7.821942269260194758e-01
6.785889077883620057e-01
7.784624247308583600e-01
7.378516281720318704e-01
1.000000000000000000e+00
5.298739797556566433e-01
4.933307514582935815e-01
1.242109687787662786e-01
3.820148314507758602e-01
1.977943535805633257e-01
5.695201000744759545e-01
6.961636221160271143e-01
1.242109687787662786e-01
6.961636221160270033e-01
8.023347643649029193e-01
7.624672142767302541e-01
6.236151854355089785e-01
