2.672963002859756743e-01
7.246589316078901888e-01
9.256534619868864722e-01
9.687283713949969011e-01
1.000000000000000000e+00
9.999999999999997780e-01
9.492600235931011321e-01
7.872021888178964977e-01
9.004854224348020075e-01
7.620341492658121441e-01
7.112941728589130541e-01
6.682192634508025142e-01
7.112941728589130541e-01
5.862076584389003253e-01
6.369476348457994153e-01
7.112941728589130541e-01
6.682192634508026252e-01
7.533538243544448676e-01
6.908105671444385587e-01
6.800225442539098442e-01
6.560120853449652456e-01
8.497454460279029176e-01
9.240919840410164454e-01
7.425658014639160420e-01
6.282673099344321388e-01
6.739189552009910988e-01
5.431327490307898964e-01
2.612841942830314013e-01
6.164640291313249199e-01
7.753989080147893898e-01
2.612841942830314013e-01
5.418884610297521887e-01
5.954342033835591241e-01
8.837319604074124479e-02
1.754925404223138807e-01
5.267873571206340699e-01
5.481781760805459758e-01
3.468226524894037488e-01
1.754925404223138807e-01
1.442209118173107540e-01
0.000000000000000000e+00
1.754925404223138807e-01
2.300125656780282746e-01
1.442209118173107540e-01
8.837319604074124479e-02
1.754925404223138807e-01
0.000000000000000000e+00
8.837319604074124479e-02
8.837319604074124479e-02
1.754925404223138807e-01
2.612841942830314013e-01
2.713185338331501328e-01
3.456650718462636607e-01
4.472610049172059399e-01
8.837319604074124479e-02
4.541771642676613596e-01
6.496581288943442667e-01
2.300125656780282746e-01
3.282780795501119564e-01
2.612841942830314013e-01
7.144171287506529966e-01
5.418884610297521887e-01
3.034544715930068137e-01
8.837319604074124479e-02
5.481781760805459758e-01
4.041860955090955665e-01
6.595389385394353488e-01
5.106168324247490897e-01
5.698622665287443878e-01
7.498269711599748755e-01
7.872021888178964977e-01
6.732646905005587046e-01
6.739189552009912099e-01
7.498269711599747644e-01
6.044317182397586086e-01
7.425658014639161530e-01
7.983512049205714334e-01
8.241735091730884033e-01
7.240046669074576835e-01
8.810170746329061275e-01
7.262204095537602155e-01
8.692137938297986866e-01
9.374567427899936911e-01
8.631102047768800523e-01
8.184738174228997076e-01
8.296228335255745323e-01
8.436418569749842833e-01
9.256534619868863611e-01
9.256534619868864722e-01
8.749134855799874932e-01
9.374567427899935801e-01
8.928203554360133465e-01
9.122887032379092265e-01
7.498269711599747644e-01
7.102789149463343277e-01
8.005669475668737434e-01
5.481781760805459758e-01
6.426473265959879999e-01
6.359323769332209109e-01
6.908105671444385587e-01
6.030992703823476742e-01
7.865479241174639924e-01
5.926284374366513896e-01
7.102789149463343277e-01
9.061851141849905922e-01
8.123702283699811844e-01
8.707752717756689353e-01
6.994908920558057241e-01
5.431327490307898964e-01
1.754925404223138807e-01
2.205785574262510707e-01
1.869376562699178734e-01
3.229228193949027492e-01
1.869376562699178734e-01
8.837319604074124479e-02
3.143934432412605062e-01
0.000000000000000000e+00
0.000000000000000000e+00
0.000000000000000000e+00
3.034544715930068692e-01
0.000000000000000000e+00
0.000000000000000000e+00
0.000000000000000000e+00
4.354577241140987209e-01
8.837319604074124479e-02
2.300125656780282746e-01
0.000000000000000000e+00
3.541944479999059037e-01
2.917154321897269531e-01
5.106168324247490897e-01
7.552762955124608935e-01
1.442209118173107540e-01
5.114572231230566368e-01
6.044317182397586086e-01
8.490911813274705233e-01
1.754925404223138807e-01
8.837319604074124479e-02
8.318385761718769533e-01
6.988366273553733299e-01
0.000000000000000000e+00
3.143934432412605062e-01
8.692137938297989086e-01
6.872837139499684556e-01
8.837319604074124479e-02
7.456887573556562065e-01
7.887636667637666354e-01
2.713185338331501328e-01
4.359531044668031874e-01
8.631102047768802743e-01
4.990425817101009631e-01
8.837319604074124479e-02
4.642440999106277055e-01
9.138501811837792532e-01
0.000000000000000000e+00
7.106399081584804378e-01
7.425658014639161530e-01
0.000000000000000000e+00
0.000000000000000000e+00
6.872837139499684556e-01
5.481781760805459758e-01
8.837319604074124479e-02
8.837319604074124479e-02
7.933057778708151320e-01
3.229228193949027492e-01
1.442209118173107540e-01
5.995724171878775710e-01
5.851924005263217099e-01
5.236644012288940164e-01
8.837319604074124479e-02
8.837319604074124479e-02
7.051905838059943088e-01
8.837319604074124479e-02
8.837319604074124479e-02
6.815840221997798709e-01
4.870102708185345408e-01
2.612841942830314013e-01
0.000000000000000000e+00
5.223558718280288948e-01
7.574920381587634255e-01
0.000000000000000000e+00
2.713185338331501328e-01
4.406375383044132121e-01
3.541944479999059037e-01
3.229228193949027492e-01
9.256534619868864722e-01
8.497454460279029176e-01
8.051090586739224619e-01
