2.852205499654030252e-01
3.250719570845021500e-01
3.649233642036012748e-01
3.984242723311868239e-01
4.407354126429201546e-01
5.926481450174507781e-01
4.789114620071397987e-01
6.698932885668553716e-01
4.725846395188793569e-01
3.181719011371725858e-01
8.113719346669077126e-01
7.075265205365925958e-01
1.064291307168285239e-01
5.016728738509942387e-01
5.476704238507488220e-01
4.834818823743112781e-01
1.590251059664967437e-01
4.637986303330114968e-01
1.841665167798662850e-01
5.341612666090842648e-02
2.230538580280433669e-01
5.935963370910369852e-01
7.946096423514886764e-01
4.463783558020850695e-01
4.146370076907902047e-01
5.575258743510111969e-01
5.616345216899096826e-01
8.479516815482077696e-01
6.971140482615271194e-01
6.973927142605677032e-01
5.918111579163514158e-01
2.111891522958147527e-01
1.064291307168285239e-01
5.489667565584934739e-01
2.230538580280433669e-01
4.899183839872749968e-01
1.590251059664967437e-01
1.064291307168285239e-01
1.944268599803953834e-01
7.472781599581632683e-01
5.341612666090842648e-02
3.791397784098334833e-01
6.521005087150921753e-01
8.103414471305642186e-01
8.342675490353431700e-01
7.641402199711110343e-01
7.134028748154057631e-01
7.817624969397233281e-01
8.385696968094861203e-01
8.084509749410275781e-01
8.045588255894671192e-01
6.902779416319927419e-01
6.915014476247440811e-01
8.855849135179449938e-01
8.344610494705877457e-01
7.525400600830276510e-01
8.238320792081842425e-01
6.901437391074121130e-01
8.348117499825066234e-01
7.884170223878087524e-01
9.257870211489629408e-01
9.090247288335434606e-01
1.000000000000000000e+00
8.219416070186473799e-01
7.778473500360693071e-01
7.713270271125642896e-01
7.537277476960455580e-01
7.279111736017300771e-01
7.243118104041055272e-01
7.313184199167909183e-01
7.819559973749676818e-01
8.364857241847050151e-01
8.573566638390228700e-01
9.015102187322650007e-01
6.854908908213501739e-01
7.987182896903871621e-01
8.779348173394049271e-01
8.994262461074838955e-01
9.425493134643821991e-01
6.936851879470535831e-01
8.301589016964445733e-01
7.776538496008247314e-01
9.086740283216248049e-01
9.026979063452832408e-01
8.553319891249056006e-01
8.352980365716867750e-01
8.683363346133452509e-01
8.837174388805020264e-01
8.763371313038040844e-01
8.356487370836057638e-01
7.872523323268844075e-01
8.322428743212257896e-01
5.919237464415194605e-01
7.710342409586283807e-01
3.492738548872832416e-01
7.130393534758472374e-01
0.000000000000000000e+00
6.052297554810932567e-01
2.978741949419238533e-01
0.000000000000000000e+00
7.641402199711109233e-01
2.062915657126239977e-01
6.710809761798733897e-01
5.341612666090842648e-02
6.690792990178495714e-01
5.341612666090842648e-02
4.083101852025298184e-01
2.230538580280433669e-01
5.341612666090842648e-02
1.191736988473976327e-01
1.191736988473976327e-01
5.341612666090842648e-02
0.000000000000000000e+00
0.000000000000000000e+00
2.501764824570505419e-01
5.182186681790754701e-01
0.000000000000000000e+00
4.463783558020850695e-01
6.185759240842534368e-01
4.186983993749966992e-01
2.111891522958147527e-01
1.064291307168285239e-01
2.750029616782632136e-01
5.341612666090842648e-02
0.000000000000000000e+00
4.088071304950012252e-01
4.308078434043542404e-01
0.000000000000000000e+00
0.000000000000000000e+00
0.000000000000000000e+00
1.064291307168285239e-01
0.000000000000000000e+00
0.000000000000000000e+00
0.000000000000000000e+00
0.000000000000000000e+00
0.000000000000000000e+00
5.341612666090842648e-02
0.000000000000000000e+00
0.000000000000000000e+00
0.000000000000000000e+00
5.341612666090842648e-02
4.845598810236560472e-01
3.529813812007972507e-01
0.000000000000000000e+00
2.575425085298041483e-01
1.590251059664967437e-01
0.000000000000000000e+00
4.887797333350417106e-01
1.064291307168285239e-01
5.341612666090842648e-02
8.966683840140916850e-02
6.844604032850063469e-01
1.422628136510774299e-01
1.064291307168285239e-01
5.407635820355918277e-01
5.882739627304293117e-01
6.251192445598520164e-01
6.358333803860515276e-01
4.621491696917203740e-01
6.266360186853762171e-01
6.194722090960166350e-01
4.598730801843756155e-01
5.919237464415195715e-01
3.141562079643226424e-01
3.902306541566428200e-01
3.002219212087352540e-01
6.332137739880271399e-01
7.295851478039284688e-01
4.807399275340230038e-01
5.647834166780870691e-01
6.459181497012916884e-01
6.665218606315276295e-01
5.181941546181680902e-01
7.388329300180693782e-01
7.980155051138685396e-01
8.144500944694625932e-01
6.271209217218757237e-01
