1.603578014730231149e-01
4.210323144001120177e-01
7.258121255433667152e-01
3.023332425980272409e-01
2.678211880214000362e-01
7.485571950875591352e-02
4.261457768511024424e-01
1.487800848708769885e-01
1.487800848708769885e-01
7.485571950875591352e-02
3.469167354172630335e-01
5.346929568926521714e-01
2.322668105775400615e-01
7.485571950875591352e-02
7.463793729960670476e-01
4.676935822929554898e-01
6.218710429865943468e-01
7.274343621160660467e-01
3.992538518107882628e-01
9.017905343039501753e-01
8.159013046932971358e-01
2.678211880214000362e-01
7.485571950875591352e-02
7.108249955522072394e-01
7.485571950875591352e-02
5.025012691109527196e-01
6.850131412271660558e-01
6.673569868304538577e-01
5.494734316155855947e-01
6.436719910535391165e-01
7.985431170037857740e-01
4.350502979050837604e-01
7.485571950875591352e-02
7.740201191620337262e-01
2.842616471650730725e-01
2.678211880214000362e-01
7.485571950875591352e-02
3.727285897423042171e-01
4.508775604608705190e-01
6.094064700929681111e-01
6.465830841095273618e-01
7.485571950875591352e-02
4.082829671861641363e-01
7.882605585273303461e-01
7.205675186710259750e-01
1.959121789168830896e-01
7.485571950875591352e-02
2.217240332419241899e-01
4.350502979050837604e-01
2.678211880213999807e-01
7.485571950875591352e-02
7.485571950875591352e-02
7.485571950875591352e-02
1.487800848708769885e-01
7.485571950875591352e-02
3.469167354172630335e-01
3.308474042110407520e-01
7.485571950875591352e-02
7.485571950875591352e-02
7.485571950875591352e-02
7.485571950875591352e-02
7.485571950875591352e-02
7.485571950875591352e-02
1.487800848708769885e-01
1.487800848708769885e-01
7.485571950875591352e-02
7.485571950875591352e-02
0.000000000000000000e+00
1.487800848708769885e-01
7.485571950875591352e-02
2.842616471650730725e-01
5.852168523406262590e-01
7.223964105119514700e-01
7.366368498772483120e-01
8.340974944476458042e-01
6.868420330680914399e-01
8.611982052559756795e-01
7.985431170037857740e-01
9.128219139060579357e-01
7.258121255433667152e-01
7.740201191620337262e-01
6.465830841095273618e-01
6.326406114514314671e-01
5.444354800114709070e-01
6.805152249806878384e-01
7.819337504399270777e-01
3.526680947648205833e-01
7.303100417898449326e-01
8.146124482100082220e-01
5.398845383957380228e-01
5.799368320860760484e-01
7.485571950875591352e-02
6.494587637833061367e-01
7.485571950875591352e-02
4.153231830170105443e-01
7.485571950875591352e-02
1.487800848708769885e-01
1.959121789168830896e-01
1.487800848708769885e-01
7.837626422808525728e-01
7.485571950875591352e-02
6.965845561869102864e-01
3.815976974140760647e-01
6.579124304188360695e-01
3.694086057500298170e-01
7.888005938849670384e-01
8.611982052559759016e-01
8.048699250911892644e-01
7.900894503682558412e-01
7.485571950875591352e-02
7.258121255433667152e-01
3.023332425980272409e-01
1.487800848708769885e-01
3.727285897423042171e-01
7.485571950875591352e-02
7.485571950875591352e-02
2.936330423464411643e-01
5.970862340075715480e-01
3.644461649927910885e-01
4.663292149627907834e-01
2.936330423464411643e-01
1.959121789168830896e-01
2.322668105775400615e-01
1.487800848708769885e-01
1.487800848708769885e-01
1.487800848708769885e-01
2.678211880214000362e-01
1.487800848708769885e-01
5.933371388867457741e-01
7.485571950875591352e-02
1.959121789168830896e-01
5.602430000804226040e-01
4.582844392635471165e-01
5.709409995931199466e-01
2.678211880213999807e-01
3.734419974857470792e-01
3.128224563427087768e-01
5.333510750401084799e-01
4.197434579168231594e-01
5.970862340075715480e-01
8.391354460517603808e-01
8.709407283747946371e-01
8.870100595810168631e-01
8.920480111851315508e-01
8.599093487726869878e-01
6.218710429865943468e-01
7.258121255433668262e-01
8.095744966058935344e-01
8.514556821371569439e-01
8.159013046932971358e-01
9.030793907872393111e-01
1.000000000000000000e+00
9.483762913499178548e-01
8.675250133433791699e-01
6.792263684973991467e-01
8.159013046932970248e-01
7.126538873931326235e-01
5.960591886615532742e-01
5.507622880988743974e-01
5.765741424239155810e-01
6.121285198677755002e-01
4.663292149627907834e-01
4.663292149627907834e-01
8.514556821371569439e-01
8.417131590183380974e-01
9.483762913499178548e-01
9.288912451122802727e-01
7.447925498055772975e-01
8.662361568600903672e-01
6.734947516366766029e-01
4.823985461690130649e-01
5.444354800114710180e-01
8.159013046932971358e-01
7.727312626787448124e-01
6.842643201015136123e-01
8.851811677400914791e-01
8.564936337412715206e-01
9.017905343039501753e-01
9.644456225561401919e-01
8.709407283747946371e-01
7.727312626787448124e-01
8.417131590183380974e-01
8.501668256538680302e-01
8.870100595810168631e-01
8.709407283747946371e-01
7.935051653996713084e-01
2.322668105775400615e-01
1.903856250462766242e-01
7.516239798684080098e-01
6.694838453785803001e-01
7.676933110746302358e-01
7.321389336307702056e-01
6.191489932117869577e-01
6.694838453785803001e-01
5.962482319427340194e-01
5.124858608802072002e-01
3.992538518107881518e-01
3.992538518107881518e-01
5.444354800114709070e-01
4.991385794487922523e-01
6.584524657764725397e-01
5.344311457553814204e-01
5.602430000804226040e-01
5.860548544054637876e-01
6.326406114514314671e-01
6.584524657764725397e-01
5.712743796825303644e-01
6.584524657764725397e-01
5.293931941512669548e-01
5.712743796825303644e-01
5.236615772905445221e-01
5.346929568926521714e-01
5.960591886615532742e-01
5.346929568926521714e-01
5.702473343365122016e-01
8.599093487726869878e-01
8.514556821371569439e-01
7.629887395599259658e-01
7.353479933939593982e-01
7.888005938849670384e-01
5.835946157679270385e-01
8.077456047649681503e-01
8.451288740497535645e-01
8.193170197247123809e-01
8.159013046932971358e-01
8.662361568600903672e-01
8.256438278121157603e-01
6.644458937744656124e-01
8.340974944476458042e-01
9.017905343039502863e-01
7.189806954805361139e-01
7.029113642743138879e-01
4.508775604608705190e-01
8.514556821371569439e-01
8.095744966058935344e-01
6.850131412271661668e-01
6.592012869021249832e-01
7.721912273211083422e-01
6.276026598473168905e-01
7.676933110746302358e-01
6.483765625682433864e-01
6.965845561869102864e-01
6.483765625682433864e-01
5.306820506345558686e-01
6.270626244896803092e-01
7.888005938849670384e-01
7.740201191620337262e-01
8.146124482100082220e-01
5.704363776176929468e-01
8.095744966058935344e-01
8.353863509309347180e-01
6.965845561869102864e-01
7.777692142828593891e-01
8.048699250911893754e-01
7.176918389972472001e-01
6.745217969826948767e-01
7.003336513077359493e-01
7.113650309098438207e-01
7.777692142828593891e-01
7.629887395599260769e-01
8.404243025350491836e-01
8.599093487726869878e-01
8.709407283747945261e-01
9.386337682310990083e-01
7.274343621160660467e-01
9.581188144687365904e-01
7.875117374016781246e-01
9.017905343039502863e-01
9.449605763185026097e-01
8.095744966058935344e-01
7.676933110746302358e-01
7.176918389972473111e-01
5.236615772905444111e-01
8.501668256538680302e-01
6.487099426576536931e-01
8.133235917267191972e-01
7.777692142828593891e-01
8.611982052559756795e-01
6.997936159500993680e-01
7.321389336307702056e-01
8.095744966058935344e-01
8.451288740497535645e-01
2.217240332419241899e-01
2.217240332419241899e-01
2.217240332419241899e-01
2.217240332419241899e-01
2.322668105775400615e-01
2.678211880213999807e-01
3.030799332238899302e-01
4.197434579168231594e-01
6.694838453785801891e-01
7.050382228224403303e-01
4.822674017476626940e-01
7.463793729960671586e-01
9.225644370248768933e-01
7.447925498055772975e-01
8.082856401226046206e-01
8.806832514936134837e-01
9.030793907872390891e-01
6.997936159500994791e-01
7.998319734870745767e-01
6.579124304188360695e-01
7.882605585273303461e-01
5.427956314517263792e-01
7.274343621160660467e-01
6.465830841095273618e-01
7.469194083537036288e-01
9.288912451122802727e-01
9.030793907872390891e-01
6.673569868304538577e-01
8.404243025350491836e-01
7.303100417898447105e-01
7.095361390689182146e-01
2.611987476926265761e-01
2.611987476926265761e-01
2.611987476926265761e-01
2.842616471650730725e-01
3.727285897423041616e-01
3.308474042110407520e-01
3.050355498859995684e-01
3.469167354172630335e-01
3.727285897423042171e-01
3.727285897423041616e-01
3.727285897423041616e-01
3.308474042110407520e-01
4.405173606377496553e-01
4.405173606377496553e-01
4.197434579168231594e-01
4.663292149627907834e-01
5.863166655427344276e-01
5.444354800114709070e-01
5.765741424239155810e-01
5.863166655427344276e-01
5.960591886615532742e-01
5.088811025676110988e-01
6.745217969826948767e-01
6.931688411554950413e-01
6.792263684973991467e-01
6.436719910535391165e-01
7.985431170037859960e-01
7.900894503682559522e-01
9.483762913499179659e-01
7.000002712183256426e-01
5.427956314517262681e-01
7.418814567495890522e-01
4.287234898176803255e-01
5.962482319427340194e-01
6.118667087305049712e-01
7.274343621160660467e-01
1.959121789168830896e-01
7.629887395599260769e-01
6.402562760221238713e-01
5.712743796825303644e-01
5.720232008081828079e-01
6.741884168932845700e-01
5.507622880988743974e-01
3.469167354172630335e-01
6.381294174739974290e-01
3.992538518107882628e-01
5.188126689676106906e-01
4.287234898176802700e-01
7.095361390689182146e-01
8.870100595810168631e-01
7.205675186710259750e-01
9.386337682310990083e-01
9.323069601436954068e-01
9.128219139060579357e-01
8.548713971685723001e-01
9.225644370248768933e-01
7.985431170037859960e-01
7.353479933939593982e-01
8.404243025350491836e-01
6.997936159500993680e-01
7.000002712183256426e-01
6.834263180366760837e-01
7.447925498055772975e-01
5.860548544054637876e-01
6.068287571263902835e-01
5.860548544054637876e-01
4.564555474226215659e-01
5.082104004940541930e-01
3.526680947648205833e-01
3.992538518107882628e-01
5.702473343365120906e-01
8.256438278121159824e-01
7.727312626787448124e-01
7.366368498772482010e-01
7.016225077910248631e-01
5.863166655427344276e-01
7.532462164411071193e-01
7.108249955522071284e-01
7.485571950875591352e-02
5.960591886615531632e-01
8.146124482100082220e-01
5.702473343365120906e-01
5.357200022386704452e-01
8.193170197247123809e-01
5.179529236128730396e-01
4.198741246327433729e-01
6.436719910535391165e-01
7.126538873931326235e-01
7.882605585273305682e-01
5.709409995931199466e-01
7.000002712183255316e-01
6.218710429865943468e-01
6.745217969826948767e-01
7.287232185993550715e-01
7.211075540286624452e-01
6.381294174739974290e-01
8.293929229329416453e-01
8.256438278121157603e-01
9.386337682310988972e-01
9.902574768811812644e-01
8.514556821371569439e-01
8.709407283747946371e-01
7.629887395599258548e-01
4.337614414217947911e-01
5.061590527928037098e-01
7.790580707661481918e-01
7.740201191620336152e-01
6.081176136096791973e-01
7.803469272494371056e-01
7.384657417181736960e-01
7.642775960432148796e-01
6.902577480995067960e-01
8.146124482100082220e-01
6.218710429865943468e-01
7.418814567495890522e-01
8.082856401226047316e-01
7.532462164411071193e-01
8.759786799789091027e-01
8.159013046932971358e-01
7.616998830766370521e-01
7.113650309098438207e-01
8.920480111851315508e-01
6.660681303471648329e-01
6.220600862677750920e-01
4.991385794487922523e-01
5.772678076805235481e-01
6.837242847438771420e-01
7.256054702751405516e-01
4.198741246327433729e-01
6.647792738638761412e-01
7.532462164411071193e-01
6.333894325770837996e-01
7.482082648369925426e-01
7.126538873931326235e-01
5.641095695302894564e-01
6.673569868304539687e-01
5.606938544988741002e-01
7.740201191620336152e-01
6.139043863394462175e-01
5.656963927207792064e-01
6.752706181083473203e-01
4.772294501435481173e-01
6.494587637833061367e-01
