6.080957914433987588e-01
7.397860953304528087e-01
7.856887240709466980e-01
7.977087638094967348e-01
6.840409570651149185e-01
8.116569617206060849e-01
7.890532158055124645e-01
7.888303333709322240e-01
8.634790752993783958e-01
8.097288035480466606e-01
9.749958414366206583e-01
9.024981401153141514e-01
8.822265048693531675e-01
9.411132524346764727e-01
8.408070274051313575e-01
8.335195109839999006e-01
8.480945438262628144e-01
8.432074400534174119e-01
9.677083250154890903e-01
8.759030675345014227e-01
9.218056962749953120e-01
9.338257360135452378e-01
7.537342932415622698e-01
9.020941876187409392e-01
4.434718527103752028e-01
7.165555144842060686e-01
6.158850005282398010e-01
5.125785726905497386e-01
6.733059763435740308e-01
7.007670305145172751e-01
4.816782988340618799e-01
2.757506409141449177e-01
4.574602693563650790e-01
6.231328533792190871e-01
6.733059763435740308e-01
3.171989836688775544e-01
5.654992205114737214e-01
7.124227813266460485e-01
8.420204785325575703e-01
8.142119548243187399e-01
8.711705442170828428e-01
9.566523643632189877e-01
8.045923277340548685e-01
8.368840027185657782e-01
7.111961562356341471e-01
8.672475195305172635e-01
8.059603593169076818e-01
8.480945438262625924e-01
7.287301346781825950e-01
8.867096561456251358e-01
7.901718753472188883e-01
7.318717439781682321e-01
7.856887240709466980e-01
7.244428210651959743e-01
6.771721607418493827e-01
7.232161959741840729e-01
6.389213373489078807e-01
6.934795140933858182e-01
4.196264198546990065e-01
6.631159972814344439e-01
7.716738178183906172e-01
3.851452317347583421e-01
4.196264198546990065e-01
6.270558780657846665e-01
5.053858478551381817e-01
5.758621930558723845e-01
8.049962802306280807e-01
7.850618891397932453e-01
7.768102936323824093e-01
8.274454456902948785e-01
7.305037123953154188e-01
7.381951813130197548e-01
7.498112685549966905e-01
8.116569617206058629e-01
7.570987849761280364e-01
7.271392206607496522e-01
8.236770014591560107e-01
8.429845576188371714e-01
7.815428169498009892e-01
7.570987849761280364e-01
8.638830277959516080e-01
8.368840027185657782e-01
8.938425921113301031e-01
8.565955113748201510e-01
9.024981401153139293e-01
8.695796301996497890e-01
8.721346233033624440e-01
8.648471068822312091e-01
7.923494055609247022e-01
8.359199236322861770e-01
7.655732629181192239e-01
9.484007688558079296e-01
9.338257360135452378e-01
8.745350359516487204e-01
8.674020999859439751e-01
8.262319945628686657e-01
9.604208085943578554e-01
9.879799602614501852e-01
9.759599205229002594e-01
9.227697753612749132e-01
9.420773315209562959e-01
7.862488506606533090e-01
8.514590355608286920e-01
9.180372520438564443e-01
9.034622192015937525e-01
9.166692204610036310e-01
8.904781003767642256e-01
8.552274797919675597e-01
9.062665843464530191e-01
8.359199236322861770e-01
9.107497356227249874e-01
8.211220083554431337e-01
9.651533319117765464e-01
9.493648479420877528e-01
8.175764465588845065e-01
8.841546630419123698e-01
8.372879552151388793e-01
9.806924438403188393e-01
9.420773315209560739e-01
9.015340610290345502e-01
9.686724041017689135e-01
7.005441480799369236e-01
9.024981401153141514e-01
6.424404095389002478e-01
7.052766713973553925e-01
6.858277087458334309e-01
7.831337309672338209e-01
8.952106236941826944e-01
5.833307795389965911e-01
8.083607719651937362e-01
1.196538020883911313e-01
1.196538020883911313e-01
2.178552440879050756e-01
6.818634268514091046e-01
7.282112652963349531e-01
5.391736452713623562e-01
4.901574904751559436e-01
7.634222223109796701e-01
4.175183826620087468e-01
8.648471068822312091e-01
5.096461166968300205e-01
7.476337383412908766e-01
4.434718527103751473e-01
3.631016124093714437e-01
7.750779731231084435e-01
3.896966849901840613e-01
3.937129076247625203e-01
4.912863753990314719e-01
7.346761091230274987e-01
5.145750328422626918e-01
4.974846704664392938e-01
7.179235460670587710e-01
8.363238761288591672e-01
8.759030675345015338e-01
6.008487592672828725e-02
1.593793684908946240e-01
5.928625345152804815e-01
8.106928826343262617e-01
3.684593770202365115e-01
7.866528031572264101e-01
4.389887014341030680e-01
5.584812014310436279e-01
3.137327490126229912e-01
3.124664603514589190e-01
6.008487592672828725e-02
7.768102936323822982e-01
6.424404095389003588e-01
2.178552440879050756e-01
6.008487592672828725e-02
6.008487592672828725e-02
6.008487592672828725e-02
3.079534796243233452e-01
6.008487592672828725e-02
4.590109646389174958e-01
2.178552440879051311e-01
2.871376764318104291e-01
7.949043986646374682e-01
5.833307795389965911e-01
7.159953878944993466e-01
3.658376755750770148e-01
6.958116247625183437e-01
4.854249671577373637e-01
5.699427082175938519e-01
6.612859366050241050e-01
6.765040686028370720e-01
8.262319945628685547e-01
7.125641878184868494e-01
6.466128062666122167e-01
7.707097387321110160e-01
6.140982488475211776e-01
4.824079449604670722e-01
3.663495936209557602e-01
6.008487592672828725e-02
2.402709686050368276e-01
5.094650466348372708e-01
2.178279724351011026e-01
4.827137999608911434e-01
1.196538020883911313e-01
4.319240674475520181e-01
3.184108411585968024e-01
5.446007503343593958e-01
6.008487592672828725e-02
3.336127089320128358e-01
2.752860879563959751e-01
3.064452325914917008e-01
8.093248510514734484e-01
5.970963137504061713e-01
4.082165184264757163e-01
5.965377807984063585e-01
8.638830277959516080e-01
7.939403195783577560e-01
5.055121924974083081e-01
4.393379285109533794e-01
7.781518356086689625e-01
6.351925566879210727e-01
5.559262083273308619e-01
6.641065659742803051e-01
6.789044812511231264e-01
6.656974799917132479e-01
5.453689917573535384e-01
2.564430847544636460e-01
4.182866240850027784e-01
4.168767801295625297e-01
4.912863753990314719e-01
3.877669331799177832e-01
6.008487592672828725e-02
2.969273484229166260e-01
3.658329618759742496e-01
4.550832262532492067e-01
5.912716204978474277e-01
6.371742492383413170e-01
4.319240674475520181e-01
5.900299335572646298e-01
4.251283756369735878e-01
8.024412871269152037e-01
4.237556303550180092e-01
5.646765479170348101e-01
2.178552440879051311e-01
6.008487592672828725e-02
8.030014137166218147e-01
3.532292734336638929e-01
6.008487592672828725e-02
3.064452325914917008e-01
4.058208194772923161e-01
6.008487592672828725e-02
6.008487592672828725e-02
4.783185207985988785e-01
6.008487592672828725e-02
6.008487592672828725e-02
6.008487592672828725e-02
2.994405291540419012e-01
6.008487592672828725e-02
6.008487592672828725e-02
6.008487592672828725e-02
6.008487592672828725e-02
6.008487592672828725e-02
2.969273484229166260e-01
5.930583721785659401e-01
6.008487592672828725e-02
6.008487592672828725e-02
6.466128062666123277e-01
3.152692318586112763e-01
6.008487592672828725e-02
2.751176366932605033e-01
3.703891288305027896e-01
1.593793684908946240e-01
6.910791014450997638e-01
1.196538020883911313e-01
2.592763151898337393e-01
2.751176366932605033e-01
2.751176366932605033e-01
3.868907262076179965e-01
3.695796301996497335e-01
6.008487592672828725e-02
6.008487592672828725e-02
3.184108411585968024e-01
1.786869246505758957e-01
6.008487592672828725e-02
4.247911314818472173e-01
4.434718527103752028e-01
7.549212547624221115e-01
8.359199236322860660e-01
8.394389958222785442e-01
7.638261748075526603e-01
8.290363597077278213e-01
8.518629880574014601e-01
8.759030675345015338e-01
7.970819288783433931e-01
8.021919150857687031e-01
5.850762740118562455e-01
7.827297784706608308e-01
1.196538020883911313e-01
6.038649607896898752e-01
1.196538020883911313e-01
6.378889562834745286e-01
3.623138896859817715e-01
6.008487592672828725e-02
3.889089622667944446e-01
6.008487592672828725e-02
6.008487592672828725e-02
6.008487592672828725e-02
1.593793684908946240e-01
6.008487592672828725e-02
6.008487592672828725e-02
6.008487592672828725e-02
1.593793684908946240e-01
4.590109646389174958e-01
6.938834665899588083e-01
6.349967190246355031e-01
6.008487592672828725e-02
6.008487592672828725e-02
6.138488768063746770e-01
4.203958523195550079e-01
2.491555683333323001e-01
1.196538020883911313e-01
6.020782091089711408e-01
3.152692318586112763e-01
4.993249565250188482e-01
2.886027372372491628e-01
8.286324072111547201e-01
7.510378936460087029e-01
4.448816966658154515e-01
7.900172948917922877e-01
5.083447934554240488e-01
3.731919003376551469e-01
3.305823412911774728e-01
2.178552440879050756e-01
7.821696518809542198e-01
6.767534406439835726e-01
2.592763151898337393e-01
7.277660555919029939e-01
4.251283756369735878e-01
1.196538020883911313e-01
3.877669331799177832e-01
1.196538020883911313e-01
4.389887014341030680e-01
6.008487592672828725e-02
2.592763151898337393e-01
6.008487592672828725e-02
6.264392685168004293e-01
6.918886000759528754e-01
6.264392685168004293e-01
5.464611616924937021e-01
5.391736452713623562e-01
5.850762740118562455e-01
8.201314396625973835e-01
8.502720740399684063e-01
1.000000000000000000e+00
8.201314396625973835e-01
8.721346233033624440e-01
8.473798367811294918e-01
7.445186186478713886e-01
6.641065659742803051e-01
7.005441480799369236e-01
7.730418494012435415e-01
9.521692130869470194e-01
9.180372520438564443e-01
8.163894850380244428e-01
7.622087711835535684e-01
7.030991411836496896e-01
8.759030675345015338e-01
8.455395507225499374e-01
7.909813739780718889e-01
6.970250758899444454e-01
7.445186186478713886e-01
6.958116247625183437e-01
8.116569617206058629e-01
8.827866314590595564e-01
8.295964862974344323e-01
5.777887575907248996e-01
6.520865262357303793e-01
8.059603593169076818e-01
7.590936514901341914e-01
6.125073348300881237e-01
8.759030675345014227e-01
7.831337309672338209e-01
7.249616904470437273e-01
8.831905839556327686e-01
9.651533319117765464e-01
7.986728428957763359e-01
8.179803990554576076e-01
8.721346233033624440e-01
6.983666178662311097e-01
7.188876251533384831e-01
7.052766713973553925e-01
7.888303333709323351e-01
7.584668165589807387e-01
5.502296059236325698e-01
5.898087973292747144e-01
5.850762740118561345e-01
4.932710165308684114e-01
5.321072650782209257e-01
5.055121924974083081e-01
5.127997089185396540e-01
4.972605969899972500e-01
4.590109646389174958e-01
5.362411892776426381e-01
4.627794088700564745e-01
5.362411892776426381e-01
4.710310043774675326e-01
4.976260769582801502e-01
4.357756700935679905e-01
4.237556303550180092e-01
8.432074400534174119e-01
8.356970411977057145e-01
7.252110624881901169e-01
8.831905839556327686e-01
9.180372520438564443e-01
8.759030675345015338e-01
8.205353921591703736e-01
9.097856565364454973e-01
7.758462145461025861e-01
8.382520343014185915e-01
9.180372520438564443e-01
8.489040424571157040e-01
8.406524469497047569e-01
8.676514720270903647e-01
8.097288035480466606e-01
8.445754716362702252e-01
7.720777703149637183e-01
8.203808117037437730e-01
8.432074400534174119e-01
7.600577305764137925e-01
6.712526759035707391e-01
7.657543329801120846e-01
4.666759439500557383e-01
8.625149962130987946e-01
6.857880451756813711e-01
8.827866314590597785e-01
4.130204637844438476e-01
7.230747894823432720e-01
7.090186260219283332e-01
8.175764465588845065e-01
6.386984549143275292e-01
8.163894850380245538e-01
7.982688903992033458e-01
6.751360370199843697e-01
4.627529192634902699e-01
2.752860879563959751e-01
6.008487592672828725e-02
1.196538020883911313e-01
3.804794167587864928e-01
1.196538020883911313e-01
5.713107398004466653e-01
3.684593770202365115e-01
3.997869729184677645e-01
4.040207521535934543e-01
3.142516183944706887e-01
4.168767801295625297e-01
3.684593770202365115e-01
7.741138940368288424e-01
8.069244384031873940e-01
8.262319945628685547e-01
9.540973712595062217e-01
8.952106236941826944e-01
9.145181798538640772e-01
8.483439158674090930e-01
8.252679154765889535e-01
8.116569617206060849e-01
9.141142273572908650e-01
8.445754716362702252e-01
7.704868562975306645e-01
8.904781003767642256e-01
7.626127236801265585e-01
6.509810406576098663e-01
8.097288035480466606e-01
6.578646045821681110e-01
7.562892863452749248e-01
7.768102936323824093e-01
6.552683542705963760e-01
7.565386583864214254e-01
9.832474369440314943e-01
9.879799602614500742e-01
7.590936514901341914e-01
6.201158311819487956e-01
8.841546630419125918e-01
8.591505044785329170e-01
7.330587054990281848e-01
7.755968425049561965e-01
4.789171199165956350e-01
5.564249524096238630e-01
6.544604492774502846e-01
7.817656993843812296e-01
8.236770014591557887e-01
7.417142535030122330e-01
6.824235534411156046e-01
8.069244384031873940e-01
8.625149962130987946e-01
7.490017699241436899e-01
8.089208985549003472e-01
7.695227772112509523e-01
8.565955113748200400e-01
7.735141038769702826e-01
6.659203624262935994e-01
9.024981401153141514e-01
8.528270671436812833e-01
8.565955113748201510e-01
7.184836726567654930e-01
9.290932126961265469e-01
6.771721607418493827e-01
8.287869876665814317e-01
7.296942137644621962e-01
8.016730457039210611e-01
8.831905839556327686e-01
4.932710165308684114e-01
8.759030675345014227e-01
9.107497356227249874e-01
7.998862940232024377e-01
6.517492820806040088e-01
9.566523643632189877e-01
7.704868562975306645e-01
8.831905839556327686e-01
6.424404095389002478e-01
8.014772080406356025e-01
9.227697753612749132e-01
8.670246370959370230e-01
7.986728428957763359e-01
7.626127236801265585e-01
7.819202798398078302e-01
9.170731729575766211e-01
8.436113925499906241e-01
8.049962802306280807e-01
9.034622192015937525e-01
8.942465446079030933e-01
9.540973712595061107e-01
7.309076648918884089e-01
7.548063378771474596e-01
6.038252972195378154e-01
7.348989915576078502e-01
0.000000000000000000e+00
6.148812578718080291e-01
2.178279724351011026e-01
3.478981509982484455e-01
1.327842959100820064e-01
2.871376764318104291e-01
6.008487592672828725e-02
0.000000000000000000e+00
3.339217172739825656e-01
1.786869246505758957e-01
0.000000000000000000e+00
2.333064839024676373e-01
2.402709686050368276e-01
3.705654851933928295e-01
0.000000000000000000e+00
0.000000000000000000e+00
1.593793684908946240e-01
0.000000000000000000e+00
2.448776387104611152e-01
0.000000000000000000e+00
6.008487592672828725e-02
0.000000000000000000e+00
0.000000000000000000e+00
4.517234482177862609e-01
3.609224885579587760e-01
0.000000000000000000e+00
1.327842959100820064e-01
5.774112947007179475e-01
1.593793684908946240e-01
3.778530016145241754e-01
5.250973565113924435e-01
2.448776387104611152e-01
1.196538020883911313e-01
0.000000000000000000e+00
0.000000000000000000e+00
5.994402434394145995e-01
0.000000000000000000e+00
5.530752282763506944e-01
6.008487592672828725e-02
0.000000000000000000e+00
0.000000000000000000e+00
2.592763151898337393e-01
6.008487592672828725e-02
1.196538020883911313e-01
0.000000000000000000e+00
2.448776387104611152e-01
3.431656276808299211e-01
2.663128659321117309e-01
0.000000000000000000e+00
3.470420374612744885e-01
1.196538020883911313e-01
0.000000000000000000e+00
1.196538020883911313e-01
0.000000000000000000e+00
0.000000000000000000e+00
0.000000000000000000e+00
3.416149323982774488e-01
5.143623757898517779e-01
8.300004387940076445e-01
3.512579290337115578e-01
1.003462459287098735e-01
3.696014061071131174e-01
0.000000000000000000e+00
4.875007544497544920e-01
1.327842959100820064e-01
2.592763151898337393e-01
3.204789091998927475e-01
8.030014137166218147e-01
3.696014061071131729e-01
6.765040686028370720e-01
6.600008775880149559e-01
7.318717439781681211e-01
8.831905839556327686e-01
7.429012150238722967e-01
6.231725169493710359e-01
5.830200249904363696e-01
5.444049126710738262e-01
4.306158247344060164e-01
4.741845965991769996e-01
8.030014137166218147e-01
7.502152210515697917e-01
9.300572917824061481e-01
6.983666178662311097e-01
7.407501744167325208e-01
6.499089960220243434e-01
7.084584994322217222e-01
7.403462219201594197e-01
5.987549745822643432e-01
5.800345897835843534e-01
3.896966849901840613e-01
3.997869729184677645e-01
2.871376764318104291e-01
0.000000000000000000e+00
0.000000000000000000e+00
0.000000000000000000e+00
3.336127089320128913e-01
0.000000000000000000e+00
1.912601715070924857e-01
6.008487592672828725e-02
0.000000000000000000e+00
1.593793684908946240e-01
6.008487592672828725e-02
6.008487592672828725e-02
6.008487592672828725e-02
0.000000000000000000e+00
0.000000000000000000e+00
0.000000000000000000e+00
0.000000000000000000e+00
6.008487592672828725e-02
0.000000000000000000e+00
0.000000000000000000e+00
0.000000000000000000e+00
1.196538020883911313e-01
0.000000000000000000e+00
0.000000000000000000e+00
6.008487592672828725e-02
0.000000000000000000e+00
6.008487592672828725e-02
0.000000000000000000e+00
6.008487592672828725e-02
6.008487592672828725e-02
6.008487592672828725e-02
6.008487592672828725e-02
1.196538020883911313e-01
1.003462459287098735e-01
0.000000000000000000e+00
1.196538020883911313e-01
6.008487592672828725e-02
0.000000000000000000e+00
1.985476879282238039e-01
1.327842959100820064e-01
5.727867369326050673e-01
2.491555683333323001e-01
7.360176510993139409e-01
7.659772154146923251e-01
5.584812014310436279e-01
4.448816966658154515e-01
7.450787452375779996e-01
8.069244384031873940e-01
5.565546368961911128e-01
7.862488506606533090e-01
8.144613268654651295e-01
8.094794315069000490e-01
6.693245177310115368e-01
7.638261748075527713e-01
8.483439158674090930e-01
5.043269771831386805e-01
5.582117040903423755e-01
7.059035063285088452e-01
5.890940902841416138e-01
8.939971725667565927e-01
7.159953878944994576e-01
5.242211495390926013e-01
7.442692466067249990e-01
7.947498182092107566e-01
8.309645178802872456e-01
8.827866314590597785e-01
8.552274797919673377e-01
9.677083250154892013e-01
7.273621030953298927e-01
6.938834665899589194e-01
6.625558706917277219e-01
5.883258488611474712e-01
6.931152251669647768e-01
4.175183826620086358e-01
5.318861288502310103e-01
1.196538020883911313e-01
6.008487592672828725e-02
8.189444781417373198e-01
1.003462459287098735e-01
2.663128659321117309e-01
6.546415193394430343e-01
3.997869729184677645e-01
1.003462459287098735e-01
1.912601715070924857e-01
3.997869729184677645e-01
4.725954287883344374e-01
2.969273484229166260e-01
6.274033476030800305e-01
7.631993398763993186e-01
5.332659794529598374e-01
4.783185207985988785e-01
0.000000000000000000e+00
3.602956536268053234e-01
6.008487592672828725e-02
2.402709686050368276e-01
1.786869246505758957e-01
1.912601715070924857e-01
6.279050402667896158e-01
7.041711858192349904e-01
0.000000000000000000e+00
2.558100805335792316e-01
0.000000000000000000e+00
2.026199353719539409e-01
0.000000000000000000e+00
6.008487592672828725e-02
1.003462459287098735e-01
0.000000000000000000e+00
4.683616495532086366e-01
2.178279724351011026e-01
1.912601715070924857e-01
3.969543719604519683e-01
2.178552440879051311e-01
6.859691152376742318e-01
7.277660555919029939e-01
6.008487592672828725e-02
3.778530016145241754e-01
3.896966849901840613e-01
6.292334082794904804e-01
0.000000000000000000e+00
2.994405291540419012e-01
4.330144911761017457e-01
4.720368958363346801e-01
0.000000000000000000e+00
3.684593770202365115e-01
3.124664603514589190e-01
4.247911314818473283e-01
4.781771143067580221e-01
5.584812014310435169e-01
6.296373607760635815e-01
0.000000000000000000e+00
5.175322322359582339e-01
1.003462459287098735e-01
6.008487592672828725e-02
2.558100805335792316e-01
2.491555683333323001e-01
1.593793684908946240e-01
6.008487592672828725e-02
6.008487592672828725e-02
2.178279724351011026e-01
0.000000000000000000e+00
1.196538020883911313e-01
3.510517432199580790e-01
3.726931562553622568e-01
0.000000000000000000e+00
3.171989836688775544e-01
8.189444781417373198e-01
3.982108265023274196e-01
3.064452325914917008e-01
1.196538020883911313e-01
5.758621930558723845e-01
3.491518208605552953e-01
6.008487592672828725e-02
5.055121924974083081e-01
7.565386583864213144e-01
6.008487592672828725e-02
4.499233808940872881e-01
4.389887014341030680e-01
5.752337644870121336e-01
7.103866576047810355e-01
7.137511493393466910e-01
8.252679154765889535e-01
5.391736452713622452e-01
4.475612768722434520e-01
9.131501482710112638e-01
6.008487592672828725e-02
3.631016124093714437e-01
6.312282747934966354e-01
6.544604492774501736e-01
3.663495936209557602e-01
5.441555406299274367e-01
6.393252898454809818e-01
4.010882961598737362e-01
2.402709686050368276e-01
7.200745866741985468e-01
8.441715191396972351e-01
6.008487592672828725e-02
2.751176366932605033e-01
8.695796301996497890e-01
9.145181798538638551e-01
7.252110624881902279e-01
7.555745793001417132e-01
3.631016124093714437e-01
3.330403051723043184e-01
4.456896016589615983e-01
3.877669331799177832e-01
3.997869729184677645e-01
8.274454456902948785e-01
6.991761164970842213e-01
5.601398622629017998e-01
2.491555683333323001e-01
2.491555683333323001e-01
1.829813043468774547e-01
2.178279724351011026e-01
2.298480121736510284e-01
4.070744893395989994e-01
3.418643044394238939e-01
3.105367085411927519e-01
5.250973565113924435e-01
7.828843589260876534e-01
8.952106236941826944e-01
6.733059763435740308e-01
7.438917837167181579e-01
7.442692466067249990e-01
6.067277598605460565e-01
3.889089622667944446e-01
5.441273048167708515e-01
7.391592603992994670e-01
7.252110624881901169e-01
3.470420374612744885e-01
5.934226611049869815e-01
7.242469834019104047e-01
3.877669331799177832e-01
3.997869729184677645e-01
3.244865000900089003e-01
2.969273484229165705e-01
3.317740165111401907e-01
3.317740165111402462e-01
2.751176366932605033e-01
3.330403051723043184e-01
6.857880451756813711e-01
7.900172948917922877e-01
9.338257360135452378e-01
8.900741478801907913e-01
8.977656167978954604e-01
6.929193875036793182e-01
8.355159711357129648e-01
8.243038363903092414e-01
9.328616569272656367e-01
9.493648479420877528e-01
7.476337383412908766e-01
8.721346233033624440e-01
3.523478613319855901e-01
5.095582445828502616e-01
7.695227772112510634e-01
1.327842959100820064e-01
7.821696518809544418e-01
4.816782988340618243e-01
6.008487592672828725e-02
4.903385605371488043e-01
5.764472156144382353e-01
1.196538020883911313e-01
2.757506409141449177e-01
6.399250800053395416e-01
4.464043087040948654e-01
4.637434879563361312e-01
8.483439158674090930e-01
4.330144911761017457e-01
5.657687178521749738e-01
5.985591369189786626e-01
7.111961562356341471e-01
7.711136912286840062e-01
8.328048039388666890e-01
7.746327634186764843e-01
8.841546630419123698e-01
8.179803990554576076e-01
9.286892601995535568e-01
9.527293396766536304e-01
8.217488432865965864e-01
8.948066711976097043e-01
8.493079949536888051e-01
8.827866314590597785e-01
8.768671466207810239e-01
9.639398807843503336e-01
9.420773315209562959e-01
9.797283647540390161e-01
8.252679154765889535e-01
7.429277046304384458e-01
8.436113925499906241e-01
8.754991150379283216e-01
6.702885968172911380e-01
6.948475456762386315e-01
5.872538042255620594e-01
5.919863275429806393e-01
5.894313344392678733e-01
6.755399895165573598e-01
6.733059763435741418e-01
6.419783804453428333e-01
5.496710729716328681e-01
6.266784151757776034e-01
7.973048113129235226e-01
6.419783804453428333e-01
6.737680054371315563e-01
5.685166000377565032e-01
7.273621030953298927e-01
7.746327634186764843e-01
4.190945290781489807e-01
4.729993812849075385e-01
6.172398581475067036e-01
3.418643044394239494e-01
5.127997089185396540e-01
3.997869729184677645e-01
6.032916602363973535e-01
3.512579290337115578e-01
4.389339760143803337e-01
7.273621030953298927e-01
5.380814753362221925e-01
5.139584232932786767e-01
8.914421794630438267e-01
8.093248510514734484e-01
3.705654851933928295e-01
4.251283756369735878e-01
9.566523643632189877e-01
7.184836726567653820e-01
7.775933026566692607e-01
8.625149962130987946e-01
8.831905839556327686e-01
8.514590355608284700e-01
7.693417071492582027e-01
9.334217835169720257e-01
8.286324072111547201e-01
7.673452469975452495e-01
8.059603593169075708e-01
5.970963137504060603e-01
8.217488432865965864e-01
8.012278359994892130e-01
7.784012076498154631e-01
8.502720740399684063e-01
8.695796301996497890e-01
7.986728428957763359e-01
9.484007688558079296e-01
8.355556347058650246e-01
9.253247684649876792e-01
9.604208085943578554e-01
8.368840027185657782e-01
8.904781003767642256e-01
9.686724041017690245e-01
8.914421794630438267e-01
7.937857391229311554e-01
8.565955113748201510e-01
8.179803990554576076e-01
8.347329621114263354e-01
5.201154611528274740e-01
6.477314658083186405e-01
2.371628002475863750e-01
2.751176366932605033e-01
2.757506409141449177e-01
2.757506409141449177e-01
1.593793684908946240e-01
4.197527531640046772e-01
3.330403051723043184e-01
6.101752241609555982e-01
3.889089622667943891e-01
5.069497171012764536e-01
2.371628002475863750e-01
1.599325756088612882e-01
5.043269771831386805e-01
1.003462459287098735e-01
0.000000000000000000e+00
2.871376764318104291e-01
0.000000000000000000e+00
1.599325756088612882e-01
1.003462459287098735e-01
6.008487592672828725e-02
6.008487592672828725e-02
0.000000000000000000e+00
8.034053662131950269e-01
8.455395507225499374e-01
8.591505044785330281e-01
8.942465446079030933e-01
8.445754716362702252e-01
6.307094054116488824e-01
9.290932126961267690e-01
6.544604492774502846e-01
8.759030675345014227e-01
8.952106236941826944e-01
7.827297784706608308e-01
9.385582593309639288e-01
8.473798367811294918e-01
9.290932126961267690e-01
7.923494055609247022e-01
8.721346233033624440e-01
6.895961529769724097e-01
7.610218096626936157e-01
6.148812578718079180e-01
5.175322322359581229e-01
9.214017437784223219e-01
8.552274797919675597e-01
8.356970411977057145e-01
8.565955113748201510e-01
7.850618891397934673e-01
8.205353921591703736e-01
8.363238761288591672e-01
8.201314396625973835e-01
4.130204637844438476e-01
6.628052427328743335e-01
4.550832262532492067e-01
5.845177410598564327e-01
6.023275811501176413e-01
3.684593770202365115e-01
3.124664603514589190e-01
1.599325756088612882e-01
2.178279724351011026e-01
2.192931712876184103e-01
3.851452317347582865e-01
4.203958523195550079e-01
2.026199353719539409e-01
4.237556303550180092e-01
4.044480741953367375e-01
3.877669331799178387e-01
7.748821354598229849e-01
5.802156598455772141e-01
2.752860879563959751e-01
1.196538020883911313e-01
5.502296059236325698e-01
2.178279724351011026e-01
6.008487592672828725e-02
3.491518208605552398e-01
4.669665731990612079e-01
2.994405291540419012e-01
3.997869729184677645e-01
3.804794167587864373e-01
1.003462459287098735e-01
4.266928000478404925e-01
0.000000000000000000e+00
0.000000000000000000e+00
6.008487592672828725e-02
0.000000000000000000e+00
0.000000000000000000e+00
4.739634603711870842e-01
1.786869246505758957e-01
0.000000000000000000e+00
0.000000000000000000e+00
3.184108411585968024e-01
0.000000000000000000e+00
1.829813043468774547e-01
5.315086659602240582e-01
4.322348219961121840e-01
5.136374433625493507e-01
6.008487592672828725e-02
3.244865000900089003e-01
5.914674581611328863e-01
5.732491233551751941e-01
4.706655244091846324e-01
7.214426182570512491e-01
6.307094054116488824e-01
5.349398660362365554e-01
7.417142535030122330e-01
3.305823412911775283e-01
1.599325756088612882e-01
8.591505044785329170e-01
5.652101849001751610e-01
4.306158247344060164e-01
5.890940902841416138e-01
8.831905839556327686e-01
5.068254873275738204e-01
5.965377807984063585e-01
6.931152251669647768e-01
5.890940902841416138e-01
3.437940562496901720e-01
7.634222223109795591e-01
8.189444781417373198e-01
5.175604680491147080e-01
6.071317123571191576e-01
5.309220497639512981e-01
2.950581970738261894e-01
2.751176366932605033e-01
6.008487592672828725e-02
7.224066973433309613e-01
6.231328533792189761e-01
2.757506409141449177e-01
3.244865000900089003e-01
1.912601715070924857e-01
5.653912549621680217e-01
4.513579682495033607e-01
1.985476879282238039e-01
0.000000000000000000e+00
6.008487592672828725e-02
2.558100805335792316e-01
0.000000000000000000e+00
1.327842959100820064e-01
1.985476879282238039e-01
5.299595643153784952e-01
5.053858478551381817e-01
2.969273484229166260e-01
3.238580715211485939e-01
6.848636296595537187e-01
5.506748156280645290e-01
3.309862937877505740e-01
4.058208194772923161e-01
3.330403051723043184e-01
2.333064839024676373e-01
0.000000000000000000e+00
5.115580106449925113e-01
7.161912255577850273e-01
5.139584232932786767e-01
6.968836693981037556e-01
4.284881536724366446e-01
6.158453369580876302e-01
4.903385605371486933e-01
7.695227772112509523e-01
7.590936514901340804e-01
6.178666930786600453e-01
7.793652867360950642e-01
