6.245644166577316581e-01
5.857242274648297720e-01
6.245644166577316581e-01
6.472581711252303194e-01
7.393128262089548874e-01
6.602244797119815045e-01
7.393128262089547764e-01
7.004726370160530013e-01
7.393128262089548874e-01
7.122977446769263032e-01
7.497299657586586896e-01
7.899781230627301865e-01
8.645170614735516734e-01
8.067145013329073411e-01
7.678743121400054550e-01
8.978537091192148045e-01
7.511379338698280783e-01
9.436054079705251674e-01
7.799251734293394245e-01
8.006210162408946562e-01
8.978537091192148045e-01
8.765679227628857539e-01
6.268878320663182624e-01
5.693133529472957921e-01
5.584423787475094603e-01
6.930098699765404602e-01
6.878318321819451020e-01
8.414591170897399719e-01
7.462243358673632532e-01
7.462243358673632532e-01
5.811361332150081216e-01
7.905680666075040053e-01
4.142170359678186142e-01
3.719322808441338224e-01
0.000000000000000000e+00
0.000000000000000000e+00
0.000000000000000000e+00
2.485002036070196318e-01
3.261805819928235151e-01
0.000000000000000000e+00
8.075619777518674991e-02
2.493159007802542571e-01
0.000000000000000000e+00
6.791868506597239508e-01
0.000000000000000000e+00
8.075619777518674991e-02
0.000000000000000000e+00
8.075619777518674991e-02
0.000000000000000000e+00
0.000000000000000000e+00
0.000000000000000000e+00
0.000000000000000000e+00
0.000000000000000000e+00
0.000000000000000000e+00
0.000000000000000000e+00
0.000000000000000000e+00
3.769038046358249572e-01
0.000000000000000000e+00
2.035642019289439775e-01
0.000000000000000000e+00
0.000000000000000000e+00
0.000000000000000000e+00
0.000000000000000000e+00
8.075619777518674991e-02
0.000000000000000000e+00
8.075619777518674991e-02
4.107724700370357640e-01
0.000000000000000000e+00
8.075619777518674991e-02
0.000000000000000000e+00
3.642414327829998077e-01
8.075619777518674991e-02
0.000000000000000000e+00
6.038298876825066719e-01
0.000000000000000000e+00
2.287584942565515089e-01
0.000000000000000000e+00
0.000000000000000000e+00
0.000000000000000000e+00
1.604413718351818952e-01
0.000000000000000000e+00
0.000000000000000000e+00
0.000000000000000000e+00
8.075619777518674991e-02
0.000000000000000000e+00
0.000000000000000000e+00
3.350900033071753659e-01
0.000000000000000000e+00
0.000000000000000000e+00
0.000000000000000000e+00
2.389959611456994593e-01
1.719584759380601013e-01
4.323226961854955142e-01
7.335835310332553538e-01
8.075619777518674991e-02
2.799355515496353974e-01
2.107986651309620707e-01
0.000000000000000000e+00
0.000000000000000000e+00
0.000000000000000000e+00
0.000000000000000000e+00
8.075619777518674991e-02
0.000000000000000000e+00
8.075619777518674991e-02
6.651380777144464407e-01
6.967412534962967863e-01
8.012109597856685861e-01
8.469626586369789489e-01
7.180270398526257258e-01
8.872108159410503347e-01
8.483706267481483376e-01
7.785172053181699248e-01
8.751599546517161432e-01
8.239047142531672474e-01
9.154081119557877511e-01
7.813331415405089242e-01
8.570156082703693778e-01
8.469626586369787269e-01
8.483706267481483376e-01
2.035642019289439775e-01
2.035642019289439775e-01
2.035642019289439775e-01
2.796495447387875033e-01
3.254012435900978661e-01
3.360441367682623359e-01
2.796495447387875033e-01
3.360441367682623359e-01
2.796495447387875033e-01
2.972039475753603943e-01
3.543778780075609314e-01
4.840467046687630392e-01
4.276521126392881511e-01
4.276521126392881511e-01
5.169145842297078186e-01
4.484691309108988500e-01
5.869256815730947707e-01
5.411739827217845189e-01
4.902829322395484968e-01
5.307376035465244390e-01
6.541696807836385741e-01
6.541696807836385741e-01
4.979522132819653168e-01
7.286699330307903066e-01
6.933353737291838570e-01
5.517589501107229566e-01
6.878318321819451020e-01
6.651380777144465517e-01
6.596345361672076857e-01
6.826924805510192762e-01
7.497299657586586896e-01
7.724237202261572399e-01
6.032399441377327420e-01
6.052378557936761716e-01
6.884217757267188098e-01
6.884217757267188098e-01
6.884217757267189208e-01
7.111155301942173601e-01
7.111155301942174711e-01
6.213842905190795074e-01
6.933353737291838570e-01
7.899781230627300754e-01
7.410849842364375384e-01
7.531358455257716189e-01
7.108897765657566925e-01
6.472581711252303194e-01
8.081224694440768408e-01
3.994548166245507348e-01
7.793352298845654946e-01
8.521020102679045527e-01
8.414591170897401939e-01
9.154081119557877511e-01
8.469626586369789489e-01
8.187653626222415326e-01
8.872108159410503347e-01
9.542483011486896372e-01
9.154081119557877511e-01
8.576055518151434187e-01
6.933353737291838570e-01
7.229406378550906620e-01
7.568672290455277230e-01
8.802993062826419690e-01
5.411739827217845189e-01
6.265236421500052222e-01
8.026189278968380858e-01
8.872108159410503347e-01
8.469626586369789489e-01
7.617808270479927701e-01
7.497299657586586896e-01
5.839520694373471210e-01
8.631090933623821737e-01
8.012109597856685861e-01
5.584423787475094603e-01
6.334351518084135879e-01
4.119523571265835682e-01
6.472581711252303194e-01
5.695777927394264362e-01
5.023337935288825218e-01
4.620856362248110805e-01
4.565820946775723255e-01
5.411739827217845189e-01
6.366152779470657386e-01
5.857242274648297720e-01
6.084179819323283223e-01
6.245644166577316581e-01
6.334351518084134769e-01
7.462243358673632532e-01
6.947433418403533567e-01
7.793352298845654946e-01
6.438522913581173901e-01
7.960716081547428713e-01
8.414591170897401939e-01
8.802993062826419690e-01
6.052378557936761716e-01
8.308162239115755021e-01
7.212071659912778765e-01
7.637787387039360887e-01
7.957074182384297201e-01
5.557547734226097047e-01
8.521020102679046637e-01
7.036527631547051520e-01
6.791868506597239508e-01
3.163533859878936427e-01
8.075619777518674991e-02
7.286699330307903066e-01
3.480949980575964164e-01
1.604413718351818952e-01
2.599587939584188101e-01
2.796495447387875033e-01
0.000000000000000000e+00
0.000000000000000000e+00
2.881560899731562264e-01
0.000000000000000000e+00
8.075619777518674991e-02
4.634936043359806357e-01
8.075619777518674991e-02
8.075619777518674991e-02
8.075619777518674991e-02
4.001295768588712387e-01
7.335835310332553538e-01
8.256768722806496763e-01
7.905680666075040053e-01
7.793352298845656057e-01
7.335835310332553538e-01
8.872108159410503347e-01
7.442264242114198236e-01
6.369407816997090244e-01
5.196021895546075742e-01
6.651380777144464407e-01
4.389697660517731803e-01
7.180270398526257258e-01
3.163533859878936427e-01
6.685439574815593700e-01
8.802993062826419690e-01
7.730136637709311698e-01
9.033572506664535595e-01
8.802993062826419690e-01
9.329625147923605866e-01
7.793352298845654946e-01
8.308162239115755021e-01
8.308162239115755021e-01
8.469626586369789489e-01
8.349117973476447574e-01
9.315545466811909758e-01
8.858028478298808350e-01
8.308162239115755021e-01
7.899781230627301865e-01
7.180270398526257258e-01
6.602244797119815045e-01
4.993601813931348721e-01
7.180270398526257258e-01
8.349117973476447574e-01
7.724237202261572399e-01
2.389959611456994593e-01
4.389697660517731803e-01
8.075619777518674991e-02
3.924387287977371686e-01
5.750426481229953257e-01
2.107986651309620707e-01
2.107986651309620707e-01
3.642414327829998077e-01
4.887172882149703468e-01
5.111852890540081740e-01
7.355814426891987834e-01
9.260510051339522208e-01
8.187653626222415326e-01
9.140001438446182513e-01
7.899781230627300754e-01
9.366938983121168016e-01
7.229406378550906620e-01
9.154081119557877511e-01
9.223196216141961168e-01
8.858028478298808350e-01
7.793352298845654946e-01
9.329625147923605866e-01
8.696564131044773882e-01
8.927143574882890897e-01
8.978537091192150266e-01
7.905680666075040053e-01
7.799251734293394245e-01
8.308162239115755021e-01
7.335835310332553538e-01
7.724237202261572399e-01
5.750426481229954367e-01
7.850645250602651393e-01
6.151229775878321870e-01
6.823669767983759904e-01
4.711628853783974558e-01
1.322440758204444788e-01
4.001295768588712387e-01
6.213842905190795074e-01
0.000000000000000000e+00
5.963671206429942417e-01
3.543778780075609314e-01
1.322440758204444788e-01
1.719584759380601013e-01
4.646155656363022413e-01
5.880476428734163763e-01
8.075619777518674991e-02
5.584423787475094603e-01
8.469626586369789489e-01
8.483706267481483376e-01
7.276261548359340692e-01
8.308162239115755021e-01
8.645170614735517844e-01
7.215326697439212733e-01
6.472581711252303194e-01
5.908635790957554867e-01
5.693133529472957921e-01
6.947433418403533567e-01
7.335835310332553538e-01
7.799251734293394245e-01
7.355814426891986724e-01
7.785172053181700358e-01
7.799251734293395355e-01
8.696564131044773882e-01
7.517278774146020082e-01
9.366938983121168016e-01
5.169145842297078186e-01
5.693712787365219352e-01
6.645481341696726219e-01
4.634936043359806357e-01
4.902829322395484968e-01
2.799355515496353974e-01
4.723450998611062324e-01
4.849859046952141317e-01
2.819729601473741631e-01
4.741364975141451610e-01
4.620856362248110805e-01
3.767610621570521845e-01
3.543778780075609314e-01
2.796495447387875033e-01
5.811361332150081216e-01
6.334351518084134769e-01
7.004726370160530013e-01
6.081535421401976782e-01
7.617808270479927701e-01
4.723450998611062324e-01
5.517589501107228456e-01
7.497299657586586896e-01
6.602244797119813935e-01
8.201733307334109213e-01
4.119523571265835682e-01
6.826924805510192762e-01
1.322440758204444788e-01
0.000000000000000000e+00
2.796495447387875033e-01
8.075619777518674991e-02
3.217744382387468516e-01
2.107986651309620707e-01
6.265236421500052222e-01
1.604413718351818952e-01
8.075619777518674991e-02
5.169145842297078186e-01
8.201733307334109213e-01
6.722753410013155850e-01
5.316530508439416547e-01
2.107986651309620707e-01
5.122440006835004001e-01
3.719322808441338224e-01
6.826924805510192762e-01
4.840467046687630392e-01
6.151229775878321870e-01
6.093334292297455379e-01
4.276521126392881511e-01
5.451118802444452349e-01
6.722753410013155850e-01
7.111155301942173601e-01
9.084966022973793853e-01
8.414591170897399719e-01
7.073841466744613671e-01
7.462243358673632532e-01
6.651380777144465517e-01
7.678743121400054550e-01
7.730136637709311698e-01
7.229406378550907730e-01
6.671359893703897592e-01
6.596345361672076857e-01
6.334351518084135879e-01
8.363197654588143681e-01
8.095304375552463405e-01
7.318500591694424573e-01
6.754554671399677357e-01
7.393128262089548874e-01
8.026189278968380858e-01
6.930098699765405712e-01
1.604413718351818952e-01
7.111155301942173601e-01
7.623707705927667000e-01
3.163533859878936427e-01
8.075619777518674991e-02
4.352963083212431639e-01
7.511379338698281893e-01
2.485002036070196318e-01
0.000000000000000000e+00
3.254012435900978661e-01
8.081224694440768408e-01
4.484691309108988500e-01
2.107986651309620707e-01
6.472581711252303194e-01
5.811361332150081216e-01
6.939253172739576758e-01
6.832824240957932060e-01
5.986905360515808461e-01
3.543778780075609314e-01
3.543778780075609314e-01
4.001295768588712387e-01
3.261805819928235151e-01
2.796495447387875033e-01
2.796495447387875033e-01
3.254012435900978106e-01
2.881560899731562264e-01
2.493159007802542571e-01
2.881560899731562264e-01
2.107986651309620707e-01
5.857242274648297720e-01
6.933353737291838570e-01
7.511379338698280783e-01
7.249385495110342026e-01
7.462243358673632532e-01
8.201733307334109213e-01
7.919760347186735050e-01
5.995085606179765270e-01
7.249385495110342026e-01
8.201733307334109213e-01
9.047652187776231703e-01
8.026189278968380858e-01
8.858028478298808350e-01
8.026189278968380858e-01
6.489916429890429939e-01
7.355814426891986724e-01
7.724237202261572399e-01
8.308162239115755021e-01
6.823669767983761014e-01
8.187653626222415326e-01
6.550851280810556787e-01
5.198881963654553573e-01
7.410849842364375384e-01
8.095304375552463405e-01
7.180270398526257258e-01
7.899781230627300754e-01
5.975685747512592405e-01
7.905680666075041163e-01
8.927143574882890897e-01
8.576055518151434187e-01
7.799251734293394245e-01
7.793352298845654946e-01
6.038298876825066719e-01
5.529388372002707053e-01
7.410849842364375384e-01
7.511379338698280783e-01
8.181754190774674917e-01
7.899781230627300754e-01
7.111155301942174711e-01
6.754554671399677357e-01
5.963671206429942417e-01
6.375307252444829542e-01
6.550851280810556787e-01
5.196021895546075742e-01
5.693712787365219352e-01
8.927143574882890897e-01
9.648911943268542180e-01
9.260510051339522208e-01
8.095304375552464515e-01
1.000000000000000000e+00
8.463727150922049081e-01
7.517278774146020082e-01
9.154081119557877511e-01
8.363197654588143681e-01
9.140001438446181403e-01
8.075619777518674991e-02
8.075619777518674991e-02
1.604413718351818952e-01
2.737818132752355971e-01
0.000000000000000000e+00
8.075619777518674991e-02
8.075619777518674991e-02
4.738504907032972113e-01
8.075619777518674991e-02
5.393825850687455903e-01
8.075619777518674991e-02
1.604413718351818952e-01
5.411739827217845189e-01
6.930098699765404602e-01
4.993601813931348721e-01
