5.701652590171439883e-01
8.837366104702480962e-01
7.495204361628523548e-01
8.835076929972026649e-01
7.163662731425671781e-01
8.921963757699094000e-01
8.146111435923929500e-01
4.652169118946666848e-01
3.996663154227755310e-01
7.884275109881332400e-01
3.226621657355244199e-01
3.293769634091120446e-01
5.981572767037717231e-01
7.207624645127780338e-01
0.000000000000000000e+00
0.000000000000000000e+00
1.728136671946377267e-01
4.811353473144760473e-01
0.000000000000000000e+00
4.424099301958253627e-01
6.719352039853360159e-01
0.000000000000000000e+00
6.158278311038296593e-01
2.264930997976052351e-01
5.605411429562943276e-02
0.000000000000000000e+00
2.158361659332266036e-01
0.000000000000000000e+00
5.605411429562943276e-02
0.000000000000000000e+00
0.000000000000000000e+00
0.000000000000000000e+00
2.335600332378250099e-01
0.000000000000000000e+00
0.000000000000000000e+00
5.768685782753421032e-01
1.490998652719881523e-01
9.394340947141237297e-02
0.000000000000000000e+00
0.000000000000000000e+00
0.000000000000000000e+00
0.000000000000000000e+00
0.000000000000000000e+00
0.000000000000000000e+00
2.048020615877506889e-01
7.153912208549900731e-01
0.000000000000000000e+00
7.404609348159351123e-01
2.579736635015461022e-01
5.116987508493394676e-01
4.095379975531263095e-01
0.000000000000000000e+00
7.296557479435046289e-01
0.000000000000000000e+00
4.341135186718230732e-01
0.000000000000000000e+00
0.000000000000000000e+00
0.000000000000000000e+00
3.985038932076503393e-01
0.000000000000000000e+00
0.000000000000000000e+00
0.000000000000000000e+00
1.116672767760108487e-01
0.000000000000000000e+00
0.000000000000000000e+00
6.671145531170249443e-01
2.609638986278612349e-01
2.799435856769395548e-01
0.000000000000000000e+00
6.898879887629798535e-01
6.153042618554567245e-01
8.180704838084771335e-01
6.903778545440131253e-01
6.928894940329730634e-01
3.757781378987913312e-01
4.969243682259809614e-01
8.651277419953802283e-01
4.792662352236645718e-01
4.939748835447410613e-01
7.826227491992800989e-01
6.782541483702480001e-01
8.346804324697607580e-01
7.448052762022884243e-01
7.712178262795936767e-01
8.366793522833447794e-01
8.366793522833447794e-01
8.189554849787463731e-01
8.390247738561141810e-01
7.724736460240737568e-01
7.880566924139226215e-01
9.215297666522140885e-01
6.896590712899344222e-01
8.793922690838948952e-01
8.390247738561141810e-01
1.000000000000000000e+00
8.558636399904431258e-01
9.654372665610726489e-01
9.755863697362787690e-01
6.811993059902731185e-01
8.372547715155752579e-01
8.857112134688067684e-01
8.735875072950415321e-01
8.945417973426786906e-01
8.692431659086883311e-01
8.474038746907816000e-01
8.232998263650996851e-01
6.061028594073742948e-01
8.558636399904431258e-01
7.698186425132653721e-01
8.558636399904433478e-01
8.357943511130755398e-01
7.802530108114855700e-01
8.227613269540153818e-01
8.793922690838948952e-01
9.224147678224837721e-01
8.727025061247720705e-01
8.090109824615598910e-01
8.279906695106381553e-01
8.070363794630011078e-01
8.113807208493545309e-01
7.471750145900832862e-01
7.663593022971815216e-01
7.438147841242718217e-01
7.226315766035894539e-01
6.538405181065271021e-01
7.815088305559654280e-01
9.077794221597584867e-01
9.046909005178851437e-01
8.160715639948930011e-01
8.744725084653109937e-01
8.837366104702480962e-01
8.976303189845521446e-01
9.401386351270821784e-01
8.677827455061883910e-01
7.184170429400088542e-01
8.267348497661582973e-01
9.224147678224837721e-01
7.221710349314202082e-01
3.996663154227755310e-01
7.306826502149391667e-01
7.840831696017800390e-01
7.283372286421699870e-01
7.154812719722977166e-01
4.831861171119177789e-01
6.829693083308118196e-01
5.934390508473144088e-01
8.415991129019286809e-01
8.735875072950415321e-01
8.688723473344777126e-01
7.081017218486116427e-01
6.233125441159138580e-01
8.236463281242848433e-01
7.345506821193347191e-01
8.802772702541641348e-01
7.739340664265734748e-01
5.335776859743964762e-01
7.336656809490652575e-01
8.567486411607125874e-01
6.597871809965452083e-01
6.686286144434143708e-01
8.014362183321678268e-01
8.291045881539529372e-01
7.730490652563041243e-01
5.225176514352988244e-01
8.368839529413648615e-01
8.980011375587627631e-01
8.015781194333330140e-01
8.046666410752065790e-01
9.055759016881546053e-01
7.614395416785976201e-01
6.947586061237843724e-01
7.960022751175253042e-01
8.475836489060479817e-01
8.988861387290320026e-01
7.806238293856959665e-01
5.596210204527014564e-01
6.339758298871792652e-01
6.415505940165712184e-01
7.529797763789363163e-01
7.332051392768961229e-01
6.178526811110354178e-01
7.408317533901457308e-01
7.155709950702563438e-01
7.039235983784489781e-01
9.144691851188810894e-01
9.003465591315318317e-01
8.357943511130753178e-01
6.788538844175039388e-01
8.271056683403688048e-01
8.448295356449673221e-01
4.272618648577247713e-01
5.207994990786175560e-01
7.983476966902945948e-01
6.654743584992588445e-01
3.996663154227755310e-01
7.082679397648021791e-01
8.904263734293706989e-01
7.387152492904217604e-01
7.267961437746764952e-01
7.343709079040684484e-01
8.474038746907818220e-01
5.879548606240245778e-01
7.881985935150880307e-01
7.912871151569613737e-01
8.976303189845521446e-01
6.044731551927902125e-01
7.927718523744866630e-01
7.336656809490652575e-01
7.155709950702563438e-01
6.631946712287717371e-01
7.198774633425085723e-01
6.972338354193263754e-01
6.547349059291104334e-01
5.824049465018386051e-01
5.437267891496030403e-01
4.474973716512830046e-01
4.786620015102980852e-01
2.335600332378250654e-01
1.793690614641330894e-01
1.490998652719881523e-01
1.490998652719881523e-01
1.490998652719881523e-01
1.668237325765866419e-01
1.246862350082671433e-01
1.490998652719881523e-01
8.578382429890017979e-01
8.001803985876878578e-01
9.081502407339691052e-01
7.396002504606912220e-01
8.660127431656496899e-01
7.553251979517054959e-01
7.683582221107657650e-01
8.584379790362576257e-01
7.869670905856335219e-01
8.660127431656496899e-01
9.325638709976901142e-01
8.048955585482517883e-01
7.833415324533588020e-01
7.283372286421699870e-01
7.471750145900831752e-01
7.587845381677895684e-01
7.306826502149391667e-01
8.621825843753551100e-01
5.308630488026270244e-01
5.400644512507094541e-01
8.735875072950415321e-01
5.684759211415988389e-01
6.468654900243909767e-01
6.039236557507956515e-01
6.355765484156338241e-01
7.235165777738588044e-01
6.355765484156338241e-01
8.432393075196945587e-01
7.779075892387162794e-01
9.401386351270819564e-01
6.133053420418724810e-01
6.310292093464708874e-01
6.133053420418724810e-01
5.193390786761179490e-01
6.225709069674927321e-01
7.718832966291316877e-01
7.460610959467683934e-01
8.113807208493545309e-01
8.191600856367664552e-01
8.621825843753551100e-01
8.660127431656496899e-01
8.610929825470657883e-01
8.169565651651622407e-01
8.692431659086882201e-01
6.836880915848906337e-01
6.489301441402571813e-01
8.802772702541641348e-01
7.699984167285317538e-01
7.081017218486116427e-01
6.896590712899344222e-01
7.049077092989909366e-01
7.582091189355590899e-01
3.851243672894052450e-01
7.759329862401574962e-01
7.541594293245332814e-01
3.985038932076503393e-01
2.756975308061445640e-01
8.506342974338204632e-01
8.413701954288832496e-01
4.173901827273739928e-01
4.695612532810200523e-01
8.602079813767965488e-01
5.402674489335190788e-01
8.547497213471284550e-01
6.868130234201820228e-01
7.904021139866920231e-01
7.439202750320190738e-01
6.959780156748464064e-01
7.860820894153640603e-01
7.573241177652896283e-01
7.868372828628606985e-01
7.868372828628606985e-01
9.122656646472770969e-01
8.835076929972028870e-01
8.835076929972028870e-01
8.124703226776438525e-01
8.401143756844033916e-01
8.310791911525114983e-01
9.410236362973516400e-01
9.023454789451160751e-01
8.448295356449672111e-01
8.904263734293706989e-01
7.938614542027758736e-01
8.368839529413646394e-01
9.267591092088370841e-01
8.802772702541643568e-01
8.837366104702480962e-01
9.258741080385677336e-01
8.077551627170799220e-01
6.017585180210210938e-01
8.878520343835561990e-01
8.648988245223350191e-01
8.515192986040898138e-01
5.822019488190288694e-01
4.365245039419786699e-01
8.079213806332705694e-01
2.695155985361941120e-01
6.970919343181611882e-01
4.528015071431528704e-01
6.583894601509001632e-01
7.482646164183724968e-01
6.300266238900618099e-01
6.516996971917776715e-01
5.467542142098319458e-01
5.761497950212634001e-01
5.722817631168678476e-01
8.999757405573212132e-01
8.026920380766479068e-01
8.546078202459632678e-01
8.913113745996399384e-01
9.224147678224835500e-01
9.200693462497143704e-01
7.193020441102783158e-01
7.637849632513669107e-01
8.802772702541643568e-01
8.435737159004872421e-01
8.515192986040899248e-01
8.965407171562629340e-01
8.180704838084771335e-01
7.768179874104270688e-01
7.699984167285317538e-01
3.807800259030519330e-01
3.403860330401229928e-01
3.403860330401229373e-01
2.982485354718034110e-01
3.116280613900485608e-01
3.647996633038439462e-01
3.116280613900485608e-01
4.272618648577248268e-01
4.179156354671108575e-01
4.254903995965026997e-01
5.326926848041271256e-01
6.001288138064370115e-01
5.458692130395625952e-01
5.746271846896369162e-01
5.069621382142815991e-01
7.936325367297305533e-01
9.394340947141237297e-02
9.394340947141237297e-02
2.224276423767908573e-01
5.777400231465358305e-01
6.124825308007296742e-01
6.368961610644506832e-01
5.538405754788736646e-01
2.037826917278541261e-01
6.041282564088156226e-01
3.842393661191358945e-01
2.037826917278541261e-01
4.626822167560026289e-01
8.093818010357703985e-01
2.048020615877506889e-01
4.872851205856184587e-01
8.404851942586140101e-01
8.117272226085395781e-01
8.390247738561141810e-01
6.898879887629799645e-01
6.066155790827499894e-01
