5.701652590171440993e-01
8.837366104702482072e-01
7.495204361628524659e-01
8.835076929972029980e-01
7.163662731425672892e-01
8.921963757699095110e-01
8.146111435923932831e-01
4.652169118946667403e-01
3.996663154227755865e-01
7.884275109881335730e-01
3.226621657355245310e-01
3.293769634091121001e-01
5.981572767037718341e-01
7.207624645127781449e-01
0.000000000000000000e+00
0.000000000000000000e+00
1.728136671946377545e-01
4.811353473144761583e-01
0.000000000000000000e+00
4.424099301958254182e-01
6.719352039853361269e-01
0.000000000000000000e+00
6.158278311038297703e-01
2.264930997976052907e-01
5.605411429562943970e-02
0.000000000000000000e+00
2.158361659332266591e-01
0.000000000000000000e+00
5.605411429562943970e-02
0.000000000000000000e+00
0.000000000000000000e+00
0.000000000000000000e+00
2.335600332378250932e-01
0.000000000000000000e+00
0.000000000000000000e+00
5.768685782753421032e-01
1.490998652719881801e-01
9.394340947141238685e-02
0.000000000000000000e+00
0.000000000000000000e+00
0.000000000000000000e+00
0.000000000000000000e+00
0.000000000000000000e+00
0.000000000000000000e+00
2.048020615877507167e-01
7.153912208549901841e-01
0.000000000000000000e+00
7.404609348159353344e-01
2.579736635015461022e-01
5.116987508493395787e-01
4.095379975531264205e-01
0.000000000000000000e+00
7.296557479435047400e-01
0.000000000000000000e+00
4.341135186718231287e-01
0.000000000000000000e+00
0.000000000000000000e+00
0.000000000000000000e+00
3.985038932076504503e-01
0.000000000000000000e+00
0.000000000000000000e+00
0.000000000000000000e+00
1.116672767760108625e-01
0.000000000000000000e+00
0.000000000000000000e+00
6.671145531170249443e-01
2.609638986278612349e-01
2.799435856769396658e-01
0.000000000000000000e+00
1.668237325765866697e-01
6.898879887629799645e-01
6.153042618554567245e-01
8.180704838084772446e-01
6.903778545440133474e-01
6.928894940329732854e-01
3.757781378987913867e-01
4.969243682259810169e-01
8.651277419953803394e-01
4.792662352236647383e-01
4.939748835447411723e-01
7.826227491992802099e-01
6.782541483702481111e-01
8.346804324697607580e-01
7.448052762022885354e-01
7.712178262795937878e-01
8.366793522833451124e-01
8.366793522833448904e-01
8.189554849787467061e-01
8.390247738561142921e-01
7.724736460240738678e-01
3.470757959992455399e-01
4.693993624260443531e-01
5.207994990786176670e-01
5.361123811130605876e-01
5.538362484176589939e-01
5.183885138084620703e-01
4.762510162401426550e-01
5.373725279187552273e-01
5.373725279187553383e-01
5.795100254870747536e-01
7.880566924139228435e-01
9.215297666522144215e-01
6.896590712899344222e-01
8.793922690838948952e-01
8.390247738561142921e-01
1.000000000000000000e+00
8.558636399904434588e-01
9.654372665610726489e-01
9.755863697362791020e-01
6.811993059902732295e-01
8.372547715155754799e-01
8.857112134688069904e-01
8.735875072950417541e-01
8.945417973426788016e-01
8.692431659086883311e-01
8.474038746907819331e-01
8.232998263650999071e-01
6.061028594073742948e-01
8.558636399904432368e-01
7.698186425132655941e-01
8.558636399904432368e-01
8.357943511130756509e-01
7.802530108114856811e-01
8.227613269540154928e-01
8.793922690838950063e-01
9.224147678224838831e-01
8.727025061247722926e-01
8.090109824615600020e-01
8.279906695106383774e-01
8.070363794630012189e-01
8.113807208493546419e-01
7.471750145900832862e-01
7.663593022971815216e-01
7.438147841242719327e-01
7.226315766035896759e-01
6.538405181065271021e-01
7.815088305559655391e-01
9.077794221597587088e-01
9.046909005178853658e-01
8.160715639948931122e-01
8.744725084653111047e-01
8.837366104702482072e-01
8.976303189845522557e-01
9.401386351270821784e-01
8.677827455061885020e-01
7.184170429400088542e-01
8.267348497661582973e-01
9.224147678224837721e-01
7.221710349314204302e-01
3.996663154227755865e-01
7.306826502149392777e-01
7.840831696017801500e-01
7.283372286421700981e-01
7.154812719722978276e-01
3.642185808135786629e-01
3.752526851590545776e-01
3.996663154227755865e-01
4.173901827273740484e-01
3.929765524636530394e-01
4.831861171119177789e-01
6.829693083308119306e-01
5.934390508473144088e-01
8.415991129019287920e-01
8.735875072950417541e-01
8.688723473344779347e-01
7.081017218486118647e-01
6.233125441159139690e-01
8.236463281242849543e-01
7.345506821193348301e-01
8.802772702541644678e-01
7.739340664265736969e-01
5.335776859743965872e-01
7.336656809490653686e-01
8.567486411607126984e-01
6.597871809965453194e-01
6.111629181519129261e-01
5.681404194133240493e-01
5.437267891496030403e-01
6.415505940165713294e-01
8.113807208493546419e-01
7.524043571467060598e-01
6.686286144434144818e-01
8.014362183321681599e-01
8.291045881539530482e-01
7.730490652563042353e-01
5.225176514352989354e-01
8.368839529413648615e-01
8.945417973426789127e-01
8.980011375587627631e-01
8.015781194333332360e-01
8.046666410752064680e-01
9.055759016881546053e-01
7.614395416785978421e-01
6.947586061237845945e-01
7.960022751175254152e-01
8.475836489060483148e-01
8.988861387290321137e-01
7.806238293856960775e-01
5.596210204527014564e-01
6.339758298871793762e-01
6.415505940165713294e-01
3.496766326802084324e-01
3.665154988145375436e-01
7.529797763789364273e-01
7.332051392768962339e-01
6.178526811110355288e-01
7.408317533901458418e-01
7.155709950702564548e-01
7.039235983784489781e-01
9.144691851188810894e-01
9.003465591315319427e-01
8.357943511130756509e-01
6.788538844175040499e-01
8.271056683403689158e-01
8.448295356449674332e-01
4.272618648577248268e-01
5.207994990786176670e-01
7.983476966902947058e-01
6.654743584992588445e-01
3.996663154227755865e-01
7.082679397648024011e-01
8.904263734293708099e-01
6.291416227197926814e-01
5.690254205835933998e-01
5.335776859743965872e-01
7.387152492904218715e-01
7.267961437746767173e-01
7.343709079040686705e-01
8.474038746907819331e-01
5.879548606240246889e-01
7.881985935150881417e-01
7.912871151569614847e-01
8.976303189845522557e-01
6.044731551927903235e-01
7.927718523744867740e-01
7.336656809490653686e-01
7.155709950702563438e-01
6.631946712287718482e-01
7.198774633425086833e-01
6.972338354193265975e-01
6.547349059291105444e-01
8.578382429890021310e-01
8.001803985876880798e-01
9.081502407339692162e-01
7.396002504606913330e-01
8.660127431656498009e-01
7.553251979517057180e-01
7.683582221107657650e-01
8.584379790362577367e-01
7.869670905856336329e-01
8.660127431656498009e-01
9.325638709976902252e-01
8.048955585482518993e-01
7.833415324533590240e-01
7.283372286421700981e-01
7.471750145900833973e-01
7.587845381677896794e-01
7.306826502149393887e-01
8.621825843753553320e-01
5.308630488026271355e-01
8.735875072950418652e-01
5.684759211415988389e-01
6.468654900243909767e-01
6.039236557507957626e-01
6.355765484156339351e-01
7.235165777738589155e-01
6.355765484156339351e-01
8.432393075196947807e-01
7.779075892387163904e-01
9.401386351270822894e-01
8.113807208493546419e-01
8.191600856367664552e-01
8.621825843753553320e-01
8.660127431656498009e-01
8.610929825470658994e-01
8.169565651651623517e-01
8.692431659086885531e-01
6.836880915848907447e-01
6.489301441402574033e-01
8.802772702541643568e-01
7.699984167285318648e-01
7.081017218486117537e-01
6.896590712899344222e-01
7.049077092989911586e-01
7.582091189355592009e-01
3.851243672894053005e-01
7.759329862401578293e-01
7.541594293245333924e-01
3.985038932076504503e-01
2.756975308061445640e-01
8.506342974338206853e-01
8.413701954288833607e-01
4.173901827273740484e-01
4.695612532810201634e-01
8.602079813767966598e-01
5.402674489335191899e-01
8.547497213471285660e-01
6.868130234201821338e-01
7.904021139866922452e-01
7.439202750320191848e-01
6.959780156748466284e-01
7.860820894153641714e-01
7.573241177652897393e-01
7.868372828628608096e-01
7.868372828628608096e-01
6.654743584992588445e-01
6.477504911946605493e-01
6.788538844175039388e-01
6.178526811110355288e-01
5.006646465038636640e-01
5.538362484176589939e-01
4.499040298602238752e-01
3.752526851590545776e-01
3.642185808135786629e-01
3.470757959992455399e-01
3.470757959992455399e-01
3.470757959992455399e-01
3.116530961045136938e-01
2.872394658407926293e-01
2.335600332378250932e-01
9.122656646472772080e-01
8.835076929972029980e-01
8.835076929972029980e-01
8.124703226776438525e-01
8.401143756844035027e-01
8.310791911525118314e-01
9.410236362973516400e-01
9.023454789451160751e-01
8.448295356449673221e-01
8.904263734293708099e-01
7.938614542027760956e-01
8.368839529413649725e-01
9.267591092088370841e-01
8.802772702541643568e-01
8.837366104702482072e-01
9.258741080385678446e-01
8.077551627170800330e-01
6.017585180210210938e-01
8.878520343835561990e-01
8.648988245223349081e-01
8.515192986040899248e-01
5.822019488190289804e-01
4.365245039419786699e-01
8.079213806332706804e-01
2.695155985361941675e-01
6.970919343181612993e-01
4.528015071431529259e-01
6.583894601509003852e-01
7.482646164183726079e-01
6.300266238900620319e-01
6.516996971917778936e-01
5.467542142098320568e-01
5.761497950212635111e-01
5.722817631168678476e-01
8.999757405573215463e-01
8.026920380766480179e-01
8.546078202459632678e-01
8.913113745996402715e-01
9.224147678224837721e-01
9.200693462497144814e-01
7.193020441102784268e-01
7.637849632513670217e-01
8.802772702541643568e-01
8.435737159004874641e-01
8.515192986040899248e-01
8.965407171562629340e-01
8.180704838084772446e-01
7.768179874104270688e-01
7.699984167285318648e-01
5.069621382142817101e-01
7.936325367297306643e-01
9.394340947141238685e-02
9.394340947141238685e-02
2.224276423767908850e-01
5.777400231465360525e-01
6.124825308007297853e-01
6.368961610644507942e-01
5.538405754788738866e-01
2.037826917278541539e-01
6.041282564088156226e-01
3.842393661191360055e-01
2.037826917278541539e-01
4.626822167560026844e-01
8.093818010357705095e-01
2.048020615877507167e-01
4.872851205856185697e-01
8.404851942586141211e-01
8.117272226085395781e-01
8.390247738561142921e-01
6.898879887629798535e-01
6.066155790827499894e-01
3.647996633038440017e-01
3.293769634091121001e-01
2.037826917278541539e-01
