4.895319831275199984e-01
7.310526193687806318e-01
3.774948252451498787e-01
3.372413858716064028e-01
2.184688453686464138e-01
3.372413858716064583e-01
5.032040554738897997e-01
5.790584356489522078e-01
8.369461577636784499e-02
4.432127841498594845e-01
4.678690672077183144e-01
5.467533339610556320e-01
1.662792372637539318e-01
2.370821659494388722e-01
5.438349362817156418e-01
4.614059264852702347e-01
8.369461577636784499e-02
2.986410194925503414e-01
8.369461577636784499e-02
2.370821659494388722e-01
8.369461577636784499e-02
3.672723723577856481e-01
2.476921362231234436e-01
8.369461577636784499e-02
8.369461577636784499e-02
0.000000000000000000e+00
2.837437162707620031e-01
1.662792372637539318e-01
0.000000000000000000e+00
0.000000000000000000e+00
1.370559464092768742e-01
3.612467065631026486e-01
0.000000000000000000e+00
0.000000000000000000e+00
0.000000000000000000e+00
0.000000000000000000e+00
3.612467065631026486e-01
0.000000000000000000e+00
3.482715343906728211e-01
2.901213662178038777e-01
0.000000000000000000e+00
8.369461577636784499e-02
1.662792372637539318e-01
0.000000000000000000e+00
0.000000000000000000e+00
1.662792372637539318e-01
0.000000000000000000e+00
3.607608817494091236e-01
0.000000000000000000e+00
0.000000000000000000e+00
0.000000000000000000e+00
0.000000000000000000e+00
0.000000000000000000e+00
0.000000000000000000e+00
0.000000000000000000e+00
0.000000000000000000e+00
0.000000000000000000e+00
0.000000000000000000e+00
0.000000000000000000e+00
0.000000000000000000e+00
0.000000000000000000e+00
0.000000000000000000e+00
0.000000000000000000e+00
0.000000000000000000e+00
0.000000000000000000e+00
0.000000000000000000e+00
0.000000000000000000e+00
2.370821659494388722e-01
0.000000000000000000e+00
0.000000000000000000e+00
0.000000000000000000e+00
0.000000000000000000e+00
0.000000000000000000e+00
0.000000000000000000e+00
0.000000000000000000e+00
0.000000000000000000e+00
0.000000000000000000e+00
0.000000000000000000e+00
0.000000000000000000e+00
0.000000000000000000e+00
8.369461577636784499e-02
0.000000000000000000e+00
0.000000000000000000e+00
1.782154059951029657e-01
4.198412246192968489e-01
0.000000000000000000e+00
3.607608817494091236e-01
0.000000000000000000e+00
2.575422027562217497e-01
4.139894932953824269e-01
0.000000000000000000e+00
2.575422027562217497e-01
2.184688453686464138e-01
8.369461577636784499e-02
8.369461577636784499e-02
1.370559464092768742e-01
8.369461577636784499e-02
4.662464552139686247e-01
0.000000000000000000e+00
2.583875801190069210e-01
3.145295856255058697e-01
1.370559464092768742e-01
2.901213662178038777e-01
3.964956632122627611e-01
8.369461577636784499e-02
0.000000000000000000e+00
8.369461577636784499e-02
4.555536543197507005e-01
8.369461577636784499e-02
1.370559464092768742e-01
0.000000000000000000e+00
3.737360539218390065e-01
8.369461577636784499e-02
2.109711469291191133e-01
8.369461577636784499e-02
0.000000000000000000e+00
1.370559464092768742e-01
8.369461577636784499e-02
8.369461577636784499e-02
2.184688453686464138e-01
8.369461577636784499e-02
5.790584356489522078e-01
5.787620221128670916e-01
0.000000000000000000e+00
0.000000000000000000e+00
0.000000000000000000e+00
8.369461577636784499e-02
0.000000000000000000e+00
2.370821659494388722e-01
0.000000000000000000e+00
2.370821659494388722e-01
0.000000000000000000e+00
0.000000000000000000e+00
0.000000000000000000e+00
0.000000000000000000e+00
0.000000000000000000e+00
0.000000000000000000e+00
0.000000000000000000e+00
0.000000000000000000e+00
0.000000000000000000e+00
0.000000000000000000e+00
2.109711469291191133e-01
0.000000000000000000e+00
4.421155499376323017e-01
0.000000000000000000e+00
0.000000000000000000e+00
8.369461577636784499e-02
8.369461577636784499e-02
2.986410194925502859e-01
8.369461577636784499e-02
8.369461577636784499e-02
1.370559464092768742e-01
1.662792372637539318e-01
4.614059264852702347e-01
6.276376541424247835e-01
6.439941562038832279e-01
0.000000000000000000e+00
2.575422027562217497e-01
0.000000000000000000e+00
2.109711469291191133e-01
2.184688453686464138e-01
0.000000000000000000e+00
0.000000000000000000e+00
0.000000000000000000e+00
0.000000000000000000e+00
0.000000000000000000e+00
0.000000000000000000e+00
8.369461577636784499e-02
0.000000000000000000e+00
8.369461577636784499e-02
0.000000000000000000e+00
0.000000000000000000e+00
0.000000000000000000e+00
8.369461577636784499e-02
0.000000000000000000e+00
2.837437162707620031e-01
0.000000000000000000e+00
3.854655146931963983e-01
4.432127841498594845e-01
1.662792372637539318e-01
6.439941562038831169e-01
6.323525982862830963e-01
6.907991799952372114e-01
6.496979511805575092e-01
7.805396607968720923e-01
6.251896044699388755e-01
6.783098326365007980e-01
5.498351447944751502e-01
4.257189540667398187e-01
4.549422449212168762e-01
6.193118750224956282e-01
4.614059264852702347e-01
6.842475955774265373e-01
5.373457974357388478e-01
0.000000000000000000e+00
0.000000000000000000e+00
0.000000000000000000e+00
2.729654246011377072e-01
0.000000000000000000e+00
2.575422027562217497e-01
0.000000000000000000e+00
8.369461577636784499e-02
4.000655640995704476e-01
5.718354083391251619e-01
0.000000000000000000e+00
2.729654246011377072e-01
0.000000000000000000e+00
0.000000000000000000e+00
0.000000000000000000e+00
2.837437162707620031e-01
0.000000000000000000e+00
0.000000000000000000e+00
2.898249526817186505e-01
3.145295856255058697e-01
8.369461577636784499e-02
0.000000000000000000e+00
0.000000000000000000e+00
8.369461577636784499e-02
1.370559464092768742e-01
2.694177286380732839e-01
0.000000000000000000e+00
0.000000000000000000e+00
1.662792372637539318e-01
3.080180950171293452e-01
2.901213662178038777e-01
0.000000000000000000e+00
0.000000000000000000e+00
0.000000000000000000e+00
0.000000000000000000e+00
0.000000000000000000e+00
0.000000000000000000e+00
0.000000000000000000e+00
0.000000000000000000e+00
0.000000000000000000e+00
0.000000000000000000e+00
0.000000000000000000e+00
0.000000000000000000e+00
0.000000000000000000e+00
0.000000000000000000e+00
8.369461577636784499e-02
0.000000000000000000e+00
4.904807401509021503e-01
3.904699974175797061e-01
0.000000000000000000e+00
1.782154059951029657e-01
0.000000000000000000e+00
0.000000000000000000e+00
0.000000000000000000e+00
0.000000000000000000e+00
0.000000000000000000e+00
0.000000000000000000e+00
0.000000000000000000e+00
0.000000000000000000e+00
0.000000000000000000e+00
0.000000000000000000e+00
0.000000000000000000e+00
0.000000000000000000e+00
0.000000000000000000e+00
8.369461577636784499e-02
8.369461577636784499e-02
1.370559464092768742e-01
1.662792372637539318e-01
0.000000000000000000e+00
3.607608817494091236e-01
2.476921362231234436e-01
1.662792372637539318e-01
1.782154059951029657e-01
7.200224708497142689e-01
4.906292173397472922e-01
5.016593658588136551e-01
3.482715343906728211e-01
4.647872563742987406e-01
7.206338802482480377e-01
5.081225065812617903e-01
6.842475955774266483e-01
6.472899953175054177e-01
7.110629305688516144e-01
7.862434557735464846e-01
7.894992010777347469e-01
7.915698093159384552e-01
8.959736253751104940e-01
8.389862425058262074e-01
8.667503345206332144e-01
8.959736253751104940e-01
9.305232697719795221e-01
9.012999789175024645e-01
9.669095544428009115e-01
8.595873407042891046e-01
7.680503134381357899e-01
8.187224919322118044e-01
1.000000000000000000e+00
8.610465395439591552e-01
8.011407589953348785e-01
6.493205097462751985e-01
8.959736253751104940e-01
7.733766669805278715e-01
7.915698093159384552e-01
8.849434768560441311e-01
8.083037528116792103e-01
8.667503345206334364e-01
6.251896044699386534e-01
8.485571921852227417e-01
8.389862425058262074e-01
5.308826567132907126e-01
8.959736253751104940e-01
7.551835246451170658e-01
8.187224919322118044e-01
2.898249526817186505e-01
5.395903401447111891e-01
5.596201227540743561e-01
6.082817265034292653e-01
2.986410194925502859e-01
0.000000000000000000e+00
2.898249526817186505e-01
4.788992157267846772e-01
6.493205097462751985e-01
3.145295856255058697e-01
4.662464552139687357e-01
3.672723723577856481e-01
0.000000000000000000e+00
3.672723723577856481e-01
6.708094911953081940e-01
5.495387312583900341e-01
6.607280996996238720e-01
5.912513694716033941e-01
5.718354083391251619e-01
5.297854225010634188e-01
6.031293074318059277e-01
5.870067733345989414e-01
8.369461577636784499e-02
0.000000000000000000e+00
3.334826145482955306e-01
0.000000000000000000e+00
1.370559464092768742e-01
0.000000000000000000e+00
0.000000000000000000e+00
5.759766248155326895e-01
4.139894932953824269e-01
1.662792372637539318e-01
6.073739035688104915e-01
8.369461577636784499e-02
3.372413858716064583e-01
0.000000000000000000e+00
1.370559464092768742e-01
0.000000000000000000e+00
0.000000000000000000e+00
2.837437162707620031e-01
4.355639655198216276e-01
2.476921362231234436e-01
6.496979511805575092e-01
5.557128742419181755e-01
2.184688453686464138e-01
1.662792372637539318e-01
4.895319831275199984e-01
6.967369429361628397e-01
3.482715343906728211e-01
5.730582271361928104e-01
3.904699974175797061e-01
3.774948252451498787e-01
3.482715343906728211e-01
0.000000000000000000e+00
5.620280786171263365e-01
5.688136309991883577e-01
3.372413858716064583e-01
3.854655146931963983e-01
7.382156131851248526e-01
6.180667044630283602e-01
2.575422027562217497e-01
0.000000000000000000e+00
1.370559464092768742e-01
0.000000000000000000e+00
5.226224286847190870e-01
4.803584145664546723e-01
5.796098115540033735e-01
3.372413858716064583e-01
7.382156131851248526e-01
6.595052809025564455e-01
7.790804619572021528e-01
8.792396818793697388e-01
9.487164121073902168e-01
8.682095333603033760e-01
8.375270436661562679e-01
7.680503134381357899e-01
8.485571921852227417e-01
8.792396818793697388e-01
8.500163910248925703e-01
8.959736253751103829e-01
8.207931001704155127e-01
7.277968740645923695e-01
8.005293495968011097e-01
8.297526404512781673e-01
7.077670914552293135e-01
7.551835246451170658e-01
7.134708864319035948e-01
4.925513483891058031e-01
4.883067522521014059e-01
4.647872563742987406e-01
5.357231854419892692e-01
8.945144265354404434e-01
6.893399811555672718e-01
8.777804830396997993e-01
7.784690525586683840e-01
7.038999367525072826e-01
7.263376752249223189e-01
6.985735832101152010e-01
3.372413858716064028e-01
3.672723723577856481e-01
5.787620221128670916e-01
6.162300641890759989e-01
7.310526193687807428e-01
6.123629094863540789e-01
8.500163910248925703e-01
6.785438006007522560e-01
4.883067522521015169e-01
7.185632720100443294e-01
1.662792372637539318e-01
7.331232276069844511e-01
0.000000000000000000e+00
0.000000000000000000e+00
0.000000000000000000e+00
0.000000000000000000e+00
5.026327398847901806e-01
1.662792372637539318e-01
7.075331234909779665e-01
6.564835035626194193e-01
1.370559464092768742e-01
8.369461577636784499e-02
7.441533761260508140e-01
0.000000000000000000e+00
3.334826145482955306e-01
1.370559464092768742e-01
6.496979511805575092e-01
3.904699974175797061e-01
4.511351237119776147e-01
7.901106104762685156e-01
4.954697460684457933e-01
1.370559464092768742e-01
8.369461577636784499e-02
4.910921495494358080e-01
8.369461577636784499e-02
6.031293074318059277e-01
6.597793426762418312e-01
8.389862425058262074e-01
8.831068365820918808e-01
6.162300641890761099e-01
6.472899953175054177e-01
2.898249526817186505e-01
4.269417728638073006e-01
2.476921362231234436e-01
3.080180950171293452e-01
5.385085827393236713e-01
3.380490815033085905e-01
1.662792372637539318e-01
4.954697460684457933e-01
3.774948252451498787e-01
3.278643103470273990e-01
1.662792372637539318e-01
7.551835246451170658e-01
7.128594770333700481e-01
8.369461577636784499e-02
0.000000000000000000e+00
8.369461577636784499e-02
0.000000000000000000e+00
0.000000000000000000e+00
1.370559464092768742e-01
3.904699974175797061e-01
5.160708442669085239e-01
3.334826145482955306e-01
1.662792372637539318e-01
5.467533339610556320e-01
6.907991799952372114e-01
8.369461577636784499e-02
5.959663136154617069e-01
6.233930580054203308e-01
0.000000000000000000e+00
3.145295856255059253e-01
3.334826145482955306e-01
6.073739035688104915e-01
0.000000000000000000e+00
6.109037106466840283e-01
6.601166903010902143e-01
8.369461577636784499e-02
0.000000000000000000e+00
3.472826835578567417e-01
2.901213662178038777e-01
2.898249526817186505e-01
0.000000000000000000e+00
3.080180950171293452e-01
1.370559464092768742e-01
1.370559464092768742e-01
0.000000000000000000e+00
4.803584145664546723e-01
1.370559464092768742e-01
4.904807401509021503e-01
5.900885841680186816e-01
4.257189540667398187e-01
1.662792372637539318e-01
2.986410194925503414e-01
5.730582271361926994e-01
5.870067733345990524e-01
3.080180950171293452e-01
2.986410194925503414e-01
2.476921362231234436e-01
5.667430227609846494e-01
5.959663136154617069e-01
5.787620221128670916e-01
6.323525982862830963e-01
7.901106104762686266e-01
8.479457827866888620e-01
9.472572132677202772e-01
9.305232697719795221e-01
9.376862635883238539e-01
8.389862425058262074e-01
8.375270436661562679e-01
9.889698514809336372e-01
8.792396818793697388e-01
7.770098537189984444e-01
8.888106315587661621e-01
8.207931001704155127e-01
7.776212631175322132e-01
8.485571921852227417e-01
8.318232486894818756e-01
7.733766669805278715e-01
5.959663136154617069e-01
3.145295856255058697e-01
5.509979300980599737e-01
6.708094911953081940e-01
3.906179337648197913e-01
3.080180950171293452e-01
6.505457406216937910e-01
5.900885841680186816e-01
6.928697882334409197e-01
4.906292173397472922e-01
2.184688453686464138e-01
7.776212631175322132e-01
1.662792372637539318e-01
8.485571921852227417e-01
6.472899953175054177e-01
6.386678026614911463e-01
6.344232065244868046e-01
7.071957758661294724e-01
7.733766669805278715e-01
6.162300641890761099e-01
2.476921362231234436e-01
1.662792372637539318e-01
1.662792372637539318e-01
8.369461577636784499e-02
3.607608817494091236e-01
1.662792372637539318e-01
7.388270225836587324e-01
4.906292173397472922e-01
5.870067733345990524e-01
7.805396607968720923e-01
7.000327820497852516e-01
6.803804408747046173e-01
6.315048088451468145e-01
8.083037528116792103e-01
6.496979511805575092e-01
3.482715343906728211e-01
7.713060587423240522e-01
6.315048088451468145e-01
8.083037528116792103e-01
7.680503134381357899e-01
8.360678448264863283e-01
7.958144054529427969e-01
8.610465395439589331e-01
6.496979511805575092e-01
7.331232276069843401e-01
1.662792372637539318e-01
0.000000000000000000e+00
4.292888549540475607e-01
0.000000000000000000e+00
2.370821659494388722e-01
0.000000000000000000e+00
0.000000000000000000e+00
0.000000000000000000e+00
0.000000000000000000e+00
0.000000000000000000e+00
3.372413858716064028e-01
0.000000000000000000e+00
2.729654246011377072e-01
2.922329085447707420e-01
5.903026124482212422e-01
6.678910935159683149e-01
2.898249526817186505e-01
4.498899531525103468e-01
5.790584356489522078e-01
