7.703315634467519102e-01
6.676302706533339126e-01
7.496712503335015709e-01
8.625734731516606635e-01
7.313094467395834242e-01
7.623600053782603192e-01
9.324151496741716061e-01
9.074996372313229864e-01
8.103528667203783176e-01
6.731156553727244418e-01
5.163555926044435251e-01
7.749779711890197875e-01
8.162569140928715994e-01
7.833698435815311667e-01
9.199573934527474073e-01
8.352683791632271593e-01
8.352683791632271593e-01
9.350631842835245289e-01
8.523725431269195685e-01
8.184862860491214365e-01
9.475209405049490607e-01
8.513733565604618692e-01
8.021503098285520661e-01
7.798828319950555921e-01
1.000000000000000000e+00
7.821396581917391400e-01
9.189582068862895969e-01
7.748177615996849621e-01
8.589262519758504855e-01
8.037991578714470675e-01
8.152577275264140111e-01
7.476728772005862833e-01
8.099342040672752319e-01
7.798828319950555921e-01
6.866417357236892505e-01
5.922340718483495303e-01
5.971389326543853349e-01
4.948288482736367122e-01
4.474838386122744760e-01
8.723831947637327167e-01
7.772347973857031134e-01
9.199573934527475183e-01
6.571708875648245574e-01
7.476728772005860613e-01
8.464684957544260646e-01
7.308907840864805605e-01
8.589262519758502634e-01
7.538079233964142256e-01
8.037991578714471785e-01
8.223919602886996527e-01
8.913946598340880545e-01
8.123512398532933831e-01
8.260391814645099418e-01
8.713840081972750173e-01
8.389156003390374483e-01
8.149992744626460839e-01
6.866417357236893615e-01
7.152044693423484922e-01
6.476196190165207645e-01
6.627254098472978860e-01
6.676302706533339126e-01
7.122979816692279753e-01
6.496179921494360521e-01
5.322021169379101968e-01
5.761290944511148204e-01
5.695753856021837924e-01
6.122447234851624565e-01
6.647237829802130626e-01
6.522660267587887528e-01
6.361610493615539319e-01
6.847344346170263218e-01
5.885868506725392413e-01
5.556997801611986976e-01
6.161503977247407837e-01
6.171495842911984830e-01
6.371602359280116312e-01
6.447131313434000255e-01
7.019504957560041003e-01
6.392705062362121771e-01
6.858455183587692794e-01
6.722766783956016790e-01
5.121914653010971596e-01
6.447131313434000255e-01
5.695753856021836814e-01
5.761290944511147094e-01
6.053842491584141561e-01
7.027467131209240714e-01
8.474676823208835419e-01
7.621290065549259918e-01
8.434017984919703892e-01
7.647770411642786925e-01
9.124044980373590130e-01
8.033804952183443149e-01
6.237032931401295111e-01
7.219611473928171375e-01
8.825841247884739227e-01
8.274570306840707268e-01
7.948284132364978882e-01
7.476728772005862833e-01
8.299448557040882690e-01
8.023813086518867266e-01
8.037991578714471785e-01
7.713307500132096095e-01
8.713840081972750173e-01
7.666843422709417322e-01
8.523725431269195685e-01
7.962462624560586733e-01
7.499022491568360094e-01
8.074463790472573566e-01
7.398615287214296288e-01
8.233911468551572410e-01
8.099342040672751208e-01
7.748177615996849621e-01
7.499022491568360094e-01
7.219611473928171375e-01
8.950418810098983435e-01
6.551725144319093808e-01
7.696819019703144971e-01
8.438204611450733639e-01
6.790888403083006342e-01
7.237565513241948079e-01
8.589262519758502634e-01
8.027999713049895902e-01
8.113520532868355728e-01
8.428212745786155535e-01
8.023813086518867266e-01
8.585075893227475108e-01
7.923405882164802350e-01
8.074463790472575786e-01
7.864365408439867311e-01
8.513733565604618692e-01
9.074996372313229864e-01
7.598721803582424439e-01
6.543762970669895207e-01
8.550205777362722692e-01
8.989475552494767818e-01
8.313627049236487210e-01
9.114053114709012027e-01
8.362675657296846365e-01
9.114053114709012027e-01
8.709653455441721537e-01
8.189049487022243001e-01
9.124044980373590130e-01
8.109333906337328202e-01
7.913414016500227577e-01
6.847344346170264329e-01
6.722766783956017900e-01
6.792918095098383624e-01
7.068553565620401269e-01
6.819398441191909521e-01
6.468234016516007934e-01
7.027467131209241824e-01
7.349566679153936022e-01
7.748177615996849621e-01
8.585075893227475108e-01
5.832633272134003510e-01
7.886933670406699459e-01
7.647770411642784705e-01
6.896392954230622374e-01
6.961930042719931544e-01
7.847876928010916187e-01
8.248089960747178040e-01
8.923938464005456428e-01
7.847876928010916187e-01
8.248089960747178040e-01
7.923405882164802350e-01
7.723299365796671978e-01
7.548071099628719249e-01
8.389156003390373373e-01
7.952470758896008629e-01
7.952470758896008629e-01
8.027999713049895902e-01
6.937759684859750031e-01
8.162569140928718214e-01
8.752896824368533446e-01
8.087040186774830941e-01
8.064471924807997683e-01
8.189049487022243001e-01
6.761823526351801172e-01
7.676835288373993205e-01
8.228106229418026274e-01
6.747645034156194432e-01
8.762888690033110439e-01
7.476728772005861723e-01
7.513200983763964613e-01
9.065004506648653981e-01
7.135556212994536018e-01
8.913946598340882765e-01
8.864897990280522500e-01
6.658348667219563533e-01
6.847344346170263218e-01
9.324151496741718281e-01
8.848409509851571375e-01
7.686827154038569088e-01
8.723831947637327167e-01
9.399680450895605555e-01
8.713840081972750173e-01
7.784649827754952511e-01
4.748181966368237861e-01
8.434017984919703892e-01
8.389156003390374483e-01
8.448196477115309522e-01
7.562249591824323769e-01
7.874357274104443194e-01
8.113520532868357948e-01
8.037991578714471785e-01
6.712774918291442017e-01
6.676302706533338016e-01
6.941946311390779778e-01
6.619291924823780260e-01
8.438204611450733639e-01
6.157317350716379201e-01
7.998934836318687402e-01
6.312561885555180163e-01
6.171495842911984830e-01
7.874357274104443194e-01
7.019504957560041003e-01
8.323618914901065313e-01
8.152577275264140111e-01
7.847876928010918407e-01
7.308907840864805605e-01
8.113520532868357948e-01
8.074463790472575786e-01
8.074463790472575786e-01
8.149992744626459729e-01
7.703315634467519102e-01
7.909227389969196720e-01
8.599254385423082958e-01
8.709653455441721537e-01
7.821396581917389179e-01
9.199573934527475183e-01
8.023813086518867266e-01
7.837885062346340304e-01
6.018561296306528252e-01
8.199041352686818884e-01
7.696819019703144971e-01
8.848409509851571375e-01
8.047983444379047668e-01
7.752364242527878258e-01
8.523725431269196795e-01
8.923938464005456428e-01
8.434017984919703892e-01
8.309440422705458573e-01
8.523725431269195685e-01
8.750312293730850843e-01
7.459965749172575711e-01
8.460498331013229789e-01
7.748177615996849621e-01
9.074996372313229864e-01
8.799360901791212219e-01
7.694942381405461829e-01
8.750312293730854174e-01
8.352683791632271593e-01
7.584543311386823250e-01
8.350099260994588990e-01
9.314159631077143509e-01
8.297138568807536085e-01
8.448196477115309522e-01
8.913946598340880545e-01
7.549673195522067504e-01
8.660604847381363491e-01
8.074463790472573566e-01
7.086507604934176863e-01
7.147858066892457396e-01
8.785182409595606590e-01
8.023813086518865045e-01
7.748177615996849621e-01
7.699129007936491575e-01
8.149992744626459729e-01
6.912881434659571278e-01
7.059752716436316078e-01
6.824776084203429960e-01
6.659539683700053114e-01
7.122979816692279753e-01
7.303102601731257248e-01
8.149992744626460839e-01
8.425628215148476263e-01
7.323086333060409014e-01
7.388623421549720405e-01
6.148927580945152682e-01
6.827360614841110342e-01
7.398615287214295178e-01
8.625734731516607745e-01
7.749779711890197875e-01
8.297138568807536085e-01
5.986275711079455109e-01
6.790888403083006342e-01
7.027467131209240714e-01
7.552257726159746776e-01
6.541733278654516814e-01
7.344189036142416693e-01
6.171495842911983720e-01
5.849396294967288412e-01
7.102996085363125767e-01
7.335662729362666390e-01
7.135556212994536018e-01
7.421183549181128436e-01
7.010978650780290700e-01
7.398615287214296288e-01
7.459965749172575711e-01
6.549140613681413425e-01
7.988942970654111519e-01
7.625202149675953667e-01
6.148927580945151572e-01
7.588729937917850776e-01
7.313094467395835352e-01
7.588729937917850776e-01
7.313094467395834242e-01
5.522127685747232340e-01
6.659539683700053114e-01
5.818865859351256553e-01
7.972454490225162616e-01
7.411191683516551443e-01
7.335662729362666390e-01
7.211085167148419961e-01
8.825841247884739227e-01
8.184862860491215475e-01
8.599254385423080738e-01
8.464684957544260646e-01
7.184330278650559176e-01
7.909227389969196720e-01
7.909227389969198940e-01
7.063939342967343604e-01
8.599254385423082958e-01
8.750312293730854174e-01
7.896925536071276452e-01
8.438204611450733639e-01
9.074996372313227644e-01
7.948284132364978882e-01
8.713840081972750173e-01
7.837885062346340304e-01
8.664791473912392128e-01
9.550738359203376771e-01
8.674783339576968011e-01
9.275102888681361346e-01
8.789369036126636336e-01
8.838417644186996602e-01
8.023813086518867266e-01
7.147858066892457396e-01
8.709653455441719316e-01
8.303635183571913547e-01
9.124044980373590130e-01
9.150525326467114917e-01
8.799360901791212219e-01
6.541733278654517925e-01
3.564322407701908113e-01
6.659814226104386892e-01
0.000000000000000000e+00
5.971389326543855569e-01
6.757636899820772536e-01
0.000000000000000000e+00
6.138350317101660680e-01
0.000000000000000000e+00
5.963981991516957848e-01
0.000000000000000000e+00
2.323024471203991581e-01
0.000000000000000000e+00
4.474838386122744760e-01
1.017775025400944749e-01
0.000000000000000000e+00
1.017775025400944749e-01
2.323024471203991581e-01
0.000000000000000000e+00
0.000000000000000000e+00
2.411677438081514524e-01
1.217881541769075537e-01
1.617811926852103510e-01
0.000000000000000000e+00
1.017775025400944749e-01
7.037458996873818817e-01
7.874357274104442084e-01
2.751594488331463584e-01
5.095434306917444589e-01
2.556793570247216096e-01
5.849396294967288412e-01
0.000000000000000000e+00
1.217881541769075537e-01
1.217881541769075537e-01
0.000000000000000000e+00
5.818454779938400101e-01
6.118284680129448122e-02
3.509743102912335488e-01
2.198446908989746540e-01
0.000000000000000000e+00
0.000000000000000000e+00
2.186096201580854659e-01
0.000000000000000000e+00
0.000000000000000000e+00
6.118284680129448122e-02
3.717256954307363026e-01
1.017775025400944749e-01
0.000000000000000000e+00
2.965879496895199585e-01
6.118284680129448122e-02
1.617811926852103788e-01
0.000000000000000000e+00
0.000000000000000000e+00
6.792918095098383624e-01
7.073931208631919487e-01
6.951938177055355661e-01
3.570819022466281689e-01
3.551971700293016232e-01
6.576603394519271450e-01
4.672653012214350587e-01
3.103450288638191501e-01
6.731156553727244418e-01
8.123512398532933831e-01
8.297138568807538306e-01
6.262927879315903779e-01
8.225521698780347002e-01
8.223919602886996527e-01
7.825308666044084038e-01
6.180576988314038234e-01
8.752896824368531226e-01
7.259859232804445339e-01
7.047450862538392480e-01
6.722766783956017900e-01
5.163555926044435251e-01
5.688346520994940203e-01
5.424030469626514028e-01
4.474838386122744760e-01
4.599415948336990634e-01
4.317576503411755251e-01
4.242047549257868533e-01
4.041941032889738716e-01
3.476442746139130624e-01
3.952184733029277530e-01
2.998872974462269414e-01
2.798766458094139042e-01
2.598659941726008116e-01
2.411677438081515357e-01
2.411677438081515357e-01
2.011464405345254058e-01
3.379085759160208036e-01
7.362143075456193397e-01
6.013772754887414251e-01
7.625202149675953667e-01
8.874889855945098383e-01
8.448196477115309522e-01
9.275102888681361346e-01
8.550205777362722692e-01
8.313627049236487210e-01
9.114053114709014247e-01
8.199041352686817774e-01
7.833698435815311667e-01
8.572774039329554840e-01
6.951938177055355661e-01
7.742372376863301264e-01
7.476728772005859502e-01
7.227573647577371085e-01
6.102463503522471688e-01
7.144082519774285212e-01
6.943976003406154840e-01
5.332720927383676202e-01
4.599415948336990634e-01
3.717256954307363026e-01
3.841834516521608345e-01
4.317576503411755251e-01
4.041941032889738716e-01
4.041941032889738716e-01
3.841834516521608345e-01
5.336907553914703728e-01
3.178979242792077664e-01
4.017496132625222316e-01
5.363662442412565623e-01
2.965879496895199585e-01
5.143017356092980386e-01
8.503741699940042809e-01
6.045316184804391257e-01
1.217881541769075537e-01
7.699129007936491575e-01
3.441621483785346491e-01
5.288133488258679460e-01
1.617811926852103788e-01
3.407010399090195651e-01
5.048110288911514809e-01
2.523130987572122508e-01
1.217881541769075537e-01
5.096553278670299392e-01
4.041941032889738716e-01
2.211570921713384708e-01
1.817918443220234159e-01
9.238630676923258456e-01
3.862235081077251553e-01
3.717256954307363026e-01
6.820864000076736211e-01
7.509014357232935977e-01
8.585075893227477328e-01
5.943032342152643199e-01
8.047983444379047668e-01
