3.375128033642692538e-01
3.794650086901928954e-01
3.536093840522842591e-01
3.375128033642692538e-01
3.375128033642692538e-01
4.072795662166268649e-01
4.589908154924441375e-01
4.200505330674045301e-01
4.912798702430088427e-01
5.472738299938877393e-01
5.570328739437813148e-01
6.837289130238752843e-01
6.005745933070684162e-01
9.016239961317623619e-01
6.844790039589160324e-01
7.866104604558257218e-01
7.897334956849588750e-01
8.660093275439600946e-01
3.794650086901928954e-01
8.092515835847459149e-01
8.512037889106697230e-01
7.587112930288444912e-02
2.665795997468149436e-01
8.287696714845330659e-01
4.858035367681769467e-01
1.508537849945879861e-01
7.587112930288444912e-02
2.249035072008817027e-01
3.433448624169682661e-01
5.539098387146482727e-01
6.976950285548427777e-01
1.990478825629730941e-01
3.361461224155571359e-01
1.508537849945879861e-01
6.214191966958416691e-01
4.391387821757566368e-01
4.492317715425505620e-01
5.233416648102429125e-01
5.277557420941006994e-01
2.199148451543946059e-01
1.508537849945879861e-01
6.446927372243010934e-01
5.581169102957223016e-01
7.587112930288444912e-02
1.508537849945879861e-01
6.786824183404782662e-01
2.249035072008817027e-01
7.587112930288444912e-02
7.587112930288444912e-02
2.199148451543946059e-01
1.508537849945879861e-01
1.249981603566793498e-01
7.786834096803407768e-01
3.347591869862979186e-01
4.402404603801752248e-01
5.620793686271781109e-01
3.347591869862979186e-01
0.000000000000000000e+00
7.587112930288444912e-02
2.249035072008817027e-01
7.587112930288444912e-02
7.587112930288444912e-02
5.171354948809175900e-01
5.866439512103621690e-01
0.000000000000000000e+00
3.816861966808139384e-01
7.607548358179170300e-01
7.253471729328986317e-01
4.402404603801751692e-01
4.233761469046419257e-01
2.979711498792725899e-01
3.528614272298167820e-01
1.990478825629730941e-01
2.249035072008817027e-01
2.721155252413639536e-01
2.979711498792725899e-01
7.620458778726417748e-01
3.182908490226322162e-01
3.923629152550874299e-01
4.501888681803747905e-01
5.006090754014673738e-01
4.758020136812383671e-01
4.150796772779950516e-01
4.815208262931152672e-01
4.200505330674045301e-01
2.249035072008817027e-01
2.979711498792725899e-01
6.890376628093678457e-01
6.623788319496797250e-01
5.510292826225600127e-01
3.441464736605407970e-01
6.087441232195983654e-01
3.441464736605407970e-01
4.660960850180837500e-01
5.947023687946433324e-01
4.501888681803747905e-01
5.107020647682614101e-01
5.828884985816898956e-01
8.155891203228673447e-01
4.758020136812383671e-01
7.348992111800085603e-01
7.781424585606567801e-01
8.609628328605632985e-01
8.235161710983525118e-01
9.791908700454881043e-01
9.016239961317622509e-01
8.045390343182492465e-01
5.429911195188260598e-01
5.116591614060855830e-01
6.837289130238752843e-01
7.931550028967305765e-01
7.316847096710199505e-01
8.647182854892355719e-01
7.607548358179170300e-01
8.142980782681429330e-01
8.905739101271441527e-01
8.351072082226546067e-01
9.385297067742891519e-01
8.401537029060516248e-01
8.045390343182492465e-01
8.039980831985653609e-01
7.575403343089286423e-01
9.016239961317622509e-01
9.643853314121977327e-01
7.121666217712331326e-01
6.781414672207943806e-01
7.736369149969437586e-01
7.087451145594610979e-01
7.509957918680236766e-01
7.509957918680236766e-01
8.591308396861548902e-01
8.931559942365934202e-01
7.625868289923256604e-01
8.155891203228675668e-01
8.316857010108826831e-01
8.770594135485784149e-01
7.443597831472630322e-01
7.620458778726417748e-01
8.351072082226546067e-01
8.303946589561579383e-01
7.736369149969437586e-01
7.430687410925386205e-01
7.768514165059321464e-01
8.291036169014335266e-01
7.380222464091417134e-01
9.372386647195645182e-01
6.620803599670406214e-01
6.629197830693633886e-01
7.625868289923256604e-01
6.470854574834442596e-01
6.481142444360731281e-01
7.443597831472631432e-01
7.604563638352782595e-01
8.130070362134184103e-01
7.702154077851718350e-01
8.137571271484591584e-01
9.224331260862741466e-01
8.338161661679300840e-01
7.702154077851718350e-01
6.378142493664956669e-01
8.757683714938536701e-01
8.549592415393419964e-01
9.643853314121977327e-01
8.401537029060514028e-01
9.448672435124106928e-01
8.609628328605630765e-01
7.103346285968245022e-01
8.401537029060514028e-01
7.773923676256161430e-01
8.414447449607760365e-01
8.332752150482461984e-01
8.931559942365933091e-01
9.029150381864868846e-01
8.654683764242762090e-01
9.113830400816558264e-01
6.786824183404782662e-01
8.808148661772505772e-01
9.694318260955943067e-01
8.868184574984719903e-01
8.137571271484591584e-01
8.707218768104566520e-01
8.609628328605630765e-01
6.282622111193855163e-01
7.024075778213393351e-01
9.902409560501064245e-01
8.918649521818687864e-01
8.673003695986846173e-01
8.855274154437471346e-01
8.868184574984717683e-01
7.256811183497988704e-01
8.673003695986847283e-01
8.332752150482459763e-01
7.509957918680236766e-01
8.092515835847460259e-01
8.918649521818687864e-01
8.757683714938536701e-01
8.673003695986846173e-01
7.620458778726417748e-01
7.206346236664018523e-01
1.000000000000000000e+00
8.092515835847459149e-01
8.092515835847459149e-01
8.609628328605632985e-01
8.401537029060516248e-01
7.786834096803407768e-01
7.786834096803407768e-01
7.879015025105502446e-01
9.482887507241826164e-01
7.443597831472631432e-01
9.482887507241826164e-01
9.385297067742890409e-01
8.609628328605632985e-01
9.029150381864868846e-01
9.063365453982590303e-01
7.768514165059321464e-01
8.291036169014333046e-01
9.224331260862741466e-01
8.660093275439600946e-01
9.533352454075794125e-01
9.435762014576858370e-01
9.741443753620913082e-01
8.303946589561579383e-01
8.931559942365933091e-01
9.366977135998804105e-01
7.702154077851718350e-01
6.375157773838566744e-01
9.079615328698835697e-01
7.863119884731867293e-01
9.741443753620915302e-01
8.155891203228675668e-01
9.435762014576858370e-01
8.546252961224416467e-01
7.506973198853846840e-01
8.770594135485781928e-01
7.414437536209136370e-01
9.580477946740760808e-01
9.643853314121977327e-01
7.121666217712330216e-01
8.092515835847459149e-01
8.235161710983524008e-01
7.897334956849589860e-01
6.370641584314549188e-01
7.515367429877074512e-01
7.702154077851718350e-01
8.493717957362612037e-01
7.982014975801279277e-01
8.770594135485784149e-01
9.016239961317622509e-01
9.126740821363803491e-01
9.274796207696710537e-01
8.821059082319752109e-01
9.694318260955943067e-01
9.177205768197774782e-01
7.509957918680236766e-01
8.401537029060516248e-01
9.741443753620913082e-01
9.079615328698836807e-01
7.863119884731869513e-01
5.947023687946433324e-01
6.345997478575072792e-01
6.345997478575072792e-01
8.660093275439598726e-01
7.256811183497988704e-01
8.235161710983524008e-01
7.768514165059321464e-01
5.533688875949642760e-01
8.591308396861546681e-01
4.150796772779950516e-01
5.306717716204500945e-01
3.892240526400864709e-01
4.858035367681769467e-01
7.477812903590351779e-01
5.866439512103621690e-01
5.349327019345450074e-01
8.918649521818685644e-01
4.858035367681769467e-01
7.269721604045236152e-01
0.000000000000000000e+00
5.375147860439942749e-01
0.000000000000000000e+00
4.660960850180837500e-01
3.347591869862979186e-01
7.587112930288444912e-02
0.000000000000000000e+00
4.094100313736742103e-01
3.361461224155571359e-01
1.249981603566793498e-01
6.124995758482708608e-01
3.433448624169682661e-01
4.046257917923730130e-01
0.000000000000000000e+00
3.182908490226322162e-01
0.000000000000000000e+00
0.000000000000000000e+00
7.587112930288444912e-02
1.990478825629730941e-01
0.000000000000000000e+00
6.006100667413298844e-01
5.016576383191470034e-01
1.508537849945879861e-01
1.508537849945879861e-01
0.000000000000000000e+00
7.587112930288444912e-02
2.404278415507562217e-01
2.844118710169948883e-01
4.556652016552067419e-01
1.634332139751708823e-01
7.587112930288444912e-02
6.781414672207941585e-01
5.853529091556376462e-01
7.587112930288444912e-02
5.275132629570555842e-01
2.721155252413639536e-01
6.309357615086901294e-01
0.000000000000000000e+00
0.000000000000000000e+00
0.000000000000000000e+00
1.249981603566793498e-01
2.908480487718488883e-01
0.000000000000000000e+00
2.249035072008817027e-01
1.508537849945879861e-01
1.945486513276380725e-01
2.249035072008817027e-01
2.566513619528881240e-01
5.389504096653130460e-01
0.000000000000000000e+00
0.000000000000000000e+00
2.365008566535617696e-01
7.587112930288444912e-02
7.587112930288444912e-02
4.046257917923729575e-01
1.634332139751708823e-01
0.000000000000000000e+00
0.000000000000000000e+00
1.945486513276380725e-01
6.061620391101493199e-01
0.000000000000000000e+00
7.587112930288444912e-02
6.309357615086901294e-01
2.404278415507562217e-01
7.587112930288444912e-02
1.634332139751708823e-01
6.472748213337502499e-01
0.000000000000000000e+00
6.786824183404782662e-01
4.858035367681769467e-01
3.835544067357656295e-01
3.251738094174996263e-01
7.058290850331114807e-01
6.488643353711137651e-01
0.000000000000000000e+00
0.000000000000000000e+00
5.581169102957223016e-01
6.557428232289191916e-01
0.000000000000000000e+00
6.620803599670406214e-01
5.090770772966364266e-01
2.908480487718488883e-01
8.499127468559449783e-01
7.786834096803407768e-01
4.953555750152869863e-01
6.282622111193857384e-01
7.821049168921127004e-01
0.000000000000000000e+00
4.976174069811303835e-01
1.249981603566793498e-01
7.587112930288444912e-02
7.587112930288444912e-02
0.000000000000000000e+00
1.945486513276380725e-01
1.634332139751708823e-01
3.433448624169682661e-01
7.702154077851717240e-01
6.828894899215522951e-01
3.676669658631072646e-01
7.587112930288444912e-02
0.000000000000000000e+00
4.700409014970622357e-01
7.443597831472630322e-01
2.566513619528881240e-01
2.404278415507562217e-01
