5.158228219665168535e-01
5.231770816832886917e-01
6.275844006418741516e-01
5.965272012002902358e-01
6.755237833850158413e-01
6.907657960115378692e-01
8.290023076224996013e-01
8.671131968968207593e-01
7.773549433585722479e-01
8.474058794496240887e-01
8.611173901474674652e-01
8.783253085878376387e-01
8.820439699242353937e-01
9.173190452373057857e-01
9.441583688074028924e-01
8.331965745511691335e-01
8.546223688630257831e-01
7.988043466132456194e-01
8.639768130515352862e-01
9.605070488154431319e-01
9.548712659633313837e-01
9.745785834105279433e-01
9.246733049540775129e-01
9.754378218428579883e-01
9.466577678142295005e-01
9.655841631192597641e-01
9.192361667530197789e-01
7.861507189987864130e-01
9.229548280894175338e-01
9.364440851933899523e-01
7.595974697730185632e-01
8.925346134862927050e-01
9.051882411007519114e-01
9.582299034024878148e-01
7.700242925846174646e-01
8.549823927602667739e-01
9.647249246869297190e-01
9.471569823493181106e-01
8.507645168887805198e-01
7.396040779814923027e-01
8.470694644951997088e-01
8.707724042200116754e-01
8.297001668086424475e-01
8.778260940527489176e-01
8.507645168887805198e-01
7.979214992380987415e-01
8.262023387316386192e-01
7.255934177340915836e-01
8.082743724967859089e-01
7.023379315997962946e-01
7.049244418293234560e-01
8.054980125487418707e-01
7.494577367050906380e-01
7.485984982727607040e-01
8.504044929915393070e-01
9.754378218428579883e-01
8.871210842280516928e-01
8.174301720342412869e-01
8.197073174471968260e-01
9.443806224012739614e-01
8.409108581651820735e-01
9.229548280894175338e-01
8.460488468166825760e-01
8.848203298722795429e-01
9.892871028440716197e-01
9.548712659633312727e-01
8.541231543279368399e-01
8.576209824049407793e-01
7.698020389907461736e-01
7.186866116078363120e-01
8.056357828521119036e-01
9.260912119347027849e-01
9.635056623573582391e-01
9.131011693658191986e-01
8.304202146031252063e-01
8.774660701555077047e-01
9.670020700998850360e-01
9.127411454685778747e-01
9.198184442441320607e-01
9.892871028440716197e-01
9.399404929359167493e-01
8.112729860387009051e-01
7.282541959871051684e-01
5.059691632429186292e-01
8.290023076224996013e-01
7.877908795732828651e-01
8.623366524770387231e-01
7.821550967211711169e-01
8.109351507497993827e-01
7.129633990624489881e-01
6.808483165374811241e-01
7.945864707417591433e-01
7.306705320379077717e-01
8.699131657876816304e-01
6.847179098470379532e-01
8.089944202912684457e-01
8.075765133106428406e-01
6.464809916046584393e-01
8.851803537695208668e-01
9.884278644117415746e-01
9.115218831390066168e-01
8.946739885958775451e-01
8.653352660189539414e-01
9.303090878061892610e-01
8.292009522735538374e-01
9.398027226325464945e-01
9.246733049540775129e-01
8.646137978899941512e-01
9.088832934943327224e-01
8.476281330434951578e-01
8.442694956043386156e-01
9.550935195572023417e-01
8.913153511567213361e-01
8.411331117590533646e-01
9.540120275310013387e-01
8.225072863380576971e-01
7.703103669289468325e-01
8.366929822936957084e-01
9.057469096490472493e-01
9.227325744955463538e-01
8.848203298722795429e-01
9.066061480813774054e-01
8.753266950459224205e-01
8.501275320503214328e-01
9.737193449781980092e-01
9.097425319266628785e-01
7.436959248849203119e-01
7.705235071197059638e-01
8.386337127522266455e-01
8.442694956043386156e-01
7.773549433585721369e-01
7.796556977143445089e-01
9.844322421341261675e-01
8.988918644673640213e-01
7.620877553767331225e-01
7.246733049540775573e-01
7.418812233944477308e-01
7.977228545870447274e-01
6.191486488989013104e-01
8.107128971559283137e-01
6.636889100450286127e-01
7.340645197551930456e-01
7.221323602696934074e-01
7.477392598404306590e-01
8.606181756123788551e-01
8.157116951695814189e-01
8.566225533347635590e-01
8.893982296410072319e-01
8.258423148343972953e-01
6.457477821403868612e-01
8.474058794496240887e-01
8.955332270282077012e-01
7.134979638756664411e-01
9.647249246869294970e-01
9.607293024093140899e-01
9.432991303750731804e-01
7.573706649701579252e-01
8.504044929915393070e-01
8.642773829355696602e-01
9.096047616232924016e-01
8.337788520422814154e-01
1.000000000000000000e+00
2.139215281641415334e-01
3.079233738418131194e-01
2.670125156766309238e-01
2.907154554014430015e-01
3.433289063182274337e-01
3.717427694492771439e-01
3.127647544113948408e-01
3.717427694492771439e-01
3.782377907337189926e-01
4.298372401109127328e-01
3.782134847898023233e-01
2.951725061298666741e-01
4.292730731642882547e-01
4.464809916046583727e-01
4.292730731642882547e-01
3.581642539898522437e-01
4.323623653961330415e-01
4.453524079650168499e-01
4.323623653961330415e-01
5.141840817264975438e-01
5.691398888975094383e-01
8.149307730274147898e-01
7.387448395491623687e-01
8.634181445032397262e-01
7.222347802949350415e-01
8.890382057437657970e-01
9.238140665217475789e-01
9.677235382288447152e-01
9.091055470882039025e-01
9.810736046949697364e-01
9.708599220741302993e-01
7.222347802949350415e-01
9.336677252453456921e-01
8.434102571720086816e-01
8.648360514838649982e-01
7.807135807977286790e-01
9.192361667530198899e-01
6.985318405701230748e-01
8.967524893577789591e-01
9.173190452373055637e-01
8.119930338331834418e-01
9.525941205503758447e-01
8.656952899161951542e-01
8.709710488710659115e-01
8.764081870721235346e-01
7.742185595132867748e-01
6.572091975631275673e-01
7.349237581875230907e-01
8.292009522735537264e-01
7.596845809957192275e-01
8.126536276144592508e-01
8.579810063021819921e-01
9.269504503670328299e-01
9.483762446788893685e-01
9.680835621260860391e-01
6.518208436602038747e-01
7.981437528319698105e-01
9.164598068049756296e-01
8.335565984484104574e-01
8.225072863380576971e-01
7.723014379975727817e-01
7.986783176451873745e-01
7.298466438837066805e-01
8.288762786544411343e-01
7.203176587792210483e-01
6.867610603308106354e-01
6.794068006140386862e-01
2.376244678889535833e-01
2.032086310082132363e-01
2.032086310082132363e-01
1.721514315666294037e-01
2.032086310082132363e-01
2.032086310082132363e-01
2.032086310082132363e-01
2.562996185207026545e-01
3.368338850337855850e-01
3.089130694374870867e-01
3.089130694374870867e-01
3.089130694374870867e-01
3.089130694374870867e-01
3.089130694374870867e-01
2.778558699959032818e-01
3.610298722933488191e-01
3.717427694492771439e-01
3.299726728517649588e-01
3.954214032301724413e-01
3.815721222289586989e-01
3.815721222289586989e-01
3.717184635053604191e-01
4.466311243077948356e-01
5.069870001571801232e-01
4.584996286813550759e-01
6.052757589548706241e-01
5.991407615676700438e-01
6.228437012924820104e-01
5.905908484641437806e-01
7.325358926090499434e-01
6.312291124253601726e-01
6.292883819668291245e-01
8.885389912086772979e-01
7.199929851601083453e-01
6.949836718830243454e-01
5.414028370379204702e-01
8.878542936923233819e-01
7.708835310169472876e-01
7.423895513326482787e-01
7.877908795732828651e-01
7.891493325407015202e-01
6.809121372879396450e-01
8.395891758103692926e-01
6.346129252198335902e-01
5.410823645175404373e-01
6.712807321582122677e-01
8.330941545259276104e-01
6.864840993895930943e-01
6.976726021377931408e-01
7.694656240363217936e-01
7.759606453207635868e-01
8.462102260628695527e-01
8.997511028996941773e-01
8.010814920262010475e-01
9.777149672558134164e-01
3.433289063182274337e-01
3.777447431989677251e-01
8.721903112006371694e-01
2.184894754521025662e-01
5.564755814674380296e-01
4.298372401109127328e-01
4.988903081554033614e-01
5.071289715592829372e-01
7.104640000556227131e-01
7.423895513326483897e-01
7.264880064445502494e-01
5.575929185640290386e-01
8.051733389296290566e-01
9.324484629157745452e-01
7.152641534182213601e-01
8.194850638533255349e-01
5.728242614754782691e-01
2.548323863293237013e-01
4.520430972540748216e-01
1.644952343687716145e-01
1.644952343687716145e-01
2.184894754521025662e-01
4.298372401109127328e-01
6.411079465042753833e-01
6.635143691290524837e-01
3.643642037885885809e-01
3.990751121550343283e-01
3.251312922821832929e-01
2.184894754521025662e-01
6.799890781051510791e-01
6.867610603308106354e-01
8.295609761707950502e-01
9.635056623573583501e-01
8.405744432107578046e-01
8.569231232187979330e-01
8.227059309891120442e-01
8.239251933186830801e-01
9.720791844037014462e-01
8.051733389296290566e-01
8.600595070640834061e-01
9.601470249182020300e-01
8.764081870721235346e-01
8.744674566135924865e-01
6.809121372879395340e-01
7.566506171756754995e-01
7.784364353847731399e-01
7.861507189987865241e-01
7.837121943396437862e-01
9.443806224012739614e-01
8.529038919983655820e-01
6.706940879298483038e-01
7.921832963607453593e-01
8.315017066293259873e-01
8.713310727683070134e-01
6.344158368807403248e-01
7.479138007564068991e-01
8.795445709174088966e-01
7.064683777780071949e-01
7.823296376371470240e-01
8.879803226603817379e-01
8.829032083565653277e-01
7.573706649701580362e-01
8.140715345950848558e-01
6.921981985318683694e-01
7.525941205503760001e-01
6.646137978899941956e-01
6.969495776968723799e-01
6.145943580729903433e-01
6.210893793574322475e-01
5.728242614754781581e-01
5.801785211922501073e-01
5.556163430351079846e-01
6.145943580729904543e-01
5.759606453207636312e-01
6.038814609170621850e-01
6.591499280216585044e-01
8.592002686317532500e-01
8.811847314919053487e-01
8.818217163303643247e-01
6.452132173271695192e-01
3.954457091740891106e-01
5.449034458791797153e-01
5.310541648779660839e-01
4.822662235181065515e-01
4.386337127522266788e-01
3.782134847898023233e-01
7.900085709730314543e-01
2.548323863293237568e-01
3.375506064968850639e-01
6.531020418571588104e-01
2.964160744033546568e-01
5.487570967546923084e-01
5.548712659633314725e-01
4.086594256713210749e-01
3.782377907337189926e-01
7.917865018508983832e-01
5.296721029677305959e-01
5.241949185975501857e-01
6.555052162381724834e-01
5.449034458791797153e-01
5.556163430351079846e-01
6.382972977978024209e-01
5.801785211922501073e-01
6.103764822015038671e-01
6.318022765133605168e-01
6.103764822015038671e-01
5.900321799158484426e-01
6.137351196406604092e-01
5.392676630270679672e-01
5.793192827599201733e-01
6.103764822015039782e-01
5.445434219819385024e-01
5.900321799158484426e-01
5.071289715592830483e-01
5.445434219819385024e-01
5.113468474307694134e-01
3.438219538529786456e-01
3.480155237805483970e-01
4.636889100450284906e-01
4.464809916046583727e-01
4.464809916046584837e-01
4.120651547239180812e-01
5.468800214081007693e-01
6.455732412244108431e-01
7.562388323338621321e-01
6.592002686317534055e-01
7.991407615676699994e-01
9.120196773396181955e-01
7.426026915234074099e-01
6.875419824729769314e-01
9.303090878061894831e-01
6.876294121662523962e-01
8.541231543279368399e-01
9.536520036337601258e-01
6.670628562867257916e-01
8.772674255044533576e-01
8.137115106978435319e-01
8.774660701555075937e-01
9.441583688074031144e-01
9.745785834105279433e-01
9.638656862545997850e-01
7.642624807644470275e-01
9.271727039609040100e-01
7.389670931430335488e-01
8.149307730274150119e-01
9.173190452373055637e-01
8.344158368807405024e-01
6.808483165374811241e-01
5.234540426245062328e-01
5.059691632429185182e-01
4.744018072009568154e-01
4.636889100450285461e-01
4.636889100450285461e-01
4.464809916046583727e-01
9.017512873714319532e-01
6.983926499322756776e-01
8.699131657876816304e-01
7.045512562622932018e-01
6.674746411285391590e-01
7.711696053612768775e-01
7.457481887718048208e-01
7.947851153928134904e-01
7.545348510089070482e-01
5.338899788392170720e-01
3.079233738418130639e-01
6.452132173271696303e-01
3.079233738418131194e-01
6.162345186474869063e-01
3.963852297981873551e-01
7.705235071197059638e-01
6.967524893577792255e-01
6.239000280639053209e-01
7.184005372635067221e-01
7.110462775467349950e-01
4.195295009747038173e-01
5.754378218428580771e-01
8.893982296410073429e-01
7.714421995652428476e-01
6.594225222256245855e-01
7.559527579895325422e-01
7.835135496885896611e-01
5.522577055959516645e-01
5.840958271797020984e-01
8.042178758714864095e-01
7.076876401075784528e-01
7.260408713246082613e-01
9.269504503670328299e-01
5.454369491726973607e-01
5.756349101819512315e-01
7.009703652292655907e-01
7.921832963607453593e-01
7.286273815541354226e-01
5.789550577639461793e-01
6.318395419182275541e-01
6.361951880930842851e-01
6.606181756123788995e-01
7.424766625553491650e-01
7.401627465297878627e-01
8.369152358875669995e-01
8.721903112006369474e-01
7.673635143316036578e-01
5.903182542601779215e-01
3.089130694374870867e-01
4.331418672038224726e-01
5.970607044938077701e-01
2.012815570117324204e-01
4.298372401109127328e-01
5.801785211922501073e-01
7.131011693658193540e-01
5.552521180391342126e-01
4.787061606636403566e-01
7.130508287557245639e-01
6.056357828521118369e-01
6.109099854950216235e-01
4.921198822417048868e-01
8.946739885958777672e-01
7.762970602751880778e-01
5.728242614754781581e-01
6.683338795608692040e-01
6.154391009656153821e-01
6.052757589548706241e-01
6.797416592565022064e-01
7.720791844037017126e-01
6.646137978899941956e-01
9.195961906502608807e-01
7.891493325407015202e-01
8.369152358875668885e-01
3.089130694374870867e-01
3.196259665934154115e-01
3.196259665934154115e-01
3.089130694374870867e-01
5.346114469681766401e-01
5.862352022892871606e-01
6.701354193815527438e-01
7.875182853693170060e-01
6.453509876305396631e-01
9.164598068049758517e-01
8.507645168887806308e-01
7.888246589215889282e-01
8.981703963384044531e-01
7.731606764299026047e-01
7.968636161547146823e-01
4.921198822417048868e-01
4.921198822417048868e-01
4.921198822417048868e-01
6.620002375226144986e-01
6.035557257782496743e-01
7.356084557038770066e-01
7.673635143316037688e-01
9.062461241841359705e-01
8.172079184403702179e-01
8.592002686317534721e-01
8.430502332747673577e-01
9.678613085322149701e-01
8.845433689310616687e-01
9.057469096490472493e-01
8.472681091462538339e-01
8.300601907058837714e-01
8.232051455242005433e-01
8.546223688630255610e-01
9.053868857518062585e-01
8.064950212844418376e-01
6.281179039353916860e-01
5.392676630270679672e-01
5.208404822571264248e-01
5.552521180391342126e-01
5.158228219665168535e-01
4.292730731642881437e-01
4.744018072009569265e-01
4.464809916046583727e-01
4.055701334394761770e-01
6.885757618212832165e-01
7.707575020488887096e-01
7.405595410396348388e-01
7.544088220408486922e-01
7.405595410396349498e-01
8.051733389296290566e-01
8.256436701833431702e-01
9.432991303750731804e-01
7.917865018508983832e-01
8.476281330434950467e-01
8.713310727683070134e-01
9.001111267969355012e-01
8.820439699242352827e-01
9.066061480813771833e-01
9.023882722098909293e-01
6.916250344438678033e-01
8.474058794496238667e-01
8.771060462582661588e-01
7.686063856039918596e-01
7.221323602696935184e-01
8.642773829355698822e-01
8.913153511567213361e-01
5.338899788392169610e-01
3.201190141281666235e-01
5.944101011636060417e-01
6.992518883646057226e-01
5.059691632429186292e-01
6.173798314241463192e-01
7.119055159790649290e-01
8.067172748783131286e-01
8.094936348263570558e-01
8.279208155962987092e-01
7.720791844037017126e-01
8.239251933186830801e-01
2.032086310082132363e-01
2.311294466045117346e-01
2.032086310082132363e-01
2.032086310082132363e-01
2.562996185207026545e-01
2.562996185207026545e-01
2.562996185207026545e-01
2.562996185207026545e-01
2.562996185207026545e-01
2.562996185207026545e-01
3.089130694374870867e-01
3.089130694374870867e-01
3.717427694492771439e-01
3.127647544113948408e-01
3.610298722933488191e-01
4.151544469557629791e-01
4.969761632861273704e-01
5.313920001668677173e-01
4.732732235613153482e-01
5.158228219665168535e-01
5.296721029677304848e-01
5.748008370043991011e-01
5.414028370379204702e-01
5.789550577639460682e-01
6.646137978899941956e-01
6.864840993895929833e-01
7.358945300482064855e-01
6.949836718830243454e-01
7.088329528842380878e-01
6.077248173516022201e-01
6.867610603308106354e-01
7.624477792739743354e-01
7.642624807644468055e-01
7.986783176451872635e-01
9.057469096490472493e-01
8.089944202912684457e-01
7.773785523013890808e-01
9.238140665217474679e-01
7.438219538529787789e-01
8.300601907058836604e-01
7.052844657265647799e-01
6.921981985318683694e-01
5.313920001668677173e-01
6.456888229194412965e-01
6.749902800914981960e-01
6.634181445032398816e-01
7.405595410396350609e-01
6.848203298722794763e-01
8.442694956043386156e-01
7.284287369030812975e-01
7.162375532111047161e-01
6.066921096235351474e-01
5.354320861257235720e-01
6.971969965455212526e-01
6.075261727005480950e-01
0.000000000000000000e+00
1.472873159284014133e-01
0.000000000000000000e+00
3.643642037885885809e-01
0.000000000000000000e+00
8.583410301994233160e-01
7.150418998243502910e-01
0.000000000000000000e+00
8.458502021656283398e-01
0.000000000000000000e+00
4.326317106034446303e-01
0.000000000000000000e+00
2.359958464409302459e-01
0.000000000000000000e+00
0.000000000000000000e+00
0.000000000000000000e+00
0.000000000000000000e+00
0.000000000000000000e+00
0.000000000000000000e+00
0.000000000000000000e+00
0.000000000000000000e+00
3.375817556762811256e-01
0.000000000000000000e+00
0.000000000000000000e+00
0.000000000000000000e+00
0.000000000000000000e+00
0.000000000000000000e+00
6.358941234167885259e-01
1.496578016906219277e-01
0.000000000000000000e+00
0.000000000000000000e+00
9.286495931348145993e-02
5.225948041921761877e-01
0.000000000000000000e+00
7.640879398484708984e-01
5.620877553767330559e-01
0.000000000000000000e+00
3.673635143316035800e-01
0.000000000000000000e+00
1.472873159284014410e-01
0.000000000000000000e+00
0.000000000000000000e+00
0.000000000000000000e+00
0.000000000000000000e+00
0.000000000000000000e+00
0.000000000000000000e+00
0.000000000000000000e+00
5.523668150545094080e-02
0.000000000000000000e+00
0.000000000000000000e+00
1.916858206307084922e-01
0.000000000000000000e+00
0.000000000000000000e+00
0.000000000000000000e+00
9.286495931348145993e-02
1.235843762035894328e-01
1.100728777538516195e-01
0.000000000000000000e+00
1.100728777538516195e-01
4.092166738851394370e-01
