7.647754798328950665e-01
6.995572267056774374e-01
7.546343986121103464e-01
8.286521504850636877e-01
8.017843557693719037e-01
7.277666038964184514e-01
8.237551190633520815e-01
8.070284055684451285e-01
7.634338973578459475e-01
9.193966158529242039e-01
8.083699880434941365e-01
7.647754798328950665e-01
6.167399760869882730e-01
5.951162311703697139e-01
6.973433602340640691e-01
1.000000000000000000e+00
7.546343986121102354e-01
7.968873243476604085e-01
9.092555346321394838e-01
7.008988091807264453e-01
8.185110692642788566e-01
6.775864634116968155e-01
7.801606108527532335e-01
8.352377827591860315e-01
7.628717696259333936e-01
6.888540177529799413e-01
8.555199452007555827e-01
7.157218124686719474e-01
7.110398904015111654e-01
6.603344842975873430e-01
7.749165610536798976e-01
7.211809716222958855e-01
6.069090511308551372e-01
2.277273118169211852e-01
6.471632197493426553e-01
7.694854650990336220e-02
6.995572267056774374e-01
7.277666038964183404e-01
2.375606667398412752e-01
4.427089616219537782e-01
7.694854650990336220e-02
7.694854650990336220e-02
2.891774366097126792e-01
3.470674648323818223e-01
0.000000000000000000e+00
4.074883338501333885e-01
1.528765680269008331e-01
7.694854650990336220e-02
7.694854650990336220e-02
0.000000000000000000e+00
7.694854650990336220e-02
2.008595171012293179e-01
2.664640806853060262e-01
1.939661585292421497e-01
1.528765680269008331e-01
0.000000000000000000e+00
0.000000000000000000e+00
0.000000000000000000e+00
0.000000000000000000e+00
7.694854650990336220e-02
7.694854650990336220e-02
0.000000000000000000e+00
7.694854650990336220e-02
0.000000000000000000e+00
2.891774366097126792e-01
0.000000000000000000e+00
0.000000000000000000e+00
4.797178375584305043e-01
0.000000000000000000e+00
3.376689762420231888e-01
6.559627184950781453e-01
5.962610367689035185e-01
6.505035593414542072e-01
6.907577279599416142e-01
3.100585888959051517e-01
7.110398904015112764e-01
7.801606108527532335e-01
2.891774366097126792e-01
7.647754798328950665e-01
5.794791286832505772e-01
9.092555346321394838e-01
8.338962002841369126e-01
3.812634844526223143e-01
4.612239232815172341e-01
6.337768458465471433e-01
7.815021933278022415e-01
5.328912992579016850e-01
7.431517349162763963e-01
4.626441056861614887e-01
8.017843557693719037e-01
3.946867204681281383e-01
6.872022790132792380e-01
7.694854650990336220e-02
0.000000000000000000e+00
0.000000000000000000e+00
0.000000000000000000e+00
0.000000000000000000e+00
0.000000000000000000e+00
0.000000000000000000e+00
7.694854650990336220e-02
5.109205359639211741e-01
7.694854650990336220e-02
3.749298236457609401e-01
4.744737877593571684e-01
2.008595171012293179e-01
0.000000000000000000e+00
2.509634876231425782e-01
0.000000000000000000e+00
0.000000000000000000e+00
0.000000000000000000e+00
0.000000000000000000e+00
0.000000000000000000e+00
0.000000000000000000e+00
7.694854650990336220e-02
1.260087733112088826e-01
1.638506411647525918e-01
0.000000000000000000e+00
2.891774366097126792e-01
4.136273004346486259e-01
0.000000000000000000e+00
4.555332077928366807e-01
5.797311001505115469e-01
7.628717696259332826e-01
5.581073552338929877e-01
7.647754798328950665e-01
6.775864634116968155e-01
3.739352595480737174e-01
7.431517349162763963e-01
6.619862230372880463e-01
1.260087733112088826e-01
7.694854650990336220e-02
6.507186686960048094e-01
5.767009168230514682e-01
3.812634844526223143e-01
2.686779471569192834e-01
8.237551190633523035e-01
3.777632300967058154e-01
6.619862230372880463e-01
6.351184283215961512e-01
7.968873243476601864e-01
7.815021933278022415e-01
6.973433602340639581e-01
8.506229137790440875e-01
8.453788639799708626e-01
7.801606108527532335e-01
8.070284055684451285e-01
9.246406656519974288e-01
5.806033841470757961e-01
6.907577279599417253e-01
3.066027872614880967e-01
5.156576526218278334e-01
0.000000000000000000e+00
0.000000000000000000e+00
0.000000000000000000e+00
3.925288211372323643e-01
4.242150473450405634e-01
2.367834296533778971e-01
5.973300976419828601e-01
0.000000000000000000e+00
5.427222242140349318e-01
5.616628041805553639e-01
4.925420837293134624e-01
3.316823338125237108e-01
2.008595171012293179e-01
8.722466586956627577e-01
4.525030244653767686e-01
4.555332077928367362e-01
1.638506411647525918e-01
4.671661129895172682e-01
0.000000000000000000e+00
1.260087733112088826e-01
0.000000000000000000e+00
0.000000000000000000e+00
0.000000000000000000e+00
7.694854650990336220e-02
0.000000000000000000e+00
0.000000000000000000e+00
0.000000000000000000e+00
0.000000000000000000e+00
0.000000000000000000e+00
0.000000000000000000e+00
7.694854650990336220e-02
1.528765680269008331e-01
6.995572267056774374e-01
0.000000000000000000e+00
6.822683854788577085e-01
5.396920408865747421e-01
5.806033841470757961e-01
2.375606667398412752e-01
2.477017479606260231e-01
3.192905240074154216e-01
0.000000000000000000e+00
3.066027872614880967e-01
6.343389735784595862e-01
0.000000000000000000e+00
0.000000000000000000e+00
5.484915396323105652e-01
7.694854650990336220e-02
7.694854650990336220e-02
3.201996701166898718e-01
0.000000000000000000e+00
7.694854650990336220e-02
7.694854650990336220e-02
1.528765680269008331e-01
0.000000000000000000e+00
0.000000000000000000e+00
7.694854650990336220e-02
7.694854650990336220e-02
0.000000000000000000e+00
7.162839402005846123e-01
6.268810573077731041e-01
0.000000000000000000e+00
2.008595171012293179e-01
2.008595171012293179e-01
7.694854650990336220e-02
1.939661585292421497e-01
7.694854650990336220e-02
3.470674648323818223e-01
4.612239232815172341e-01
0.000000000000000000e+00
4.240785379200849858e-01
3.316823338125237108e-01
2.477017479606260231e-01
1.260087733112088826e-01
3.634471599499271011e-01
7.277666038964183404e-01
2.891774366097126792e-01
6.943131769066039904e-01
7.897395643416251776e-01
6.422661883276310490e-01
6.943131769066039904e-01
4.555332077928367362e-01
7.316690712204425573e-01
7.162839402005845013e-01
6.907577279599416142e-01
3.914045656734070899e-01
4.064795404286136726e-01
4.515084603676894348e-01
7.801606108527532335e-01
3.376689762420231888e-01
0.000000000000000000e+00
7.694854650990336220e-02
7.157218124686718363e-01
2.008595171012293179e-01
5.537355894313839011e-01
7.694854650990336220e-02
3.860006011105289181e-01
7.694854650990336220e-02
7.694854650990336220e-02
0.000000000000000000e+00
0.000000000000000000e+00
1.260087733112088826e-01
0.000000000000000000e+00
0.000000000000000000e+00
2.179725410529954888e-01
0.000000000000000000e+00
0.000000000000000000e+00
2.367834296533778971e-01
1.528765680269008331e-01
0.000000000000000000e+00
2.008595171012293179e-01
3.870696619836082597e-01
4.242150473450405634e-01
1.528765680269008331e-01
2.375606667398412197e-01
2.745695426763179459e-01
6.233256083611106169e-01
2.277273118169211852e-01
3.470674648323818223e-01
2.477017479606260231e-01
1.939661585292421497e-01
3.376689762420231888e-01
0.000000000000000000e+00
5.060235045422097899e-01
0.000000000000000000e+00
3.914045656734070899e-01
2.008595171012293179e-01
4.555332077928367362e-01
1.638506411647525918e-01
0.000000000000000000e+00
3.480620289300689896e-01
4.242150473450405634e-01
3.591328063948369675e-01
6.872022790132792380e-01
7.143802299936229394e-01
8.338962002841370236e-01
7.277666038964183404e-01
7.700195296319684024e-01
8.185110692642788566e-01
8.823877399164474777e-01
7.546343986121102354e-01
7.700195296319684024e-01
8.017843557693716816e-01
6.875124352779309334e-01
6.074711788627678022e-01
8.171694867892298486e-01
5.295509596657901330e-01
6.775864634116969265e-01
6.471632197493425442e-01
5.334534269898142389e-01
8.070284055684451285e-01
5.323843661167348973e-01
7.700195296319684024e-01
5.545150441745203551e-01
5.156576526218278334e-01
7.532928161370611164e-01
7.277666038964183404e-01
7.431517349162763963e-01
7.110398904015112764e-01
0.000000000000000000e+00
4.509463326357768809e-01
4.119386995822377218e-01
3.275830896119842905e-01
4.074883338501333885e-01
1.638506411647525918e-01
4.182723603890989850e-01
6.134946834049774811e-01
0.000000000000000000e+00
0.000000000000000000e+00
3.100585888959051517e-01
0.000000000000000000e+00
1.638506411647525918e-01
0.000000000000000000e+00
0.000000000000000000e+00
0.000000000000000000e+00
7.694854650990336220e-02
0.000000000000000000e+00
7.694854650990336220e-02
7.694854650990336220e-02
0.000000000000000000e+00
0.000000000000000000e+00
5.920860478429095242e-01
5.704623029262909650e-01
5.323843661167348973e-01
5.581073552338929877e-01
6.035687115387434742e-01
5.969830792646211304e-01
8.119254369901565127e-01
7.258628936894566674e-01
7.628717696259333936e-01
5.682484364546777078e-01
7.647754798328950665e-01
6.343389735784595862e-01
6.603344842975873430e-01
9.092555346321394838e-01
8.722466586956627577e-01
6.775864634116968155e-01
8.555199452007555827e-01
7.686779471569192834e-01
7.061428589797997812e-01
7.365661026421540525e-01
7.801606108527532335e-01
8.338962002841370236e-01
7.647754798328950665e-01
8.722466586956627577e-01
8.607639949998290296e-01
5.871890164211982510e-01
8.352377827591860315e-01
8.621055774748780376e-01
8.876317897155207026e-01
8.171694867892298486e-01
7.628717696259335046e-01
7.916432745485870726e-01
7.431517349162763963e-01
8.387932317058485188e-01
5.806033841470757961e-01
7.480487663379878915e-01
7.431517349162765074e-01
7.008988091807264453e-01
7.365661026421540525e-01
4.451401551047909355e-01
5.806033841470757961e-01
7.546343986121102354e-01
2.277273118169211852e-01
4.940339077052092187e-01
5.479294119003980112e-01
7.055807312478871163e-01
6.775864634116968155e-01
5.210616171847060052e-01
7.647754798328950665e-01
7.425896071843637314e-01
8.607639949998290296e-01
8.286521504850636877e-01
8.070284055684451285e-01
5.797311001505115469e-01
6.510656870733668722e-01
7.061428589797997812e-01
8.709050762206135277e-01
6.888540177529799413e-01
8.083699880434941365e-01
7.581898475587726116e-01
7.916432745485869615e-01
8.185110692642788566e-01
4.182723603890989850e-01
8.185110692642788566e-01
7.897395643416253996e-01
8.555199452007555827e-01
7.713611121070174104e-01
8.338962002841370236e-01
6.422661883276310490e-01
7.647754798328950665e-01
8.440372815049218547e-01
9.193966158529242039e-01
8.977728709363055337e-01
8.333340725522243586e-01
7.425896071843637314e-01
7.897395643416253996e-01
7.815021933278022415e-01
7.749165610536798976e-01
7.546343986121102354e-01
7.431517349162763963e-01
7.968873243476601864e-01
6.872022790132792380e-01
8.237551190633520815e-01
8.823877399164474777e-01
7.425896071843637314e-01
6.501934030768025119e-01
5.026831649500982380e-01
4.242150473450405634e-01
3.470674648323817668e-01
4.489475755187143369e-01
6.233256083611106169e-01
6.943131769066039904e-01
1.528765680269008331e-01
1.528765680269008331e-01
5.973300976419828601e-01
7.700195296319684024e-01
6.183917148266890873e-01
8.070284055684451285e-01
8.352377827591860315e-01
7.598784484111834603e-01
7.634338973578460585e-01
6.405775874752202004e-01
7.916432745485869615e-01
8.889733721905699326e-01
5.806033841470757961e-01
8.185110692642788566e-01
6.343389735784596972e-01
6.822683854788577085e-01
7.480487663379878915e-01
6.638899332442498302e-01
6.619862230372880463e-01
7.628717696259333936e-01
7.628717696259333936e-01
8.070284055684451285e-01
7.700195296319684024e-01
7.815021933278022415e-01
7.527306884051485625e-01
6.140568111368901461e-01
7.277666038964183404e-01
6.507186686960048094e-01
8.338962002841370236e-01
7.968873243476604085e-01
6.337768458465471433e-01
5.695900189297268268e-01
8.185110692642788566e-01
7.801606108527532335e-01
7.968873243476604085e-01
6.231288314845954135e-01
4.925420837293134624e-01
5.695900189297268268e-01
5.695900189297268268e-01
6.894161454848924953e-01
6.721273042580727664e-01
9.361233293478313788e-01
4.925420837293134624e-01
4.240785379200849858e-01
5.581073552338929877e-01
5.550771719064330201e-01
3.870696619836082597e-01
5.000000000000001110e-01
3.201996701166898718e-01
2.664640806853060262e-01
3.201996701166898718e-01
4.758153702344062874e-01
3.470674648323818223e-01
8.453788639799708626e-01
8.440372815049216326e-01
9.797178375584304488e-01
7.700195296319684024e-01
7.801606108527532335e-01
8.338962002841370236e-01
5.797311001505115469e-01
5.951162311703697139e-01
7.955457418726111785e-01
7.176255226756336203e-01
6.787129365321951102e-01
4.925420837293134624e-01
5.194098784450054129e-01
4.887898579061358828e-01
3.470674648323818223e-01
7.628717696259333936e-01
6.554005907631657024e-01
7.815021933278022415e-01
7.713611121070174104e-01
7.149423577255354934e-01
9.158411669062618277e-01
8.774907084947359825e-01
6.603344842975873430e-01
8.083699880434941365e-01
6.721273042580728774e-01
8.991144534113546527e-01
7.176255226756335093e-01
7.431517349162763963e-01
7.211809716222958855e-01
8.083699880434941365e-01
8.185110692642788566e-01
8.889733721905699326e-01
5.920860478429095242e-01
6.436077708026801680e-01
6.603344842975873430e-01
8.656610264215403028e-01
9.092555346321394838e-01
7.532928161370611164e-01
8.237551190633523035e-01
7.585368659361344523e-01
7.801606108527532335e-01
8.453788639799708626e-01
8.506229137790440875e-01
8.722466586956627577e-01
8.506229137790441985e-01
8.722466586956627577e-01
9.092555346321394838e-01
8.977728709363056447e-01
7.532928161370611164e-01
7.854046606518265694e-01
7.815021933278022415e-01
8.083699880434941365e-01
6.894161454848926063e-01
7.867462431268755774e-01
6.841720956858192704e-01
8.607639949998288076e-01
9.361233293478313788e-01
7.149423577255354934e-01
5.145128470232939177e-01
6.065988948662035529e-01
5.321118445147652309e-01
5.767009168230515792e-01
5.981095523851194251e-01
5.584175114985445720e-01
5.396920408865748531e-01
3.543956897369303638e-01
4.758153702344062874e-01
5.026831649500982380e-01
6.082506336059041452e-01
5.962610367689035185e-01
7.968873243476601864e-01
6.241978923576748661e-01
6.603344842975873430e-01
7.365661026421540525e-01
8.555199452007555827e-01
6.167399760869882730e-01
7.854046606518264584e-01
7.157218124686719474e-01
9.092555346321394838e-01
7.713611121070174104e-01
7.815021933278022415e-01
8.656610264215405248e-01
8.977728709363055337e-01
7.867462431268755774e-01
5.592521608324267923e-01
7.801606108527532335e-01
8.119254369901566237e-01
7.527306884051485625e-01
5.424702527467739621e-01
7.061428589797997812e-01
6.101543438128659291e-01
3.014373373920098409e-01
2.277273118169211852e-01
6.619862230372880463e-01
6.704755655183721741e-01
6.792750642641078862e-01
6.559627184950782564e-01
7.418101524412273884e-01
7.532928161370611164e-01
6.249773471008113201e-01
7.801606108527532335e-01
7.360039749102413875e-01
6.035687115387434742e-01
5.109205359639212851e-01
5.969830792646211304e-01
6.035687115387434742e-01
7.801606108527532335e-01
6.351184283215962623e-01
5.665598356022667481e-01
8.171694867892298486e-01
7.795984831208404575e-01
5.156576526218278334e-01
8.453788639799708626e-01
6.792750642641077752e-01
7.713611121070174104e-01
7.365661026421540525e-01
7.815021933278022415e-01
7.713611121070174104e-01
7.157218124686718363e-01
8.519644962540932065e-01
8.237551190633523035e-01
6.619862230372880463e-01
6.888540177529799413e-01
8.136140378425675834e-01
8.171694867892298486e-01
6.231288314845954135e-01
8.506229137790440875e-01
7.795984831208404575e-01
6.337768458465471433e-01
5.969830792646211304e-01
8.506229137790440875e-01
4.273238306020957222e-01
7.694854650990336220e-02
2.277273118169211852e-01
6.183917148266890873e-01
5.806033841470757961e-01
6.505035593414542072e-01
7.532928161370611164e-01
7.431517349162763963e-01
6.894161454848926063e-01
6.436077708026802791e-01
4.273238306020957222e-01
4.515084603676894348e-01
3.678189257524361877e-01
3.812634844526223143e-01
4.286654130771447302e-01
1.528765680269008331e-01
3.014373373920098409e-01
4.074883338501333885e-01
6.989950989737647724e-01
3.014373373920098409e-01
