2.765724999133922779e-01
6.602494692691596168e-01
7.832456786383013014e-01
4.960752769826375919e-01
6.888386122004549472e-01
4.785126508686238234e-01
9.465081436009783467e-01
1.741317734924573146e-01
2.304218232059884741e-01
2.304218232059884741e-01
4.323619741612200196e-01
5.789212354513563197e-01
0.000000000000000000e+00
4.048589105972990043e-01
0.000000000000000000e+00
0.000000000000000000e+00
0.000000000000000000e+00
0.000000000000000000e+00
0.000000000000000000e+00
0.000000000000000000e+00
0.000000000000000000e+00
0.000000000000000000e+00
0.000000000000000000e+00
4.499246002752337326e-01
2.775324853684398296e-01
0.000000000000000000e+00
1.042658438127179732e-01
0.000000000000000000e+00
0.000000000000000000e+00
0.000000000000000000e+00
0.000000000000000000e+00
0.000000000000000000e+00
0.000000000000000000e+00
2.076363552012644442e-01
3.805414789331237890e-01
0.000000000000000000e+00
0.000000000000000000e+00
0.000000000000000000e+00
0.000000000000000000e+00
3.175291586346095096e-01
4.673363553235665990e-01
0.000000000000000000e+00
0.000000000000000000e+00
0.000000000000000000e+00
5.633904732363834711e-01
5.343945362764622731e-01
3.516082576353840028e-01
0.000000000000000000e+00
0.000000000000000000e+00
0.000000000000000000e+00
4.169444456514059816e-01
0.000000000000000000e+00
4.249384431141721707e-01
8.518328322616751658e-01
0.000000000000000000e+00
0.000000000000000000e+00
2.076363552012644442e-01
4.048589105972990043e-01
0.000000000000000000e+00
1.042658438127179732e-01
2.076363552012644442e-01
1.741317734924573146e-01
6.348333399409805677e-01
9.729163095417765472e-01
3.516082576353840028e-01
5.736626103104845997e-01
1.042658438127179732e-01
1.000000000000000000e+00
0.000000000000000000e+00
3.175291586346095096e-01
2.765724999133922779e-01
6.393909825589491058e-01
0.000000000000000000e+00
1.042658438127179732e-01
9.385113289706512596e-01
2.076363552012644442e-01
0.000000000000000000e+00
0.000000000000000000e+00
1.042658438127179732e-01
0.000000000000000000e+00
0.000000000000000000e+00
1.042658438127179732e-01
0.000000000000000000e+00
0.000000000000000000e+00
0.000000000000000000e+00
1.741317734924573146e-01
0.000000000000000000e+00
0.000000000000000000e+00
5.317772611780166025e-01
0.000000000000000000e+00
0.000000000000000000e+00
9.271983704558188766e-01
3.780462304948613017e-01
