8.099460907415489963e-01
8.352652064301728796e-01
8.472915417671532667e-01
7.844628905590692591e-01
9.223467407875349799e-01
8.853641551864848136e-01
7.625289207166539018e-01
9.198276150053544820e-01
9.232127608515628969e-01
8.742038399135322324e-01
8.642724101291610062e-01
9.644465123628489511e-01
8.637692554896870822e-01
1.000000000000000000e+00
9.001887631908661591e-01
6.956731113525876919e-01
8.416112778930180394e-01
8.152991184751293696e-01
8.111749762301306843e-01
8.564972407024163958e-01
8.386503522763810725e-01
6.478930759031387154e-01
6.770153419934910044e-01
7.943943203434404854e-01
7.605728728343448264e-01
8.842741273682035441e-01
8.018066243456309916e-01
8.145363267974028432e-01
8.495866597950801902e-01
7.630919986165253244e-01
8.265626621343833413e-01
8.612501297075068063e-01
8.950715772166022433e-01
6.719590121267823291e-01
8.299478079805916453e-01
7.235902872332945490e-01
8.989598777022843601e-01
7.554049489313093835e-01
5.765367290003263756e-01
2.669729449085558315e-01
6.132056083300152505e-01
7.481836720728106682e-01
3.289110782714200210e-01
1.645412841730221343e-01
2.591732777006193755e-01
5.526899682234054367e-02
7.570488693178363260e-01
5.712223306906851761e-01
9.143713588854730512e-01
7.605728728343449374e-01
6.765136188986369259e-01
6.929913326211709634e-01
8.870961953145403145e-01
5.069124120453107896e-01
3.106358593654040545e-01
7.310025912354852773e-01
6.954491035983340064e-01
3.077097574544188086e-01
2.011710353813095931e-01
9.579002284246861398e-01
5.105081460577908237e-01
5.526899682234054367e-02
4.268117575466367497e-01
3.988374611172686435e-01
7.644611733200270542e-01
5.039618621196280124e-01
4.139236364019845960e-01
7.099200315097871083e-01
6.609856437794643380e-01
7.416373881346476349e-01
6.929913326211709634e-01
8.738766037729772673e-01
7.254193114503664219e-01
7.756214885929798575e-01
7.548926089602097100e-01
8.285187100166925278e-01
8.285187100166925278e-01
8.219724260785294945e-01
7.832578003494238272e-01
8.384501398010635320e-01
8.501136097134900371e-01
8.978936451629391247e-01
7.786437690146340573e-01
5.120803359483462325e-01
8.603841096434788893e-01
8.538378257053160780e-01
8.646352755537149992e-01
8.785938634940683167e-01
8.842741273682035441e-01
8.361312264942005745e-01
7.775537411963526768e-01
8.600212442189250073e-01
8.265626621343833413e-01
8.331089460725461526e-01
7.289076856828758944e-01
7.443191668660644744e-01
8.071478180741484820e-01
6.683979477816548442e-01
7.977794661896486783e-01
8.223114962241472314e-01
8.762987454661413933e-01
8.614741374617602698e-01
8.033998068033864071e-01
9.439416404843327113e-01
8.720475795559055054e-01
8.589550116795797718e-01
8.580889916155520769e-01
7.474803049580192038e-01
7.551166167144633956e-01
8.777278434300406218e-01
8.464255217031254608e-01
6.722624529884010380e-01
6.929913326211709634e-01
6.648501489862104208e-01
6.028875178421542191e-01
7.409340210198562815e-01
6.362296059907119883e-01
8.506766876133613486e-01
6.024081584816165513e-01
8.327698759269284157e-01
8.740036274382145809e-01
8.563569514874966870e-01
7.554927476886998949e-01
7.692754171301342536e-01
8.881624278538854389e-01
8.472915417671532667e-01
6.825805434762620694e-01
8.568601061269702779e-01
7.633949407806815968e-01
8.646352755537149992e-01
8.853641551864848136e-01
9.200516227596081675e-01
8.688864414639507761e-01
9.784051003032023797e-01
7.177829996939221191e-01
8.481575618311810727e-01
6.721592246020997585e-01
8.916864313703940503e-01
7.883511910447513760e-01
9.027078889730464351e-01
7.835968704950415642e-01
8.329700884022457341e-01
7.432291390477830939e-01
8.407452578289903444e-01
6.999886017254159931e-01
7.301365711714574713e-01
8.984567230628105472e-01
8.324669337627719212e-01
8.881624278538856609e-01
8.916864313703940503e-01
9.306250648537535142e-01
8.851401474322313501e-01
8.906815536360660479e-01
8.341989738908276442e-01
7.244563072973224660e-01
8.785938634940683167e-01
8.742038399135322324e-01
9.232127608515628969e-01
8.506766876133615707e-01
8.329700884022457341e-01
8.151231999762104108e-01
8.862301752505126196e-01
8.264238044640832559e-01
7.798726545032156343e-01
9.644465123628489511e-01
8.646352755537147772e-01
7.705043026187159416e-01
7.204291491413400417e-01
5.768650350387392045e-01
5.808132587848188200e-01
2.546810492201757592e-01
2.383348223081720452e-01
2.941691740695858703e-01
3.440455466162640197e-01
6.322575869656963388e-01
0.000000000000000000e+00
2.664760059431325323e-01
3.982867159199225959e-01
0.000000000000000000e+00
6.315304245719688403e-01
4.774780184591762011e-01
2.373373154336140545e-01
1.233075326617359274e-01
0.000000000000000000e+00
0.000000000000000000e+00
5.526899682234054367e-02
0.000000000000000000e+00
0.000000000000000000e+00
0.000000000000000000e+00
3.174961138944389916e-01
0.000000000000000000e+00
0.000000000000000000e+00
2.838197397296942648e-01
1.491398340216245344e-01
0.000000000000000000e+00
0.000000000000000000e+00
0.000000000000000000e+00
0.000000000000000000e+00
0.000000000000000000e+00
0.000000000000000000e+00
2.730222898812954546e-01
1.233075326617359274e-01
8.743426975838323179e-01
0.000000000000000000e+00
2.838197397296942648e-01
4.909334517600558168e-01
4.305597688173988247e-01
5.526899682234054367e-02
0.000000000000000000e+00
5.933427487612731310e-01
1.233075326617359274e-01
2.950896307623244175e-01
0.000000000000000000e+00
5.526899682234054367e-02
0.000000000000000000e+00
1.838273015947478883e-01
0.000000000000000000e+00
0.000000000000000000e+00
1.471975503864604573e-01
5.190746353950163039e-01
0.000000000000000000e+00
0.000000000000000000e+00
5.526899682234054367e-02
2.591732777006193755e-01
5.526899682234054367e-02
0.000000000000000000e+00
4.121901647293094162e-01
2.908384648520883631e-01
4.878512480780039517e-01
7.839967967482142086e-01
8.711815594918778105e-01
