4.441554913331983157e-01
5.629064470983856650e-01
5.811162009489750924e-01
6.598702520869264010e-01
5.894306529966548691e-01
6.315304245719687293e-01
6.821938827727719312e-01
8.099460907415491073e-01
8.352652064301727686e-01
8.472915417671530447e-01
7.844628905590691481e-01
9.223467407875347579e-01
8.853641551864845916e-01
7.625289207166537908e-01
9.198276150053543709e-01
9.232127608515626749e-01
8.742038399135321214e-01
8.642724101291608951e-01
9.644465123628488401e-01
8.637692554896869712e-01
1.000000000000000000e+00
9.001887631908658260e-01
6.956731113525875809e-01
8.416112778930179283e-01
8.152991184751293696e-01
8.111749762301304623e-01
8.564972407024163958e-01
8.386503522763809615e-01
6.770153419934908934e-01
7.943943203434403744e-01
7.605728728343447154e-01
8.842741273682033221e-01
8.018066243456308806e-01
8.145363267974026211e-01
8.495866597950800791e-01
7.630919986165252134e-01
8.265626621343831193e-01
8.612501297075064732e-01
7.839967967482142086e-01
8.950715772166020212e-01
6.719590121267822180e-01
8.299478079805913122e-01
7.235902872332944380e-01
8.989598777022841380e-01
7.554049489313092725e-01
5.765367290003261536e-01
2.669729449085557760e-01
6.132056083300151395e-01
7.481836720728104462e-01
3.289110782714199654e-01
1.645412841730221065e-01
2.591732777006193755e-01
5.526899682234053673e-02
7.570488693178362150e-01
5.712223306906850651e-01
9.143713588854728291e-01
7.605728728343447154e-01
6.765136188986368149e-01
6.929913326211707414e-01
8.870961953145400924e-01
5.069124120453105675e-01
3.106358593654039990e-01
7.310025912354850552e-01
6.954491035983338953e-01
3.077097574544187530e-01
2.011710353813095375e-01
9.579002284246860288e-01
5.105081460577907126e-01
5.526899682234053673e-02
4.268117575466366942e-01
3.988374611172685880e-01
7.644611733200268322e-01
5.039618621196279014e-01
4.139236364019845404e-01
7.099200315097869973e-01
6.609856437794642270e-01
7.977794661896484563e-01
8.223114962241471204e-01
8.762987454661413933e-01
8.614741374617601588e-01
8.033998068033860740e-01
9.439416404843323782e-01
8.720475795559053944e-01
8.589550116795796608e-01
8.580889916155519659e-01
7.474803049580188707e-01
7.551166167144632846e-01
8.777278434300405108e-01
8.464255217031252387e-01
7.409340210198561705e-01
6.362296059907119883e-01
8.506766876133614597e-01
6.024081584816164403e-01
8.327698759269283046e-01
8.740036274382144699e-01
8.563569514874963540e-01
7.554927476886997839e-01
7.692754171301342536e-01
8.881624278538853279e-01
8.472915417671530447e-01
6.825805434762619583e-01
8.568601061269701669e-01
7.633949407806814857e-01
8.646352755537147772e-01
8.853641551864845916e-01
9.200516227596080565e-01
8.688864414639508871e-01
9.686976782730847280e-01
8.503138221888074666e-01
9.784051003032022686e-01
7.177829996939220081e-01
8.481575618311809617e-01
6.721592246020996475e-01
8.916864313703939393e-01
7.883511910447514870e-01
9.027078889730464351e-01
7.835968704950414532e-01
8.329700884022457341e-01
7.432291390477829829e-01
8.407452578289902334e-01
6.999886017254158821e-01
7.301365711714573603e-01
8.984567230628102141e-01
8.324669337627718102e-01
8.563569514874963540e-01
8.219724260785296055e-01
8.743426975838322068e-01
8.881624278538854389e-01
8.916864313703939393e-01
9.306250648537531811e-01
8.851401474322310170e-01
8.906815536360659369e-01
8.341989738908275331e-01
7.244563072973222440e-01
8.785938634940682057e-01
8.742038399135318993e-01
9.232127608515626749e-01
8.506766876133614597e-01
8.329700884022457341e-01
8.151231999762101887e-01
8.862301752505123975e-01
8.264238044640831449e-01
7.798726545032155233e-01
9.644465123628486181e-01
8.646352755537146662e-01
7.705043026187158306e-01
7.204291491413399307e-01
5.768650350387392045e-01
5.808132587848187089e-01
2.546810492201757037e-01
2.383348223081719897e-01
2.941691740695858148e-01
3.440455466162639642e-01
6.322575869656962277e-01
0.000000000000000000e+00
2.664760059431325323e-01
3.982867159199224849e-01
0.000000000000000000e+00
6.315304245719687293e-01
4.774780184591761456e-01
2.373373154336139990e-01
1.233075326617358997e-01
0.000000000000000000e+00
0.000000000000000000e+00
5.526899682234053673e-02
0.000000000000000000e+00
0.000000000000000000e+00
0.000000000000000000e+00
3.174961138944389916e-01
0.000000000000000000e+00
0.000000000000000000e+00
2.838197397296942093e-01
1.491398340216245066e-01
0.000000000000000000e+00
0.000000000000000000e+00
0.000000000000000000e+00
0.000000000000000000e+00
0.000000000000000000e+00
0.000000000000000000e+00
2.730222898812953991e-01
1.233075326617358997e-01
8.743426975838322068e-01
0.000000000000000000e+00
2.838197397296942093e-01
4.909334517600557057e-01
4.305597688173987692e-01
5.526899682234053673e-02
0.000000000000000000e+00
5.933427487612730200e-01
1.233075326617358997e-01
2.950896307623243620e-01
0.000000000000000000e+00
5.526899682234053673e-02
0.000000000000000000e+00
1.838273015947478606e-01
0.000000000000000000e+00
0.000000000000000000e+00
1.471975503864604573e-01
5.190746353950161929e-01
0.000000000000000000e+00
0.000000000000000000e+00
5.526899682234053673e-02
2.591732777006193200e-01
5.526899682234053673e-02
0.000000000000000000e+00
4.121901647293093607e-01
2.908384648520883076e-01
4.878512480780038407e-01
7.839967967482142086e-01
8.711815594918776995e-01
8.566598936516527374e-01
7.986454862536763732e-01
8.391891361998538024e-01
7.107860515738148033e-01
7.004036366233614697e-01
6.414618543563399555e-01
5.421775674656157396e-01
4.965495581174372841e-01
4.781799540293477646e-01
4.278822243423380245e-01
