1.973708434646747056e-01
2.985064323571148259e-01
2.892351194287879901e-01
3.231790463177226513e-01
3.231790463177226513e-01
3.231790463177226513e-01
3.894300524094877480e-01
4.621011683022538397e-01
4.244864228678285611e-01
4.471197815950793686e-01
5.887266034232411238e-01
5.816278781168641165e-01
5.887266034232411238e-01
5.547826765343064626e-01
5.359753038170939066e-01
5.699192307060285678e-01
5.816278781168641165e-01
6.004352508340767836e-01
6.064701000667117592e-01
6.064701000667117592e-01
6.478254168552036729e-01
6.558632457205486599e-01
6.629619710269256672e-01
6.330723898646652970e-01
7.511371443563816808e-01
7.282654654300786401e-01
8.988644111075599907e-01
8.190249981342511143e-01
8.791179348313795661e-01
7.691575417463942799e-01
8.729583130839704275e-01
7.977288222151199815e-01
7.394284969455462431e-01
5.679162510733185565e-01
7.505265482723995074e-01
8.787244471677794211e-01
8.729583130839704275e-01
7.637848953261854312e-01
8.081048784033876276e-01
7.036919586290569795e-01
8.038884439625288980e-01
7.566861700198085350e-01
6.927718388981936037e-01
5.999298233332966968e-01
5.874198155648949760e-01
5.451401283198132885e-01
4.275629094058678858e-01
4.843785152211056988e-01
5.371298148272529716e-01
4.127777754569929569e-01
3.680643047161907266e-01
3.609655794098137749e-01
4.127777754569929569e-01
8.979253075485920110e-01
8.236349202387097668e-01
8.146579878143965781e-01
4.344462272610538078e-01
1.863053667560211901e-01
0.000000000000000000e+00
1.552504709478317035e-01
0.000000000000000000e+00
2.385338145982427716e-01
5.852831124123524659e-02
1.165540389625940865e-01
0.000000000000000000e+00
0.000000000000000000e+00
1.293443729242421125e-01
4.776358017231275288e-01
0.000000000000000000e+00
0.000000000000000000e+00
2.121848996289175948e-01
3.515723951904584088e-01
0.000000000000000000e+00
1.740578436650443150e-01
9.774666624538148885e-02
0.000000000000000000e+00
5.852831124123524659e-02
3.918638359052082909e-01
1.740578436650443150e-01
9.774666624538148885e-02
0.000000000000000000e+00
7.943009154542337580e-01
0.000000000000000000e+00
4.497137533801999210e-01
0.000000000000000000e+00
0.000000000000000000e+00
7.995214336426746948e-01
9.774666624538148885e-02
5.738329610361232458e-01
4.333565478230900214e-01
3.327650224732457418e-01
6.968361451072841994e-01
0.000000000000000000e+00
2.385338145982427716e-01
0.000000000000000000e+00
5.852831124123524659e-02
4.141149582651127425e-01
5.456288240841991044e-01
6.299571476969589856e-01
5.852831124123524659e-02
7.647239988851534109e-01
4.992996619416366633e-01
0.000000000000000000e+00
2.475803187967218211e-01
5.720403496085687545e-01
1.740578436650443150e-01
3.101620586957686276e-01
0.000000000000000000e+00
3.432199030979170562e-01
1.740578436650443150e-01
4.344462272610538078e-01
1.165540389625940865e-01
5.874198155648949760e-01
1.552504709478317035e-01
0.000000000000000000e+00
5.781449516497798591e-01
5.762667445318437887e-01
2.623333457872602525e-01
4.920503607562638493e-01
7.503888050709975888e-01
9.774666624538148885e-02
9.774666624538148885e-02
3.573368283050760708e-01
6.866771973393989148e-01
1.863053667560211901e-01
4.382676216855402318e-01
7.242919427738241378e-01
6.795784720330219075e-01
3.536950664457708671e-01
6.947150262047439018e-01
7.954571274335839881e-01
6.263413488576663468e-01
7.353899941006775132e-01
6.069899125978579502e-01
8.390143861950359883e-01
9.472487003938528938e-01
9.318692344375266723e-01
9.046305451913689843e-01
8.603105621141667880e-01
7.428564037064325776e-01
8.075592625080196818e-01
8.528183491441898578e-01
8.827887533768699058e-01
8.520298214642176848e-01
8.898874786832470241e-01
9.318692344375266723e-01
1.000000000000000000e+00
9.660560731110655608e-01
8.190249981342511143e-01
9.552865292591978807e-01
9.025352296530505525e-01
9.694839798719518953e-01
8.862166601377564623e-01
8.344044640905772248e-01
7.647239988851534109e-01
9.355400529830172340e-01
8.269122511206000725e-01
7.403676005045142228e-01
8.470522150603808642e-01
4.127777754569930124e-01
5.041249914972864010e-01
5.323044852716033448e-01
6.705107560558728474e-01
6.634120307494957292e-01
6.228584223905820894e-01
6.607710993158093515e-01
8.146579878143965781e-01
7.430993154910368048e-01
7.511371443563817918e-01
8.211461170367913009e-01
7.764326462959889597e-01
8.211461170367913009e-01
8.399534897540039680e-01
7.872021901478566397e-01
6.947150262047440128e-01
6.745750622649633321e-01
6.745750622649633321e-01
4.621011683022538397e-01
8.683483909795116640e-01
8.532118368077898918e-01
8.837278569358378855e-01
7.083018807335156319e-01
7.628457917672174515e-01
6.421544908721804612e-01
7.495874447134314167e-01
2.916831934535417115e-01
2.679904122290665547e-01
3.249701053925049266e-01
2.310188374968234204e-01
4.586520497626973003e-01
7.115792116154062708e-01
5.100692057935043433e-01
5.852831124123524659e-02
6.071662918410756227e-01
2.916831934535417115e-01
2.427009197569658105e-01
4.603523252846434266e-01
5.198446263802058986e-01
6.375059327259061659e-01
4.471197815950793131e-01
2.686070177805554571e-01
1.165540389625940865e-01
9.774666624538148885e-02
2.272624232609513073e-01
2.340464853401319489e-01
2.811261664365047319e-01
1.552504709478317035e-01
2.121848996289175948e-01
2.497996450633427901e-01
1.552504709478317035e-01
4.127777754569929569e-01
3.056051576634917777e-01
5.775037795816138075e-01
2.796990596399021589e-01
6.284624677602065335e-01
3.244125303807043892e-01
0.000000000000000000e+00
6.408218996496125586e-01
1.165540389625940865e-01
3.976412212852710182e-01
5.273268788677665242e-01
6.863792658485969866e-01
3.437774781097175381e-01
5.006437659993934197e-01
5.263877753087985445e-01
9.774666624538148885e-02
4.087555366886552188e-01
1.557893466279729744e-01
4.992996619416366633e-01
5.383537195346044246e-01
7.081255014902980705e-01
3.244125303807043892e-01
5.679162510733185565e-01
1.552504709478317035e-01
4.497137533801999210e-01
4.039302071330055921e-01
2.491830395118539709e-01
4.736089713692381298e-01
2.491830395118539709e-01
2.525594775533308023e-01
6.492532161785574685e-01
5.183224421100403045e-01
3.101620586957686276e-01
5.954576444302399629e-01
4.845967838281025619e-01
6.707923038822926065e-01
6.667279976732021218e-01
5.241418838914841949e-01
6.336829859486475813e-01
4.471197815950793131e-01
3.607937917521477633e-01
7.036919586290569795e-01
4.432937955850412282e-01
6.866771973393989148e-01
6.848845859118444235e-01
3.796011644693604858e-01
5.755605922750635095e-01
5.989520837325129632e-01
4.529508958675026453e-01
2.340464853401319489e-01
3.220182427528205382e-01
5.031858879383183103e-01
7.653345949691359174e-01
2.121848996289175948e-01
6.070285486396735930e-01
6.745750622649633321e-01
5.359753038170939066e-01
4.087555366886552743e-01
7.825922680433980982e-01
5.887266034232411238e-01
6.147250373524391076e-01
8.332224487470050178e-01
3.162521086690115446e-01
5.010372536629933427e-01
7.933618118952655562e-01
3.906976634434414786e-01
3.619886397733139138e-01
6.206675506794657737e-01
5.246616964226304969e-01
5.852831124123524659e-02
3.536950664457708671e-01
3.906976634434414786e-01
5.852831124123524659e-02
2.999756065944702010e-01
4.082374251267003595e-01
2.874143904977680686e-01
7.107906839354340978e-01
7.295980566526466538e-01
6.511835708075139895e-01
7.083018807335156319e-01
8.084983660669876615e-01
6.897116164366854374e-01
5.613373382980877402e-01
7.310927365893992169e-01
6.233471181549677942e-01
6.993249483092025542e-01
5.323044852716033448e-01
7.653345949691358063e-01
6.638055184130957631e-01
6.712977313830728043e-01
5.300310895208759643e-01
5.415243294805205387e-01
4.288955006284358995e-01
6.478254168552036729e-01
4.774594224799099118e-01
6.091110315003982478e-01
7.249881345481880013e-01
6.663201249792359837e-01
7.366967819590235500e-01
6.759076534875313458e-01
4.659271543122919801e-01
2.704277467115753786e-01
0.000000000000000000e+00
5.852831124123524659e-02
7.054845700566115818e-01
1.165540389625940865e-01
4.924163440864507413e-01
8.800570383903475458e-01
7.246204502488098331e-01
3.899481639714426073e-01
4.992996619416366633e-01
5.852831124123524659e-02
0.000000000000000000e+00
5.910098110399658600e-01
3.529277505444687324e-01
9.774666624538148885e-02
4.804922892244239963e-01
6.947150262047439018e-01
4.396925488137166660e-01
5.852831124123524659e-02
7.825922680433978762e-01
4.127777754569930124e-01
5.722832613931729817e-01
1.165540389625940865e-01
7.319362839755692018e-01
6.486689642413736578e-01
1.552504709478317035e-01
5.852831124123524659e-02
1.782409727399829613e-01
6.179358356929431917e-01
6.788301327476375935e-01
3.899481639714426073e-01
3.348876937285582556e-01
6.777858606054674162e-01
9.472487003938528938e-01
5.852831124123524659e-02
2.796990596399021589e-01
7.516827602517497375e-01
2.427009197569658105e-01
5.852831124123524659e-02
4.791596980018559826e-01
3.589140322814395323e-01
6.116384707441322455e-01
3.610498842863580360e-01
1.973708434646747056e-01
4.315851481742056239e-01
7.098515803764658960e-01
4.087555366886552743e-01
1.165540389625940865e-01
0.000000000000000000e+00
4.687836418135884475e-01
5.502387461886576459e-01
6.894945080163029649e-01
4.655711425038930318e-01
4.916568730926639264e-01
1.557893466279729744e-01
0.000000000000000000e+00
2.985064323571148259e-01
5.100692057935043433e-01
2.385338145982427716e-01
6.600227600304250375e-01
8.532118368077897808e-01
4.677895185484226004e-01
3.798425239011924415e-01
6.817693437441383342e-01
5.810838145742682759e-01
3.609655794098137749e-01
5.508493422726400413e-01
8.568826553532803425e-01
4.207346002175081923e-01
6.177594564497255192e-01
8.637384688750533446e-01
3.249701053925049266e-01
3.768678971300656322e-01
4.603523252846434821e-01
3.061105851642718645e-01
7.036919586290569795e-01
4.006528762511150643e-01
0.000000000000000000e+00
7.295980566526466538e-01
6.589784878882548602e-01
7.236813466898417424e-01
1.782409727399829613e-01
0.000000000000000000e+00
5.791390749149457617e-01
0.000000000000000000e+00
5.134971125543906778e-01
5.852831124123524659e-02
2.686070177805554571e-01
2.704277467115753786e-01
5.392784380632063002e-01
3.788338485680584067e-01
5.852831124123524659e-02
3.965287777158647553e-01
5.350377526108981430e-01
1.782409727399829613e-01
1.552504709478317035e-01
1.973708434646747056e-01
2.811261664365047319e-01
1.782409727399829613e-01
2.427009197569658105e-01
4.733935639180471000e-01
1.165540389625940865e-01
3.573368283050760708e-01
7.591749732217268898e-01
4.432937955850412282e-01
7.988850341944704336e-01
5.941250532076719493e-01
7.883584021272070919e-01
7.236555433256199876e-01
6.866771973393989148e-01
8.073163507234154546e-01
7.224993313462697575e-01
7.690054135146263681e-01
6.135688253730887665e-01
8.871557636967244420e-01
6.893181287730854034e-01
6.231563538813841285e-01
5.804262588417201663e-01
6.375059327259061659e-01
6.478254168552036729e-01
6.209960581544514691e-01
4.087555366886552743e-01
6.810631914873580550e-01
6.768467570464994365e-01
2.310188374968234204e-01
5.852831124123524659e-02
1.552504709478317035e-01
6.672592285382039634e-01
4.596819368745013734e-01
4.521639205403026329e-01
6.668657408746040405e-01
2.811261664365047319e-01
6.777858606054674162e-01
2.122114647796107811e-01
3.630381308166898413e-01
2.121848996289175948e-01
4.636296561665340654e-01
5.323044852716033448e-01
2.525594775533308023e-01
3.388854673962622410e-01
2.811261664365047319e-01
2.121848996289175948e-01
1.863053667560211901e-01
3.953075855479001310e-01
4.217967753220588922e-01
3.401066595642269208e-01
3.589140322814394768e-01
4.240701710727862728e-01
1.552504709478317035e-01
0.000000000000000000e+00
0.000000000000000000e+00
3.788338485680582957e-01
2.491830395118539709e-01
4.936956165720121081e-01
1.165540389625940865e-01
1.740578436650443150e-01
9.774666624538148885e-02
1.552504709478317035e-01
3.589140322814395323e-01
0.000000000000000000e+00
4.190925646689495077e-01
3.589140322814395323e-01
1.740578436650443150e-01
2.136121408963375379e-01
1.552504709478317035e-01
2.121848996289175948e-01
0.000000000000000000e+00
3.680643047161907822e-01
2.122114647796108089e-01
1.552504709478317035e-01
5.852831124123524659e-02
2.122114647796108089e-01
3.680643047161907822e-01
2.310188374968234204e-01
2.784655755769204211e-01
4.634225082285681196e-01
5.852831124123524659e-02
1.973708434646747056e-01
1.863053667560211901e-01
4.774594224799099673e-01
2.811261664365047319e-01
6.866771973393989148e-01
4.438281601841556068e-01
3.056051576634917777e-01
3.600052640721756458e-01
7.012031554271387357e-01
5.171679310998812396e-01
2.784655755769204211e-01
4.081724449380861319e-01
4.776358017231275843e-01
3.600264758508457397e-01
5.852831124123524659e-02
0.000000000000000000e+00
0.000000000000000000e+00
1.165540389625940865e-01
9.774666624538148885e-02
0.000000000000000000e+00
0.000000000000000000e+00
2.985064323571148259e-01
4.776358017231275843e-01
2.916831934535417115e-01
4.319832274233573743e-01
5.183224421100403045e-01
1.552504709478317035e-01
7.052416582720073546e-01
6.876163008983668945e-01
6.206675506794657737e-01
7.307800719962188607e-01
7.211667401237016328e-01
6.323761980903013225e-01
2.310188374968234204e-01
5.722024383227531930e-01
1.863053667560211901e-01
5.198446263802058986e-01
3.244125303807043892e-01
0.000000000000000000e+00
5.006437659993933087e-01
0.000000000000000000e+00
5.852831124123524659e-02
5.889695152078453511e-01
1.782409727399829613e-01
0.000000000000000000e+00
3.828494386650656001e-01
4.648116715101062169e-01
3.768678971300656322e-01
4.702085689417648817e-01
5.533950656055406370e-01
6.194855353358935668e-01
5.852436769561568664e-01
5.565103077732467263e-01
5.583984753735992124e-01
0.000000000000000000e+00
3.694014875243105123e-01
4.655711425038930318e-01
2.310188374968234204e-01
9.774666624538148885e-02
5.852831124123524659e-02
2.427009197569658105e-01
6.558632457205486599e-01
5.870263279012950530e-01
6.182485002861234369e-01
5.035418997467171476e-01
6.791849843694218736e-01
9.651169695520975811e-01
6.479206249559894548e-01
4.912618330762917318e-01
6.299571476969590966e-01
7.164448781820629275e-01
5.797512233517002622e-01
1.165540389625940865e-01
4.521639205403026329e-01
4.190925646689495077e-01
6.663201249792359837e-01
7.672128020870717657e-01
5.063983872480137816e-01
5.852831124123524659e-02
5.928310980269196895e-01
5.584936834743849943e-01
6.626493064337454220e-01
7.050910823930115479e-01
8.105936816053058713e-01
1.165540389625940865e-01
4.212136835714897498e-01
6.609232275475773744e-01
3.607937917521478188e-01
1.740578436650443150e-01
6.478254168552036729e-01
7.135223989219565688e-01
5.852831124123524659e-02
5.918533584261359559e-01
8.344044640905772248e-01
7.545650511172682373e-01
8.261237234406280106e-01
8.447805202788447598e-01
5.501177347236501092e-01
8.060095628650693067e-01
7.754935427370209799e-01
5.511118579888159008e-01
3.965287777158647553e-01
7.023593674064889658e-01
5.100692057935043433e-01
2.122114647796108089e-01
4.432937955850411726e-01
7.295980566526466538e-01
6.906507199956534171e-01
3.796011644693604303e-01
3.985803248442389979e-01
1.552504709478317035e-01
6.797692363066055732e-01
3.965287777158647553e-01
2.310188374968234204e-01
5.233291052000624832e-01
4.244864228678285611e-01
4.584724171975161355e-01
3.706226796922751365e-01
5.035418997467171476e-01
3.589140322814395323e-01
1.552504709478317035e-01
2.916831934535417115e-01
7.252310463327921175e-01
4.327459517391076815e-01
3.536950664457708671e-01
4.438281601841556068e-01
5.034041565453152289e-01
4.691998936086308469e-01
8.155970913733647798e-01
6.634120307494957292e-01
6.375059327259061659e-01
4.804922892244240518e-01
6.240954574403521082e-01
1.557893466279729744e-01
8.211461170367913009e-01
8.165361949323327595e-01
5.532329768913561985e-01
1.863053667560211901e-01
8.038884439625288980e-01
5.100692057935042323e-01
4.705370764167506326e-01
6.688089281811543385e-01
3.348876937285582556e-01
4.095050361606540901e-01
7.366967819590235500e-01
8.236349202387096557e-01
4.665102460628610670e-01
5.603317021977332058e-01
6.077768879250579070e-01
7.121898076993885551e-01
6.558632457205486599e-01
3.244125303807043892e-01
5.867236237905311125e-01
5.877324801580752212e-01
6.795784720330219075e-01
6.688089281811543385e-01
5.500479819150738692e-01
7.424629160428326546e-01
8.451740079424449048e-01
9.050240328549691293e-01
9.389679597439036796e-01
8.871557636967244420e-01
7.764326462959889597e-01
7.507436566927817578e-01
7.690054135146263681e-01
8.364997796288955456e-01
9.284413276766402268e-01
8.424422929559223228e-01
8.142645001507966551e-01
6.956541297637121035e-01
6.746706184377613269e-01
6.558632457205486599e-01
6.407266915488267767e-01
5.134971125543906778e-01
8.787244471677794211e-01
7.415496158480865407e-01
6.589784878882548602e-01
6.873733891137628893e-01
6.697480317401224292e-01
6.519849311650800505e-01
6.876163008983668945e-01
8.142645001507966551e-01
3.985803248442389979e-01
4.621011683022538397e-01
7.125832953629885891e-01
6.697480317401224292e-01
4.657894111108899504e-01
5.954576444302399629e-01
6.148205935252371024e-01
5.730459857089232889e-01
4.807076966756150260e-01
4.705778055939152660e-01
7.211667401237015218e-01
6.388385239484742906e-01
1.740578436650443150e-01
5.636090330796237335e-01
5.741614685111090521e-01
1.740578436650443150e-01
0.000000000000000000e+00
5.551777165506787126e-01
3.419864190349352073e-01
6.845169016124662553e-01
2.122114647796108089e-01
2.704277467115753786e-01
4.017101190799132193e-01
2.310188374968234204e-01
2.916831934535417115e-01
5.852831124123524659e-02
5.852831124123524659e-02
7.164448781820630385e-01
5.266306870934026607e-01
7.988850341944703226e-01
9.176717838247726577e-01
6.518797625818777419e-01
7.206211242283334650e-01
7.612960921242668544e-01
6.635884099927134017e-01
7.967897186561518907e-01
4.288955006284358995e-01
5.559371875444655275e-01
4.774594224799099118e-01
3.440784812512900914e-01
8.109871692689060163e-01
4.665102460628610670e-01
1.293443729242421125e-01
1.165540389625940865e-01
8.334653605316091340e-01
7.073627771745476522e-01
7.177388333628151873e-01
3.589140322814394768e-01
7.474663258108911190e-01
4.964431744403401958e-01
6.336829859486475813e-01
2.811261664365047319e-01
6.558632457205486599e-01
2.497996450633427901e-01
6.133259135884846502e-01
7.616637764236452446e-01
8.084983660669875505e-01
4.776358017231275843e-01
7.129118028379742844e-01
5.952812651870222904e-01
4.067021105141161441e-01
2.491830395118539709e-01
7.620974524818331375e-01
3.607937917521478188e-01
6.998705642045706110e-01
4.621011683022538397e-01
8.075592625080196818e-01
7.697016052889902316e-01
8.071657748444196478e-01
5.533950656055406370e-01
3.939704027397803454e-01
4.822298809457807311e-01
5.323044852716032338e-01
5.843045733971888867e-01
7.378787973025958680e-01
3.440784812512900914e-01
6.478254168552035619e-01
5.029154607809294131e-01
5.134971125543906778e-01
1.165540389625940865e-01
6.659266373156359498e-01
4.584724171975161355e-01
5.852831124123524659e-02
3.447165816686855178e-01
4.753383035773696697e-01
4.087555366886552743e-01
4.088785971948663556e-01
2.623333457872602525e-01
4.663871745172784578e-01
5.325875854507953200e-01
3.231790463177226513e-01
5.689251074408626652e-01
3.894300524094877480e-01
1.863053667560211901e-01
4.677895185484224894e-01
3.985803248442389979e-01
3.680643047161907822e-01
4.748715121184052812e-01
0.000000000000000000e+00
6.268271724268748013e-01
6.912871194438575673e-01
3.788338485680582957e-01
3.401066595642269208e-01
8.334653605316092451e-01
7.394284969455462431e-01
6.040510496733694223e-01
3.607937917521478188e-01
7.883584021272070919e-01
8.328547644476268497e-01
7.129118028379741734e-01
7.498045531338137781e-01
5.454380598106152167e-01
7.474663258108911190e-01
8.334653605316092451e-01
7.307800719962188607e-01
8.390143861950357662e-01
8.871557636967245530e-01
7.566861700198085350e-01
8.871557636967244420e-01
7.931189001106614400e-01
8.486019147033312393e-01
6.330723898646651859e-01
8.294010543225186494e-01
5.300310895208758533e-01
6.657095288952536993e-01
5.507441736894377327e-01
8.340109764269771908e-01
2.122114647796108089e-01
6.330723898646651859e-01
7.083018807335156319e-01
8.226958166797416760e-01
5.125029892892247751e-01
6.304072074195291586e-01
8.269122511206002946e-01
4.276162171035028936e-01
5.313103620064374422e-01
7.378787973025958680e-01
7.306036927530012992e-01
4.023207151638955037e-01
1.552504709478317035e-01
8.658595877775934202e-01
6.233471181549677942e-01
2.686070177805554571e-01
5.383393345042383205e-01
7.693339209896120634e-01
5.613373382980877402e-01
3.755611092717194843e-01
8.649204842186254405e-01
5.730459857089232889e-01
3.894300524094877480e-01
1.557893466279729744e-01
6.419637265985967955e-01
5.547276568281085396e-01
1.165540389625940865e-01
9.774666624538148885e-02
1.552504709478317035e-01
5.359753038170939066e-01
1.782409727399829613e-01
9.774666624538148885e-02
3.912807551940106765e-01
3.768678971300656322e-01
0.000000000000000000e+00
1.293443729242421125e-01
2.796990596399021589e-01
2.427009197569658105e-01
5.547276568281086506e-01
3.953075855479001310e-01
3.635239543858981848e-01
0.000000000000000000e+00
4.946897398371781218e-01
5.227169567633078717e-01
5.735350295453212066e-01
3.244125303807043892e-01
4.924163440864506858e-01
4.943220555377998982e-01
4.464235898207155051e-01
3.056051576634917777e-01
1.740578436650443150e-01
4.795531856654560166e-01
1.552504709478317035e-01
4.636296561665340654e-01
7.060301859519795276e-01
5.559371875444655275e-01
4.367680709195942979e-01
5.816278781168641165e-01
7.303865843326188267e-01
6.456345451440873573e-01
8.226958166797416760e-01
7.770432423799713550e-01
7.048481706084074316e-01
6.827634670093041258e-01
7.323297716391691248e-01
7.046975947294116249e-01
6.558632457205487709e-01
6.185464317769254761e-01
4.088785971948663556e-01
3.589140322814395323e-01
7.061807618309753343e-01
5.679162510733185565e-01
7.921797965516934603e-01
2.784655755769204211e-01
7.892975056861748495e-01
5.176016071580692435e-01
3.788338485680583512e-01
4.194602489683276203e-01
4.477028733456484555e-01
4.511032647337502310e-01
6.225457577974018442e-01
5.303015056388932225e-01
5.300310895208759643e-01
5.571467072214508764e-01
6.600227600304251485e-01
5.989520837325129632e-01
8.557006400097081356e-01
3.421582066926011079e-01
4.497137533801998655e-01
6.469021561780411433e-01
7.874192985682391122e-01
1.552504709478317035e-01
5.100692057935043433e-01
7.967897186561518907e-01
7.252310463327922285e-01
2.686070177805554571e-01
6.111497749797464296e-01
5.776945438551975842e-01
7.624523041036173066e-01
7.459166261679408549e-01
5.551777165506787126e-01
6.472698404774190895e-01
6.091110315003981368e-01
5.720403496085688655e-01
5.894031912660331329e-01
3.220182427528205382e-01
8.294010543225186494e-01
6.697480317401225403e-01
4.515533244563202930e-01
8.800570383903475458e-01
7.165568180192429804e-01
8.211461170367913009e-01
6.142650171474526299e-01
8.461131115014126625e-01
7.816531644844298965e-01
8.344044640905772248e-01
9.105730585183957615e-01
8.649204842186254405e-01
8.449310961578406776e-01
8.741145250633208796e-01
8.908265822422151148e-01
3.788338485680584067e-01
4.141149582651127425e-01
7.718227241915303072e-01
6.851274976964486507e-01
6.069899125978579502e-01
8.720192095250024478e-01
8.144150760297923508e-01
8.075592625080195708e-01
8.674092874205439063e-01
8.180858945752829126e-01
8.720192095250024478e-01
8.386208985314358433e-01
7.779823459389393348e-01
8.073163507234154546e-01
8.344044640905771137e-01
9.238314055721815743e-01
8.307336455450866630e-01
8.217567131207736963e-01
6.589784878882548602e-01
9.096339549594276708e-01
7.814102526998256693e-01
6.609618635893931282e-01
6.885554044573349852e-01
9.389679597439036796e-01
8.706866183024345451e-01
9.481878039528208735e-01
8.706866183024345451e-01
9.234379179085816514e-01
8.589779708915987744e-01
7.530153514743179732e-01
7.601140767806948695e-01
7.683948174306440837e-01
7.240490309892201326e-01
6.823957827099259577e-01
6.004352508340767836e-01
7.810425684004477231e-01
5.031858879383183103e-01
5.511118579888159008e-01
5.608175257669415492e-01
5.369144073760619973e-01
7.083018807335156319e-01
6.446046580322831732e-01
9.015961260940825728e-01
8.223023290161415311e-01
7.574875303773744850e-01
4.588284290059149173e-01
5.816278781168641165e-01
7.122853638721864389e-01
5.991284629757305247e-01
7.977288222151199815e-01
8.202070134778233212e-01
7.215602277873016668e-01
8.720192095250023367e-01
7.622351956832350561e-01
9.096339549594276708e-01
8.424422929559223228e-01
8.566397435686762263e-01
7.061807618309753343e-01
9.167326802658046780e-01
6.862837096757989919e-01
4.341435231502899228e-01
7.693339209896119524e-01
8.566397435686762263e-01
8.109871692689060163e-01
7.601140767806946474e-01
6.557676895477506651e-01
7.931189001106614400e-01
7.816531644844298965e-01
7.693339209896120634e-01
8.716257218614024138e-01
7.672128020870717657e-01
6.407266915488266656e-01
9.059631364139371090e-01
8.259731475616323149e-01
7.323297716391692358e-01
7.012031554271386247e-01
7.977288222151199815e-01
7.295980566526466538e-01
5.923424022625337626e-01
6.634120307494958402e-01
5.421364779172751502e-01
6.257972853150705062e-01
5.551777165506787126e-01
6.177594564497256302e-01
5.918533584261359559e-01
6.186985600086936099e-01
5.918533584261358449e-01
4.521639205403026329e-01
8.518792455852218781e-01
7.215602277873015558e-01
6.933824349821759991e-01
9.059631364139371090e-01
7.628457917672174515e-01
6.299571476969590966e-01
5.952812651870222904e-01
7.872021901478566397e-01
7.860201748042844327e-01
6.792805405422199794e-01
7.252310463327922285e-01
7.156435178244968665e-01
6.847340100328487278e-01
7.612960921242670764e-01
8.140473917304141827e-01
6.681983320971719431e-01
7.495874447134314167e-01
7.054845700566114708e-01
6.500015554639417825e-01
5.974410201313782309e-01
5.622764418570557199e-01
5.395911026563865454e-01
6.259736645582881787e-01
3.071018362342603503e-01
3.788338485680584067e-01
5.622764418570557199e-01
9.774666624538148885e-02
1.863053667560211901e-01
3.765002128306874640e-01
3.043716736005099843e-01
1.552504709478317035e-01
1.557893466279729744e-01
1.782409727399829613e-01
2.525594775533308023e-01
2.121848996289175948e-01
1.557893466279729744e-01
5.252057599652263375e-01
3.244125303807043892e-01
6.634120307494957292e-01
6.663201249792359837e-01
4.659271543122919801e-01
