7.687020964632854669e-01
7.464813285150074806e-01
8.845293479402934755e-01
8.464986715989794019e-01
7.687020964632854669e-01
8.391535647705123946e-01
8.963290434323146760e-01
6.960733088257488044e-01
7.478599515507718953e-01
2.433209263526529831e-01
3.150679687678322183e-01
0.000000000000000000e+00
6.084333090897213747e-01
0.000000000000000000e+00
5.822023282404285016e-01
1.570974295134305587e-01
2.239906765692880608e-01
0.000000000000000000e+00
0.000000000000000000e+00
3.186191837164808471e-01
0.000000000000000000e+00
0.000000000000000000e+00
2.239906765692880608e-01
2.741010942180734933e-01
7.907306539857268668e-02
0.000000000000000000e+00
1.294878256283733264e-01
1.993214873333407633e-01
0.000000000000000000e+00
7.907306539857268668e-02
7.907306539857268668e-02
7.794797683368439589e-01
4.681102992164864474e-01
0.000000000000000000e+00
0.000000000000000000e+00
3.690483209215273952e-01
4.055838644789454550e-01
0.000000000000000000e+00
7.794797683368439589e-01
2.340147726899952929e-01
3.566498600577948652e-01
0.000000000000000000e+00
4.800643843176797265e-01
9.135175748611150670e-01
5.957372461855156009e-01
4.633967822532699676e-01
0.000000000000000000e+00
7.563247531153407532e-01
0.000000000000000000e+00
6.686847533793133236e-01
9.239386473173719638e-01
7.360602560587505838e-01
8.030791593208862489e-01
8.845293479402934755e-01
6.242432174827574620e-01
7.582810240070285701e-01
9.515482512024291406e-01
9.067501158885715729e-01
7.098292752094577107e-01
7.374388790945149985e-01
6.034010725702437794e-01
5.470832875798152806e-01
4.391220722956648559e-01
5.717812557841717158e-01
4.889524441290000745e-01
5.441716518991145390e-01
5.061409755578004654e-01
5.441716518991145390e-01
4.785313716727432332e-01
5.061409755578004654e-01
5.061409755578004654e-01
4.889524441290000745e-01
5.366622151235583837e-01
6.023024953499296341e-01
6.127235678061865309e-01
6.414317489115578530e-01
5.906671298049975816e-01
7.926580868646293521e-01
7.478599515507717843e-01
7.636698599438078716e-01
7.084506521736935181e-01
6.146231202063414667e-01
8.188890677139222252e-01
8.411098356622002115e-01
7.061756617257444191e-01
7.735132845441411442e-01
8.067327728045996516e-01
7.016831932011499129e-01
8.115439608854551068e-01
9.239386473173719638e-01
8.397312126264360188e-01
9.343597197736287496e-01
7.687020964632854669e-01
9.723903961149428232e-01
9.067501158885715729e-01
8.859079709760578902e-01
7.464813285150074806e-01
7.410924925782281791e-01
7.839343570003980410e-01
6.906844728889696139e-01
6.734959414601692229e-01
7.735132845441412552e-01
6.526537965476555403e-01
6.684637049406916276e-01
6.526537965476555403e-01
6.754522123518569288e-01
7.354826082028271816e-01
7.064943812820055902e-01
6.408541010556343398e-01
6.464639854310354483e-01
7.907018159729416462e-01
7.907018159729416462e-01
6.788847773969484134e-01
7.134828886931710024e-01
4.033663864022998258e-01
6.115471545785516883e-01
8.175104446781579215e-01
7.845120048563215542e-01
8.687194395472574993e-01
9.135175748611150670e-01
4.298206945755099206e-01
8.011228884291983210e-01
5.926234006966853984e-01
2.971615110870030607e-01
3.366275289556143746e-01
2.821502989885124046e-01
6.127235678061865309e-01
1.294878256283733264e-01
6.509564539556299545e-01
2.064051688049381161e-01
8.202676907496866399e-01
6.858732848081137146e-01
5.414144058275858207e-01
6.403331716912437077e-01
7.735132845441411442e-01
0.000000000000000000e+00
0.000000000000000000e+00
0.000000000000000000e+00
3.290402561727376884e-01
7.754695554358289611e-01
6.236655696268339488e-01
7.459036806590838564e-01
6.023024953499296341e-01
6.410751494942562578e-01
5.839375506934945115e-01
3.852814875613147505e-01
4.391220722956648559e-01
5.061409755578004654e-01
8.084679952576654394e-01
3.689085535021823237e-01
4.642544759246436392e-01
5.851139639211292431e-01
7.084506521736934070e-01
1.570974295134305587e-01
0.000000000000000000e+00
4.298206945755099206e-01
7.907306539857268668e-02
1.570974295134305587e-01
5.839375506934945115e-01
5.470832875798152806e-01
4.625004148410853388e-01
7.735132845441411442e-01
6.889871302969441391e-01
2.821502989885123491e-01
4.635370606493751655e-01
7.070720291379291034e-01
4.298206945755099206e-01
5.015677369906892391e-01
4.800643843176797265e-01
5.459068743521804379e-01
5.298947561510148896e-01
5.191936378793078344e-01
7.030618162369141055e-01
8.791405120035142851e-01
6.023024953499296341e-01
4.635370606493751655e-01
7.459036806590839674e-01
8.895615844597712929e-01
7.563247531153407532e-01
7.515135650344849649e-01
7.754695554358289611e-01
8.017005362851219452e-01
8.963290434323146760e-01
8.293101401701792330e-01
7.442063380670584927e-01
6.822196713244005339e-01
6.518528213678146388e-01
7.907306539857268668e-02
0.000000000000000000e+00
6.441889949830864603e-01
0.000000000000000000e+00
4.022110906904526884e-01
7.858906278920858579e-01
7.754695554358289611e-01
3.566498600577949207e-01
6.613775264118868513e-01
7.926580868646293521e-01
3.917900182341959026e-01
2.910095798314236704e-01
6.360429129747785515e-01
5.468032417643651222e-01
3.689085535021823237e-01
3.689085535021823237e-01
4.635370606493751655e-01
4.187389253355175422e-01
8.188890677139222252e-01
7.926580868646293521e-01
7.858906278920858579e-01
7.563247531153407532e-01
7.735132845441411442e-01
7.926580868646293521e-01
6.906844728889695029e-01
8.121216087413788420e-01
8.845293479402934755e-01
8.121216087413788420e-01
8.411098356622002115e-01
8.202676907496866399e-01
7.518701644517866711e-01
7.532487874875510858e-01
4.298206945755099206e-01
5.966336135977002852e-01
7.858906278920858579e-01
6.518528213678146388e-01
2.910095798314236704e-01
4.889524441290000745e-01
6.138221450265005652e-01
2.239906765692880608e-01
3.566498600577949207e-01
5.509391108716580332e-01
2.340147726899952929e-01
1.683744924636240703e-01
3.576718836762575737e-01
6.360429129747786625e-01
3.566498600577949207e-01
0.000000000000000000e+00
6.717985988681437481e-01
5.298947561510148896e-01
8.188890677139223362e-01
6.684637049406916276e-01
8.582983670910007135e-01
6.023024953499296341e-01
4.022110906904526884e-01
9.067501158885715729e-01
6.230879217709104356e-01
8.845293479402936976e-01
8.451200485632152093e-01
7.926580868646294631e-01
7.735132845441411442e-01
6.788847773969484134e-01
6.785660578406872423e-01
8.464986715989794019e-01
6.858732848081138256e-01
4.642544759246436392e-01
1.294878256283733264e-01
8.202676907496866399e-01
6.310106764553009562e-01
8.293101401701792330e-01
6.422327240913986435e-01
2.971615110870030607e-01
6.572416573045939403e-01
7.070720291379292144e-01
8.030791593208862489e-01
3.408399516647588334e-01
3.566498600577949207e-01
3.917900182341959026e-01
6.354652651188551493e-01
1.570974295134305587e-01
5.337505794428576422e-01
9.239386473173719638e-01
5.636351737758639180e-01
3.911293214504603100e-01
6.360429129747785515e-01
8.343423766896567173e-01
4.405006953314292151e-01
5.196758935028875648e-01
0.000000000000000000e+00
2.441196226471983866e-01
3.290402561727376884e-01
4.800643843176797265e-01
7.410924925782281791e-01
7.794797683368439589e-01
9.225600242816076602e-01
1.570974295134305587e-01
7.858906278920858579e-01
8.845293479402936976e-01
5.015677369906892391e-01
5.138048019425286439e-01
8.859079709760578902e-01
8.963290434323146760e-01
4.033663864022997148e-01
7.907306539857268668e-02
7.518701644517867821e-01
6.650311398956002540e-01
7.569024009712642664e-01
3.469918829203382793e-01
5.957372461855156009e-01
8.673408165114931956e-01
7.740909324000646574e-01
7.414490919955298853e-01
7.098292752094577107e-01
6.506975256559677234e-01
3.842594639428520975e-01
7.794797683368439589e-01
1.294878256283733264e-01
7.306714201219715044e-01
6.582636809230566488e-01
1.683744924636240703e-01
5.441716518991145390e-01
6.788847773969484134e-01
5.470832875798152806e-01
5.205722609150722491e-01
3.641804143491386703e-01
3.641804143491386703e-01
3.150679687678322183e-01
7.907306539857268668e-02
1.570974295134305587e-01
2.340147726899952929e-01
4.811629615379938163e-01
5.630575259199402938e-01
3.366275289556143746e-01
5.735164782372377257e-01
5.337505794428576422e-01
7.907306539857268668e-02
2.064051688049381161e-01
5.577065698442016384e-01
7.410924925782281791e-01
2.821502989885123491e-01
5.839375506934945115e-01
6.127235678061865309e-01
7.794797683368439589e-01
8.741082754840368008e-01
7.346816330229863912e-01
8.175104446781579215e-01
8.397312126264360188e-01
7.791231689195422527e-01
7.188717246299503039e-01
8.845293479402934755e-01
4.115124684106076791e-01
6.858732848081138256e-01
8.084679952576655504e-01
4.357871783682127353e-01
3.566498600577948652e-01
3.186191837164808471e-01
6.138221450265005652e-01
5.717812557841717158e-01
3.281060088995125246e-01
4.681102992164864474e-01
3.689085535021823237e-01
3.966579248065845720e-01
3.193822790352810470e-01
5.746928914648724573e-01
7.442063380670584927e-01
5.690240097126431085e-01
4.115124684106076791e-01
6.023024953499296341e-01
6.808410482886362303e-01
8.582983670910007135e-01
7.907306539857268668e-02
8.084679952576654394e-01
3.469918829203382793e-01
1.570974295134305587e-01
0.000000000000000000e+00
4.298206945755099206e-01
2.910095798314236704e-01
0.000000000000000000e+00
6.794624252528718156e-01
2.545406951034551724e-01
0.000000000000000000e+00
1.570974295134305587e-01
6.138221450265005652e-01
2.064051688049381161e-01
3.408399516647588334e-01
1.570974295134305587e-01
0.000000000000000000e+00
7.907306539857268668e-02
1.683744924636240703e-01
4.470659444958432482e-01
4.141440582758582623e-01
0.000000000000000000e+00
2.821502989885124046e-01
3.978967804230039151e-01
7.907306539857268668e-02
3.911293214504604210e-01
7.907306539857268668e-02
1.294878256283733264e-01
1.294878256283733264e-01
0.000000000000000000e+00
7.622912369080435679e-01
6.518528213678146388e-01
6.233468500705728887e-01
2.441196226471983866e-01
4.802287142647686524e-01
4.639744301091934253e-01
6.115471545785516883e-01
3.911293214504603100e-01
7.907306539857268668e-02
2.910095798314236704e-01
1.294878256283733264e-01
4.739581331056319513e-01
0.000000000000000000e+00
3.911293214504604210e-01
3.779742605938882227e-01
4.785313716727432332e-01
1.294878256283733264e-01
5.441716518991145390e-01
2.821502989885123491e-01
5.129084345303440706e-01
0.000000000000000000e+00
3.641804143491386703e-01
6.686847533793133236e-01
0.000000000000000000e+00
8.135002317771432567e-01
4.785313716727432332e-01
6.084333090897213747e-01
7.687020964632854669e-01
8.017005362851219452e-01
6.127235678061865309e-01
7.442063380670584927e-01
8.293101401701792330e-01
5.441716518991145390e-01
8.464986715989794019e-01
4.359274567643179332e-01
7.963117003483426437e-01
6.681449853844304565e-01
8.478772946347438166e-01
8.845293479402936976e-01
8.569197440552362988e-01
7.134828886931710024e-01
5.061409755578004654e-01
4.574302984605671529e-01
7.134828886931710024e-01
7.858906278920858579e-01
8.963290434323146760e-01
7.563247531153407532e-01
6.127235678061865309e-01
7.687020964632854669e-01
9.135175748611150670e-01
6.428103719473222677e-01
5.906671298049974705e-01
5.015677369906892391e-01
8.411098356622002115e-01
7.754695554358289611e-01
5.822023282404285016e-01
3.966579248065845720e-01
4.937636322098557518e-01
5.309933333713290349e-01
0.000000000000000000e+00
0.000000000000000000e+00
5.735164782372377257e-01
5.586029372563862117e-01
2.064051688049381161e-01
0.000000000000000000e+00
5.354479220348830060e-01
7.907306539857268668e-02
0.000000000000000000e+00
0.000000000000000000e+00
1.294878256283733264e-01
3.911293214504603100e-01
6.788847773969484134e-01
3.689085535021823237e-01
4.177022795272277711e-01
4.177022795272277711e-01
0.000000000000000000e+00
5.337505794428576422e-01
3.842594639428520975e-01
2.821502989885124046e-01
7.845120048563215542e-01
2.738210484026232239e-01
2.821502989885123491e-01
3.978967804230039151e-01
1.993214873333407633e-01
6.906844728889695029e-01
7.912794638288651594e-01
7.374388790945149985e-01
8.397312126264360188e-01
8.239213042334000425e-01
7.287151492302836875e-01
4.359274567643179332e-01
8.030791593208862489e-01
9.067501158885715729e-01
8.895615844597710709e-01
9.723903961149428232e-01
9.135175748611150670e-01
6.230879217709104356e-01
2.821502989885124046e-01
6.422327240913986435e-01
8.741082754840366897e-01
7.636698599438078716e-01
4.635370606493751655e-01
5.287183429233801579e-01
8.895615844597710709e-01
6.127235678061865309e-01
0.000000000000000000e+00
7.569024009712643775e-01
2.441196226471983310e-01
6.236655696268339488e-01
7.030618162369141055e-01
5.165620480140572512e-01
4.785313716727432332e-01
3.641804143491386703e-01
5.468032417643651222e-01
8.202676907496866399e-01
4.405006953314292151e-01
4.233121639026288241e-01
2.821502989885124046e-01
6.233468500705728887e-01
2.064051688049381161e-01
5.856348932855198752e-01
6.690413527966151408e-01
0.000000000000000000e+00
2.433209263526529831e-01
6.686847533793134346e-01
8.017005362851219452e-01
7.808583913726082626e-01
5.300969659591443506e-01
8.963290434323146760e-01
7.754695554358289611e-01
5.746928914648724573e-01
5.630575259199402938e-01
6.758088117691586350e-01
8.188890677139223362e-01
4.359274567643179332e-01
7.287151492302835765e-01
8.963290434323146760e-01
9.515482512024291406e-01
5.746928914648724573e-01
8.963290434323146760e-01
8.687194395472574993e-01
6.242432174827574620e-01
8.030791593208862489e-01
9.343597197736287496e-01
8.569197440552364098e-01
5.575043600360721774e-01
3.261497380078246522e-01
3.566498600577949207e-01
3.290402561727376884e-01
9.619693236586859264e-01
8.569197440552364098e-01
9.343597197736287496e-01
8.754868985198011044e-01
8.306887632059434257e-01
5.470832875798152806e-01
5.717812557841717158e-01
5.281406950674565337e-01
4.298206945755099206e-01
0.000000000000000000e+00
7.188717246299501928e-01
7.061756617257445301e-01
5.281406950674565337e-01
6.582636809230565378e-01
4.033663864022997148e-01
6.962943572643706114e-01
3.097599028735695814e-01
6.034010725702437794e-01
6.526537965476555403e-01
4.298206945755099206e-01
6.509564539556299545e-01
4.633967822532699676e-01
5.441716518991145390e-01
1.570974295134305587e-01
4.115124684106076791e-01
7.165967341820013159e-01
4.233121639026288241e-01
4.538334034683868534e-01
6.808410482886362303e-01
6.785660578406872423e-01
2.340147726899952929e-01
6.785660578406872423e-01
7.354826082028270706e-01
8.845293479402934755e-01
5.771700917209510173e-01
8.017005362851219452e-01
8.687194395472574993e-01
8.135002317771430347e-01
5.015677369906892391e-01
7.016831932011498019e-01
7.306714201219715044e-01
6.960733088257488044e-01
8.411098356622002115e-01
3.566498600577949207e-01
8.687194395472574993e-01
0.000000000000000000e+00
3.689085535021823237e-01
4.538334034683868534e-01
8.515309081184571083e-01
6.734959414601691119e-01
4.639744301091934253e-01
8.306887632059434257e-01
5.459068743521804379e-01
6.684637049406916276e-01
7.845120048563214432e-01
6.962943572643706114e-01
2.340147726899952929e-01
6.690413527966150298e-01
8.673408165114931956e-01
2.340147726899952929e-01
3.566498600577949207e-01
6.526537965476555403e-01
7.346816330229862801e-01
7.622912369080435679e-01
8.515309081184571083e-01
7.478599515507717843e-01
5.468032417643651222e-01
7.360602560587505838e-01
7.061756617257444191e-01
6.034010725702437794e-01
4.524547804326224942e-01
6.047796956060080831e-01
6.681449853844304565e-01
4.055838644789454550e-01
7.907306539857268668e-02
7.907306539857268668e-02
3.097599028735695814e-01
7.907306539857268668e-02
2.760960388505721563e-01
7.907306539857268668e-02
2.971615110870030607e-01
3.641804143491386703e-01
2.971615110870030607e-01
4.337332363588856099e-01
6.464639854310353373e-01
4.613428402439428422e-01
3.852814875613147505e-01
4.802287142647686524e-01
5.735164782372377257e-01
5.015677369906892391e-01
4.681102992164863363e-01
6.014448016785559625e-01
2.340147726899952929e-01
5.309933333713290349e-01
4.357871783682127353e-01
2.064051688049381161e-01
7.907306539857268668e-02
0.000000000000000000e+00
7.808583913726081516e-01
8.017005362851219452e-01
3.366275289556144301e-01
4.033663864022998258e-01
8.306887632059434257e-01
7.926580868646293521e-01
7.926580868646294631e-01
7.622912369080435679e-01
8.515309081184571083e-01
8.963290434323146760e-01
7.478599515507717843e-01
4.033663864022997148e-01
7.794797683368439589e-01
7.845120048563215542e-01
3.576718836762575737e-01
6.115471545785516883e-01
5.960559657417767720e-01
2.821502989885123491e-01
4.405006953314292151e-01
6.115471545785516883e-01
5.191936378793078344e-01
5.250268495786262202e-01
4.420337079763657084e-01
1.294878256283733264e-01
6.690413527966151408e-01
2.064051688049381161e-01
7.907306539857268668e-02
7.907306539857268668e-02
2.821502989885124046e-01
3.576718836762575737e-01
2.441196226471983310e-01
6.889871302969441391e-01
3.966579248065845720e-01
7.907306539857268668e-02
1.294878256283733264e-01
3.469918829203382793e-01
3.917900182341959026e-01
7.907306539857268668e-02
2.738210484026232239e-01
4.549319806887009432e-01
2.239906765692880608e-01
0.000000000000000000e+00
5.746928914648724573e-01
4.635370606493751655e-01
0.000000000000000000e+00
4.115124684106076791e-01
6.138221450265005652e-01
1.570974295134305587e-01
2.821502989885123491e-01
5.366622151235583837e-01
2.441196226471983310e-01
4.785313716727432332e-01
5.015677369906892391e-01
5.906671298049974705e-01
8.859079709760578902e-01
7.138394881104727085e-01
5.746928914648724573e-01
4.359274567643179332e-01
5.205722609150722491e-01
3.566498600577948652e-01
8.791405120035142851e-01
4.889524441290000745e-01
2.441196226471983310e-01
2.064051688049381161e-01
7.064943812820055902e-01
2.441196226471983866e-01
2.064051688049381161e-01
6.202330045817425752e-01
8.067327728045996516e-01
4.022110906904526884e-01
6.889871302969440281e-01
7.410924925782281791e-01
7.754695554358290721e-01
6.202330045817425752e-01
6.129257776143161029e-01
5.470832875798152806e-01
8.135002317771430347e-01
8.411098356622002115e-01
7.926580868646294631e-01
9.501696281666649480e-01
7.794797683368439589e-01
8.293101401701792330e-01
8.293101401701790110e-01
7.410924925782281791e-01
6.858732848081137146e-01
6.734959414601692229e-01
8.515309081184571083e-01
4.298206945755099206e-01
8.239213042333998205e-01
6.518528213678146388e-01
8.343423766896568283e-01
7.306714201219715044e-01
4.889524441290000745e-01
7.845120048563215542e-01
6.650311398956002540e-01
8.791405120035142851e-01
8.515309081184571083e-01
5.545927243553712138e-01
9.515482512024291406e-01
8.030791593208862489e-01
8.306887632059434257e-01
6.926407437806575418e-01
8.687194395472574993e-01
7.791231689195422527e-01
8.859079709760578902e-01
7.636698599438078716e-01
8.963290434323146760e-01
9.619693236586859264e-01
8.582983670910007135e-01
9.895789275437432142e-01
4.022110906904526884e-01
7.134828886931710024e-01
7.239039611494277882e-01
7.858906278920858579e-01
6.512751735118911256e-01
1.570974295134305587e-01
5.746928914648724573e-01
7.360602560587505838e-01
8.306887632059434257e-01
6.630748690039123261e-01
6.391567584636089761e-01
2.340147726899952929e-01
6.690413527966150298e-01
4.739581331056319513e-01
8.135002317771430347e-01
5.966336135977002852e-01
6.354652651188551493e-01
6.428103719473222677e-01
7.630922120878843584e-01
2.441196226471983866e-01
2.441196226471983310e-01
2.441196226471983866e-01
3.917900182341959026e-01
8.582983670910007135e-01
5.250268495786263312e-01
7.414490919955298853e-01
7.064943812820055902e-01
7.064943812820055902e-01
7.622912369080435679e-01
7.845120048563215542e-01
8.687194395472574993e-01
6.337679225268296745e-01
6.960733088257488044e-01
9.501696281666647259e-01
2.821502989885124046e-01
6.794624252528718156e-01
7.030618162369141055e-01
8.619519805747138941e-01
7.239039611494278992e-01
5.205722609150722491e-01
3.097599028735695814e-01
8.011228884291985430e-01
7.354826082028270706e-01
7.459036806590839674e-01
5.076739882027369033e-01
1.294878256283733264e-01
4.115124684106076791e-01
0.000000000000000000e+00
6.582636809230565378e-01
3.290402561727376884e-01
2.340147726899952929e-01
1.294878256283733264e-01
4.187389253355175422e-01
5.577065698442016384e-01
2.821502989885123491e-01
4.298206945755099206e-01
5.851139639211292431e-01
7.061756617257444191e-01
3.186191837164808471e-01
5.746928914648724573e-01
6.613775264118868513e-01
8.293101401701792330e-01
5.746928914648724573e-01
8.287324923142556088e-01
8.121216087413788420e-01
7.858906278920858579e-01
7.478599515507717843e-01
9.343597197736287496e-01
8.239213042333998205e-01
8.135002317771430347e-01
1.000000000000000000e+00
8.397312126264360188e-01
7.518701644517866711e-01
9.239386473173719638e-01
7.306714201219715044e-01
9.791578550874863174e-01
7.182940767740267907e-01
8.687194395472574993e-01
8.582983670910007135e-01
7.061756617257444191e-01
8.963290434323146760e-01
8.963290434323146760e-01
8.011228884291983210e-01
8.687194395472574993e-01
8.741082754840366897e-01
8.895615844597710709e-01
8.569197440552364098e-01
7.926580868646294631e-01
7.478599515507718953e-01
8.030791593208862489e-01
8.030791593208862489e-01
7.582810240070286811e-01
7.098292752094577107e-01
6.822196713244005339e-01
7.374388790945151095e-01
7.256391836024937980e-01
5.577065698442016384e-01
4.681102992164864474e-01
6.360429129747786625e-01
7.410924925782281791e-01
5.577065698442016384e-01
7.239039611494277882e-01
5.746928914648724573e-01
7.098292752094577107e-01
4.359274567643179332e-01
2.741010942180734933e-01
5.298947561510148896e-01
5.287183429233801579e-01
3.641804143491386703e-01
2.064051688049381161e-01
3.281060088995125246e-01
1.683744924636240703e-01
6.681449853844304565e-01
7.907306539857268668e-02
7.907306539857268668e-02
6.310106764553009562e-01
4.739581331056319513e-01
3.566498600577948652e-01
2.441196226471983310e-01
