0.000000000000000000e+00
3.577369340304164536e-01
4.264518188325466808e-01
1.411817415046076052e-01
3.899728733539151171e-01
5.457335528448969963e-01
6.981610192605592902e-01
9.229451190312814024e-01
6.535212480354063436e-01
1.000000000000000000e+00
5.234185181765546035e-01
4.787787469514016014e-01
1.411817415046076052e-01
4.331095194773602608e-01
4.948186437118643477e-01
4.232504555039149907e-01
6.799881827429959946e-01
7.177108148272637322e-01
4.866578179653429648e-01
5.758365524112951661e-01
4.948186437118643477e-01
4.022243155805326209e-01
7.423271216328928279e-01
4.752956288901898363e-01
8.621407475879371007e-02
5.235976885966214800e-01
6.806179973983887965e-01
9.456694971815878814e-01
8.741013089736384689e-01
5.777490209949668332e-01
9.545512436993874861e-01
9.042043085400364166e-01
5.903089986991943983e-01
8.000526782083355881e-01
7.966576244513049465e-01
6.928534969198569815e-01
0.000000000000000000e+00
3.435214415494441953e-01
0.000000000000000000e+00
1.411817415046076052e-01
0.000000000000000000e+00
8.621407475879371007e-02
4.189615513722202422e-01
7.288319928006391502e-01
4.554245541457027091e-01
8.004001810085885626e-01
6.440096868622138260e-01
7.911709316905358724e-01
5.863254310401330160e-01
8.132654951854494385e-01
8.741013089736384689e-01
6.495376803763449614e-01
4.189615513722202422e-01
2.173220112736489185e-01
3.076310099728432612e-01
8.642422450001930878e-01
7.831624956190513798e-01
8.153984349425500433e-01
2.250454129260502922e-01
6.505149978319906268e-01
6.080724917347937186e-01
2.551484124924483510e-01
1.411817415046076052e-01
3.482253728572239915e-01
5.331092497698138866e-01
3.587555522394240137e-01
0.000000000000000000e+00
8.621407475879371007e-02
3.670280240301799779e-01
3.670280240301799779e-01
7.107209969647867442e-01
4.615410615618644741e-01
6.799881827429961056e-01
7.709269960975830838e-01
8.547306838270007923e-01
8.439983094072402992e-01
8.627391198984853959e-01
8.153984349425500433e-01
9.042043085400366387e-01
9.096910013008058238e-01
9.284318117920505875e-01
9.772756218496937430e-01
8.854634980487916529e-01
8.381228130928563003e-01
7.478138143936619020e-01
7.512088681506924326e-01
8.455014345089481020e-01
9.644103076728326451e-01
9.644103076728326451e-01
9.229451190312816244e-01
9.358104332081425003e-01
9.343073081064345864e-01
9.057074336417443305e-01
4.385343715564183342e-01
5.933152489026101151e-01
8.326361203320871152e-01
6.332773124424534439e-01
7.591760034688149750e-01
8.197708061552261283e-01
7.665546248849068878e-01
6.277906196816842588e-01
8.795880017344076540e-01
8.153984349425500433e-01
8.983288122256525288e-01
7.048455006504028564e-01
8.439983094072402992e-01
9.471726222832956843e-01
5.785580060704262895e-01
8.621407475879371007e-02
4.264518188325466808e-01
5.030062502034157168e-01
8.621407475879371007e-02
7.709269960975830838e-01
1.411817415046076052e-01
8.621407475879371007e-02
8.621407475879371007e-02
0.000000000000000000e+00
0.000000000000000000e+00
0.000000000000000000e+00
0.000000000000000000e+00
8.621407475879371007e-02
0.000000000000000000e+00
0.000000000000000000e+00
2.811825026595474730e-01
2.250454129260502922e-01
2.173220112736489185e-01
8.621407475879371007e-02
5.518500602610588723e-01
7.324680576594475578e-01
5.331092497698138866e-01
3.587555522394240137e-01
5.030062502034157168e-01
5.362838323534155904e-01
6.379550201277629506e-01
6.366723661994840855e-01
8.455014345089481020e-01
7.002321183359488943e-01
8.621407475879371007e-02
0.000000000000000000e+00
6.391528087568374428e-01
7.008619329913414742e-01
2.173220112736489185e-01
2.811825026595474730e-01
8.568636235841012860e-01
4.802818720531094598e-01
2.811825026595474730e-01
7.512088681506924326e-01
9.284318117920505875e-01
4.802818720531094598e-01
2.652949955741215060e-01
8.494850021680093732e-01
7.100911823093941644e-01
2.173220112736489185e-01
3.577369340304164536e-01
3.888585518058221835e-01
1.411817415046076052e-01
1.411817415046076052e-01
8.621407475879371007e-02
4.096910013008057128e-01
3.670280240301799779e-01
3.473933631642708852e-01
8.621407475879371007e-02
7.831624956190513798e-01
2.775280104064451470e-01
0.000000000000000000e+00
4.565548183989448505e-01
8.153984349425500433e-01
0.000000000000000000e+00
0.000000000000000000e+00
3.076310099728432612e-01
4.565548183989448505e-01
7.665546248849069988e-01
5.952071775579328428e-01
1.712847410710057472e-01
0.000000000000000000e+00
0.000000000000000000e+00
0.000000000000000000e+00
2.652949955741215060e-01
8.621407475879371007e-02
0.000000000000000000e+00
2.442190502882155556e-01
4.072105587434522445e-01
8.621407475879371007e-02
2.442190502882155556e-01
1.712847410710057472e-01
6.332773124424534439e-01
8.983288122256525288e-01
3.076310099728432612e-01
7.852954353761518735e-01
6.385229941014448629e-01
3.587555522394240137e-01
2.250454129260502922e-01
3.587555522394240137e-01
0.000000000000000000e+00
4.647156441454662335e-01
0.000000000000000000e+00
5.547193063720271544e-01
8.621407475879371007e-02
4.686373711228165040e-01
9.659134327745406701e-01
5.468638170981392488e-01
5.052456816589914190e-01
3.076310099728432612e-01
1.835802242844989940e-01
0.000000000000000000e+00
1.712847410710057472e-01
2.985495531066277852e-01
3.435214415494441953e-01
5.777490209949668332e-01
3.670280240301799779e-01
3.587555522394240137e-01
7.048455006504028564e-01
3.239978696052098761e-01
4.752956288901898363e-01
5.537419889163814890e-01
4.232504555039149907e-01
6.928534969198570925e-01
1.411817415046076052e-01
2.661658213312920185e-01
0.000000000000000000e+00
2.988548895792612625e-01
0.000000000000000000e+00
0.000000000000000000e+00
0.000000000000000000e+00
6.347804375441612468e-01
5.841924912830325223e-01
3.888585518058221280e-01
9.585348113584487573e-01
8.741013089736384689e-01
7.364516253185087180e-01
8.741013089736384689e-01
7.591760034688149750e-01
8.621407475879371007e-02
2.250454129260502922e-01
0.000000000000000000e+00
5.053986284565880061e-01
6.379550201277629506e-01
8.741013089736384689e-01
7.530594960526532100e-01
7.349485002168009151e-01
8.913389943631755408e-01
7.211058685842943738e-01
5.777490209949668332e-01
9.585348113584487573e-01
5.592286816771507851e-01
1.411817415046076052e-01
8.252574989159953134e-01
7.610679321241378137e-01
5.518500602610588723e-01
5.053986284565880061e-01
6.796406799427431311e-01
4.960164323409387843e-01
8.621407475879371007e-02
6.461426266193143197e-01
7.423271216328928279e-01
2.442190502882155556e-01
1.411817415046076052e-01
8.040362458673968593e-01
8.642422450001930878e-01
8.621407475879371007e-02
4.752956288901898363e-01
3.888585518058221835e-01
0.000000000000000000e+00
8.621407475879371007e-02
0.000000000000000000e+00
7.177108148272637322e-01
3.239978696052098761e-01
4.422117371685888032e-01
7.100911823093941644e-01
0.000000000000000000e+00
5.666073030932424759e-01
0.000000000000000000e+00
0.000000000000000000e+00
5.764663670666878570e-01
0.000000000000000000e+00
6.879966188144805983e-01
8.326361203320871152e-01
8.138953098408422404e-01
4.023767052555694557e-01
3.377340095392413755e-01
0.000000000000000000e+00
8.621407475879371007e-02
8.621407475879371007e-02
4.948186437118643477e-01
2.250454129260502922e-01
2.985495531066277852e-01
4.647156441454662335e-01
0.000000000000000000e+00
0.000000000000000000e+00
8.621407475879371007e-02
5.777490209949668332e-01
1.712847410710057472e-01
1.712847410710057472e-01
0.000000000000000000e+00
4.264518188325466808e-01
1.712847410710057472e-01
8.621407475879371007e-02
1.712847410710057472e-01
0.000000000000000000e+00
7.008619329913415852e-01
6.879966188144805983e-01
