2.755516211500082524e-01
0.000000000000000000e+00
0.000000000000000000e+00
2.305400984052101976e-01
1.896452548050385212e-01
1.218477116609848337e-01
2.501827311649991725e-01
7.395887635715243935e-02
0.000000000000000000e+00
0.000000000000000000e+00
1.218477116609848337e-01
0.000000000000000000e+00
7.395887635715243935e-02
7.395887635715243935e-02
0.000000000000000000e+00
2.343681077301876248e-01
1.470516721569218588e-01
7.395887635715243935e-02
2.755516211500082524e-01
0.000000000000000000e+00
1.218477116609848337e-01
0.000000000000000000e+00
1.470516721569218588e-01
3.038021835054662834e-01
0.000000000000000000e+00
0.000000000000000000e+00
3.665657159224050554e-01
0.000000000000000000e+00
0.000000000000000000e+00
7.395887635715243935e-02
2.755516211500082524e-01
4.038889201409529561e-01
3.023764718476850688e-01
1.470516721569218588e-01
0.000000000000000000e+00
3.099799892179986305e-01
1.896452548050385212e-01
4.673815579061531000e-01
0.000000000000000000e+00
0.000000000000000000e+00
0.000000000000000000e+00
0.000000000000000000e+00
1.218477116609848337e-01
1.218477116609848337e-01
0.000000000000000000e+00
0.000000000000000000e+00
1.470516721569218588e-01
0.000000000000000000e+00
7.395887635715243935e-02
3.169781415706277583e-01
1.940310875940560731e-01
5.600837627184789280e-01
4.581940091842557905e-01
2.343681077301876248e-01
7.395887635715243935e-02
7.395887635715243935e-02
4.483554031227484638e-01
0.000000000000000000e+00
3.290061440014032668e-01
1.940310875940560731e-01
7.395887635715243935e-02
1.218477116609848337e-01
5.142178395164033189e-01
1.593140497064167160e-01
1.940310875940560731e-01
7.395887635715243935e-02
2.835175260402829078e-01
0.000000000000000000e+00
3.102686590376476095e-01
1.593140497064167160e-01
1.470516721569218588e-01
0.000000000000000000e+00
5.082764015063249152e-01
0.000000000000000000e+00
0.000000000000000000e+00
1.470516721569218588e-01
3.346912120681281855e-01
1.593140497064167160e-01
7.395887635715243935e-02
7.395887635715243935e-02
0.000000000000000000e+00
0.000000000000000000e+00
4.465695834319365343e-01
1.470516721569218588e-01
0.000000000000000000e+00
0.000000000000000000e+00
3.276739088253331489e-01
0.000000000000000000e+00
0.000000000000000000e+00
2.192350480899930565e-01
1.470516721569218588e-01
0.000000000000000000e+00
2.835175260402829078e-01
2.598607380457735316e-01
4.788976718009551603e-01
1.940310875940560731e-01
0.000000000000000000e+00
3.023764718476850688e-01
0.000000000000000000e+00
4.046180254892142725e-01
0.000000000000000000e+00
7.395887635715243935e-02
1.470516721569218588e-01
2.501827311649991725e-01
2.621782345570332073e-01
0.000000000000000000e+00
4.222184686148378052e-01
3.007555816459452358e-01
1.218477116609848337e-01
7.395887635715243935e-02
4.879917440411414287e-01
2.192350480899930565e-01
4.673815579061531000e-01
0.000000000000000000e+00
0.000000000000000000e+00
7.395887635715243935e-02
2.652571362928495824e-01
0.000000000000000000e+00
1.940310875940560731e-01
7.395887635715243935e-02
7.395887635715243935e-02
3.354726195335845929e-01
1.593140497064167160e-01
7.395887635715243935e-02
7.395887635715243935e-02
6.150336815001513635e-01
3.263219296618433685e-01
2.400531757969125712e-01
7.395887635715243935e-02
3.023764718476850688e-01
1.218477116609848337e-01
7.395887635715243935e-02
3.446970271056379875e-01
3.830011328479608346e-01
3.102686590376476095e-01
4.890138790204663910e-01
5.142178395164033189e-01
7.289342402572255297e-01
2.652571362928495824e-01
2.652571362928495824e-01
6.186053208817752225e-01
3.606765800295215763e-01
4.474224291107747886e-01
1.593140497064167160e-01
0.000000000000000000e+00
4.900685130385326049e-01
7.395887635715243935e-02
0.000000000000000000e+00
2.501827311649991725e-01
0.000000000000000000e+00
2.904610967887865658e-01
0.000000000000000000e+00
7.395887635715243935e-02
7.395887635715243935e-02
0.000000000000000000e+00
8.189785021674924614e-01
8.380046569508970977e-01
7.395887635715243935e-02
0.000000000000000000e+00
7.685705811756183836e-01
6.011286180867284612e-01
3.276739088253331489e-01
5.970621607348131077e-01
4.586130143357717848e-01
4.692565385643162057e-01
2.652571362928495824e-01
5.109343444083837005e-01
5.803684201836624146e-01
3.023764718476850688e-01
3.023764718476850688e-01
0.000000000000000000e+00
0.000000000000000000e+00
1.940310875940560731e-01
7.395887635715243935e-02
0.000000000000000000e+00
1.896452548050385212e-01
1.470516721569218588e-01
7.395887635715243935e-02
1.896452548050385212e-01
0.000000000000000000e+00
1.218477116609848337e-01
0.000000000000000000e+00
0.000000000000000000e+00
1.218477116609848337e-01
1.218477116609848337e-01
1.593140497064167160e-01
4.038889201409529561e-01
7.395887635715243935e-02
0.000000000000000000e+00
1.218477116609848337e-01
4.388423257310462011e-01
3.290061440014032668e-01
8.128006964549602253e-01
3.354726195335845929e-01
2.192350480899930565e-01
3.794140649932773446e-01
3.824738158389276443e-01
1.940310875940560731e-01
1.896452548050385212e-01
1.218477116609848337e-01
4.627877835452044453e-01
7.395887635715243935e-02
7.395887635715243935e-02
0.000000000000000000e+00
0.000000000000000000e+00
0.000000000000000000e+00
4.238959764481325387e-01
0.000000000000000000e+00
1.940310875940560731e-01
2.400531757969125712e-01
0.000000000000000000e+00
1.593140497064167160e-01
0.000000000000000000e+00
0.000000000000000000e+00
3.446970271056379875e-01
4.735593636186854472e-01
0.000000000000000000e+00
3.931173400674719542e-01
7.395887635715243935e-02
2.621782345570332073e-01
0.000000000000000000e+00
2.501827311649991725e-01
7.395887635715243935e-02
5.602337744865568681e-01
2.705954444751192400e-01
0.000000000000000000e+00
7.371888149671491641e-01
2.192350480899930565e-01
0.000000000000000000e+00
1.896452548050385212e-01
1.470516721569218588e-01
2.835175260402829078e-01
7.395887635715243935e-02
2.652571362928495824e-01
6.533223587694144685e-01
5.041016322968921992e-01
4.474224291107747886e-01
8.334108825899482209e-01
4.795008016287640173e-01
7.065728137946509779e-01
6.656779701944793848e-01
4.046180254892142725e-01
5.293055927928292936e-01
5.505706853267765544e-01
7.068637631012303357e-01
7.395887635715243935e-02
0.000000000000000000e+00
7.317767742905878503e-01
2.305400984052101976e-01
3.007555816459452358e-01
1.470516721569218588e-01
6.664962365100917108e-01
2.835175260402829078e-01
7.395887635715243935e-02
6.150336815001513635e-01
3.263219296618433685e-01
4.987633241146225416e-01
7.395887635715243935e-02
4.474224291107747886e-01
7.395887635715243935e-02
0.000000000000000000e+00
7.395887635715243935e-02
7.395887635715243935e-02
3.276739088253331489e-01
2.192350480899930565e-01
0.000000000000000000e+00
0.000000000000000000e+00
0.000000000000000000e+00
2.598607380457735871e-01
3.007555816459452358e-01
0.000000000000000000e+00
7.395887635715243935e-02
2.705954444751192400e-01
0.000000000000000000e+00
0.000000000000000000e+00
3.263219296618433685e-01
5.102794380094245463e-01
7.395887635715243935e-02
0.000000000000000000e+00
0.000000000000000000e+00
0.000000000000000000e+00
0.000000000000000000e+00
2.192350480899930565e-01
3.263219296618433685e-01
4.284897508090811935e-01
7.395887635715243935e-02
0.000000000000000000e+00
0.000000000000000000e+00
1.218477116609848337e-01
3.007555816459452358e-01
7.395887635715243935e-02
2.501827311649991725e-01
0.000000000000000000e+00
0.000000000000000000e+00
0.000000000000000000e+00
0.000000000000000000e+00
1.470516721569218588e-01
2.598607380457735871e-01
0.000000000000000000e+00
0.000000000000000000e+00
2.305400984052101976e-01
2.835175260402829078e-01
7.395887635715243935e-02
3.354726195335845929e-01
5.172967412522195829e-01
0.000000000000000000e+00
3.917696764183420388e-01
0.000000000000000000e+00
0.000000000000000000e+00
7.255989685780555032e-01
7.395887635715243935e-02
3.023764718476850688e-01
7.395887635715243935e-02
1.940310875940560731e-01
1.470516721569218588e-01
3.346912120681281855e-01
2.652571362928495824e-01
7.395887635715243935e-02
3.972701533537633112e-01
0.000000000000000000e+00
0.000000000000000000e+00
0.000000000000000000e+00
0.000000000000000000e+00
0.000000000000000000e+00
0.000000000000000000e+00
0.000000000000000000e+00
7.395887635715243935e-02
3.970145081189007108e-01
7.395887635715243935e-02
7.395887635715243935e-02
0.000000000000000000e+00
7.395887635715243935e-02
3.099799892179986305e-01
3.102686590376476095e-01
0.000000000000000000e+00
0.000000000000000000e+00
2.143721200846532005e-01
1.593140497064167160e-01
0.000000000000000000e+00
0.000000000000000000e+00
5.921428577040593888e-01
0.000000000000000000e+00
0.000000000000000000e+00
1.470516721569218588e-01
4.839445642216347876e-01
0.000000000000000000e+00
0.000000000000000000e+00
6.453933127292957872e-01
6.044984691291241941e-01
3.917696764183420388e-01
6.055723806795992870e-01
5.197925154011269200e-01
5.227087819287807857e-01
7.983683160325041328e-01
6.672274221828371488e-01
3.102686590376476095e-01
2.598607380457735316e-01
2.598607380457735871e-01
2.598607380457735316e-01
3.007555816459452358e-01
2.598607380457735316e-01
3.007555816459452358e-01
2.598607380457735316e-01
3.102686590376476095e-01
2.598607380457735316e-01
3.007555816459452358e-01
3.007555816459452358e-01
2.598607380457735871e-01
4.346675565216134851e-01
6.811842621674102372e-01
5.479127424247176581e-01
9.652829621123607540e-01
2.835175260402829078e-01
3.439679217573766157e-01
4.470969004409697245e-01
3.439679217573766157e-01
2.652571362928495824e-01
0.000000000000000000e+00
7.395887635715243935e-02
6.117501863921316341e-01
0.000000000000000000e+00
1.470516721569218588e-01
7.395887635715243935e-02
1.470516721569218588e-01
0.000000000000000000e+00
0.000000000000000000e+00
7.395887635715243935e-02
0.000000000000000000e+00
1.593140497064167160e-01
7.395887635715243935e-02
3.290061440014032668e-01
6.716711847757078635e-01
2.305400984052101976e-01
0.000000000000000000e+00
4.850754775134875629e-01
6.016559350957617625e-01
7.395887635715243935e-02
1.940310875940560731e-01
7.664938121782270963e-01
3.691718822533135991e-01
5.718582002388761243e-01
0.000000000000000000e+00
2.652571362928495824e-01
4.183213005634089376e-01
1.896452548050385212e-01
0.000000000000000000e+00
1.218477116609848337e-01
3.007555816459452358e-01
1.218477116609848337e-01
7.395887635715243935e-02
2.621782345570332073e-01
1.593140497064167160e-01
7.395887635715243935e-02
7.024717770795096961e-01
7.636512781448646647e-01
4.046180254892142725e-01
4.046180254892142725e-01
7.950330443533341063e-01
6.438092813777120949e-01
6.104916837103528948e-01
4.046180254892142725e-01
6.908819306904162572e-01
4.890138790204663910e-01
3.699009876015749709e-01
3.794140649932773446e-01
2.305400984052101976e-01
7.395887635715243935e-02
7.395887635715243935e-02
1.218477116609848337e-01
7.395887635715243935e-02
4.046180254892142725e-01
6.309609323068399167e-01
0.000000000000000000e+00
2.904610967887865658e-01
6.880393966570537145e-01
7.603160064656947492e-01
7.395887635715243935e-02
4.788976718009551603e-01
9.462568073289561177e-01
2.305400984052101976e-01
1.593140497064167160e-01
7.667847614848065652e-01
6.549063901209981609e-01
2.755884800001643931e-01
5.681973998899010336e-01
0.000000000000000000e+00
7.317767742905878503e-01
1.470516721569218588e-01
3.354726195335845929e-01
7.395887635715243935e-02
2.343681077301876248e-01
2.598607380457735871e-01
3.346912120681281855e-01
3.290061440014032668e-01
0.000000000000000000e+00
7.395887635715243935e-02
1.593140497064167160e-01
0.000000000000000000e+00
0.000000000000000000e+00
1.940310875940560731e-01
0.000000000000000000e+00
7.395887635715243935e-02
0.000000000000000000e+00
2.652571362928495824e-01
3.354726195335845929e-01
1.470516721569218588e-01
1.218477116609848337e-01
0.000000000000000000e+00
1.218477116609848337e-01
4.587406037256976932e-01
2.904610967887865658e-01
0.000000000000000000e+00
2.343681077301876248e-01
2.621782345570332073e-01
1.940310875940560731e-01
1.940310875940560731e-01
1.593140497064167160e-01
7.395887635715243935e-02
2.143721200846532005e-01
2.501827311649991725e-01
7.523523810623506947e-01
7.842614642798532154e-01
7.395887635715243935e-02
1.218477116609848337e-01
5.448684200521272114e-01
3.290061440014033223e-01
3.290061440014033223e-01
3.542101044973403057e-01
3.446970271056379875e-01
3.290061440014032668e-01
3.290061440014033223e-01
3.699009876015749709e-01
3.446970271056379875e-01
3.446970271056379875e-01
3.446970271056379875e-01
3.038021835054662834e-01
3.038021835054662834e-01
3.038021835054662834e-01
3.038021835054662834e-01
3.023764718476850688e-01
3.290061440014033223e-01
3.699009876015749709e-01
3.290061440014033223e-01
3.290061440014033223e-01
3.290061440014033223e-01
3.699009876015749709e-01
4.379093517190724150e-01
4.474224291107747886e-01
4.379093517190724150e-01
4.638099185245292966e-01
5.142178395164033189e-01
5.239672846105595250e-01
5.449964758970637924e-01
5.041016322968921992e-01
6.821871196143264315e-01
6.210076185489713518e-01
7.073910801102634149e-01
6.726740422226240579e-01
6.664962365100918218e-01
7.073910801102634149e-01
7.065728137946509779e-01
7.731643555365671494e-01
8.235722765284411162e-01
8.783721835420356117e-01
8.297500822409736854e-01
8.380046569508970977e-01
9.086972354079544401e-01
8.706449258411450565e-01
8.392631596326758370e-01
8.045461217450364799e-01
8.582893144160804733e-01
8.359278879535056994e-01
1.000000000000000000e+00
9.904869226082978484e-01
6.801103506169350332e-01
8.107239274575689381e-01
8.644671201286129314e-01
7.925160389897768498e-01
8.392631596326758370e-01
7.950330443533341063e-01
8.284915795591948351e-01
7.574734724323325397e-01
8.441824626634294448e-01
7.132433571529908090e-01
7.983683160325041328e-01
8.644671201286128204e-01
8.334108825899484430e-01
8.082069220940113485e-01
8.644671201286128204e-01
8.487762370243782106e-01
8.177199994857137222e-01
8.945903836553034116e-01
8.089381077667567865e-01
7.667847614848066762e-01
8.094654247757899768e-01
8.632086174468341921e-01
7.734898842063721025e-01
3.354726195335845929e-01
2.904610967887865658e-01
2.192350480899930565e-01
2.192350480899930565e-01
7.590575037839161210e-01
7.577990011021373817e-01
8.334108825899484430e-01
7.590575037839161210e-01
7.320677235971672081e-01
7.590575037839161210e-01
8.189785021674924614e-01
6.160883155182176329e-01
6.615769334793381029e-01
7.780836585673208683e-01
9.197943441512402840e-01
9.053619637287845245e-01
8.896710806245496928e-01
7.673120784938398664e-01
8.632086174468339701e-01
8.441824626634294448e-01
7.351120459697576548e-01
9.400790016164238816e-01
8.454409653452081841e-01
8.878852609337378743e-01
8.536955400551318185e-01
3.515258901577804074e-01
6.908819306904162572e-01
7.479603950406299440e-01
8.801580032328474301e-01
7.590575037839161210e-01
7.950330443533341063e-01
6.247831265943076806e-01
4.183213005634089376e-01
4.795008016287640173e-01
4.183213005634089376e-01
5.041016322968921992e-01
3.824738158389275888e-01
6.307763411755362704e-01
5.448684200521271004e-01
6.317791986224524647e-01
7.322695119363952232e-01
7.826774329282691900e-01
6.376314756651797477e-01
7.574734724323325397e-01
5.715326715690710602e-01
5.147451565254365091e-01
7.227564345446930716e-01
7.227564345446931826e-01
5.787671916241541314e-01
7.636512781448647758e-01
7.227564345446931826e-01
6.342962039860097212e-01
6.533223587694144685e-01
6.785263192653514519e-01
8.094654247757899768e-01
5.239672846105596360e-01
5.449964758970637924e-01
7.541382007531624021e-01
7.680432641665853044e-01
7.495444263922137473e-01
7.271484205664136002e-01
6.281183982734773741e-01
3.699009876015749709e-01
3.970145081189007663e-01
9.400790016164238816e-01
9.305659242247215079e-01
8.788995005510686909e-01
8.788995005510686909e-01
7.289342402572255297e-01
5.952763410440011782e-01
8.082069220940113485e-01
6.309609323068399167e-01
4.386059580285923132e-01
1.218477116609848337e-01
0.000000000000000000e+00
4.945885549051898811e-01
1.940310875940560731e-01
0.000000000000000000e+00
0.000000000000000000e+00
5.214502792470020465e-01
2.755516211500082524e-01
6.201893522333589148e-01
5.041016322968921992e-01
2.904610967887865658e-01
7.950330443533342173e-01
7.433666206796815112e-01
7.428393036706482100e-01
5.862905806613321058e-01
3.990912771162919426e-01
4.573757428686432980e-01
3.972701533537633667e-01
6.317791986224524647e-01
6.499870870902444420e-01
5.491712451064965084e-01
7.664938121782270963e-01
5.862905806613321058e-01
6.186053208817752225e-01
8.586148430858853153e-01
7.019444600704766168e-01
7.225546462054648345e-01
8.693864231593665393e-01
7.081222657830089640e-01
5.958036580530344795e-01
6.569831591183894481e-01
5.838882829941357544e-01
5.041016322968921992e-01
7.351120459697578768e-01
4.693845944092528422e-01
5.708553427919598189e-01
5.142178395164033189e-01
7.289342402572255297e-01
6.917001970060286942e-01
8.392631596326758370e-01
7.333262262789458363e-01
7.495444263922137473e-01
7.888552386408017592e-01
7.366614979581160849e-01
9.557698847206584913e-01
7.680432641665851934e-01
8.801580032328474301e-01
8.706449258411450565e-01
7.986938447023091969e-01
7.932472246625223988e-01
8.632086174468341921e-01
7.577990011021373817e-01
9.053619637287845245e-01
9.339011959038915345e-01
8.330853539201434899e-01
7.842614642798531044e-01
8.644671201286128204e-01
8.487762370243782106e-01
8.441824626634294448e-01
8.392631596326757260e-01
8.284915795591948351e-01
6.533223587694144685e-01
6.561648928027767891e-01
6.751910475861815364e-01
6.309609323068399167e-01
7.523523810623505836e-01
8.094654247757899768e-01
7.176353431747113376e-01
6.908819306904162572e-01
8.330853539201434899e-01
7.842614642798531044e-01
8.788995005510686909e-01
8.032876190632578517e-01
8.536955400551318185e-01
7.950330443533341063e-01
9.148750411204867872e-01
9.545113820388795300e-01
7.919887219807434375e-01
8.297500822409734633e-01
7.428393036706482100e-01
9.041034610470055632e-01
8.297500822409733523e-01
8.598733457676641656e-01
6.811842621674103482e-01
6.595001644819468156e-01
9.400790016164238816e-01
4.046180254892142725e-01
8.346693852717270712e-01
6.309609323068399167e-01
7.255989685780555032e-01
7.351120459697578768e-01
6.469427647176538843e-01
5.505706853267765544e-01
8.536955400551318185e-01
6.595001644819468156e-01
7.574734724323325397e-01
6.317791986224523537e-01
5.908843550222807606e-01
6.210076185489713518e-01
5.515735427736926377e-01
6.917001970060286942e-01
5.708553427919600409e-01
5.708553427919598189e-01
6.055723806795992870e-01
4.838169748317088792e-01
5.197925154011269200e-01
4.183213005634089376e-01
4.127053912231354316e-01
4.127053912231354316e-01
2.835175260402829078e-01
3.290061440014033223e-01
2.835175260402829078e-01
3.290061440014033223e-01
2.835175260402829078e-01
3.699009876015749709e-01
3.794140649932773446e-01
3.290061440014033223e-01
3.290061440014033223e-01
3.007555816459452358e-01
2.143721200846532005e-01
2.755516211500082524e-01
3.007555816459452358e-01
2.598607380457735316e-01
2.598607380457735316e-01
3.007555816459452358e-01
9.809738452165955858e-01
9.210528468330192453e-01
7.983683160325041328e-01
8.436551456543963656e-01
7.541382007531625131e-01
8.189785021674924614e-01
6.708882225318121284e-01
8.082069220940114596e-01
7.271484205664136002e-01
8.783721835420355006e-01
7.495444263922137473e-01
5.787671916241541314e-01
7.698290838573971229e-01
3.290061440014032668e-01
6.705972732252326596e-01
7.024717770795096961e-01
7.479603950406299440e-01
8.279642625501616449e-01
9.053619637287845245e-01
8.189785021674924614e-01
8.834932749120175677e-01
8.279642625501616449e-01
7.024717770795096961e-01
8.441824626634294448e-01
9.148750411204867872e-01
7.837341472708198031e-01
7.623927754630860365e-01
3.354726195335845929e-01
3.354726195335845929e-01
3.102686590376476095e-01
3.007555816459452358e-01
3.354726195335845929e-01
2.598607380457735316e-01
2.598607380457735316e-01
3.007555816459452358e-01
2.598607380457735316e-01
3.290061440014033223e-01
3.290061440014033223e-01
3.290061440014033223e-01
3.699009876015749709e-01
2.835175260402829078e-01
4.127053912231354316e-01
3.970145081189007108e-01
3.718105476229637274e-01
3.970145081189007108e-01
4.379093517190724150e-01
3.970145081189007108e-01
3.875014307271984482e-01
4.386059580285923687e-01
7.255989685780555032e-01
5.725893859116215623e-01
6.911728799969956150e-01
6.150336815001513635e-01
7.495444263922139694e-01
7.685705811756184946e-01
5.854377349824938515e-01
7.163768404929325984e-01
6.911728799969956150e-01
5.394218000123403023e-01
7.888552386408017592e-01
5.965348437257800285e-01
1.940310875940560731e-01
4.046180254892142725e-01
5.047047621247009452e-01
3.102686590376476095e-01
4.127053912231354316e-01
4.735593636186854472e-01
1.218477116609848337e-01
1.470516721569218588e-01
3.699009876015749709e-01
3.515258901577804074e-01
3.023764718476850688e-01
5.253667248308395710e-01
6.924313826787741322e-01
2.598607380457735871e-01
3.370935097353243703e-01
2.904610967887865658e-01
2.652571362928495824e-01
6.055723806795992870e-01
4.046180254892142725e-01
7.950330443533342173e-01
3.917696764183420388e-01
4.298219859851513669e-01
4.337212343610643006e-01
7.603160064656947492e-01
2.343681077301876248e-01
2.598607380457735316e-01
5.842138116639408185e-01
7.577990011021373817e-01
3.629940765407812520e-01
4.213656229359996619e-01
5.743752056024333807e-01
7.395887635715243935e-02
4.237679206031957357e-01
5.921428577040593888e-01
7.158495234838992971e-01
6.358456559743679293e-01
1.218477116609848337e-01
8.454409653452081841e-01
6.615769334793381029e-01
5.024241244635974102e-01
3.354726195335845929e-01
5.394218000123403023e-01
5.091485247175717710e-01
1.593140497064167160e-01
5.708553427919600409e-01
3.102686590376476095e-01
6.561648928027767891e-01
4.581940091842557905e-01
5.970621607348131077e-01
7.412898516822902240e-01
5.702004363930007758e-01
5.449964758970637924e-01
8.189785021674923504e-01
8.739801975203149720e-01
3.970145081189007108e-01
3.718105476229637829e-01
2.598607380457735316e-01
1.896452548050385212e-01
8.107239274575689381e-01
7.523523810623505836e-01
5.361383049043205729e-01
7.680432641665851934e-01
8.896710806245496928e-01
7.063882226633472206e-01
8.896710806245498038e-01
7.590575037839161210e-01
4.474224291107747886e-01
3.290061440014032668e-01
7.888552386408017592e-01
7.289342402572254187e-01
4.945885549051898811e-01
8.392631596326758370e-01
3.515258901577804074e-01
4.638099185245292966e-01
4.638099185245292966e-01
5.681973998899010336e-01
7.775563415582876781e-01
7.842614642798531044e-01
8.128006964549602253e-01
8.632086174468341921e-01
8.284915795591947241e-01
8.536955400551318185e-01
8.184511851584592712e-01
7.081222657830088529e-01
8.027603020542244394e-01
9.652829621123607540e-01
9.305659242247212859e-01
8.454409653452081841e-01
8.706449258411450565e-01
7.775563415582875670e-01
8.863358089453797772e-01
8.454409653452081841e-01
7.925160389897768498e-01
8.202370048492710897e-01
5.838882829941357544e-01
7.950330443533341063e-01
9.640244594305821257e-01
8.536955400551318185e-01
6.821871196143264315e-01
7.760068895699294700e-01
8.681279204775876890e-01
7.569807347865247227e-01
8.380046569508970977e-01
7.428393036706482100e-01
6.222661212307499801e-01
8.032876190632578517e-01
8.359278879535058104e-01
4.046180254892142725e-01
4.127053912231354316e-01
