2.600249405561157467e-01
2.782314119030603328e-01
2.782314119030603328e-01
3.769876418912851412e-01
3.769876418912851412e-01
3.474466180365488599e-01
3.995893979723866840e-01
3.995893979723865730e-01
3.667299900370840082e-01
4.692471090957033297e-01
4.805816616034950250e-01
4.880180422315963384e-01
5.017618799099020643e-01
4.766834897238045876e-01
5.017618799099020643e-01
5.197598261402874842e-01
5.084252736324957889e-01
5.006442558832906453e-01
5.916233508084313142e-01
6.826557075431541888e-01
6.098298221553759557e-01
7.289562782939559282e-01
6.665558465039169711e-01
7.767037734956366846e-01
7.516253833095392078e-01
7.070505072552945025e-01
8.292698390383458351e-01
7.778230441449481836e-01
8.428679117835213841e-01
8.029014343310456603e-01
9.749216098139025233e-01
8.041914488522483584e-01
7.633158724897202152e-01
6.734277653430698063e-01
4.778543648733381555e-01
5.470484747541866088e-01
2.054055265152819332e-01
4.689024719745993885e-01
2.600249405561157467e-01
5.374396169429516146e-01
0.000000000000000000e+00
1.128301013995981344e-01
5.199683512568467059e-01
4.585036439383210483e-01
5.665831361035174318e-02
0.000000000000000000e+00
6.353438925168275464e-01
2.167400790230736563e-01
0.000000000000000000e+00
5.665831361035174318e-02
3.022024138835512352e-01
1.128301013995981344e-01
0.000000000000000000e+00
9.462363005265353455e-02
0.000000000000000000e+00
0.000000000000000000e+00
3.459198062146260355e-01
5.665831361035174318e-02
5.798153795659414245e-01
7.782039597560984623e-01
0.000000000000000000e+00
0.000000000000000000e+00
5.877671411870378781e-01
4.371260561985617077e-01
0.000000000000000000e+00
6.458067477229071374e-01
5.300395148048967497e-01
5.665831361035174318e-02
7.074314228664448923e-01
5.665831361035174318e-02
6.008370306333115085e-01
0.000000000000000000e+00
5.500641839719460080e-01
2.511253896047573320e-01
6.138564386976568255e-01
7.340099993130041467e-01
7.235845457152647597e-01
7.927111314113264307e-01
8.292698390383458351e-01
7.191219120466260106e-01
7.664884916371564882e-01
8.770173342400267025e-01
7.258480659526487244e-01
6.321962523081524621e-01
5.656358617122815291e-01
8.008730647716818529e-01
8.725547005713877313e-01
8.146169024499876343e-01
8.543482292244430898e-01
8.214888212891405805e-01
8.211079056779903018e-01
8.692363164908213369e-01
7.995830502504793769e-01
8.004921491605315742e-01
8.017821636817342723e-01
7.709511253057952374e-01
8.292698390383458351e-01
7.973195300130955232e-01
8.328233737969322759e-01
8.032823499421959390e-01
7.999639658616297666e-01
7.733604104763094345e-01
7.904476111739425770e-01
7.265469931234417311e-01
6.725186664330173869e-01
7.700420263957429290e-01
8.146169024499876343e-01
8.328233737969322759e-01
8.614552987416163043e-01
8.008730647716818529e-01
7.973195300130954122e-01
7.193570627246460569e-01
5.911499320737332308e-01
8.199886350286788028e-01
7.859849775053036058e-01
7.083405217764972006e-01
9.498432196278050466e-01
7.640792064666424022e-01
7.826665934247374334e-01
8.214888212891408026e-01
8.008730647716818529e-01
8.319142748868800785e-01
7.973195300130954122e-01
8.214888212891408026e-01
6.822196904167964204e-01
8.255705393466290509e-01
9.238557305316553725e-01
7.700420263957429290e-01
8.283607401282934157e-01
8.874427878377662005e-01
7.904476111739423549e-01
7.778230441449481836e-01
8.324424581857818861e-01
7.919477974344043547e-01
6.207283575368096606e-01
6.454258321117568586e-01
7.358281971331087634e-01
5.916233508084313142e-01
5.911499320737332308e-01
6.121715831411033149e-01
5.497711513510642467e-01
5.017618799099019533e-01
8.996864392556100931e-01
8.142359868388373556e-01
8.004921491605315742e-01
8.727898512494079997e-01
9.429713007886521003e-01
8.554924788125157775e-01
7.993728785112200752e-01
7.196750742842888959e-01
7.486629359013622365e-01
7.871292270933761825e-01
7.739764767654799815e-01
5.266317449794404304e-01
4.584770183768599461e-01
6.272193607648122171e-01
3.117296603850998049e-01
5.946390600261906023e-01
2.444901241982460616e-01
3.894664439871494133e-01
2.600249405561157467e-01
1.502901704247328329e-01
6.462427648492650167e-01
6.223618860608224335e-01
7.417910170622092902e-01
5.313029037646384012e-01
7.757946745855843762e-01
6.195716852791580687e-01
3.667299900370839527e-01
7.895385122638901576e-01
7.280471793839035088e-01
3.849364613840285942e-01
4.902188022855512028e-01
7.960295154918928251e-01
6.843814022397111119e-01
4.333986281907624694e-01
6.684758527384906390e-01
6.247711712313366306e-01
0.000000000000000000e+00
4.259622475626611560e-01
6.916342366900144478e-01
5.956499673507121839e-01
7.150416967437588367e-01
7.003887601554008580e-01
6.384617471000599842e-01
5.846589288457306743e-01
7.062871732783724266e-01
8.032823499421960500e-01
3.960765865868209334e-01
8.506489295327265276e-01
9.351902830394469568e-01
4.892564415659165777e-01
1.502901704247328329e-01
6.745720149311422720e-01
6.802996841822226415e-01
5.357921629947383080e-01
6.353438925168275464e-01
8.393143770249348323e-01
2.456841980642379131e-01
4.698381964461127991e-01
7.040880598471175311e-01
6.107921828750106918e-01
3.561101091343452096e-01
7.340099993130042577e-01
6.985061555291671720e-01
6.649223179799040873e-01
2.707625882503353898e-01
6.754561349024335026e-01
0.000000000000000000e+00
6.643567330726619646e-01
3.957472754758927236e-01
4.268398126236316314e-01
8.285958908063137951e-01
6.654115969158443944e-01
5.142673075672273830e-01
6.020488044061707011e-01
7.964104311030431038e-01
7.566791043285875373e-01
8.406043915461375304e-01
8.223979201991927779e-01
7.930920470224768204e-01
8.328233737969322759e-01
7.486629359013622365e-01
8.727898512494079997e-01
6.353438925168275464e-01
9.462363005265353455e-02
4.159571374434400393e-01
0.000000000000000000e+00
2.418184692091711330e-01
7.995830502504791548e-01
1.502901704247328329e-01
2.963302573723731181e-01
4.077557762157165699e-01
5.665831361035174318e-02
2.349465503700182700e-01
1.128301013995981344e-01
5.569610817498599209e-01
4.765643503521354574e-01
7.986739513404271795e-01
3.449744288145272786e-01
5.996927810452390428e-01
2.054055265152819332e-01
2.167400790230736563e-01
4.788842497777594520e-01
4.242648357369256940e-01
5.277227327579305793e-01
7.198852460235480866e-01
4.259622475626611560e-01
6.605930265748163333e-01
6.763902127512467777e-01
5.799861234378326236e-01
7.089316091269066700e-01
7.709511253057953484e-01
7.527446539588507068e-01
8.131167161895258566e-01
6.968726270051543992e-01
5.944683161542995142e-01
6.580503991407511410e-01
7.062871732783723155e-01
6.453336659392128194e-01
1.128301013995981344e-01
2.349465503700182700e-01
2.963302573723731181e-01
5.665831361035174318e-02
4.008838573765637348e-01
6.327873396585619314e-01
1.128301013995981344e-01
0.000000000000000000e+00
9.462363005265353455e-02
2.054055265152819332e-01
1.684966417716774190e-01
2.236377142481457969e-01
6.578657298446592971e-01
4.642313131894014178e-01
7.187659753742365876e-01
3.022024138835512352e-01
0.000000000000000000e+00
3.563045364393445102e-01
3.235953383201464750e-01
0.000000000000000000e+00
1.872247715542565694e-01
0.000000000000000000e+00
6.098298221553759557e-01
5.424289311558709858e-01
5.725077805514344753e-01
4.968365928667839437e-01
7.458727351196977606e-01
7.835756923347896308e-01
8.268605538678317490e-01
7.772948608460461539e-01
7.082071795129460945e-01
8.838892530791796487e-01
7.187409964354755099e-01
6.942786725385485802e-01
8.647736828221826988e-01
8.437770106935738035e-01
8.179352865305540288e-01
8.328233737969322759e-01
6.648849163715638833e-01
7.930920470224767094e-01
7.304564645544175949e-01
0.000000000000000000e+00
3.769876418912851412e-01
2.412215643955990529e-01
3.977348058952532295e-01
0.000000000000000000e+00
3.302965132874081111e-01
6.083828977044964947e-01
0.000000000000000000e+00
0.000000000000000000e+00
2.444901241982460616e-01
5.665831361035174318e-02
0.000000000000000000e+00
5.755234897691937634e-01
2.236377142481457969e-01
6.762568704876957826e-01
7.449636362096454523e-01
4.542088120132204421e-01
5.682706553188906495e-01
5.907142518983790058e-01
5.376103608148429247e-01
5.761534814825649553e-01
5.130964324176937597e-01
5.638080216502517894e-01
2.418184692091711330e-01
2.265686278072409909e-01
4.551852598577547093e-01
4.473368931740676069e-01
0.000000000000000000e+00
1.872247715542565694e-01
1.684966417716774190e-01
6.058402702704315246e-01
2.054312429012011554e-01
2.889690595972799758e-01
6.349082123414733214e-01
6.268245197294612936e-01
7.620508369072787058e-01
7.596165727980036531e-01
7.264136508598908470e-01
7.340099993130042577e-01
8.393143770249348323e-01
6.856714167609138100e-01
6.316430900704894658e-01
4.417440970422558677e-01
5.984027665240363447e-01
6.479684595458218288e-01
7.564439536505673800e-01
5.280111452455330534e-01
4.948899610707491181e-01
7.631701075565899828e-01
5.952301473766002937e-01
4.668224872283532889e-01
6.838532189408091932e-01
7.271380804738513115e-01
6.652658319827141620e-01
6.812087830922750609e-01
6.901340504295525591e-01
6.648849163715637722e-01
5.630446876733296024e-01
5.424289311558709858e-01
5.575521691002693903e-01
3.748963682804139497e-01
7.380917173704925061e-01
8.190795361186266055e-01
4.005658458169209513e-01
2.707625882503353898e-01
6.502693813915459975e-01
7.258480659526486134e-01
3.241879284251773519e-01
0.000000000000000000e+00
3.674727899582194701e-01
3.140474497833774525e-01
2.799939679820830363e-01
5.655433585887337244e-01
7.300755489432673162e-01
5.790770245277804262e-01
5.989683514312785784e-01
3.140474497833774525e-01
5.729434607267885893e-01
6.050645136239302113e-01
4.417440970422558677e-01
6.513118225651494120e-01
8.181704372085742971e-01
7.080225102168543616e-01
3.140474497833774525e-01
6.308812588481886863e-01
8.133268879287851583e-01
7.049971587571697285e-01
6.898160388699098311e-01
5.895024781255198132e-01
4.884021072200681046e-01
5.989309498229382633e-01
5.701906615534643175e-01
7.373283833935705411e-01
1.502901704247328329e-01
5.665831361035174318e-02
6.277336186395136020e-01
6.015109788653435485e-01
4.683380101856510214e-01
4.538058595916620308e-01
6.719275790826079175e-01
2.928272039957150463e-01
6.145808683116172899e-01
8.029014343310456603e-01
8.324424581857819971e-01
3.769876418912851412e-01
4.880446677930573851e-01
7.378815456312334264e-01
7.745046600643817891e-01
4.060583643899811079e-01
7.083405217764970896e-01
8.372860074655712470e-01
6.379239215592328316e-01
5.464022858885695388e-01
7.826665934247372114e-01
7.453445518207959530e-01
8.181704372085742971e-01
6.308812588481886863e-01
7.328124879153493643e-01
8.008730647716818529e-01
7.308762845285295962e-01
9.567151384669579928e-01
9.056492591847107310e-01
6.925433356000665341e-01
6.349082123414733214e-01
6.271271945922681779e-01
8.838892530791796487e-01
9.498432196278050466e-01
7.698318546564838494e-01
8.319142748868800785e-01
8.073640679996844094e-01
8.432488273946717738e-01
7.677785061583590753e-01
8.190795361186267165e-01
8.304140886264183008e-01
5.511834546212573960e-01
7.904476111739423549e-01
7.575882032386399567e-01
4.159571374434400393e-01
4.333986281907624694e-01
6.823530326803473045e-01
8.155260013600398317e-01
4.880180422315963384e-01
4.372968000704529068e-01
4.526426324236895726e-01
5.665831361035174318e-02
5.833045075183990180e-01
4.949165866322102203e-01
5.665831361035174318e-02
5.006442558832906453e-01
2.946469045704410150e-01
5.474293903653368876e-01
1.502901704247328329e-01
2.418184692091711330e-01
2.600249405561157467e-01
6.058028686620912096e-01
1.128301013995981344e-01
4.623751902565504390e-01
2.349465503700182700e-01
5.335036638185933766e-01
6.925433356000665341e-01
7.049971587571698395e-01
6.029579033162230095e-01
7.518355550487982875e-01
7.883942626758176919e-01
6.008370306333115085e-01
6.754811138411944693e-01
4.083202380046649926e-01
5.987836821351868455e-01
3.223682278504513832e-01
2.412215643955990529e-01
1.910647840234040440e-01
6.907251377799621395e-01
5.665831361035174318e-02
3.449744288145272786e-01
7.514920410459882127e-01
2.511253896047573320e-01
3.667299900370840082e-01
4.880446677930573851e-01
8.223979201991926669e-01
3.849364613840285942e-01
7.782039597560984623e-01
3.656530893834934459e-01
5.179431310748044970e-01
6.898160388699098311e-01
3.423943997721219934e-01
7.757946745855843762e-01
3.575989958435216165e-01
3.423943997721219934e-01
4.040520316410254331e-01
3.856792613051641117e-01
2.958409784364328110e-01
3.745110077862890963e-01
1.128301013995981344e-01
6.717568352107167184e-01
2.782314119030603328e-01
5.665831361035174318e-02
3.956956709756705992e-01
7.668694072483067670e-01
7.139224260944474487e-01
3.449699839315528149e-01
8.874427878377662005e-01
6.492584740670245269e-01
5.705715771646145962e-01
0.000000000000000000e+00
2.418184692091711330e-01
4.689024719745993885e-01
1.128301013995981344e-01
0.000000000000000000e+00
0.000000000000000000e+00
3.485029846343527526e-01
0.000000000000000000e+00
1.803528527151037064e-01
9.462363005265353455e-02
4.596478935263934584e-01
2.600249405561157467e-01
0.000000000000000000e+00
8.008730647716818529e-01
7.271380804738513115e-01
0.000000000000000000e+00
1.128301013995981344e-01
2.721440985437744153e-01
1.252117802386353285e-01
0.000000000000000000e+00
8.077449836108347991e-01
5.434024368720522524e-01
5.665831361035174318e-02
0.000000000000000000e+00
2.799939679820829808e-01
4.854646387506520999e-01
1.508118288603673973e-01
6.916342366900143368e-01
6.734277653430696953e-01
1.508118288603673973e-01
1.128301013995981344e-01
8.805708689986132542e-01
8.032823499421959390e-01
7.219136155829117829e-01
7.074314228664447812e-01
7.089316091269065589e-01
7.382374823036227385e-01
5.665831361035174318e-02
9.158395621044298496e-01
6.383692439765121796e-01
2.958409784364328110e-01
6.689651316744308351e-01
1.684966417716774190e-01
4.410196674282953477e-01
3.894664439871494133e-01
7.599974884091539318e-01
6.308812588481886863e-01
4.632689524697667927e-01
3.241879284251774074e-01
1.128301013995981344e-01
1.684966417716774190e-01
1.128301013995981344e-01
2.418184692091711330e-01
4.623751902565503835e-01
7.369474677824201514e-01
1.502901704247328329e-01
1.684966417716774190e-01
6.058028686620912096e-01
6.024844845815249261e-01
1.128301013995981344e-01
2.418184692091711330e-01
5.470484747541866088e-01
2.595868804492620363e-01
6.444399037259964658e-01
7.196750742842888959e-01
4.410196674282953477e-01
2.236377142481457969e-01
4.852294880726318871e-01
6.831287893268486178e-01
5.647420994990651755e-01
3.743165804812898512e-01
7.677785061583590753e-01
7.150416967437589477e-01
7.733604104763094345e-01
7.082071795129460945e-01
6.422532129643205856e-01
4.949165866322102203e-01
7.918020325012742333e-01
8.659179324102550535e-01
3.494326176001916751e-01
6.561303929061774731e-01
6.605930265748163333e-01
4.486160158814087029e-01
5.324737789141719135e-01
4.691137668321521681e-01
6.831287893268487288e-01
8.086540825208871075e-01
1.803528527151037064e-01
6.637656457222524953e-01
7.850758785952514085e-01
5.665831361035174318e-02
2.349465503700182700e-01
6.126747875012441558e-01
5.325413030989586405e-01
2.418184692091711330e-01
6.608031983140754129e-01
6.446500754652555454e-01
4.584770183768599461e-01
4.083202380046649926e-01
6.349082123414734324e-01
3.449744288145272231e-01
6.680560327643786378e-01
1.502901704247328329e-01
5.682706553188906495e-01
6.240093400090358511e-01
6.756912855804536600e-01
4.083202380046649926e-01
5.665831361035174318e-02
2.396700511025965374e-01
5.017618799099020643e-01
3.995893979723866840e-01
4.410196674282953477e-01
2.511253896047573320e-01
9.462363005265353455e-02
3.337027803582430785e-01
3.787792141499286003e-01
4.401514076582462853e-01
2.349465503700182700e-01
6.894351232587594414e-01
4.844378712248884611e-01
2.054055265152819332e-01
1.502901704247328329e-01
7.882484977426876815e-01
8.761082353299745051e-01
5.768779110965254198e-01
2.903912932637399136e-01
7.369724467211810071e-01
6.197174502122881901e-01
3.140474497833774525e-01
4.835554085629574783e-01
8.008730647716818529e-01
4.824377845363460593e-01
3.459198062146260355e-01
6.641215823946416963e-01
6.753477715776435852e-01
7.640792064666424022e-01
5.755234897691937634e-01
6.823530326803475266e-01
7.709511253057952374e-01
6.264436041183110149e-01
7.518355550487985095e-01
9.101118928533495911e-01
3.743165804812898512e-01
4.683380101856510214e-01
5.443489373904447648e-01
5.497711513510642467e-01
3.561101091343452096e-01
4.177958693193312700e-01
8.032823499421960500e-01
3.403395485193757564e-01
5.130964324176937597e-01
7.005595040272920571e-01
5.216424307665211701e-01
3.223682278504513832e-01
3.587811705443404997e-01
5.326584482102636464e-01
5.757586404472140318e-01
5.084252736324958999e-01
5.580553734604103422e-01
5.788418738497602689e-01
7.265469931234419532e-01
8.068358847007826018e-01
8.223979201991927779e-01
8.692363164908214479e-01
8.199886350286786918e-01
8.725547005713877313e-01
8.701454154008737563e-01
7.596165727980036531e-01
7.308762845285295962e-01
6.649223179799040873e-01
8.248072053697069750e-01
5.073953887280744368e-01
7.527446539588507068e-01
6.604596843112652271e-01
8.952238055869713440e-01
4.040520316410254331e-01
7.709511253057952374e-01
8.656827817322350072e-01
4.438240817885019673e-01
5.084252736324958999e-01
5.365305180328994172e-01
8.017821636817342723e-01
6.308812588481886863e-01
5.462176165924776949e-01
7.927111314113264307e-01
8.146169024499876343e-01
7.094597924258085886e-01
5.839344992317700989e-01
8.004921491605315742e-01
5.987836821351867345e-01
6.197174502122881901e-01
6.899633065576614710e-01
5.060159884619818138e-01
5.114895294551420335e-01
7.447534644703863727e-01
3.128533759173856010e-01
2.895088199151487074e-01
6.021409705787147404e-01
4.205655360452089653e-01
0.000000000000000000e+00
1.910647840234040440e-01
6.880807019314278961e-01
6.492584740670245269e-01
8.814799679086654516e-01
7.086964584488865126e-01
8.865336889277137811e-01
5.563812939507358779e-01
8.692363164908214479e-01
8.632734965617208100e-01
7.152124406156501468e-01
8.064549690896322121e-01
7.020596902877538348e-01
8.987773403455578958e-01
7.782039597560984623e-01
7.635510231677404835e-01
7.226754468052124514e-01
5.517101351655379071e-01
8.064549690896322121e-01
8.692363164908214479e-01
7.590883894991017344e-01
5.175074508994502720e-01
5.630446876733296024e-01
8.692363164908214479e-01
6.925433356000666452e-01
1.128301013995981344e-01
7.254671503414983347e-01
8.761082353299745051e-01
5.246927611649668810e-01
6.232709849708747418e-01
7.593235401771217807e-01
6.907251377799621395e-01
4.653489372160127813e-01
5.315646800041196052e-01
8.181704372085742971e-01
7.575882032386399567e-01
5.826305592863669780e-01
5.950843824434700613e-01
5.199683512568467059e-01
3.449744288145272786e-01
8.223979201991927779e-01
5.379662974872322367e-01
6.968726270051545102e-01
6.812087830922750609e-01
6.775094834005581657e-01
5.584612680103216986e-01
9.307276493708083187e-01
7.154226123549092264e-01
3.492663186112748841e-01
7.369474677824200404e-01
6.561303929061774731e-01
6.002209643441409614e-01
6.028654001926753159e-01
5.237331808729860372e-01
6.985061555291672830e-01
5.857137926889131041e-01
6.334612878905939715e-01
5.034359594195765286e-01
7.527446539588504848e-01
8.545833799024634692e-01
4.871089433215440301e-01
8.259514549577793296e-01
8.506489295327265276e-01
8.987773403455578958e-01
7.557700054185354510e-01
8.053356984403208241e-01
6.580503991407511410e-01
6.684758527384905280e-01
7.859849775053038279e-01
6.201627726295676490e-01
3.423943997721219934e-01
3.814236499984629547e-01
6.327873396585619314e-01
7.232036301041142590e-01
7.232036301041143700e-01
3.964212237079248746e-01
4.377171435489711770e-01
4.301068696716572326e-01
5.056600517895925018e-01
4.833468834463983121e-01
3.995893979723866840e-01
5.632798383513498708e-01
8.396952926360852221e-01
6.829441200307568849e-01
6.422532129643206966e-01
9.316367482808604050e-01
8.068358847007824908e-01
5.357139222463949135e-01
8.315333592757297998e-01
7.551789180681257596e-01
6.393708460101121815e-01
8.032823499421960500e-01
9.178929106025548457e-01
6.366339070380301335e-01
6.327873396585619314e-01
9.203021957730688207e-01
5.261050644351599193e-01
1.000000000000000000e+00
7.070505072552945025e-01
4.259622475626612670e-01
6.396592584977147666e-01
7.152124406156501468e-01
6.644492361962096583e-01
4.622044463846592399e-01
6.680560327643786378e-01
4.740656794367313354e-01
6.838532189408090822e-01
4.181812298134560124e-01
7.256378942133895338e-01
7.713320409169456271e-01
5.517101351655377961e-01
3.198960386284298019e-01
5.705715771646145962e-01
6.751631022815517413e-01
2.889690595972799758e-01
5.641889372614020681e-01
6.587748287547117165e-01
2.412215643955990529e-01
4.835554085629573673e-01
6.572746424942499388e-01
5.078985930882152777e-01
5.133582086571750747e-01
8.248072053697068640e-01
3.830333227020084053e-01
7.235845457152647597e-01
8.612201480635961470e-01
8.324424581857819971e-01
7.085506935157562802e-01
7.244936446253170681e-01
5.984027665240363447e-01
5.948742107042108707e-01
7.519813199819285199e-01
6.862625041113232793e-01
6.483493751569723296e-01
3.957472754758927236e-01
6.692002823524511035e-01
7.458727351196977606e-01
8.328233737969324979e-01
4.886746595064284659e-01
8.268605538678317490e-01
6.349082123414734324e-01
8.441579263047240822e-01
7.207943449336002839e-01
3.951941132382297828e-01
5.907142518983790058e-01
3.327936814481907701e-01
7.713320409169455161e-01
7.802573082542233474e-01
6.134755230865064357e-01
6.324064240474115417e-01
8.186986205074763268e-01
8.579017639830297526e-01
5.263776167215202806e-01
2.265686278072409909e-01
1.725461185799792851e-01
6.080269610321072937e-01
5.554988206021446162e-01
1.502901704247328329e-01
8.683272175807692506e-01
5.755234897691938745e-01
2.309125855088571266e-01
5.839344992317700989e-01
6.138564386976568255e-01
4.833468834463982566e-01
2.790833663174092094e-01
7.107498069470112867e-01
5.616089082189968940e-01
4.805816616034950250e-01
5.037085117059368899e-01
3.826773860296190377e-01
2.054312429012012109e-01
2.600249405561157467e-01
2.991095382390798751e-01
1.128301013995981344e-01
2.600249405561157467e-01
6.743368642531220036e-01
5.150430642137285853e-01
5.393456977533248597e-01
4.780390341694298884e-01
4.698115708846516414e-01
1.502901704247328329e-01
5.006442558832906453e-01
8.474763103852904766e-01
4.177958693193312700e-01
6.825632044196064951e-01
7.804674799934824270e-01
8.041914488522481363e-01
8.259514549577793296e-01
8.041914488522483584e-01
8.179352865305540288e-01
8.068358847007826018e-01
7.778230441449481836e-01
6.572496635554887501e-01
8.372860074655711360e-01
8.369050918544207462e-01
7.964104311030431038e-01
7.919477974344043547e-01
8.211079056779903018e-01
8.510298451438770284e-01
9.011866255160718708e-01
7.384726329816427848e-01
8.122076172794736593e-01
8.372860074655712470e-01
8.506489295327267497e-01
8.757273197188240044e-01
8.073640679996844094e-01
6.372499733272007916e-01
5.497711513510642467e-01
5.688867216080610856e-01
5.870931929550058381e-01
5.826305592863669780e-01
5.324737789141719135e-01
5.826305592863669780e-01
6.121715831411033149e-01
5.679776226980088882e-01
5.448382163263850719e-01
5.084252736324957889e-01
9.110209917634016774e-01
8.017821636817342723e-01
9.316367482808604050e-01
8.155260013600400537e-01
8.248072053697069750e-01
8.223979201991927779e-01
7.733604104763094345e-01
8.017821636817341613e-01
9.453805859591662974e-01
9.680496909747495771e-01
4.871089433215440301e-01
9.307276493708083187e-01
8.701454154008737563e-01
7.265469931234418421e-01
7.997288151836093872e-01
7.802573082542233474e-01
8.086540825208868855e-01
8.838892530791794266e-01
8.701454154008738673e-01
7.822856778135869327e-01
7.516253833095392078e-01
6.781930738745154397e-01
5.006442558832906453e-01
7.449636362096454523e-01
8.406043915461375304e-01
8.987773403455578958e-01
7.640792064666424022e-01
7.062871732783724266e-01
5.875963973151465680e-01
6.901340504295526701e-01
8.133268879287851583e-01
8.214888212891405805e-01
7.826665934247374334e-01
8.874427878377662005e-01
6.680560327643786378e-01
7.447534644703862616e-01
7.514920410459882127e-01
9.011866255160720929e-01
8.223979201991927779e-01
8.110633676914013046e-01
9.056492591847107310e-01
6.571413002306989437e-01
8.588108628930820609e-01
7.445827205984950625e-01
8.579017639830297526e-01
8.874427878377662005e-01
8.939337910657686459e-01
6.936626062493780331e-01
8.077449836108347991e-01
8.588108628930820609e-01
9.316367482808605160e-01
7.964104311030431038e-01
8.223979201991929999e-01
7.928568963444565521e-01
8.796617700885609459e-01
8.952238055869712330e-01
9.229466316216031752e-01
6.957159547475029182e-01
7.562981887174372586e-01
7.380917173704925061e-01
7.195417320207379008e-01
6.058028686620912096e-01
6.672942015420779693e-01
4.473368931740676069e-01
3.745110077862890963e-01
4.202725034243272040e-01
3.769876418912851412e-01
3.292401466896042184e-01
3.474466180365488044e-01
4.202725034243272040e-01
3.310598472643302426e-01
3.423943997721219934e-01
2.707625882503353898e-01
2.456841980642379131e-01
2.889690595972799758e-01
6.656467475938645517e-01
8.952238055869713440e-01
6.310520027200798854e-01
9.611777721355967419e-01
8.181704372085742971e-01
8.919054215064049496e-01
7.167126268761117025e-01
8.623643976516685017e-01
8.179352865305542508e-01
6.762568704876957826e-01
7.826665934247374334e-01
7.232036301041143700e-01
7.997288151836094983e-01
7.704229420068934298e-01
9.271741146122217669e-01
2.167400790230736563e-01
2.600249405561157467e-01
2.349465503700182700e-01
2.054055265152819332e-01
2.054055265152819332e-01
2.167400790230736563e-01
2.054055265152819332e-01
2.349465503700182700e-01
2.349465503700182700e-01
2.600249405561157467e-01
2.349465503700182700e-01
2.054055265152819332e-01
2.600249405561157467e-01
2.412215643955990529e-01
2.594280357425436390e-01
3.492663186112748841e-01
2.946469045704410705e-01
2.946469045704410150e-01
3.474466180365488599e-01
3.145872101012461841e-01
4.020660320773826180e-01
3.656530893834934459e-01
3.327936814481907701e-01
3.519092517051877200e-01
3.769876418912851412e-01
4.291304218271229098e-01
7.540346684800534049e-01
7.053780743683201182e-01
3.330850674463725070e-01
2.600249405561157467e-01
1.128301013995981344e-01
5.665831361035174318e-02
1.803528527151037064e-01
2.236377142481457969e-01
3.330850674463725070e-01
2.444901241982460616e-01
1.128301013995981344e-01
4.291304218271229098e-01
4.542088120132203866e-01
6.822196904167965315e-01
3.995893979723866840e-01
2.054312429012012109e-01
4.880180422315962274e-01
5.532742047277222630e-01
3.674727899582194701e-01
1.684966417716774190e-01
4.291304218271229098e-01
6.128455313731353549e-01
6.640132190698517789e-01
2.418184692091711330e-01
2.054312429012012109e-01
5.933490455049881263e-01
2.782314119030603328e-01
7.584973021486921541e-01
6.713211550353626045e-01
6.379239215592328316e-01
4.805816616034950250e-01
8.545833799024634692e-01
