7.633158724897201042e-01
6.734277653430695842e-01
4.778543648733381000e-01
5.470484747541864978e-01
2.054055265152819054e-01
4.689024719745992775e-01
2.594280357425435835e-01
2.600249405561157467e-01
5.374396169429516146e-01
0.000000000000000000e+00
1.128301013995981067e-01
5.199683512568465948e-01
4.585036439383209927e-01
5.665831361035173624e-02
0.000000000000000000e+00
6.353438925168274354e-01
2.167400790230736285e-01
0.000000000000000000e+00
5.665831361035173624e-02
3.022024138835511797e-01
1.128301013995981067e-01
0.000000000000000000e+00
9.462363005265352067e-02
0.000000000000000000e+00
0.000000000000000000e+00
3.459198062146259800e-01
5.665831361035173624e-02
5.798153795659414245e-01
7.782039597560983513e-01
0.000000000000000000e+00
0.000000000000000000e+00
5.877671411870377671e-01
4.371260561985616522e-01
0.000000000000000000e+00
6.458067477229071374e-01
5.300395148048966387e-01
5.665831361035173624e-02
7.074314228664447812e-01
5.665831361035173624e-02
6.008370306333113975e-01
0.000000000000000000e+00
5.500641839719460080e-01
2.511253896047572765e-01
6.370148226491804122e-01
6.822196904167963094e-01
7.020596902877537238e-01
7.049971587571696174e-01
7.417910170622091792e-01
6.138564386976567144e-01
7.340099993130040357e-01
7.235845457152646487e-01
7.927111314113263196e-01
8.292698390383456131e-01
7.191219120466258996e-01
7.664884916371562662e-01
8.770173342400265915e-01
7.258480659526485024e-01
6.321962523081523511e-01
5.656358617122814181e-01
8.008730647716817419e-01
8.725547005713877313e-01
8.146169024499875233e-01
8.543482292244430898e-01
7.635510231677403725e-01
7.886294133538378492e-01
6.543121950860727454e-01
7.089316091269065589e-01
6.712286519118147998e-01
7.522164706599485662e-01
8.062447973503729104e-01
7.733604104763092124e-01
8.214888212891404695e-01
8.211079056779901908e-01
8.692363164908213369e-01
7.995830502504792658e-01
8.004921491605314632e-01
8.017821636817341613e-01
7.709511253057951263e-01
8.292698390383456131e-01
7.973195300130951901e-01
8.328233737969320538e-01
8.032823499421958280e-01
7.999639658616295446e-01
7.733604104763092124e-01
7.904476111739424660e-01
7.265469931234416201e-01
6.725186664330172759e-01
7.700420263957430400e-01
8.146169024499875233e-01
8.328233737969321648e-01
8.614552987416161933e-01
8.008730647716817419e-01
7.973195300130951901e-01
7.193570627246459459e-01
7.083405217764970896e-01
9.498432196278050466e-01
7.640792064666422911e-01
7.826665934247371004e-01
8.214888212891404695e-01
8.008730647716817419e-01
8.319142748868799675e-01
7.973195300130951901e-01
8.214888212891405805e-01
6.822196904167963094e-01
8.255705393466289399e-01
9.238557305316552615e-01
7.700420263957428180e-01
8.283607401282934157e-01
8.874427878377658674e-01
7.904476111739424660e-01
7.778230441449480725e-01
8.324424581857818861e-01
7.919477974344042437e-01
8.996864392556099821e-01
8.142359868388372446e-01
8.004921491605314632e-01
8.727898512494079997e-01
9.429713007886519893e-01
8.554924788125156665e-01
7.993728785112199642e-01
7.196750742842887849e-01
7.486629359013621254e-01
7.871292270933760715e-01
7.739764767654798705e-01
5.946390600261906023e-01
2.444901241982460338e-01
3.894664439871493578e-01
2.600249405561157467e-01
1.502901704247328052e-01
6.462427648492649057e-01
6.223618860608224335e-01
7.417910170622091792e-01
5.313029037646382902e-01
7.757946745855842652e-01
6.195716852791579576e-01
3.667299900370839527e-01
7.895385122638900466e-01
7.280471793839033978e-01
3.849364613840285387e-01
4.902188022855512028e-01
7.960295154918927141e-01
6.843814022397110008e-01
4.333986281907624138e-01
6.684758527384904170e-01
6.247711712313364085e-01
0.000000000000000000e+00
4.259622475626611005e-01
6.916342366900142258e-01
5.956499673507120729e-01
7.003887601554007469e-01
6.384617471000598732e-01
5.846589288457305633e-01
7.062871732783723155e-01
8.032823499421959390e-01
3.960765865868209890e-01
8.506489295327264166e-01
9.351902830394467347e-01
4.892564415659165777e-01
1.502901704247328052e-01
6.745720149311421610e-01
6.802996841822225305e-01
5.357921629947381970e-01
6.353438925168274354e-01
8.393143770249347213e-01
2.456841980642378576e-01
4.698381964461126881e-01
7.040880598471174201e-01
6.107921828750105808e-01
3.561101091343451541e-01
7.340099993130040357e-01
6.985061555291670610e-01
6.649223179799039762e-01
2.707625882503353343e-01
6.754561349024333916e-01
0.000000000000000000e+00
6.643567330726618536e-01
3.957472754758926681e-01
4.268398126236315204e-01
8.285958908063136841e-01
6.654115969158442834e-01
5.142673075672272720e-01
6.020488044061707011e-01
7.964104311030429928e-01
7.566791043285874263e-01
8.406043915461374194e-01
8.223979201991926669e-01
7.930920470224765984e-01
8.328233737969321648e-01
7.486629359013621254e-01
8.727898512494078886e-01
6.353438925168274354e-01
9.462363005265352067e-02
4.159571374434399837e-01
0.000000000000000000e+00
2.418184692091710775e-01
7.995830502504792658e-01
1.502901704247328052e-01
2.963302573723730626e-01
4.077557762157165699e-01
5.665831361035173624e-02
2.349465503700182145e-01
1.128301013995981067e-01
5.569610817498598099e-01
4.765643503521354019e-01
7.986739513404269575e-01
3.449744288145272231e-01
5.996927810452389318e-01
2.054055265152819054e-01
2.167400790230736285e-01
4.788842497777593965e-01
4.242648357369256384e-01
5.277227327579304683e-01
7.198852460235478645e-01
4.259622475626611005e-01
6.605930265748162222e-01
6.763902127512466667e-01
5.799861234378325126e-01
7.089316091269065589e-01
7.709511253057952374e-01
7.527446539588505958e-01
7.082071795129459835e-01
6.935542429245878937e-01
7.698318546564837384e-01
7.815223438366647457e-01
7.382374823036226275e-01
8.131167161895258566e-01
6.968726270051543992e-01
5.944683161542994032e-01
6.580503991407510300e-01
7.062871732783722045e-01
6.453336659392128194e-01
1.128301013995981067e-01
2.349465503700182145e-01
2.963302573723730626e-01
5.665831361035173624e-02
4.008838573765636237e-01
6.327873396585618204e-01
1.128301013995981067e-01
0.000000000000000000e+00
9.462363005265352067e-02
2.054055265152819054e-01
1.684966417716773912e-01
2.236377142481457692e-01
6.578657298446591861e-01
4.642313131894013067e-01
7.187659753742364765e-01
3.022024138835511797e-01
0.000000000000000000e+00
3.563045364393444547e-01
3.235953383201464195e-01
0.000000000000000000e+00
1.872247715542565416e-01
0.000000000000000000e+00
6.098298221553757337e-01
5.424289311558708748e-01
5.725077805514343643e-01
4.968365928667838882e-01
7.458727351196976496e-01
7.835756923347895198e-01
6.880807019314276740e-01
8.268605538678316380e-01
7.772948608460460429e-01
7.082071795129459835e-01
8.838892530791793156e-01
7.187409964354753988e-01
8.437770106935735814e-01
8.179352865305539177e-01
8.328233737969321648e-01
6.648849163715637722e-01
7.930920470224765984e-01
7.304564645544174839e-01
0.000000000000000000e+00
3.769876418912850857e-01
2.412215643955989974e-01
3.977348058952531185e-01
0.000000000000000000e+00
3.302965132874080556e-01
6.083828977044963837e-01
0.000000000000000000e+00
0.000000000000000000e+00
2.444901241982460338e-01
5.665831361035173624e-02
0.000000000000000000e+00
5.755234897691937634e-01
2.236377142481457692e-01
6.762568704876956716e-01
7.449636362096453412e-01
4.542088120132203866e-01
5.682706553188904275e-01
5.907142518983788948e-01
5.376103608148428137e-01
5.761534814825649553e-01
5.130964324176937597e-01
5.638080216502516784e-01
2.418184692091710775e-01
2.265686278072409354e-01
4.551852598577546538e-01
4.473368931740674959e-01
0.000000000000000000e+00
1.872247715542565416e-01
1.684966417716773912e-01
6.058402702704314136e-01
2.054312429012011276e-01
2.889690595972799758e-01
6.349082123414733214e-01
6.268245197294611826e-01
7.620508369072785948e-01
7.596165727980035420e-01
7.264136508598907360e-01
7.340099993130041467e-01
8.393143770249347213e-01
5.984027665240362337e-01
6.479684595458218288e-01
7.564439536505672690e-01
5.280111452455330534e-01
4.948899610707491181e-01
7.332855696990435712e-01
7.631701075565898718e-01
5.952301473766001827e-01
4.668224872283532334e-01
6.838532189408090822e-01
7.271380804738512005e-01
6.652658319827141620e-01
6.812087830922748388e-01
6.901340504295524481e-01
2.946469045704409595e-01
6.648849163715637722e-01
5.630446876733296024e-01
5.424289311558709858e-01
5.575521691002693903e-01
3.748963682804138386e-01
7.380917173704923950e-01
8.190795361186262724e-01
4.005658458169208402e-01
2.707625882503353343e-01
6.502693813915458865e-01
7.258480659526485024e-01
3.241879284251772964e-01
0.000000000000000000e+00
3.674727899582194146e-01
3.140474497833773970e-01
2.799939679820829808e-01
5.655433585887337244e-01
7.300755489432672052e-01
5.790770245277802042e-01
5.989683514312784673e-01
3.140474497833773970e-01
5.729434607267884783e-01
6.050645136239301003e-01
4.417440970422557567e-01
6.513118225651491899e-01
8.181704372085741861e-01
7.080225102168542506e-01
3.140474497833773970e-01
6.308812588481886863e-01
8.133268879287849362e-01
7.049971587571696174e-01
6.898160388699096091e-01
5.895024781255197022e-01
4.884021072200680491e-01
5.989309498229381523e-01
5.701906615534642064e-01
7.373283833935703191e-01
1.502901704247328052e-01
5.665831361035173624e-02
6.277336186395134909e-01
6.015109788653435485e-01
4.683380101856509103e-01
4.538058595916619198e-01
6.719275790826078065e-01
2.928272039957149908e-01
6.145808683116171789e-01
8.029014343310455493e-01
8.324424581857818861e-01
3.769876418912850857e-01
4.880446677930572741e-01
7.378815456312333154e-01
7.745046600643815671e-01
4.060583643899810524e-01
7.083405217764969786e-01
8.372860074655711360e-01
6.379239215592327206e-01
5.464022858885694278e-01
7.826665934247372114e-01
7.453445518207958420e-01
8.181704372085741861e-01
6.308812588481885753e-01
7.328124879153492532e-01
8.008730647716817419e-01
7.308762845285294851e-01
9.567151384669578817e-01
9.056492591847107310e-01
8.073640679996842984e-01
8.432488273946714408e-01
7.677785061583589643e-01
8.190795361186263834e-01
8.304140886264181898e-01
5.511834546212572850e-01
7.904476111739422439e-01
7.575882032386398457e-01
4.159571374434399837e-01
4.333986281907624138e-01
6.823530326803471935e-01
8.155260013600397206e-01
4.880180422315962274e-01
4.372968000704528513e-01
4.526426324236895171e-01
5.665831361035173624e-02
5.833045075183989070e-01
4.949165866322101648e-01
5.665831361035173624e-02
5.006442558832906453e-01
2.946469045704409595e-01
5.474293903653368876e-01
1.502901704247328052e-01
2.418184692091710775e-01
2.600249405561157467e-01
6.058028686620912096e-01
1.128301013995981067e-01
4.623751902565503835e-01
2.349465503700182145e-01
5.335036638185931546e-01
6.925433356000664231e-01
7.049971587571696174e-01
6.029579033162228985e-01
7.518355550487981764e-01
7.883942626758175809e-01
6.754811138411943583e-01
4.083202380046649371e-01
5.987836821351867345e-01
3.223682278504513277e-01
2.412215643955989974e-01
1.910647840234040162e-01
6.907251377799620284e-01
5.665831361035173624e-02
3.449744288145272231e-01
7.514920410459881017e-01
2.511253896047572765e-01
3.667299900370838972e-01
4.880446677930572741e-01
8.223979201991926669e-01
3.849364613840285387e-01
7.782039597560983513e-01
3.656530893834933904e-01
5.179431310748043860e-01
6.898160388699097201e-01
3.423943997721219379e-01
7.757946745855842652e-01
3.575989958435215610e-01
3.423943997721219379e-01
4.040520316410253776e-01
3.856792613051640006e-01
2.958409784364327555e-01
3.745110077862890408e-01
1.128301013995981067e-01
6.717568352107166074e-01
2.782314119030603328e-01
5.665831361035173624e-02
3.956956709756705437e-01
7.668694072483065449e-01
7.139224260944473377e-01
3.449699839315527594e-01
8.874427878377659784e-01
6.492584740670244159e-01
5.705715771646145962e-01
0.000000000000000000e+00
2.418184692091710775e-01
4.689024719745993330e-01
1.128301013995981067e-01
0.000000000000000000e+00
0.000000000000000000e+00
3.485029846343526971e-01
0.000000000000000000e+00
1.803528527151036787e-01
9.462363005265352067e-02
4.596478935263935139e-01
2.600249405561156912e-01
0.000000000000000000e+00
8.008730647716817419e-01
7.271380804738512005e-01
0.000000000000000000e+00
1.128301013995981067e-01
2.721440985437743598e-01
1.252117802386353285e-01
0.000000000000000000e+00
8.077449836108345771e-01
5.434024368720521414e-01
5.665831361035173624e-02
0.000000000000000000e+00
2.799939679820829808e-01
4.854646387506519889e-01
1.508118288603673696e-01
6.916342366900142258e-01
6.734277653430695842e-01
1.508118288603673696e-01
1.128301013995981067e-01
8.805708689986130322e-01
8.032823499421959390e-01
7.219136155829115609e-01
7.074314228664446702e-01
7.089316091269066700e-01
7.382374823036227385e-01
5.665831361035173624e-02
9.158395621044297386e-01
6.383692439765120685e-01
2.958409784364327555e-01
6.689651316744307241e-01
1.684966417716773912e-01
4.410196674282952922e-01
3.894664439871493578e-01
7.599974884091538208e-01
6.308812588481886863e-01
4.632689524697666816e-01
3.241879284251772964e-01
1.128301013995981067e-01
1.684966417716773912e-01
1.128301013995981067e-01
2.418184692091710775e-01
4.623751902565503835e-01
7.369474677824200404e-01
1.502901704247328052e-01
1.684966417716773912e-01
6.058028686620912096e-01
6.024844845815248151e-01
1.128301013995981067e-01
2.418184692091710775e-01
5.470484747541864978e-01
2.595868804492619808e-01
6.444399037259963547e-01
7.196750742842887849e-01
4.410196674282952922e-01
2.236377142481457692e-01
4.852294880726317761e-01
6.831287893268485067e-01
5.647420994990650644e-01
3.743165804812897401e-01
7.677785061583589643e-01
7.150416967437588367e-01
7.733604104763092124e-01
2.349465503700182145e-01
2.412215643955989974e-01
2.946469045704409595e-01
7.082071795129459835e-01
6.422532129643204746e-01
4.949165866322101648e-01
7.918020325012740113e-01
8.659179324102549424e-01
3.494326176001916195e-01
6.561303929061773621e-01
6.605930265748162222e-01
4.486160158814086474e-01
5.324737789141718025e-01
4.691137668321521126e-01
6.831287893268486178e-01
8.086540825208869965e-01
1.803528527151036787e-01
6.637656457222523843e-01
7.850758785952512975e-01
5.665831361035173624e-02
2.349465503700182145e-01
6.126747875012440447e-01
5.325413030989585295e-01
2.418184692091710775e-01
6.608031983140753018e-01
6.446500754652555454e-01
4.584770183768598351e-01
4.083202380046649371e-01
6.349082123414733214e-01
3.449744288145272231e-01
6.680560327643785268e-01
1.502901704247328052e-01
5.682706553188905385e-01
6.240093400090357401e-01
6.756912855804535489e-01
4.083202380046649371e-01
5.665831361035173624e-02
2.396700511025964819e-01
5.017618799099019533e-01
3.995893979723866285e-01
4.410196674282952922e-01
2.511253896047572765e-01
9.462363005265352067e-02
3.337027803582430230e-01
3.787792141499285448e-01
4.401514076582462298e-01
2.349465503700182145e-01
6.894351232587593303e-01
4.844378712248883501e-01
2.054055265152819054e-01
1.502901704247328052e-01
7.882484977426875705e-01
8.761082353299742831e-01
5.768779110965253087e-01
2.903912932637398581e-01
7.369724467211808960e-01
6.197174502122880790e-01
3.140474497833773970e-01
4.835554085629573673e-01
8.008730647716817419e-01
4.824377845363459483e-01
3.459198062146259800e-01
6.641215823946415853e-01
6.753477715776434742e-01
7.640792064666421801e-01
5.755234897691937634e-01
6.823530326803474155e-01
7.709511253057951263e-01
6.264436041183109038e-01
7.518355550487982875e-01
9.101118928533492580e-01
3.743165804812897401e-01
4.683380101856509103e-01
5.443489373904445427e-01
5.497711513510642467e-01
3.561101091343451541e-01
4.177958693193312145e-01
8.032823499421959390e-01
3.403395485193757009e-01
5.130964324176937597e-01
7.005595040272919460e-01
5.216424307665210591e-01
3.223682278504513277e-01
3.587811705443404442e-01
5.326584482102636464e-01
5.757586404472139208e-01
5.084252736324957889e-01
8.223979201991926669e-01
8.692363164908213369e-01
8.199886350286784698e-01
8.725547005713876203e-01
8.701454154008736452e-01
7.904476111739424660e-01
7.596165727980033200e-01
7.308762845285293741e-01
6.649223179799039762e-01
8.248072053697068640e-01
5.073953887280744368e-01
7.527446539588505958e-01
6.604596843112651161e-01
8.952238055869712330e-01
4.040520316410253776e-01
7.709511253057951263e-01
8.656827817322347851e-01
4.438240817885018563e-01
5.084252736324957889e-01
5.365305180328993062e-01
8.017821636817341613e-01
6.308812588481886863e-01
5.462176165924776949e-01
7.927111314113263196e-01
8.146169024499875233e-01
7.094597924258084776e-01
5.839344992317699878e-01
8.004921491605314632e-01
5.987836821351866234e-01
6.197174502122880790e-01
6.899633065576612490e-01
5.060159884619817028e-01
5.114895294551419225e-01
7.447534644703862616e-01
3.128533759173856010e-01
2.895088199151486519e-01
6.021409705787146294e-01
4.205655360452089098e-01
0.000000000000000000e+00
1.910647840234040162e-01
6.880807019314277850e-01
7.086964584488864016e-01
8.865336889277137811e-01
5.563812939507358779e-01
8.692363164908213369e-01
8.632734965617208100e-01
7.152124406156499248e-01
8.064549690896319900e-01
7.020596902877537238e-01
8.987773403455575627e-01
7.782039597560983513e-01
7.635510231677403725e-01
7.226754468052123404e-01
5.517101351655377961e-01
8.064549690896319900e-01
8.692363164908213369e-01
7.590883894991014014e-01
5.175074508994501610e-01
5.630446876733296024e-01
8.692363164908213369e-01
6.925433356000665341e-01
1.128301013995981067e-01
7.254671503414982237e-01
8.761082353299742831e-01
5.246927611649667700e-01
6.232709849708746308e-01
7.593235401771216697e-01
6.907251377799620284e-01
4.653489372160127813e-01
5.315646800041196052e-01
8.181704372085741861e-01
7.575882032386398457e-01
5.826305592863668670e-01
5.950843824434699503e-01
5.199683512568465948e-01
3.449744288145272231e-01
8.223979201991926669e-01
5.379662974872321257e-01
6.968726270051543992e-01
6.812087830922749498e-01
6.775094834005581657e-01
5.584612680103215876e-01
9.307276493708079856e-01
7.154226123549091154e-01
3.492663186112747731e-01
7.369474677824199293e-01
6.561303929061773621e-01
6.002209643441408504e-01
6.028654001926752048e-01
5.237331808729859262e-01
6.985061555291670610e-01
5.857137926889129931e-01
6.334612878905938604e-01
5.034359594195765286e-01
7.527446539588505958e-01
8.545833799024633581e-01
4.871089433215439191e-01
8.259514549577794407e-01
8.506489295327264166e-01
8.987773403455577848e-01
7.557700054185353400e-01
8.053356984403207131e-01
6.580503991407510300e-01
6.684758527384904170e-01
7.859849775053037169e-01
6.201627726295675380e-01
3.423943997721219379e-01
3.814236499984628992e-01
6.327873396585618204e-01
7.232036301041141479e-01
7.232036301041142590e-01
3.964212237079248191e-01
4.377171435489710660e-01
4.301068696716571771e-01
5.056600517895923907e-01
4.833468834463982566e-01
3.995893979723866285e-01
5.632798383513497598e-01
8.396952926360851110e-01
6.829441200307567739e-01
6.422532129643205856e-01
9.316367482808602940e-01
8.068358847007822687e-01
5.357139222463948025e-01
8.315333592757294667e-01
7.551789180681256486e-01
6.393708460101121815e-01
8.032823499421959390e-01
9.178929106025545126e-01
6.366339070380301335e-01
6.327873396585618204e-01
9.203021957730687097e-01
5.261050644351598082e-01
1.000000000000000000e+00
7.070505072552943915e-01
4.259622475626611005e-01
6.396592584977146556e-01
7.152124406156499248e-01
6.644492361962095472e-01
4.622044463846591844e-01
6.680560327643785268e-01
4.740656794367312798e-01
6.838532189408089712e-01
4.181812298134559014e-01
7.256378942133894228e-01
7.713320409169455161e-01
5.517101351655377961e-01
3.198960386284297464e-01
5.705715771646145962e-01
6.751631022815516303e-01
2.889690595972799758e-01
5.641889372614020681e-01
6.587748287547116055e-01
2.412215643955989974e-01
4.835554085629573118e-01
6.572746424942498278e-01
5.078985930882152777e-01
5.133582086571749636e-01
8.248072053697067529e-01
3.830333227020082942e-01
7.235845457152646487e-01
8.612201480635960360e-01
8.324424581857818861e-01
7.085506935157561692e-01
7.244936446253169571e-01
5.984027665240362337e-01
5.948742107042108707e-01
7.519813199819282978e-01
6.862625041113231683e-01
6.483493751569721075e-01
3.957472754758926681e-01
6.692002823524509925e-01
7.458727351196976496e-01
8.328233737969323869e-01
4.886746595064284104e-01
8.268605538678316380e-01
6.349082123414733214e-01
8.441579263047238602e-01
7.207943449336001729e-01
3.951941132382296717e-01
5.907142518983788948e-01
3.327936814481907146e-01
7.713320409169454051e-01
7.802573082542232363e-01
6.134755230865063247e-01
6.324064240474114307e-01
8.186986205074759937e-01
8.579017639830296416e-01
5.263776167215201696e-01
2.265686278072409354e-01
1.725461185799792574e-01
6.080269610321071827e-01
5.554988206021446162e-01
1.502901704247328052e-01
8.683272175807691395e-01
5.755234897691937634e-01
2.309125855088570711e-01
5.839344992317699878e-01
6.138564386976567144e-01
4.833468834463982566e-01
2.790833663174092094e-01
7.107498069470111757e-01
5.616089082189967829e-01
4.805816616034949695e-01
5.037085117059367789e-01
3.826773860296189822e-01
2.054312429012011831e-01
2.600249405561156912e-01
2.991095382390798196e-01
1.128301013995981067e-01
2.600249405561157467e-01
6.743368642531218926e-01
5.150430642137284742e-01
5.393456977533247487e-01
4.780390341694298328e-01
4.698115708846515859e-01
1.502901704247328052e-01
5.006442558832906453e-01
8.474763103852903656e-01
6.825632044196063841e-01
7.804674799934823159e-01
8.041914488522481363e-01
8.259514549577792186e-01
8.041914488522481363e-01
8.179352865305539177e-01
8.068358847007824908e-01
7.778230441449480725e-01
6.572496635554887501e-01
8.372860074655711360e-01
8.369050918544206352e-01
7.964104311030429928e-01
7.919477974344042437e-01
8.211079056779901908e-01
8.510298451438768064e-01
9.011866255160717598e-01
7.384726329816426738e-01
8.122076172794734372e-01
8.372860074655709139e-01
8.506489295327265276e-01
8.757273197188238933e-01
8.073640679996842984e-01
9.110209917634015664e-01
8.017821636817341613e-01
9.316367482808602940e-01
8.155260013600397206e-01
8.248072053697068640e-01
8.223979201991926669e-01
7.733604104763092124e-01
8.017821636817340503e-01
9.453805859591661864e-01
9.680496909747495771e-01
4.871089433215439191e-01
9.307276493708082077e-01
8.701454154008737563e-01
7.265469931234417311e-01
7.458727351196976496e-01
7.997288151836093872e-01
7.802573082542232363e-01
8.086540825208867744e-01
8.838892530791793156e-01
8.701454154008736452e-01
7.822856778135868216e-01
7.516253833095390968e-01
6.781930738745153286e-01
5.006442558832906453e-01
7.449636362096453412e-01
8.406043915461374194e-01
8.987773403455577848e-01
7.640792064666422911e-01
7.062871732783723155e-01
5.875963973151464570e-01
6.901340504295525591e-01
8.133268879287849362e-01
8.214888212891404695e-01
7.826665934247372114e-01
8.874427878377659784e-01
6.680560327643785268e-01
7.447534644703862616e-01
7.514920410459881017e-01
9.011866255160719819e-01
8.223979201991928889e-01
8.110633676914010826e-01
9.056492591847107310e-01
6.571413002306988327e-01
8.588108628930818389e-01
7.445827205984950625e-01
8.579017639830297526e-01
8.874427878377659784e-01
8.939337910657685349e-01
6.936626062493779221e-01
8.077449836108346881e-01
8.588108628930818389e-01
9.316367482808602940e-01
7.964104311030429928e-01
8.223979201991926669e-01
7.928568963444564410e-01
8.796617700885608349e-01
8.952238055869710109e-01
9.229466316216029531e-01
6.957159547475028072e-01
7.562981887174371476e-01
7.380917173704923950e-01
7.195417320207377898e-01
6.656467475938644407e-01
8.952238055869712330e-01
6.310520027200798854e-01
9.611777721355966309e-01
8.181704372085741861e-01
8.919054215064048385e-01
7.167126268761115915e-01
8.623643976516683907e-01
8.179352865305541398e-01
6.762568704876956716e-01
7.826665934247372114e-01
7.232036301041142590e-01
7.997288151836093872e-01
7.704229420068933187e-01
9.271741146122214339e-01
3.330850674463724514e-01
2.600249405561156912e-01
1.128301013995981067e-01
5.665831361035173624e-02
1.803528527151036787e-01
2.236377142481457692e-01
3.330850674463724514e-01
2.444901241982460338e-01
1.128301013995981067e-01
4.291304218271228543e-01
4.542088120132202755e-01
6.822196904167964204e-01
3.995893979723865175e-01
2.054312429012011831e-01
4.880180422315962274e-01
5.532742047277221520e-01
3.674727899582194146e-01
1.684966417716773912e-01
4.291304218271228543e-01
6.128455313731352438e-01
6.640132190698516679e-01
2.418184692091710775e-01
2.054312429012011831e-01
5.933490455049880152e-01
2.782314119030603328e-01
7.584973021486920430e-01
6.713211550353626045e-01
6.379239215592327206e-01
4.805816616034949695e-01
8.545833799024632471e-01
7.700420263957428180e-01
7.503353687883365097e-01
