7.343770670375453502e-01
6.324683938913028269e-01
8.794989126871854968e-01
9.073472373670586899e-01
6.586915185564006237e-01
9.140310851131039360e-01
7.767060209052010222e-01
8.475388030285224694e-01
8.218920504263876881e-01
9.259396515336307809e-01
7.886145873257280892e-01
7.441467054970714035e-01
7.978704978390287472e-01
6.120557383161110421e-01
7.875016536300363246e-01
7.180761964411433995e-01
8.493072403000063719e-01
6.361533903542500035e-01
7.244656529484518881e-01
7.517390671925032741e-01
7.654529580604662042e-01
9.038909559640609936e-01
8.373986738794793050e-01
7.750808208904255148e-01
7.933012827403397305e-01
6.964755526390117302e-01
7.074756051101520615e-01
6.295352187869918126e-01
6.422380323508292133e-01
7.156428772414058503e-01
7.940437257465144949e-01
5.880248073762910366e-01
3.830139342481442277e-01
5.586367604848834212e-01
7.363742193689788440e-01
7.441467054970714035e-01
7.546573253356310129e-01
7.685387487739472334e-01
6.568604371681785459e-01
8.074114212386054312e-01
8.437120309360079951e-01
8.016117921283020253e-01
8.251196167694356820e-01
8.972071082180157475e-01
8.728150649411398065e-01
6.723243071072875221e-01
7.397008078276111620e-01
7.520852625683756010e-01
8.493072403000061499e-01
8.460553786433137047e-01
8.529679414493089862e-01
6.916213246540469095e-01
8.149794876203927396e-01
7.093295201848772713e-01
7.644269637951572882e-01
9.207149328591494042e-01
7.581136067386285982e-01
8.144657596741674555e-01
8.220338260559549859e-01
9.004346745610637415e-01
7.996389351105128718e-01
7.752225965199927016e-01
8.786146940514432124e-01
6.649516098486524251e-01
9.456207040822501853e-01
8.791284219976684966e-01
6.973597712747535704e-01
8.670154358308366227e-01
7.029549806387518363e-01
8.216633353664382078e-01
8.583344357533575497e-01
7.808178058839909674e-01
7.039139260764338824e-01
5.464735821329326226e-01
7.866174349942942623e-01
7.705359011053808382e-01
8.196904783486490542e-01
3.223768618355322135e-01
5.929143209793781288e-01
5.773466549673781367e-01
7.185363308937834370e-01
7.226972156769679856e-01
5.685222777025025209e-01
5.398534708843492069e-01
6.488164824661537544e-01
6.319925055710654549e-01
5.508399790431462995e-01
4.248854579959005506e-01
6.899334805225333378e-01
7.440413078663506985e-01
6.259371617544271515e-01
8.538521600850509374e-01
6.753110757051838942e-01
8.466545843927801851e-01
6.586915185564006237e-01
7.900737163972917365e-01
6.964755526390116191e-01
8.728150649411398065e-01
8.428278123002660438e-01
5.612894163921092749e-01
8.074114212386054312e-01
8.039551398356077350e-01
8.719308463053979663e-01
8.326876831512229904e-01
6.831199398321227134e-01
8.693587835381425544e-01
8.791284219976684966e-01
9.703832380486426823e-01
8.216633353664382078e-01
7.862469443047774842e-01
8.229180446916968261e-01
8.229180446916968261e-01
6.377921346813688608e-01
7.033011760146241631e-01
5.398156312583614058e-01
7.253498715841939504e-01
6.709705756664442466e-01
7.877303686899858048e-01
8.153499783099095177e-01
7.819307395796826210e-01
6.653753663024460918e-01
7.647974544846740663e-01
7.656816731204159066e-01
7.826852652710591940e-01
8.715603556158812992e-01
7.118161051488915980e-01
6.648859336698652589e-01
7.320337193302393075e-01
5.002219494931675614e-01
8.112381933311195725e-01
8.114178085866744494e-01
9.181428700918937702e-01
8.149794876203927396e-01
8.260038354051777443e-01
8.626749357920970862e-01
7.940437257465144949e-01
8.408549552824767792e-01
7.461438578285051193e-01
9.038909559640609936e-01
9.279125085514200455e-01
5.356383405548282850e-01
9.456207040822504073e-01
7.929307920508229524e-01
8.428278123002659328e-01
9.401915656614635575e-01
9.073472373670584679e-01
7.875016536300363246e-01
8.484230216642640876e-01
8.861827604332307429e-01
9.747237380873822188e-01
8.263743260946943003e-01
8.870669790689725831e-01
8.928666081792762110e-01
8.559910880460516180e-01
8.539939357146180132e-01
7.528277055745505875e-01
9.149153037488459983e-01
8.538521600850507154e-01
8.362857401837877624e-01
7.148486300980952945e-01
9.174873665161014102e-01
7.696516824696389980e-01
7.929550873644674036e-01
8.794989126871852747e-01
9.924319336182124696e-01
8.072070014923001802e-01
8.382828925152211452e-01
7.330169600815658049e-01
6.196238046978985725e-01
7.645169352875889057e-01
8.039794351492521862e-01
7.651067626845942105e-01
7.398305007719764292e-01
8.095503491996061118e-01
7.808178058839908564e-01
6.431465463002155047e-01
9.326234992796762491e-01
7.540824148998092058e-01
6.149128139696422579e-01
9.030067373283191534e-01
9.212286608053744663e-01
8.466545843927801851e-01
8.728150649411398065e-01
6.370376089899919547e-01
2.036025032741866914e-01
2.213106988050169976e-01
3.046686663047018517e-01
3.018744428554626102e-01
0.000000000000000000e+00
1.115685384888829290e-01
3.749208797417245553e-01
0.000000000000000000e+00
1.489680283925280402e-01
0.000000000000000000e+00
0.000000000000000000e+00
7.011622480536233715e-01
0.000000000000000000e+00
3.184532987702527462e-01
0.000000000000000000e+00
5.600455020315922572e-02
5.600455020315922572e-02
0.000000000000000000e+00
1.666762239233583742e-01
2.333535151038716449e-01
5.600455020315922572e-02
1.245759851156523351e-01
2.439204327687571616e-01
2.577455583807473638e-01
0.000000000000000000e+00
1.489680283925280402e-01
0.000000000000000000e+00
0.000000000000000000e+00
5.600455020315922572e-02
0.000000000000000000e+00
0.000000000000000000e+00
1.792104599973109447e-01
5.600455020315922572e-02
1.726608621295933066e-01
0.000000000000000000e+00
0.000000000000000000e+00
0.000000000000000000e+00
0.000000000000000000e+00
0.000000000000000000e+00
0.000000000000000000e+00
0.000000000000000000e+00
0.000000000000000000e+00
2.448602319661655757e-01
1.858943077433563573e-01
9.386034295805259497e-02
0.000000000000000000e+00
0.000000000000000000e+00
0.000000000000000000e+00
5.600455020315922572e-02
5.600455020315922572e-02
5.600455020315922572e-02
1.489680283925280402e-01
1.115685384888829290e-01
5.600455020315922572e-02
2.518313237413057903e-01
4.147667625524968926e-01
5.600455020315922572e-02
2.333535151038716449e-01
4.471016861358233507e-01
0.000000000000000000e+00
4.438697965576288151e-01
5.600455020315922572e-02
1.115685384888829290e-01
5.600455020315922572e-02
2.869854833521756077e-01
0.000000000000000000e+00
2.754537539115776701e-01
1.115685384888829290e-01
2.036025032741866914e-01
1.115685384888829290e-01
5.600455020315922572e-02
5.600455020315922572e-02
5.600455020315922572e-02
5.600455020315922572e-02
1.489680283925280402e-01
5.600455020315922572e-02
2.333535151038716171e-01
2.340910734467757381e-01
1.115685384888829290e-01
5.600455020315922572e-02
5.294576270289713671e-01
6.971404345672651548e-01
4.508523587775576380e-01
5.600455020315922572e-02
5.331058866408417973e-01
3.113525140507473754e-01
1.115685384888829290e-01
4.175461066740628335e-01
5.600455020315922572e-02
6.193294134591617039e-01
2.333535151038716449e-01
6.722252849917029760e-01
5.600455020315922572e-02
2.262928303778972139e-01
5.600455020315922572e-02
0.000000000000000000e+00
1.489680283925280402e-01
3.319364222982765789e-01
5.018898215461834456e-01
1.666762239233583742e-01
2.036025032741866914e-01
6.520076708103552665e-01
5.203389984560471415e-01
5.835182363943398620e-01
3.945763052927988013e-01
6.421326347201083973e-01
5.045624495319072089e-01
7.586273346848538823e-01
8.484230216642643096e-01
8.473100879685725451e-01
8.097790642595555921e-01
8.193199876591322761e-01
1.000000000000000000e+00
9.822918044691695272e-01
9.282829992409367126e-01
9.224833701306333067e-01
9.401915656614637795e-01
9.149153037488459983e-01
8.008693491221270389e-01
9.047751745998030559e-01
8.272585447304363626e-01
7.233527192527602345e-01
8.182313492770849628e-01
8.019822828178188034e-01
9.047751745998030559e-01
7.877303686899858048e-01
7.651067626845940994e-01
7.839035965974716635e-01
8.229180446916968261e-01
8.437120309360079951e-01
8.229180446916968261e-01
8.016117921283020253e-01
8.007275734925600741e-01
9.224833701306333067e-01
8.905232604719702794e-01
7.519434869388084142e-01
7.694472627233335249e-01
8.130066306026035861e-01
8.440825216255247732e-01
8.650182834994027958e-01
8.786146940514432124e-01
8.652469985593524981e-01
8.652469985593524981e-01
9.313687899544176307e-01
9.380526377004628769e-01
9.114590223458483020e-01
8.980913268537574767e-01
8.365144552437374648e-01
8.283471831124834539e-01
7.472688742093986924e-01
9.215991514948912444e-01
9.326234992796762491e-01
8.957479791464518781e-01
7.656816731204159066e-01
8.036701269493321531e-01
9.047751745998030559e-01
7.684333511432264174e-01
8.751584126484457382e-01
7.976417827790790449e-01
8.028665014535606437e-01
6.350145597870842096e-01
8.551068694103095558e-01
8.428278123002659328e-01
9.535592611535544938e-01
8.495116600463114009e-01
9.038909559640609936e-01
9.215991514948912444e-01
8.928666081792759890e-01
7.665658917561580799e-01
9.015476082567550620e-01
8.399707366467348280e-01
8.542226507745674935e-01
8.330581738407397685e-01
7.935299978002892107e-01
8.285758981724333783e-01
8.533384321388256533e-01
8.605360078310961836e-01
8.466545843927801851e-01
7.709063917948976163e-01
7.976417827790790449e-01
8.542226507745674935e-01
8.428278123002660438e-01
