3.977153489669654207e-01
4.151913067634214194e-01
7.612376161577389944e-01
6.722932226677028611e-01
5.240577185722429254e-01
8.275731350961890165e-01
6.443888873376134585e-01
7.583913878313617296e-01
8.790116400923434492e-01
5.481296291125378195e-01
4.436919318868584594e-01
7.022169619543284780e-01
6.914595790995640145e-01
6.972505064969565236e-01
3.289017093488129651e-01
8.505110149689065757e-01
8.574968743828146334e-01
6.149629670996975550e-01
7.292944729145769411e-01
7.187652722064854505e-01
4.955570934488058299e-01
6.027824700817444592e-01
8.275731350961890165e-01
8.505110149689063537e-01
7.883151271179873465e-01
7.592182122012025580e-01
8.092336030341684694e-01
7.883151271179873465e-01
8.467394915280502810e-01
6.565693843555665543e-01
7.420712597258776189e-01
8.153926380782359207e-01
8.182388664046131854e-01
9.537561326078902724e-01
1.000000000000000000e+00
7.307175870777655735e-01
9.182696480705448971e-01
8.859974995062517289e-01
8.453163773648616486e-01
9.930141405860917203e-01
7.420712597258777299e-01
8.953317681978275600e-01
8.845743853430630965e-01
8.289962492593775378e-01
7.484608293464382056e-01
8.168157522414244420e-01
7.682234755716472741e-01
7.650091395985950671e-01
7.007938477911398456e-01
8.574968743828146334e-01
8.289962492593775378e-01
7.205564940163488030e-01
9.144981246296888244e-01
8.574968743828146334e-01
8.397536321141420013e-01
7.397228504482101785e-01
7.775577442632229941e-01
7.719949990125034578e-01
7.719949990125033468e-01
9.075122652157805447e-01
7.807329779107314849e-01
8.397536321141420013e-01
7.719949990125033468e-01
8.220103898454693692e-01
8.397536321141420013e-01
7.149937487656293778e-01
6.280687592321294588e-01
7.813292677040791778e-01
8.397536321141420013e-01
7.761346301000343617e-01
7.883151271179873465e-01
7.542517567438307147e-01
7.365085144751580826e-01
8.397536321141420013e-01
7.187652722064854505e-01
8.897690229471080237e-01
7.149937487656293778e-01
3.474912225809008715e-01
6.635552437694747230e-01
8.162492311254949950e-02
0.000000000000000000e+00
2.519978873767279581e-01
0.000000000000000000e+00
0.000000000000000000e+00
4.154585912356380528e-01
0.000000000000000000e+00
0.000000000000000000e+00
3.681597173270144685e-01
0.000000000000000000e+00
4.369733569451668687e-01
5.079463260198574526e-01
0.000000000000000000e+00
8.162492311254949950e-02
5.757049591214959960e-01
5.047319900468054676e-01
0.000000000000000000e+00
6.027824700817444592e-01
8.574968743828146334e-01
0.000000000000000000e+00
8.162492311254949950e-02
4.369733569451669797e-01
0.000000000000000000e+00
4.105929589527243517e-01
6.242972357912732750e-01
5.077375904667589257e-01
5.367759564644257742e-01
0.000000000000000000e+00
1.621673010977565665e-01
6.039382997727165137e-01
2.057540199846182027e-01
1.336666759743194988e-01
4.562990854706043820e-01
4.762313649233683721e-01
3.523134000240061847e-01
2.627552702314923661e-01
2.767269890593089254e-01
1.336666759743194988e-01
8.162492311254949950e-02
0.000000000000000000e+00
2.912558953549294061e-01
8.162492311254949950e-02
1.336666759743194988e-01
0.000000000000000000e+00
0.000000000000000000e+00
0.000000000000000000e+00
0.000000000000000000e+00
0.000000000000000000e+00
0.000000000000000000e+00
0.000000000000000000e+00
8.162492311254949950e-02
0.000000000000000000e+00
6.510066391048467960e-01
2.057540199846182027e-01
0.000000000000000000e+00
6.673267672103309067e-01
6.617640219596113704e-01
6.952311025404203093e-01
8.967548823610160813e-01
7.789808584264116265e-01
7.472658973299224350e-01
7.528286425806420823e-01
8.153926380782358097e-01
7.897382412811759789e-01
7.289654675934457151e-01
6.336315044828489951e-01
4.955570934488058299e-01
5.469955984449603736e-01
5.509758574389151953e-01
3.808140251474432803e-01
4.784963975357075516e-01
4.044339239086570115e-01
3.966603424504514530e-01
7.877188373246397646e-01
7.420712597258777299e-01
9.523330184447015290e-01
8.098298928275162734e-01
8.004956241359404423e-01
7.612376161577389944e-01
7.219796081795375464e-01
7.528286425806420823e-01
6.737163368308913824e-01
7.042363659108648033e-01
8.560737602196260010e-01
7.668003614084585307e-01
9.037407417749243610e-01
9.360128903392175292e-01
6.612068344918071716e-01
6.900364649363753822e-01
7.199602042230011101e-01
7.813292677040791778e-01
7.504802333029745309e-01
4.044339239086570115e-01
4.322525301435978240e-01
3.808140251474432803e-01
4.322525301435978240e-01
4.762313649233683721e-01
5.240577185722429254e-01
4.684795824885574222e-01
5.766302542359749150e-01
5.757049591214959960e-01
7.022169619543284780e-01
5.754376746492794181e-01
1.336666759743194988e-01
0.000000000000000000e+00
3.977153489669654207e-01
1.621673010977565665e-01
8.162492311254949950e-02
2.415669322004861674e-01
5.754962235683974692e-01
4.783515920543628952e-01
0.000000000000000000e+00
5.359491320945847237e-01
2.519978873767279581e-01
0.000000000000000000e+00
2.912558953549294061e-01
8.162492311254949950e-02
2.826578419567032374e-01
0.000000000000000000e+00
4.832172243372766518e-01
5.362382155901959102e-01
0.000000000000000000e+00
2.662152348603473162e-01
8.162492311254949950e-02
0.000000000000000000e+00
0.000000000000000000e+00
1.621673010977565665e-01
0.000000000000000000e+00
3.252358890637578326e-01
0.000000000000000000e+00
3.977153489669654207e-01
0.000000000000000000e+00
2.415669322004861674e-01
0.000000000000000000e+00
5.096984455041773110e-01
8.162492311254949950e-02
8.182388664046131854e-01
7.883151271179873465e-01
7.542517567438308257e-01
4.902030837511849315e-01
4.532934850506508684e-01
4.614937230746492536e-01
7.719949990125033468e-01
3.386946947635549043e-01
5.943734965046475471e-01
8.289962492593775378e-01
0.000000000000000000e+00
5.240577185722429254e-01
0.000000000000000000e+00
0.000000000000000000e+00
0.000000000000000000e+00
0.000000000000000000e+00
5.481296291125378195e-01
2.057540199846182027e-01
2.130663070770490997e-01
1.621673010977565665e-01
7.187652722064854505e-01
2.057540199846182027e-01
0.000000000000000000e+00
4.037519050201607285e-01
2.519978873767279581e-01
4.247928599272137729e-01
0.000000000000000000e+00
0.000000000000000000e+00
8.162492311254949950e-02
3.296894313931102438e-01
1.621673010977565665e-01
8.162492311254949950e-02
1.621673010977565665e-01
0.000000000000000000e+00
1.621673010977565665e-01
0.000000000000000000e+00
0.000000000000000000e+00
6.257203499544619074e-01
0.000000000000000000e+00
8.162492311254949950e-02
0.000000000000000000e+00
0.000000000000000000e+00
0.000000000000000000e+00
0.000000000000000000e+00
8.162492311254949950e-02
8.162492311254949950e-02
4.094589282851469614e-01
8.162492311254949950e-02
8.162492311254949950e-02
2.912558953549294061e-01
8.162492311254949950e-02
1.621673010977565665e-01
8.162492311254949950e-02
0.000000000000000000e+00
0.000000000000000000e+00
0.000000000000000000e+00
1.336666759743194988e-01
0.000000000000000000e+00
1.336666759743194988e-01
1.621673010977565665e-01
2.312193369605486659e-01
5.166843049180855907e-01
3.252358890637578326e-01
2.519978873767279026e-01
6.402492562500824436e-01
2.627552702314923661e-01
8.162492311254949950e-02
8.162492311254949950e-02
0.000000000000000000e+00
5.419705940684705903e-01
3.681597173270144130e-01
4.892537803904719595e-01
6.027824700817444592e-01
5.332326151702424522e-01
5.224752323154780997e-01
7.883151271179873465e-01
7.013901375844875385e-01
7.699755950559670215e-01
8.092336030341684694e-01
8.505110149689063537e-01
7.414749699325299259e-01
8.505110149689065757e-01
8.397536321141420013e-01
8.275731350961890165e-01
8.168157522414244420e-01
3.681597173270144685e-01
2.826578419567032374e-01
3.289017093488129651e-01
3.289017093488129651e-01
3.396590922035773730e-01
4.151913067634214194e-01
3.296894313931101883e-01
4.322525301435978240e-01
4.322525301435978240e-01
4.037519050201607285e-01
4.499957724122705116e-01
4.784963975357075516e-01
4.832172243372766518e-01
4.832172243372766518e-01
5.047319900468054676e-01
6.158882622141763630e-01
6.027824700817444592e-01
6.027824700817444592e-01
6.542209750778990029e-01
6.900364649363753822e-01
6.542209750778990029e-01
7.719949990125034578e-01
9.360128903392175292e-01
8.327677727002338326e-01
8.505110149689063537e-01
7.577950980380139256e-01
4.044339239086570115e-01
2.826578419567032374e-01
3.681597173270144685e-01
3.681597173270144685e-01
3.289017093488129651e-01
2.826578419567032374e-01
2.826578419567032374e-01
6.431963077509179616e-01
3.855348519490123249e-01
8.162492311254949950e-02
0.000000000000000000e+00
2.519978873767279581e-01
2.130663070770490997e-01
5.364469511432945481e-01
2.767269890593089254e-01
4.684795824885574222e-01
2.767269890593089254e-01
3.878832612266797653e-01
0.000000000000000000e+00
4.311824295477744151e-01
0.000000000000000000e+00
0.000000000000000000e+00
0.000000000000000000e+00
2.130663070770490997e-01
0.000000000000000000e+00
4.803709960108992760e-01
5.882144614605803179e-01
8.560737602196258900e-01
3.808140251474432803e-01
4.322525301435978240e-01
8.453163773648616486e-01
4.783515920543628952e-01
6.864931236421921712e-01
8.790116400923434492e-01
6.934789830561004509e-01
4.499957724122705116e-01
6.167150865840174134e-01
0.000000000000000000e+00
8.162492311254949950e-02
0.000000000000000000e+00
1.621673010977565665e-01
1.336666759743194988e-01
0.000000000000000000e+00
2.511734154367072369e-01
0.000000000000000000e+00
0.000000000000000000e+00
0.000000000000000000e+00
0.000000000000000000e+00
2.912558953549294061e-01
2.662152348603473162e-01
0.000000000000000000e+00
0.000000000000000000e+00
3.878832612266798208e-01
2.519978873767279581e-01
0.000000000000000000e+00
3.289017093488129651e-01
4.881836797946484396e-01
1.336666759743194988e-01
0.000000000000000000e+00
1.621673010977565665e-01
8.162492311254949950e-02
5.481296291125378195e-01
0.000000000000000000e+00
8.162492311254949950e-02
5.818248918400197311e-01
8.162492311254949950e-02
4.247928599272138839e-01
0.000000000000000000e+00
1.621673010977565665e-01
3.808140251474432803e-01
7.705718848493148254e-01
0.000000000000000000e+00
0.000000000000000000e+00
4.783515920543628952e-01
1.621673010977565665e-01
2.519978873767279026e-01
1.621673010977565665e-01
0.000000000000000000e+00
3.966603424504514530e-01
8.162492311254949950e-02
2.130663070770490997e-01
2.130663070770490997e-01
3.289017093488129651e-01
3.474912225809008715e-01
1.621673010977565665e-01
4.399789573651203822e-01
4.499957724122705116e-01
6.743126266242391864e-01
5.469955984449603736e-01
7.289654675934457151e-01
4.436919318868584594e-01
6.332633968361742749e-01
6.743126266242391864e-01
8.042671475767967371e-01
9.252555074844531768e-01
8.112530069907049057e-01
8.438932632016729052e-01
7.650091395985950671e-01
9.037407417749243610e-01
9.429987497531258089e-01
9.429987497531258089e-01
8.345589945100970741e-01
8.182388664046130744e-01
8.289962492593775378e-01
6.434635922231345395e-01
7.583913878313617296e-01
7.583913878313617296e-01
8.098298928275162734e-01
7.984762201794040060e-01
7.761346301000343617e-01
8.505110149689063537e-01
6.728895124610504430e-01
7.028132517476762819e-01
7.577950980380140367e-01
7.490571191397858986e-01
4.163838863501169163e-01
7.490571191397858986e-01
8.275731350961890165e-01
6.629589539761270300e-01
8.668311430743904644e-01
8.046352552234713462e-01
8.967548823610160813e-01
6.900364649363753822e-01
8.327677727002338326e-01
8.275731350961890165e-01
5.373722462577734671e-01
6.827216002013360985e-01
7.022169619543284780e-01
6.579924985187550757e-01
7.542517567438308257e-01
6.388261420868937002e-01
5.754962235683974692e-01
5.754962235683974692e-01
5.184949733215232781e-01
4.498509669309258552e-01
5.644497572180218192e-01
5.088716211343363716e-01
7.472658973299225460e-01
7.080078893517210981e-01
7.298907627079246341e-01
6.795072642282840025e-01
8.275731350961890165e-01
8.269768453028411015e-01
6.336315044828489951e-01
6.864931236421922822e-01
8.574968743828146334e-01
7.327369910343018988e-01
7.522323527872943894e-01
9.537561326078902724e-01
8.953317681978275600e-01
8.046352552234713462e-01
7.298907627079246341e-01
6.719642173465715240e-01
8.327677727002338326e-01
8.112530069907049057e-01
5.647388407136330057e-01
5.469955984449603736e-01
4.399789573651203822e-01
5.469955984449603736e-01
5.754962235683974692e-01
5.184949733215232781e-01
5.240577185722429254e-01
5.469955984449603736e-01
5.469955984449603736e-01
5.724906231484439001e-01
7.490571191397858986e-01
8.397536321141420013e-01
7.789808584264116265e-01
8.182388664046131854e-01
8.438932632016729052e-01
9.252555074844531768e-01
7.420712597258777299e-01
6.280687592321294588e-01
7.205564940163488030e-01
7.187652722064853394e-01
7.022169619543284780e-01
7.472658973299225460e-01
8.505110149689063537e-01
7.984762201794040060e-01
8.438932632016730162e-01
8.859974995062517289e-01
9.075122652157805447e-01
8.967548823610160813e-01
8.453163773648616486e-01
9.023176276117356176e-01
9.144981246296888244e-01
6.737163368308913824e-01
7.135706346024406344e-01
8.275731350961890165e-01
6.443888873376134585e-01
6.039968486918344537e-01
4.955570934488058299e-01
5.754962235683974692e-01
5.754962235683974692e-01
4.696136131561348681e-01
6.621321296062859796e-01
5.481296291125378195e-01
5.373722462577734671e-01
5.757049591214959960e-01
7.004648424700086196e-01
6.402492562500825546e-01
7.490571191397858986e-01
7.028132517476762819e-01
5.224752323154780997e-01
7.719949990125034578e-01
8.112530069907049057e-01
7.592182122012026690e-01
7.237317276638572938e-01
8.092336030341684694e-01
4.939746071920410042e-01
5.757049591214959960e-01
8.112530069907049057e-01
5.192608963424258928e-01
4.436919318868584594e-01
5.077375904667589257e-01
4.892537803904719595e-01
1.738082990988475962e-01
4.247928599272137729e-01
3.197565204783664461e-01
4.684795824885574222e-01
6.565693843555665543e-01
6.009912482718809956e-01
6.559730945622188614e-01
7.761346301000343617e-01
6.042055842449330916e-01
5.047319900468054676e-01
7.292944729145769411e-01
7.577950980380139256e-01
7.257511316203936191e-01
7.789808584264116265e-01
6.902646470830482439e-01
4.939746071920410042e-01
6.228741216280846427e-01
