5.738037098080174259e-01
5.613638142286135890e-01
8.013191569665293335e-01
7.107535606005384032e-01
7.493941946914853824e-01
7.909416710174486109e-01
7.618340902708892193e-01
7.962469347740848136e-01
8.615967280899708980e-01
8.907043088365301786e-01
8.019281454793443231e-01
8.324891473434116174e-01
8.892508877190223870e-01
7.728205647327849315e-01
7.923950921349567356e-01
8.491568325105671722e-01
8.615967280899708980e-01
9.016907832984262239e-01
6.138977650164726407e-01
7.217400350624340044e-01
4.053233372161557102e-01
1.633481695271882528e-01
2.432029005894577878e-01
3.296836127521290960e-01
3.055606993970738094e-01
2.432029005894577878e-01
4.931071786777109223e-01
6.848888339802920999e-01
4.053233372161557102e-01
4.053233372161557102e-01
7.742739858502930561e-01
6.816459798539789006e-01
8.491568325105671722e-01
8.782644132571264528e-01
8.215026728815159052e-01
8.143680410587481600e-01
7.341799306418379523e-01
8.491568325105671722e-01
8.434756218053075516e-01
8.143680410587481600e-01
7.742739858502930561e-01
7.211310465496190147e-01
9.379329958677532497e-01
9.198118895830896813e-01
9.016907832984262239e-01
7.909416710174484999e-01
7.160588243571746059e-01
8.725832025518669433e-01
9.016907832984262239e-01
9.016907832984262239e-01
7.785017754380446631e-01
9.489194703296488509e-01
7.689687220936569645e-01
8.797178343746344664e-01
9.417848385068814387e-01
8.434756218053074406e-01
7.211310465496191258e-01
7.321175210115149490e-01
8.090627773021119573e-01
9.198118895830896813e-01
8.907043088365304007e-01
8.310357262259036037e-01
8.434756218053075516e-01
9.307983640449855045e-01
8.491568325105671722e-01
9.489194703296489619e-01
8.797178343746344664e-01
7.785017754380446631e-01
9.183584684655815567e-01
7.923950921349567356e-01
7.980763028402161341e-01
8.491568325105669501e-01
8.381703580486713490e-01
7.380317732809661413e-01
2.926369026354352920e-01
7.107535606005382922e-01
8.143680410587481600e-01
7.632875113883973439e-01
6.611264520476954898e-01
8.434756218053074406e-01
8.215026728815159052e-01
6.983136650211343444e-01
6.721129265095912020e-01
7.728205647327850425e-01
7.612251017580743406e-01
8.506102536280752968e-01
9.489194703296489619e-01
8.835696770137626554e-01
8.601433069724628844e-01
8.019281454793445452e-01
8.105161984196200819e-01
9.198118895830896813e-01
1.000000000000000000e+00
8.892508877190222760e-01
9.198118895830894592e-01
7.321175210115149490e-01
8.615967280899708980e-01
6.911790331983667102e-01
9.183584684655815567e-01
7.632875113883972329e-01
8.434756218053075516e-01
8.782644132571264528e-01
9.489194703296489619e-01
9.016907832984262239e-01
8.324891473434118394e-01
7.742739858502931671e-01
6.563902417465476979e-01
6.397225565793923652e-01
6.219773972433521037e-01
6.397225565793923652e-01
6.902340327942546594e-01
6.905700446855517205e-01
3.580946501849328611e-01
1.633481695271882528e-01
1.633481695271882528e-01
5.924938695481696271e-01
7.923950921349566245e-01
5.928698164967928230e-01
4.793463357455718388e-01
7.413145624646056975e-01
6.611264520476953788e-01
5.225099993060117187e-01
4.163098116780514779e-01
2.140953198428985071e-01
4.502387549990125026e-01
5.613638142286134780e-01
1.740012646344433755e-01
2.140953198428985071e-01
8.225762630014873955e-02
5.225099993060117187e-01
4.321176487143490452e-01
7.742739858502931671e-01
4.163098116780514779e-01
8.725832025518669433e-01
8.105161984196200819e-01
7.728205647327849315e-01
7.675153009761488399e-01
6.266736724871734276e-01
8.324891473434118394e-01
5.928698164967928230e-01
6.320188713011360981e-01
6.979377180725110374e-01
7.618340902708891083e-01
8.782644132571262308e-01
8.725832025518669433e-01
7.923950921349566245e-01
7.742739858502931671e-01
7.202866139449259908e-01
8.013191569665293335e-01
6.272826609999884173e-01
6.557812532337327083e-01
6.614624639389924399e-01
5.216057709114553242e-01
6.635248735693154432e-01
7.671393540275253109e-01
6.213684087305371140e-01
7.923950921349566245e-01
6.798166117878474690e-01
4.793463357455718388e-01
6.138977650164727518e-01
4.903328102074676620e-01
7.384077202295894482e-01
7.523010369265015207e-01
4.053233372161557102e-01
8.215026728815159052e-01
5.637622357502334314e-01
6.468571884021599994e-01
6.810369913411639109e-01
6.911790331983667102e-01
6.272826609999884173e-01
1.740012646344433755e-01
6.578436628640559336e-01
2.140953198428985071e-01
2.140953198428985071e-01
5.705209206243779807e-01
2.926369026354352920e-01
4.934024185594523826e-01
5.446961290614581452e-01
7.431039954734106612e-01
7.923950921349566245e-01
8.978389406592979238e-01
8.434756218053074406e-01
8.782644132571264528e-01
7.437129839862256508e-01
7.107535606005382922e-01
6.940858754333829594e-01
5.917116352610262142e-01
7.909416710174486109e-01
7.211310465496191258e-01
4.101446997905573988e-01
8.225762630014873955e-02
3.217444833819945726e-01
4.101446997905573988e-01
2.525428474269801882e-01
8.225762630014873955e-02
8.225762630014873955e-02
8.225762630014873955e-02
5.738037098080174259e-01
6.979377180725109264e-01
8.310357262259036037e-01
8.215026728815159052e-01
8.835696770137626554e-01
9.489194703296489619e-01
6.611264520476953788e-01
5.928698164967928230e-01
8.434756218053075516e-01
8.907043088365304007e-01
8.907043088365301786e-01
8.215026728815160162e-01
7.270452988190703181e-01
8.324891473434116174e-01
8.019281454793443231e-01
8.200492517640078916e-01
9.417848385068814387e-01
7.923950921349566245e-01
7.995297239577242587e-01
4.163098116780514779e-01
6.557812532337328193e-01
6.507090310412881884e-01
1.633481695271882528e-01
3.228219575508795014e-01
5.626040545144669336e-01
8.225762630014873955e-02
8.225762630014873955e-02
2.432029005894577878e-01
2.525428474269801882e-01
6.739023595183962767e-01
2.824549257209062469e-01
6.983136650211342333e-01
8.615967280899708980e-01
6.979377180725110374e-01
7.671393540275255329e-01
9.599059447915448962e-01
8.687313599127385322e-01
7.903326825046336213e-01
8.782644132571264528e-01
6.338083043099411729e-01
6.979377180725109264e-01
7.093001394830301676e-01
8.090627773021120683e-01
6.557812532337327083e-01
6.272826609999884173e-01
6.320188713011362092e-01
6.047007235633818922e-01
6.739023595183962767e-01
9.016907832984262239e-01
7.618340902708892193e-01
8.033815665968523367e-01
8.782644132571264528e-01
8.725832025518669433e-01
8.225762630014873955e-02
3.228219575508795014e-01
3.697776679605841998e-01
4.227473614869298180e-01
0.000000000000000000e+00
1.342405887806289444e-01
5.815073950862736929e-01
8.225762630014873955e-02
0.000000000000000000e+00
8.225762630014873955e-02
3.879585700351109168e-01
0.000000000000000000e+00
0.000000000000000000e+00
1.342405887806289444e-01
0.000000000000000000e+00
8.225762630014873955e-02
2.525428474269801882e-01
5.225099993060117187e-01
8.225762630014873955e-02
1.633481695271882528e-01
8.725832025518669433e-01
5.222147594242703139e-01
8.225762630014873955e-02
6.920234658030597341e-01
6.721129265095912020e-01
8.225762630014873955e-02
4.101446997905573988e-01
8.225762630014873955e-02
7.341799306418379523e-01
2.824549257209063025e-01
4.530131234692558739e-01
8.225762630014873955e-02
5.507133516580146049e-01
2.053141603957573669e-01
2.525428474269801882e-01
5.812743535220821212e-01
4.030100679677897646e-01
7.799551965555526767e-01
4.057844364380330804e-01
8.225762630014873955e-02
0.000000000000000000e+00
0.000000000000000000e+00
0.000000000000000000e+00
2.432029005894577878e-01
8.225762630014873955e-02
2.140953198428985071e-01
0.000000000000000000e+00
3.629160127593346052e-01
0.000000000000000000e+00
2.432029005894577878e-01
7.217400350624340044e-01
8.225762630014873955e-02
0.000000000000000000e+00
3.795836979264899380e-01
4.321176487143490452e-01
0.000000000000000000e+00
7.107535606005384032e-01
7.451664051037337755e-01
7.321175210115149490e-01
7.689687220936569645e-01
7.217400350624341154e-01
9.016907832984262239e-01
