2.283452237835929266e-01
6.185548447338180544e-01
6.719021706953585138e-01
7.296482675965608733e-01
1.152051425683462554e-01
2.752428540465373663e-01
1.720434475977773159e-01
1.152051425683462554e-01
1.152051425683462554e-01
5.785095480899651171e-02
5.664522322878002836e-01
6.337945108546917394e-01
7.911966940780637003e-01
8.609989725750611944e-01
7.930531644391135560e-01
8.387809246022288612e-01
9.247129154991912126e-01
9.512474337631793286e-01
7.574055045285527088e-01
8.582988721128247400e-01
7.710752169984115278e-01
7.628903105323640021e-01
8.653154428662169773e-01
8.304471848931511690e-01
8.499651324037469369e-01
8.503540661789075195e-01
8.628554429361109390e-01
7.073612740742815097e-01
7.788456849510640989e-01
8.454085615804608489e-01
8.539824018216688462e-01
6.064679064900094785e-01
7.830117876120159526e-01
8.884617260195741828e-01
8.127857077436050348e-01
8.168029771615269441e-01
7.780917877518038761e-01
7.454434291767136900e-01
9.442308630097869804e-01
8.805169200856569622e-01
9.652805752699641362e-01
6.255714154872102917e-01
6.991763676082339840e-01
8.293043539187304747e-01
7.306308857324343986e-01
5.785095480899651171e-02
1.152051425683462554e-01
2.097292537450787531e-01
5.785095480899651171e-02
7.317992214450894650e-01
1.720434475977773159e-01
5.785095480899651171e-02
1.152051425683462554e-01
3.400964122742802798e-01
5.699766164782621436e-01
2.283452237835929266e-01
3.752079864502844142e-01
5.809305689559932651e-01
5.785095480899651171e-02
2.097555114535220033e-01
0.000000000000000000e+00
4.647667786028342740e-01
3.400964122742802798e-01
8.308361186683116406e-01
8.143429772314209059e-01
6.180410480666880257e-01
4.867175400216676717e-01
7.945849291886946109e-01
9.503191985826544563e-01
8.234306141397589318e-01
7.537771688857913821e-01
6.987874338330734014e-01
9.167681095652741030e-01
7.268537168466427945e-01
8.735003493322647250e-01
7.788838738524979100e-01
7.344993219073260304e-01
7.801628539067495538e-01
8.512823013594325028e-01
8.698720136895031763e-01
8.186594475225766887e-01
9.759254816661179222e-01
7.769234520391485876e-01
8.281360182060751862e-01
1.000000000000000000e+00
9.097515388118815327e-01
8.070863059458981414e-01
7.537771688857913821e-01
5.412911443657452137e-01
3.547602693719897338e-01
8.582988721128247400e-01
4.495381153615258252e-01
6.506639019035437288e-01
1.911657991234510245e-01
2.950517751538966338e-01
4.345767386742162008e-01
7.862511894796169187e-01
6.318340890413425281e-01
8.454085615804607379e-01
4.601830217576793891e-01
5.850037557164374791e-01
4.093223472240901661e-01
6.334055770795312679e-01
3.304069270805201630e-01
0.000000000000000000e+00
5.785095480899651171e-02
3.894525080801569672e-01
6.513520365519384070e-01
4.080006398219226948e-01
5.920203264698298273e-01
5.785095480899651171e-02
2.997017677090978438e-01
4.146057761212282311e-01
7.814800228624347866e-01
0.000000000000000000e+00
1.841492283700587040e-01
5.897346645209883276e-01
7.723668812158623886e-01
2.097555114535220033e-01
4.751443984449890690e-01
1.278474521842431211e-01
0.000000000000000000e+00
5.785095480899651171e-02
5.408077603029032288e-01
0.000000000000000000e+00
1.534537352677063926e-01
5.734306141397588208e-01
3.712146873834233918e-01
3.182914800391688503e-01
1.152051425683462554e-01
7.219337169864306070e-01
6.521314384894331129e-01
8.795886849051320899e-01
7.165977442256495911e-01
3.020683459072889265e-01
4.533821935577934670e-01
3.469000685174108978e-01
4.425215446081334214e-01
2.849579908749922397e-01
4.867175400216676162e-01
0.000000000000000000e+00
6.058388721827187018e-01
1.761781647276982055e-01
5.205359155930471271e-01
5.785095480899651171e-02
1.841492283700587040e-01
3.744495508045421195e-01
4.072257763309100054e-01
2.111399773472467656e-01
8.131746415187656174e-01
4.510426831776270240e-01
1.278474521842431211e-01
8.387809246022288612e-01
6.408110816080840877e-01
4.379649737848471114e-01
6.405582969127544546e-01
5.468303333249050491e-01
7.268792215848773886e-01
5.785095480899651171e-02
6.267779401012993912e-01
3.194388494600716166e-01
7.537771688857913821e-01
7.875683584353023736e-01
8.397091597827537335e-01
7.619620753518389078e-01
8.061580707653731581e-01
7.742891141277778999e-01
6.744983197052955015e-01
2.778726535114260932e-01
4.859668584932153590e-01
2.313378322297665324e-01
6.936915616044226907e-01
7.726069817479926938e-01
8.313754200736760414e-01
8.363209246721228229e-01
6.668625598529556164e-01
6.441611278172814092e-01
7.168378447577798962e-01
8.442657306060401545e-01
8.884617260195741828e-01
8.478940662488012592e-01
9.512474337631795507e-01
8.619272077555860667e-01
8.829769200157630005e-01
9.569468355608863330e-01
8.107146415886595792e-01
8.433374954255150602e-01
2.283452237835929266e-01
7.982132648314559376e-01
3.823943567384593956e-01
6.699417488820093025e-01
5.236840501715478435e-01
7.420551940660826684e-01
8.698720136895033983e-01
7.814800228624350087e-01
5.366656279930118734e-01
4.493252008512640949e-01
3.206580582373599331e-01
0.000000000000000000e+00
4.906131622184278784e-01
0.000000000000000000e+00
5.111826734143442019e-01
4.047657764008039116e-01
2.213023953217573558e-01
1.761781647276982055e-01
3.784186679088428207e-01
1.539863744633091502e-01
6.186445776357443194e-01
3.186804138143292664e-01
5.785095480899651171e-02
2.965039464298022676e-01
5.191274793482616445e-01
5.227014320356743182e-01
4.169152615246701221e-01
2.496365709630740670e-01
6.214292831773190473e-01
4.247129154991913236e-01
1.539863744633091502e-01
0.000000000000000000e+00
2.398921076518283069e-01
4.601830217576794446e-01
5.468303333249050491e-01
6.859353122021432103e-01
6.178009475345578316e-01
7.095811734722572428e-01
4.169152615246701221e-01
6.482728475228847209e-01
4.679149131813349349e-01
5.424866770118804693e-01
6.415507602569712198e-01
8.097864064081344848e-01
4.977143380511585558e-01
4.791246257210877157e-01
4.977143380511586668e-01
5.163040503812296178e-01
7.653503104624701514e-01
8.211194474526829490e-01
8.168029771615269441e-01
8.164140433863664725e-01
8.097864064081344848e-01
7.384268584233213417e-01
8.539824018216688462e-01
7.911966940780637003e-01
8.429485616503546996e-01
7.417044491923561189e-01
5.613436758959503559e-01
8.326925890293614962e-01
4.381634937286722487e-01
4.906977672977663185e-01
5.191274793482616445e-01
4.080006398219226948e-01
4.080006398219226393e-01
3.124222787066792129e-01
6.403280415889673893e-01
8.884617260195741828e-01
8.222877831653380154e-01
5.633234747617957838e-01
8.383919908270685006e-01
7.422040273091129459e-01
8.539824018216688462e-01
5.163040503812296178e-01
2.883075025601661290e-01
4.533440046563596559e-01
3.725063516008741971e-01
6.963274339029673632e-01
7.301313076156774606e-01
7.532775907690346662e-01
8.122464063382407451e-01
7.424441278412431400e-01
4.283412511419525948e-01
3.475035980864671359e-01
6.969309634720235458e-01
6.028395708472482628e-01
6.667681095652739920e-01
5.927981940201507705e-01
6.144127124239268101e-01
6.635287076976732479e-01
5.950833214449687825e-01
7.968960958757705937e-01
8.350037557164373681e-01
6.314451552661820566e-01
6.155555433983473934e-01
6.648855999419661655e-01
7.418405982721869574e-01
8.247477830954442757e-01
8.814451552661819456e-01
9.281011506098223451e-01
8.486479634480615930e-01
7.884965936158270239e-01
5.424866770118804693e-01
7.050246026489710438e-01
6.422388949053657869e-01
8.725721141517398527e-01
8.387809246022288612e-01
7.921249292585885726e-01
9.000348675962528411e-01
8.801279863104964907e-01
8.512823013594323918e-01
9.317294862525836718e-01
9.095114382797514496e-01
7.532394018676008551e-01
8.814451552661819456e-01
7.488571690255791946e-01
7.628903105323640021e-01
9.652805752699640252e-01
9.512474337631795507e-01
8.281360182060751862e-01
7.418405982721869574e-01
6.064679064900094785e-01
4.381634937286721931e-01
8.945500615924417698e-01
7.417044491923561189e-01
4.637697768121355479e-01
6.250576188200803740e-01
8.421691597128597717e-01
7.644220752819451681e-01
8.512823013594325028e-01
8.353926894915979506e-01
3.397988926846801649e-01
7.930531644391135560e-01
5.050943378414768370e-01
3.194388494600715611e-01
7.081533601749755436e-01
4.679149131813349904e-01
8.755714154872102917e-01
7.674468813556502012e-01
5.563069040084034356e-01
6.436473311501513805e-01
9.095114382797513386e-01
8.805169200856569622e-01
5.929485616503546996e-01
5.929485616503546996e-01
7.941959954135341393e-01
8.046263060157919922e-01
8.390210251343592773e-01
8.016014999420869591e-01
6.987874338330734014e-01
8.653154428662171993e-01
8.549106370021938295e-01
8.025297351226119424e-01
7.974735861825689165e-01
8.814451552661819456e-01
7.488571690255793056e-01
8.685548447338179434e-01
7.979731642993257434e-01
8.025297351226120535e-01
8.981783972352030965e-01
8.653154428662169773e-01
8.281360182060749642e-01
9.024948675263588793e-01
8.628554429361109390e-01
8.326925890293614962e-01
8.945500615924417698e-01
7.230765479608513013e-01
7.219337169864307180e-01
6.147217585055041456e-01
8.653154428662171993e-01
8.131746415187656174e-01
8.582988721128247400e-01
7.860365936857212077e-01
7.909565935459332842e-01
6.383510816779779384e-01
6.064679064900094785e-01
6.250576188200804850e-01
6.743239817240308520e-01
5.878781941599385830e-01
6.441611278172812982e-01
7.040419845130975185e-01
6.784357014296341637e-01
8.603954430060049008e-01
6.487176986405674972e-01
6.690135137014843192e-01
8.549106370021938295e-01
6.185548447338180544e-01
6.363906598646287271e-01
8.512823013594323918e-01
8.238195479149191813e-01
8.839051551962882058e-01
8.549106370021937185e-01
7.284109863344584435e-01
8.558388721827185908e-01
7.418405982721869574e-01
7.270938173787730996e-01
4.415933094276084381e-01
7.583337397090775811e-01
3.206580582373599331e-01
3.752079864502844142e-01
2.858877604426910413e-01
3.194388494600715611e-01
3.752079864502844142e-01
3.310119910367502194e-01
3.496017033668211149e-01
3.566182741202134077e-01
3.849231232787393431e-01
6.738791306063479647e-01
6.775074662491094024e-01
7.025646027188650056e-01
6.519011831656460476e-01
4.035128356088102386e-01
4.721080549676953120e-01
4.169152615246701221e-01
8.025297351226119424e-01
7.289502877398230662e-01
3.547602693719897893e-01
7.991415000119809209e-01
8.433374954255150602e-01
4.269838243736361338e-01
2.650511095892359448e-01
4.041465873018563748e-01
5.297723857444152085e-01
6.494955661908885514e-01
8.643872076856921050e-01
5.557691369902127976e-01
1.720434475977773159e-01
3.894109274918516883e-01
4.163389179774825144e-01
2.883075025601661290e-01
5.785095480899651171e-02
5.859701797983961624e-01
0.000000000000000000e+00
2.648889212471470800e-01
0.000000000000000000e+00
0.000000000000000000e+00
1.152051425683462554e-01
3.834055770795312124e-01
2.283452237835929266e-01
3.712146873834233363e-01
1.152051425683462554e-01
0.000000000000000000e+00
3.182914800391687948e-01
0.000000000000000000e+00
1.534537352677063926e-01
4.865958928005061357e-01
2.654983907352915784e-01
0.000000000000000000e+00
5.678800455850819828e-01
7.418405982721869574e-01
2.313378322297665324e-01
0.000000000000000000e+00
1.534537352677063926e-01
6.747129154991913236e-01
3.889994930377649873e-01
4.381634937286722487e-01
6.731811507496101576e-01
0.000000000000000000e+00
4.879130617561914240e-01
4.973624464178213467e-01
7.168378447577798962e-01
1.539863744633091502e-01
9.661543023827531829e-02
2.097555114535220033e-01
6.045217032270332469e-01
3.873287402534968948e-01
5.785095480899651171e-02
7.317992214450894650e-01
7.454434291767136900e-01
5.212898127923072389e-01
6.769583196354016508e-01
1.841492283700587040e-01
1.761781647276982055e-01
5.785095480899651171e-02
2.357732289910720591e-01
0.000000000000000000e+00
5.238969646818095738e-01
5.785095480899651171e-02
7.384268584233213417e-01
0.000000000000000000e+00
5.785095480899651171e-02
0.000000000000000000e+00
0.000000000000000000e+00
2.097292537450787531e-01
5.785095480899651171e-02
5.785095480899651171e-02
1.720434475977773159e-01
5.785095480899651171e-02
2.357732289910720591e-01
1.841492283700587040e-01
0.000000000000000000e+00
0.000000000000000000e+00
2.246322830614932153e-01
0.000000000000000000e+00
0.000000000000000000e+00
4.554135364241314599e-01
5.785095480899651171e-02
1.152051425683462554e-01
0.000000000000000000e+00
5.506987694997966809e-01
3.035477032050632462e-01
8.979382967030729024e-01
4.391604955193710302e-01
5.785095480899651171e-02
2.650511095892359448e-01
6.610687077675670986e-01
1.152051425683462554e-01
2.648889212471470800e-01
7.862511894796169187e-01
3.008491371300006101e-01
1.720434475977773159e-01
5.785095480899651171e-02
1.152051425683462554e-01
2.283452237835929266e-01
3.790748882380021723e-01
4.345767386742160898e-01
9.661543023827531829e-02
5.785095480899651171e-02
9.661543023827531829e-02
0.000000000000000000e+00
5.785095480899651171e-02
2.592973248361804539e-01
4.494164681403641781e-01
0.000000000000000000e+00
5.785095480899651171e-02
5.785095480899651171e-02
0.000000000000000000e+00
1.534537352677063926e-01
0.000000000000000000e+00
0.000000000000000000e+00
1.761781647276982055e-01
0.000000000000000000e+00
4.328320594143733047e-01
1.841492283700587040e-01
