1.366803925510156337e-01
6.210781326319549933e-01
5.315722160302914778e-01
1.526490795529499567e-01
2.898842903503530688e-01
0.000000000000000000e+00
4.103697551146643918e-01
6.538720915403422040e-01
4.682281177814127116e-01
8.090452674446139136e-01
1.021459590446328752e-01
1.647902602233691227e-01
6.922188767461179282e-01
5.125880164080467982e-02
6.996649961824987773e-01
1.021459590446328752e-01
5.125880164080467982e-02
8.593985815235624104e-01
4.704762372981977081e-01
3.852570224498988449e-01
7.881807562475616757e-01
5.501491423507457457e-01
8.242165942293053771e-01
5.090923937071593075e-01
3.186040114445278792e-01
2.524492717600658742e-01
7.360483825144662484e-01
7.469714878314444029e-01
4.466940951165351836e-01
4.518444961781395430e-01
3.935556745249398913e-01
4.462649541789102114e-01
4.932695656392350747e-01
0.000000000000000000e+00
5.101068976653554410e-01
4.924722054219922707e-01
0.000000000000000000e+00
5.125880164080467982e-02
0.000000000000000000e+00
1.778815307015634284e-01
8.617727204269857999e-02
4.436216072161101587e-01
7.015126798987875167e-01
1.388801673413607163e-01
5.327382546868567603e-01
0.000000000000000000e+00
0.000000000000000000e+00
5.496540593958720855e-01
3.069844342790296610e-01
2.750696158220179988e-01
1.526490795529499567e-01
1.647902602233691227e-01
5.125880164080467982e-02
0.000000000000000000e+00
1.366803925510156337e-01
1.647902602233691227e-01
3.381244480656553919e-01
8.617727204269857999e-02
5.125880164080467982e-02
1.647902602233691227e-01
1.526490795529499567e-01
7.650533311970250105e-01
7.507345370509937998e-01
3.839963987249125910e-01
4.012257094518331124e-01
3.350302390715412248e-01
7.001968837523837585e-01
4.864449243001320311e-01
3.808890857309465972e-01
1.021459590446328752e-01
3.494055236878162995e-01
1.526490795529499567e-01
2.706979504387249658e-01
2.706979504387249658e-01
2.578460279777617381e-01
2.902409426067094622e-01
5.125880164080467982e-02
3.190389965227500291e-01
2.898842903503530133e-01
5.074963552238472841e-01
2.857482149568895680e-01
6.955746937684628151e-01
7.852483309262519029e-01
7.248244441689853934e-01
6.879925640188250258e-01
6.702229086223233656e-01
1.021459590446328752e-01
5.056621231482830714e-01
4.467383717570811985e-01
5.125880164080467982e-02
7.563326772352290117e-01
4.657328313377195328e-01
1.885745237523286655e-01
2.144846166343370997e-01
5.125880164080467982e-02
6.501776663829345049e-01
1.021459590446328752e-01
4.731336368872536280e-01
5.125880164080467982e-02
4.786757457609497890e-01
0.000000000000000000e+00
0.000000000000000000e+00
0.000000000000000000e+00
3.190389965227500846e-01
1.885745237523286655e-01
5.125880164080467982e-02
4.697887156457799529e-01
0.000000000000000000e+00
8.401852812312397001e-01
1.021459590446328752e-01
4.022046466060444359e-01
7.212785386903892704e-01
1.867862283471636298e-01
6.522908227465809006e-01
7.551119253169509271e-01
6.983959153578161994e-01
8.232348947924014171e-01
8.405193779407390542e-01
7.046294444397585011e-01
7.637927074720388676e-01
8.046678791786567864e-01
7.702832521016422795e-01
7.994379582740394063e-01
7.865860358130761787e-01
9.012773614075052508e-01
8.381999736170108184e-01
8.660953741132482175e-01
8.900201593810276313e-01
5.493199626863726204e-01
5.744107866107175386e-01
3.449716449516153638e-01
0.000000000000000000e+00
3.695382837102098028e-01
2.706979504387249658e-01
0.000000000000000000e+00
2.257875917073663141e-01
4.085674686712704728e-01
2.257875917073663141e-01
4.789313170747449000e-01
7.667032240529279008e-01
6.603034114826699108e-01
4.574537848801111251e-01
7.085435691979722339e-01
3.025467711615015265e-01
1.388801673413607163e-01
5.118503905155176170e-01
0.000000000000000000e+00
0.000000000000000000e+00
0.000000000000000000e+00
5.125880164080467982e-02
5.925145387167186639e-01
3.449716449516153638e-01
2.027549153490978973e-01
3.125767303226676397e-01
5.887282627079225561e-01
3.824044125074592126e-01
5.019089846354434226e-01
1.021459590446328752e-01
1.021459590446328752e-01
1.647902602233691227e-01
2.865780841595672590e-01
2.866666374406592332e-01
2.267060141911359794e-01
0.000000000000000000e+00
2.477835598311607657e-01
0.000000000000000000e+00
5.125880164080467982e-02
3.763629250493129019e-01
0.000000000000000000e+00
1.366803925510156337e-01
1.366803925510156337e-01
8.405193779407390542e-01
2.364805847581315512e-01
2.706979504387249658e-01
6.664585413539476644e-01
0.000000000000000000e+00
4.706079846034434411e-01
2.027549153490979250e-01
4.730883751725459274e-01
1.021459590446328752e-01
6.544039791102271852e-01
2.551642485150129036e-01
1.647902602233691227e-01
6.151581095679180544e-01
1.597539142894311703e-01
5.338463586393120686e-01
2.524492717600658742e-01
5.125880164080467982e-02
8.617727204269857999e-02
3.026353244425935562e-01
1.021459590446328752e-01
6.181233394105197787e-01
3.708591822867668419e-01
2.364805847581315512e-01
4.034847247494894318e-01
4.281380924623398032e-01
3.540931350675896594e-01
4.242689860551157044e-01
6.368172186995203488e-01
5.762445595265771603e-01
3.935556745249398913e-01
7.060744073844057445e-01
6.422324638979606259e-01
0.000000000000000000e+00
2.027549153490979250e-01
2.090215444881891593e-01
1.778815307015634284e-01
4.121694054604055357e-01
8.617727204269857999e-02
2.144846166343370997e-01
0.000000000000000000e+00
0.000000000000000000e+00
2.027549153490979250e-01
3.494055236878162995e-01
2.364805847581315512e-01
5.387090453384734134e-01
1.366803925510156337e-01
6.373038351815506486e-01
2.637522468330950609e-01
3.673210380183282164e-01
7.852483309262519029e-01
5.779894966106056131e-01
2.551642485150129036e-01
1.021459590446328752e-01
3.577508910845785262e-01
2.554989920309486684e-01
1.021459590446328752e-01
3.412404151791963991e-01
5.164008892456000144e-01
5.510039781123939884e-01
4.786757457609497890e-01
6.917775219787951624e-01
0.000000000000000000e+00
3.025467711615015265e-01
5.703342313732631119e-01
7.231745513130823921e-01
4.323657232384587878e-01
4.391903645775618870e-01
3.768864634086269705e-01
3.125767303226676397e-01
3.026353244425935562e-01
3.186040114445278792e-01
8.374026133997680699e-01
7.905001605712899115e-01
7.403639902332946887e-01
7.622706633655533803e-01
8.722505039845258601e-01
8.002353184912821549e-01
8.784840330664679398e-01
7.945986245491650779e-01
4.385388632943291176e-01
8.944527200684021517e-01
5.095762479064969153e-01
1.021459590446328752e-01
3.132418369566550842e-01
5.149121088201112917e-01
3.345726984464620912e-01
8.054652393958995349e-01
6.965949469632487512e-01
6.202036912528741119e-01
6.167515119535772472e-01
3.062096296086437297e-01
6.883266607283244909e-01
8.030179863227537851e-01
6.254336121574913809e-01
6.669302619613873828e-01
2.857482149568895680e-01
2.966080433207333722e-01
3.829137445304871545e-01
4.610571659031125757e-01
2.144846166343370997e-01
3.987880341107323257e-01
3.509989260734756034e-01
3.703356439274526624e-01
3.125767303226676397e-01
4.402376730570499719e-01
4.148511185343558560e-01
6.574988349107776520e-01
4.897827311378844528e-01
1.021459590446328752e-01
4.260841607859693903e-01
1.146844244272211544e-01
4.103697551146643918e-01
5.024136113020664096e-01
5.125880164080467982e-02
8.652980138960052470e-01
5.212928148848897658e-01
7.324464457253312411e-01
8.470099225703426882e-01
7.533328656628039965e-01
8.952500802856450113e-01
8.633127062817763653e-01
8.470099225703426882e-01
8.046678791786567864e-01
8.580827853771590963e-01
8.352894570361217852e-01
8.302438753511656166e-01
7.515318972682365484e-01
7.803525067311339880e-01
7.523292574854792969e-01
7.656529005538821320e-01
6.158482117273375023e-01
6.327201989555115702e-01
6.198682764945484536e-01
6.418642446183429051e-01
6.806262599613144282e-01
6.530155066358235283e-01
6.370468196338893163e-01
6.577269916112802317e-01
6.266929178336513306e-01
6.046969497098568791e-01
6.527859057014545607e-01
5.631715947688324952e-01
4.602007347086241040e-01
5.234650422257816071e-01
3.829363000773441383e-01
2.866666374406592888e-01
2.866666374406592888e-01
3.345726984464620912e-01
3.345726984464620912e-01
2.966080433207333722e-01
2.866666374406592888e-01
2.970655839458125058e-01
3.062096296086437852e-01
3.609403319535496868e-01
3.449716449516153638e-01
3.350302390715412804e-01
3.609403319535496868e-01
2.866666374406592888e-01
3.026353244425936118e-01
2.866666374406592888e-01
2.706979504387249658e-01
2.866666374406592888e-01
3.829137445304871545e-01
4.148511185343557450e-01
4.088238374124955610e-01
4.308198055362901235e-01
4.088238374124955610e-01
8.792813932837106883e-01
8.242165942293053771e-01
8.952500802856450113e-01
7.761261940038414187e-01
8.054652393958995349e-01
8.693399874036367159e-01
2.578460279777617381e-01
8.617727204269857999e-02
4.673594727572267238e-01
4.232216775756275640e-01
3.381244480656553919e-01
2.806393563187990492e-01
1.021459590446328752e-01
1.146844244272211544e-01
5.056621231482830714e-01
5.503344666445687539e-01
7.352291135568027602e-01
2.418773409758274706e-01
5.362702493650238766e-01
1.021459590446328752e-01
6.733724776845864124e-01
2.364805847581315512e-01
3.290029579496810963e-01
8.085820039368705192e-01
5.928252824519312236e-01
7.340976566300605466e-01
7.799233657935090713e-01
8.201181302514302107e-01
6.198682764945483425e-01
7.743252256092738595e-01
7.100213366639117618e-01
7.567618181728539284e-01
4.566797776371553375e-01
5.074963552238472841e-01
5.664201066150491570e-01
8.172076136705411775e-01
4.148511185343558560e-01
7.158866464662360096e-01
7.140524143906716859e-01
2.205118977561972560e-01
4.194891297543822950e-01
4.970131604403255077e-01
0.000000000000000000e+00
5.669151895699229282e-01
7.143646023597505224e-01
1.867862283471636020e-01
4.230141115667193641e-01
1.021459590446328752e-01
6.438714609729923044e-01
4.771550197032907170e-01
2.477835598311608212e-01
4.893593394368493388e-01
5.372615018868239778e-01
3.855069707121440703e-01
2.866666374406592332e-01
3.632363833029908506e-01
5.805878252224159208e-01
5.546777323404076254e-01
0.000000000000000000e+00
1.647902602233691227e-01
4.466940951165352391e-01
4.462649541789102114e-01
5.416621415891771374e-01
8.564880649426733772e-01
7.121016885062659840e-01
6.270502413323978397e-01
6.082988864989918865e-01
2.970655839458125058e-01
1.778815307015634284e-01
5.315722160302914778e-01
1.021459590446328752e-01
3.069844342790296610e-01
6.063481606145861846e-01
1.366803925510156337e-01
3.132707429221188722e-01
2.144846166343370442e-01
7.372472256923234823e-01
4.144669010437131984e-01
2.857482149568895125e-01
2.027549153490979250e-01
1.526490795529499567e-01
4.662086875970655186e-01
4.551343805563827782e-01
4.023899708998673330e-01
5.917171784994760264e-01
4.682281177814127116e-01
7.870492993208194621e-01
8.617727204269857999e-02
6.669302619613873828e-01
4.928102006873198437e-01
6.538720915403422040e-01
6.836963091805644543e-01
7.854545788863338540e-01
7.546486618092076437e-01
7.342474141198988002e-01
8.617727204269857999e-02
1.021459590446328752e-01
2.418773409758274706e-01
1.021459590446328752e-01
4.315670449723897351e-01
3.334368366858820321e-01
2.420007848914071391e-01
4.833320583149890992e-01
5.125880164080467982e-02
6.417583046093459087e-01
5.125880164080467982e-02
5.125880164080467982e-02
2.144846166343370997e-01
3.212981259949074797e-01
5.338463586393120686e-01
3.935790368723738331e-01
4.232216775756276195e-01
1.366803925510156337e-01
5.125880164080467982e-02
2.378421539510866822e-01
5.532301888887583008e-01
8.444335026989530091e-01
3.540931350675896594e-01
2.364805847581316067e-01
7.902939126112079604e-01
6.279027739710579814e-01
3.743667216542125864e-01
1.526490795529499567e-01
1.778815307015634284e-01
1.021459590446328752e-01
5.125880164080467982e-02
2.551642485150129036e-01
5.125880164080467982e-02
5.125880164080467982e-02
6.803140719922355917e-01
2.757956177600869863e-01
3.540931350675896594e-01
5.686225579702313127e-01
3.944010681127300688e-01
6.504898543520133414e-01
5.125880164080467982e-02
2.205118977561972560e-01
5.611175093824316562e-01
5.611625277334212347e-01
1.366803925510156337e-01
6.710973500014041360e-01
3.743667216542125864e-01
3.983588931731073535e-01
4.402376730570499719e-01
7.142367536103330083e-01
8.214339263978337469e-01
7.370300819513703194e-01
8.250139544465481256e-01
9.520939389941971420e-01
8.629786095722770112e-01
8.370685166902686047e-01
8.949159835761455462e-01
6.793669542851545895e-01
6.327201989555114592e-01
5.315722160302913668e-01
5.535681841540858183e-01
4.931237067052250400e-01
4.611863327013564495e-01
4.870964255833647449e-01
3.350302390715412804e-01
4.562063600589842949e-01
3.703356439274526068e-01
4.491317704576360259e-01
4.232216775756275640e-01
3.289804024028241680e-01
3.829137445304871545e-01
3.350302390715412248e-01
8.214339263978337469e-01
7.447072559291335603e-01
8.370685166902686047e-01
6.995838627548022215e-01
8.561539682331740231e-01
7.411613504505374372e-01
9.081020027466082389e-01
8.154066452759737293e-01
4.242689860551157044e-01
3.504528321673044400e-01
3.695382837102098028e-01
3.763629250493127909e-01
3.928551504105612935e-01
3.829137445304871545e-01
4.088238374124956165e-01
8.062625996131422834e-01
8.018865293960113494e-01
8.082479072273710541e-01
7.642559709797822620e-01
8.781499363569685856e-01
8.221034378656590924e-01
7.919779280372294394e-01
7.181617741494182861e-01
7.312199445704633538e-01
6.345776578203228269e-01
3.669676130754098708e-01
8.273333587702765834e-01
8.680241912572334018e-01
7.432417022928917705e-01
8.460282231334387282e-01
8.569513284504167716e-01
7.092239764466687912e-01
7.502161011218330122e-01
7.661847881237673352e-01
5.828838765718572512e-01
7.723013642371631127e-01
5.857710308053123427e-01
4.915276682219129611e-01
6.091308284460578149e-01
7.540132729115005539e-01
3.669676130754098708e-01
2.257875917073663141e-01
2.205118977561972560e-01
0.000000000000000000e+00
1.021459590446328752e-01
4.121694054604055357e-01
0.000000000000000000e+00
3.061369532806436644e-01
3.161284799418608848e-01
0.000000000000000000e+00
1.867862283471636020e-01
3.969980786757140723e-01
4.855003871000527771e-01
1.021459590446328752e-01
5.664201066150491570e-01
2.966080433207333722e-01
6.151581095679179434e-01
6.127314471863664069e-01
3.190615520696070129e-01
4.706079846034434411e-01
6.340920264124541017e-01
1.021459590446328752e-01
2.750696158220179988e-01
0.000000000000000000e+00
1.366803925510156337e-01
4.052856931440569910e-01
1.885745237523286655e-01
8.617727204269857999e-02
1.021459590446328752e-01
8.617727204269857999e-02
5.125880164080467982e-02
0.000000000000000000e+00
0.000000000000000000e+00
0.000000000000000000e+00
2.364805847581315512e-01
2.477835598311607657e-01
1.366803925510156337e-01
3.212981259949074242e-01
2.438569257073920915e-01
5.125880164080467982e-02
5.124867644873860595e-01
5.504514196131149451e-01
1.021459590446328752e-01
1.936371832605251198e-01
0.000000000000000000e+00
0.000000000000000000e+00
1.021459590446328752e-01
3.202508175154193393e-01
1.647902602233691227e-01
1.597539142894311703e-01
6.444625732301532128e-01
2.371955737366512329e-01
5.125880164080467982e-02
1.778815307015634284e-01
2.697795279549553005e-01
2.072807430560669739e-01
4.242689860551157044e-01
2.551642485150129036e-01
5.125880164080467982e-02
7.315212367586707565e-01
3.190615520696070129e-01
0.000000000000000000e+00
0.000000000000000000e+00
0.000000000000000000e+00
1.021459590446328752e-01
0.000000000000000000e+00
0.000000000000000000e+00
0.000000000000000000e+00
0.000000000000000000e+00
8.617727204269857999e-02
0.000000000000000000e+00
1.021459590446328752e-01
6.542542216203890426e-01
2.218734669491524425e-01
1.647902602233691227e-01
2.663830844303402556e-01
5.899973435326050231e-01
3.435831724772117068e-01
5.125880164080467982e-02
5.546777323404076254e-01
5.990821645081604307e-01
4.122946737028213016e-01
4.733906524349149603e-01
7.533328656628039965e-01
5.097247675853084914e-01
2.144846166343370997e-01
3.540931350675896594e-01
8.048741271387387375e-01
7.604696949709859322e-01
4.611863327013563385e-01
8.792813932837106883e-01
7.958920527954433943e-01
2.966080433207333722e-01
6.668491285336908270e-01
4.616701869006941128e-01
4.483344102403931108e-01
4.566797776371553375e-01
5.766737004642019659e-01
5.014690741019871556e-01
4.865766716053777086e-01
7.857886755958332081e-01
6.609838187313664681e-01
4.931237067052250400e-01
7.957300814759074026e-01
8.421140983752247733e-01
8.569513284504166606e-01
6.803140719922355917e-01
6.912371773092138572e-01
8.015511146376856910e-01
9.172460484094395738e-01
7.632742715428780800e-01
5.889111576937173798e-01
9.099029711411759092e-01
8.564880649426735992e-01
2.027549153490979250e-01
4.308198055362901235e-01
7.155525497567365445e-01
4.765035184200580032e-01
3.449716449516153638e-01
3.988824315324215330e-01
4.518444961781395430e-01
7.081875637480522512e-01
6.311267965698522664e-01
5.244095794258608612e-01
7.303332893616848454e-01
6.758088349768608394e-01
8.641100664990193359e-01
8.292621759142615456e-01
9.499807826305511904e-01
8.177260495997017431e-01
8.401852812312395891e-01
6.889262300851819454e-01
8.077846437196277707e-01
8.473440192798421533e-01
8.261454113732905613e-01
7.986405980567966578e-01
8.080635680077099536e-01
9.203628129504104471e-01
8.181893131074450265e-01
7.991038615645398302e-01
9.081020027466080169e-01
8.313753322779078303e-01
7.981221621276358702e-01
8.362711564730257452e-01
7.370300819513703194e-01
8.991642050438588551e-01
8.892227991637848827e-01
7.794272977644737255e-01
7.890674114563402952e-01
8.282585677369368460e-01
7.805587546912159391e-01
6.581683463786028865e-01
7.149171608590296767e-01
9.439535015086906178e-01
7.667032240529281228e-01
7.515318972682365484e-01
8.142751883492314047e-01
7.842666314893479429e-01
6.637542727331404713e-01
6.986021633178982615e-01
7.077462089807294854e-01
9.081020027466083500e-01
7.852702396666725315e-01
6.996649961824987773e-01
8.222312866150767174e-01
8.302438753511656166e-01
8.090452674446139136e-01
5.899831371963188964e-01
8.114925205177597745e-01
8.800787535009534368e-01
8.921333157446740270e-01
7.316490855080883815e-01
6.084832257186530979e-01
5.903794736126518616e-01
7.274227727807957011e-01
5.956313032576899813e-01
6.604312602320874248e-01
7.784455983275695434e-01
7.472836758005231284e-01
7.320173047877063244e-01
6.893083601652286729e-01
8.876280787292989416e-01
8.210998296883343928e-01
9.211601731676535287e-01
7.852702396666725315e-01
8.921333157446739159e-01
8.274612075196940975e-01
8.753672685254968444e-01
8.282585677369368460e-01
8.753672685254968444e-01
9.041878779883942840e-01
8.442272547388710580e-01
7.689674559552387434e-01
8.271271108101944103e-01
8.861060346228136764e-01
7.820365221571553560e-01
8.413167381579820248e-01
8.232348947924014171e-01
7.691517951749001769e-01
8.020362868858497141e-01
6.800351477041534087e-01
8.910018588179315913e-01
8.763708767028218771e-01
5.191796585212434811e-01
4.611863327013564495e-01
2.027549153490979250e-01
2.970655839458125058e-01
2.027549153490979250e-01
1.885745237523286655e-01
4.788377170804856142e-01
1.021459590446328752e-01
1.526490795529499567e-01
2.378421539510866822e-01
0.000000000000000000e+00
5.125880164080467982e-02
2.144846166343370442e-01
0.000000000000000000e+00
5.125880164080467982e-02
3.681568785212221973e-01
3.595518594791459743e-01
2.857482149568895680e-01
2.477835598311607657e-01
2.378421539510866822e-01
2.378421539510866822e-01
2.378421539510866822e-01
1.885745237523286655e-01
2.378421539510866822e-01
2.378421539510866822e-01
3.350302390715412804e-01
3.669450575285529426e-01
4.402376730570499719e-01
3.855069707121440703e-01
4.143275801750416210e-01
4.083002990531813814e-01
4.012257094518331124e-01
4.711277385814304774e-01
4.773008786373007517e-01
7.661847881237671132e-01
7.700989128819812901e-01
7.579273976697146198e-01
8.732541121618506708e-01
6.345776578203228269e-01
8.892227991637848827e-01
6.897235903024246939e-01
7.645900676892816161e-01
8.056714873559813750e-01
8.991642050438588551e-01
7.894965523939652119e-01
8.292621759142614346e-01
8.392035817943355180e-01
8.300595361315042942e-01
8.633127062817765873e-01
9.012773614075052508e-01
8.792813932837106883e-01
7.601575070019070957e-01
1.000000000000000000e+00
6.861915956242575776e-01
9.143355318285504296e-01
9.460666578723371245e-01
5.234650422257816071e-01
5.234650422257816071e-01
5.791402817707667072e-01
5.152655337630295262e-01
5.244095794258607501e-01
8.305779720606650818e-01
7.722120692456275748e-01
7.082094724884727688e-01
6.580391795803590682e-01
2.706979504387249658e-01
2.866666374406592332e-01
2.637522468330950609e-01
2.364805847581315512e-01
6.449342938375927092e-01
8.664294708227476827e-01
5.855055581579545754e-01
8.572854251599161257e-01
6.741370333805373205e-01
8.892227991637848827e-01
9.303042188304847526e-01
8.014232658882680660e-01
8.789472965742113342e-01
7.731937686825315348e-01
5.742349044907526512e-01
9.389079198237344492e-01
9.910622022972507272e-01
5.312342207649638492e-01
5.372615018868240888e-01
5.244095794258609722e-01
4.924722054219921596e-01
1.526490795529499567e-01
1.021459590446328752e-01
3.376009097063412123e-01
1.526490795529499567e-01
2.364805847581315512e-01
1.867862283471636020e-01
7.326526936854131922e-01
8.763708767028216551e-01
6.048798446956517028e-01
8.789472965742113342e-01
2.866666374406592332e-01
3.125767303226676397e-01
3.062096296086437297e-01
3.350302390715412804e-01
3.669450575285529426e-01
3.449490894047584355e-01
3.829137445304871545e-01
4.551590515794961544e-01
4.915276682219130722e-01
4.627070587590154660e-01
5.475409030322256898e-01
5.863029183751973239e-01
7.440390625101346300e-01
7.554460220264502812e-01
7.455046161463763088e-01
7.363605704835449739e-01
7.859506469153690889e-01
8.619969101353730512e-01
8.619969101353730512e-01
9.143355318285504296e-01
8.601959417408052699e-01
8.572854251599163478e-01
7.902939126112081825e-01
8.352894570361217852e-01
7.980052091590896790e-01
8.381999736170110404e-01
8.292621759142615456e-01
7.455046161463763088e-01
7.023100401160300432e-01
8.183171618568627625e-01
7.574313296406791629e-01
8.533713004017023929e-01
6.486888859574458932e-01
6.498987420948525440e-01
8.172076136705411775e-01
7.922792202254368421e-01
2.027549153490979250e-01
3.494055236878162995e-01
6.393219473170713707e-01
6.268991657937331707e-01
3.381244480656553919e-01
7.611392064388111667e-01
6.512145382412560801e-01
5.125880164080467982e-02
5.746981679984959346e-01
6.384352921082928622e-01
1.021459590446328752e-01
4.467383717570811985e-01
4.893554408810211753e-01
5.125880164080467982e-02
5.179229333520855016e-01
2.364805847581315512e-01
1.526490795529499567e-01
2.027549153490979250e-01
3.969980786757140723e-01
1.021459590446328752e-01
3.190389965227500846e-01
2.027549153490979250e-01
5.374825441836055262e-01
5.630010648117090843e-01
2.637522468330950609e-01
5.383968573693944659e-01
7.152512575685290308e-01
8.942464721083203116e-01
7.894965523939654339e-01
6.801971190236894005e-01
7.639218742702827969e-01
8.234192340120624065e-01
7.241562507499863521e-01
7.022373637880299224e-01
6.482269404985289141e-01
8.405193779407392762e-01
6.932552894447345793e-01
3.635110025883495632e-01
2.857482149568895680e-01
7.531831081729658539e-01
4.893593394368493388e-01
5.987480677986609656e-01
8.678744337673948150e-01
5.664201066150492681e-01
6.818361160987211900e-01
6.202036912528740009e-01
1.708175413452293345e-01
3.509989260734756034e-01
3.664357255055248896e-01
7.276882454281535795e-01
2.706979504387249658e-01
5.125880164080467982e-02
1.366803925510156614e-01
4.022730179313211973e-01
7.355632102663022254e-01
7.661847881237671132e-01
7.373641786608697846e-01
0.000000000000000000e+00
7.221928518761784321e-01
4.304355880456474104e-01
1.867862283471636020e-01
3.190389965227500846e-01
1.021459590446328752e-01
4.308198055362901235e-01
7.219139275880961382e-01
1.366803925510156337e-01
9.172460484094395738e-01
9.560080637524108749e-01
9.069705458198659143e-01
7.373641786608696735e-01
5.889111576937174908e-01
4.143275801750416210e-01
6.737549033004903709e-01
7.248244441689853934e-01
4.946444327628840010e-01
6.737549033004903709e-01
7.834692712721050833e-01
4.409666619490160144e-01
7.467736969710587758e-01
8.374026133997680699e-01
8.633127062817763653e-01
4.452176456994221265e-01
7.525355054455612480e-01
4.693254521380366695e-01
7.084266162294260427e-01
1.708175413452293345e-01
2.637522468330950609e-01
6.496924941347707039e-01
3.829137445304871545e-01
2.027549153490979250e-01
2.524492717600658742e-01
3.829363000773441383e-01
3.381244480656553919e-01
2.027549153490979250e-01
5.931141080735760074e-01
7.766446299330020953e-01
8.344920968188788146e-01
6.697815538550005998e-01
7.749947370770992050e-01
7.291067882068170691e-01
4.491317704576359149e-01
8.154066452759735073e-01
5.278643392321595851e-01
6.203534487427123656e-01
7.852702396666726425e-01
8.175198016396200140e-01
7.951897368063260974e-01
8.619969101353730512e-01
7.243060082398247168e-01
8.533713004017023929e-01
6.978048031006554019e-01
7.546486618092076437e-01
8.633127062817765873e-01
8.111584238082601983e-01
8.879070030173811245e-01
8.053373906464820209e-01
5.603928254931890285e-01
5.114104799820612390e-01
4.148511185343558560e-01
7.284044722176996611e-01
6.208485316975859147e-01
6.759708062963967201e-01
5.383968573693945769e-01
7.660350306339290816e-01
7.059452405861619262e-01
7.730987244544060832e-01
8.991642050438589662e-01
8.140908491295701932e-01
4.436216072161102142e-01
4.915276682219129611e-01
4.315670449723897351e-01
4.216256390923156516e-01
3.829137445304872656e-01
3.190615520696070129e-01
3.062096296086437297e-01
2.750696158220179988e-01
3.449716449516153638e-01
2.637522468330950609e-01
2.637522468330950609e-01
1.597539142894311703e-01
1.885745237523286655e-01
1.885745237523286655e-01
2.364805847581315512e-01
2.144846166343370997e-01
1.597539142894311703e-01
2.144846166343370997e-01
1.985159296324027489e-01
1.885745237523286655e-01
2.364805847581315512e-01
2.364805847581315512e-01
2.144846166343370997e-01
2.205118977561972560e-01
1.885745237523286655e-01
2.144846166343370997e-01
2.524492717600658742e-01
2.144846166343370997e-01
1.647902602233691227e-01
2.027549153490979250e-01
2.144846166343370442e-01
1.867862283471636020e-01
1.647902602233691227e-01
1.388801673413607163e-01
1.388801673413607163e-01
7.859178423940772484e-01
8.370685166902686047e-01
8.082479072273710541e-01
8.250139544465483477e-01
8.732541121618505597e-01
7.606759429310677723e-01
8.053373906464820209e-01
7.774419901502446217e-01
6.872280083228744507e-01
7.735278653920308889e-01
8.633127062817765873e-01
8.821919098645997215e-01
7.852702396666725315e-01
9.232733295312995914e-01
8.763708767028215441e-01
7.802246579817164740e-01
8.085820039368705192e-01
8.880913422370423360e-01
8.444335026989527870e-01
7.704111008510599046e-01
5.891407586280863473e-01
3.540931350675896594e-01
3.125767303226675842e-01
3.345726984464620912e-01
9.059888463829619543e-01
8.392035817943355180e-01
8.960474405028877598e-01
6.889262300851818344e-01
7.081875637480521402e-01
7.258280523463100931e-01
7.363605704835451959e-01
6.940526496619774388e-01
8.300595361315042942e-01
6.740078665822933912e-01
9.135381716113074591e-01
8.171857049301204379e-01
3.540931350675896594e-01
7.851532866981263403e-01
1.867862283471636020e-01
8.473440192798421533e-01
7.250306921290672335e-01
3.125767303226675842e-01
5.338463586393119575e-01
6.915712740187132113e-01
4.748342973307361214e-01
2.538108409530210330e-01
8.253480511560477018e-01
8.493293268940709240e-01
2.637522468330950609e-01
9.211601731676533067e-01
7.934106771521791668e-01
5.090923937071593075e-01
6.258955576164085821e-01
8.792813932837109103e-01
8.672268310399904312e-01
3.062096296086437297e-01
2.866666374406592332e-01
7.279412087099563777e-01
1.388801673413607163e-01
4.022730179313211973e-01
1.146844244272211544e-01
5.125880164080467982e-02
1.021459590446328752e-01
1.366803925510156337e-01
4.012257094518330014e-01
0.000000000000000000e+00
0.000000000000000000e+00
2.866666374406592332e-01
0.000000000000000000e+00
0.000000000000000000e+00
1.778815307015634284e-01
0.000000000000000000e+00
5.125880164080467982e-02
3.132418369566550287e-01
1.021459590446328752e-01
4.789313170747447890e-01
2.190005617838516327e-01
2.902409426067095177e-01
4.414850978781768021e-01
1.388801673413607163e-01
8.617727204269857999e-02
3.161284799418608848e-01
0.000000000000000000e+00
0.000000000000000000e+00
0.000000000000000000e+00
2.072807430560669739e-01
5.125880164080467982e-02
1.388801673413607163e-01
8.617727204269857999e-02
2.663830844303402556e-01
1.021459590446328752e-01
4.712735975154405677e-01
1.021459590446328752e-01
8.617727204269857999e-02
6.194063310356312524e-01
1.867862283471636020e-01
4.129667656776483398e-01
5.125880164080467982e-02
1.021459590446328752e-01
5.185140456092464101e-01
1.366803925510156337e-01
2.663830844303402556e-01
0.000000000000000000e+00
1.867862283471636298e-01
5.338463586393120686e-01
3.062096296086437297e-01
3.226266842437306992e-01
1.021459590446328752e-01
4.852941391399709370e-01
5.125880164080467982e-02
5.125880164080467982e-02
3.435831724772117068e-01
5.125880164080467982e-02
1.388801673413607163e-01
0.000000000000000000e+00
2.477835598311607657e-01
6.422324638979606259e-01
1.366803925510156337e-01
4.005742081686002876e-01
6.378441798511320648e-01
0.000000000000000000e+00
1.885745237523286655e-01
2.902409426067094622e-01
5.125880164080467982e-02
3.753156165698247060e-01
1.885745237523286655e-01
4.367198847151690377e-01
4.928102006873198437e-01
2.895907593723031082e-01
0.000000000000000000e+00
1.867862283471636298e-01
3.449716449516153638e-01
3.376009097063412123e-01
1.867862283471636020e-01
6.873230525509999023e-01
5.508420067928581076e-01
6.098801552927531899e-01
4.083002990531813814e-01
7.813561149084586877e-01
4.761694217105584825e-01
3.540931350675896594e-01
7.533328656628041076e-01
6.726920704358897440e-01
6.995838627548022215e-01
2.966080433207333722e-01
8.321726924951505788e-01
7.085435691979721229e-01
5.315722160302913668e-01
4.022730179313211973e-01
6.868597890432566189e-01
7.919451235159373770e-01
7.340976566300605466e-01
5.889686332381228739e-01
7.667032240529279008e-01
6.512145382412560801e-01
3.678394739474889485e-01
5.669151895699229282e-01
6.414022991594258150e-01
5.289505344441940426e-01
6.601056206222842837e-01
7.511027563306115207e-01
8.310412355684083652e-01
6.953356412870890235e-01
1.021459590446328752e-01
8.185234098169448247e-01
6.581683463786028865e-01
4.305301731140682708e-01
6.592998033053452112e-01
7.857886755958332081e-01
1.597539142894311703e-01
6.828989489633215948e-01
5.669151895699230392e-01
3.928551504105612935e-01
5.923301994970575635e-01
6.923686342359560708e-01
3.678394739474889485e-01
4.315670449723897906e-01
8.292621759142615456e-01
3.449716449516153638e-01
1.867862283471636020e-01
5.569737836898488448e-01
6.358369634964826655e-01
3.190615520696070129e-01
2.418773409758274706e-01
3.637781722064387102e-01
0.000000000000000000e+00
4.095243615268741588e-01
5.658882190451641758e-01
1.867862283471636298e-01
7.862519391035764915e-01
7.380445859095664529e-01
2.477835598311607657e-01
4.673594727572267238e-01
4.611616616782430178e-01
5.204774444830544411e-01
8.434298945216283094e-01
1.885745237523286655e-01
5.760592352327541521e-01
7.075399610206475343e-01
8.250139544465481256e-01
5.125880164080467982e-02
7.771078934407454897e-01
3.768864634086270260e-01
4.407110906352210145e-01
8.015511146376856910e-01
6.656611811367048048e-01
5.174377611039214786e-01
6.946880385596843066e-01
7.834692712721050833e-01
8.520555042552988567e-01
7.852702396666726425e-01
8.629786095722770112e-01
3.026353244425935562e-01
4.148511185343558560e-01
6.068101060735031638e-01
8.019193339173034119e-01
7.502161011218330122e-01
8.381999736170108184e-01
8.142751883492312936e-01
7.805587546912159391e-01
8.344920968188788146e-01
7.821534751257015472e-01
6.923686342359559598e-01
7.791260055762661008e-01
7.698199885938991072e-01
8.360868172533645337e-01
6.687779456776759002e-01
6.517589351766959194e-01
7.699819599134348769e-01
8.146092850587307588e-01
6.504898543520133414e-01
5.889111576937174908e-01
3.186040114445278237e-01
5.664201066150491570e-01
5.763615124951232405e-01
4.163970362365245759e-01
4.924722054219922707e-01
5.334064481058558016e-01
5.250610807090935195e-01
3.669676130754098153e-01
2.027549153490979250e-01
4.103697551146642808e-01
2.364805847581315512e-01
5.664201066150491570e-01
5.403782664277951842e-01
3.017169019588238910e-01
6.902554778723097861e-01
4.462649541789102114e-01
2.538108409530210330e-01
6.818361160987211900e-01
7.075399610206475343e-01
5.519734637196003213e-01
2.524492717600658742e-01
7.262913158540534875e-01
7.080925195199266886e-01
7.598785827138249127e-01
7.496842135519480310e-01
7.870492993208194621e-01
6.996649961824987773e-01
7.590260500751647710e-01
7.857886755958332081e-01
5.164008892456000144e-01
7.251926634486031142e-01
3.669676130754098153e-01
7.951897368063260974e-01
6.109071258175119423e-01
7.215798308785967841e-01
7.596256194320221145e-01
7.682979444874136199e-01
6.140238903584830377e-01
6.917775219787952734e-01
8.177260495997019651e-01
3.635110025883495632e-01
4.755589812199787492e-01
2.966080433207333722e-01
1.366803925510156337e-01
2.637522468330950609e-01
2.364805847581316067e-01
4.562063600589842949e-01
4.595902942180444817e-01
2.697795279549553005e-01
5.628181698259141497e-01
6.801643145023974490e-01
6.090235703882345142e-01
8.983668448266162176e-01
7.632742715428780800e-01
7.945986245491650779e-01
8.405193779407390542e-01
6.886607574378241781e-01
9.363314999523447701e-01
9.141292838684685895e-01
8.732541121618503377e-01
6.756025870167788883e-01
5.882663172490055770e-01
7.402746952417588178e-01
7.554460220264503922e-01
5.742349044907525402e-01
6.409609443921031602e-01
6.818361160987209679e-01
6.978048031006554019e-01
5.760592352327541521e-01
5.213285328878481950e-01
6.109071258175119423e-01
6.109071258175119423e-01
6.368172186995203488e-01
5.608879084480627997e-01
5.375994971521517174e-01
5.124867644873860595e-01
5.284554514893203825e-01
5.603928254931889175e-01
5.375994971521517174e-01
5.084408924239265382e-01
5.234650422257816071e-01
4.786757457609497335e-01
4.870964255833647449e-01
2.857482149568895125e-01
3.017169019588238910e-01
3.017169019588238910e-01
2.857482149568895680e-01
2.637522468330950609e-01
2.205118977561972560e-01
3.017169019588238910e-01
2.697795279549553005e-01
3.017169019588238910e-01
2.857482149568895125e-01
7.412563946786628888e-01
8.792813932837106883e-01
8.580827853771590963e-01
8.761646287427397040e-01
8.243444429787230021e-01
8.949159835761455462e-01
7.038320842225156415e-01
7.243060082398246058e-01
8.313753322779078303e-01
8.054652393958995349e-01
8.641100664990194469e-01
8.569513284504167716e-01
8.085820039368705192e-01
7.463019763636190573e-01
8.740514723790936413e-01
4.932695656392350747e-01
8.201181302514303217e-01
6.286315101261590321e-01
5.569504213424147920e-01
8.118279352760855438e-01
8.017573625977676421e-01
4.242689860551157044e-01
7.276882454281535795e-01
8.381999736170110404e-01
9.203628129504104471e-01
6.806262599613145392e-01
7.363605704835449739e-01
7.517381452283184995e-01
7.326526936854130811e-01
6.258955576164085821e-01
7.598785827138249127e-01
8.132934889123274447e-01
7.023100401160301542e-01
6.988676359652559178e-01
7.276882454281534685e-01
6.577862162985560479e-01
8.079466150391637624e-01
7.606759429310677723e-01
7.755131730062597706e-01
8.522398434749601792e-01
7.635864595119569165e-01
8.784840330664678287e-01
8.732541121618505597e-01
8.282585677369368460e-01
8.230851373025630524e-01
5.988525635737914632e-01
7.961933449836509080e-01
8.721226552351082351e-01
7.955238335158254515e-01
7.834692712721050833e-01
9.141292838684684785e-01
7.823378143453627587e-01
8.210998296883343928e-01
8.305779720606650818e-01
6.999179594643016866e-01
8.564880649426733772e-01
7.763105332235025191e-01
9.530975471715220637e-01
7.114540857788613781e-01
8.210998296883341707e-01
8.321726924951508009e-01
8.641100664990191138e-01
8.983668448266159956e-01
7.494187409045902637e-01
8.732541121618503377e-01
9.423587810742051207e-01
9.020747216247479994e-01
8.888887024542855286e-01
2.706979504387249658e-01
2.966080433207333722e-01
3.829137445304871545e-01
3.669450575285529426e-01
3.381244480656553919e-01
3.449490894047584355e-01
4.402376730570499719e-01
5.090923937071593075e-01
5.664201066150491570e-01
6.818361160987210789e-01
7.535983383101617639e-01
6.936377150606386488e-01
7.554460220264503922e-01
7.926133169349364183e-01
7.380117813882742794e-01
7.922792202254368421e-01
7.994379582740394063e-01
8.101767243713562383e-01
7.632742715428780800e-01
7.208636040890504804e-01
6.109071258175119423e-01
6.957508714242848225e-01
8.633127062817765873e-01
3.635110025883495632e-01
3.577508910845784706e-01
5.630010648117089733e-01
5.449192214461284767e-01
3.969980786757140723e-01
6.583181038684411401e-01
4.704762372981977636e-01
6.322582534965945911e-01
5.722976302470712540e-01
4.242689860551156489e-01
3.350302390715412248e-01
6.544039791102272963e-01
4.462649541789102114e-01
2.902409426067094622e-01
7.148363229671902408e-01
5.957591520071074953e-01
3.829363000773441383e-01
5.124140881593860497e-01
6.847466326796103342e-01
4.693254521380366695e-01
4.475357319743240025e-01
5.893977741757477906e-01
7.303332893616848454e-01
6.059068058472635299e-01
6.812957714291397737e-01
1.597539142894311703e-01
3.829137445304872656e-01
6.516778017489993635e-01
7.863797878529942276e-01
8.580827853771590963e-01
2.941083520432022924e-01
3.680277117229783235e-01
2.205118977561972560e-01
2.835055962591421785e-01
0.000000000000000000e+00
0.000000000000000000e+00
0.000000000000000000e+00
7.098593653443757701e-01
2.364805847581315512e-01
6.034376440336969294e-01
8.014232658882680660e-01
7.919779280372293284e-01
8.245506909388047312e-01
8.530372036922029277e-01
7.038320842225155305e-01
5.987480677986609656e-01
5.067716713346046564e-01
7.760092410352953385e-01
6.979667744201912827e-01
8.310412355684083652e-01
8.336947366016360661e-01
6.048798446956515917e-01
6.324080109864326227e-01
8.023484748549285506e-01
7.698199885938991072e-01
6.449342938375928203e-01
8.729200154523510946e-01
7.287385689271991263e-01
7.912975207885326601e-01
8.633127062817765873e-01
7.216609643062933399e-01
7.590260500751647710e-01
8.682085304768942802e-01
5.278643392321594741e-01
7.205981314416926020e-01
7.092239764466689023e-01
9.371288601695877407e-01
6.521738697780347094e-01
8.693399874036367159e-01
8.122898807350025230e-01
8.434298945216283094e-01
7.755131730062598816e-01
8.701373476208796864e-01
4.022046466060443803e-01
2.418773409758274706e-01
1.388801673413607163e-01
2.267060141911359794e-01
4.012257094518331124e-01
3.385953712456650222e-01
5.519734637196003213e-01
1.021459590446328752e-01
4.644489561763374685e-01
1.708175413452293345e-01
2.551642485150129036e-01
1.526490795529499567e-01
0.000000000000000000e+00
5.125880164080467982e-02
2.966080433207333722e-01
5.125880164080467982e-02
2.524492717600658742e-01
2.420007848914071391e-01
3.583980346522783189e-01
2.267060141911359794e-01
5.150950038059061153e-01
1.021459590446328752e-01
3.669450575285529426e-01
3.635110025883495632e-01
3.449716449516153638e-01
4.507251728432952742e-01
2.966080433207333722e-01
0.000000000000000000e+00
2.378421539510866822e-01
2.364805847581315512e-01
1.366803925510156337e-01
6.881423215086633904e-01
5.185140456092462991e-01
1.647902602233691227e-01
1.885745237523286655e-01
5.092973236184148433e-01
1.021459590446328752e-01
2.902409426067094622e-01
6.520118984584988286e-01
4.148009977532126080e-01
2.418773409758274706e-01
3.318407982025701197e-01
4.402376730570500829e-01
3.910767375628507736e-01
0.000000000000000000e+00
2.144846166343370442e-01
8.991642050438589662e-01
1.021459590446328752e-01
3.069844342790296610e-01
7.313149887985889164e-01
5.701844738834249693e-01
2.218734669491524425e-01
3.449490894047584355e-01
6.506274782499535947e-01
6.704619611036971571e-01
8.849745776960715737e-01
7.088898797371693261e-01
3.969980786757140723e-01
5.297493388953032900e-01
8.132934889123272226e-01
7.632742715428780800e-01
5.599860524556894426e-01
5.501491423507458567e-01
7.852702396666725315e-01
7.791260055762663228e-01
9.108846705780798692e-01
7.088898797371693261e-01
8.473440192798421533e-01
7.979724046377975055e-01
7.675005842701708714e-01
5.074963552238472841e-01
6.462635416247207720e-01
6.486888859574458932e-01
6.438714609729923044e-01
6.917775219787951624e-01
5.970282328317899623e-01
6.726234463737481573e-01
6.177084048091809887e-01
6.143261676208521260e-01
6.625444165957338205e-01
6.962827589941699147e-01
6.544039791102272963e-01
6.803140719922355917e-01
6.692412091854192946e-01
7.463019763636190573e-01
6.760743076242186067e-01
7.216609643062932289e-01
6.701278643941978030e-01
7.092239764466687912e-01
7.540132729115007759e-01
7.600405540333609045e-01
7.372472256923235934e-01
7.950946925782004238e-01
7.760092410352951164e-01
7.351340693286771977e-01
7.281031800294922585e-01
7.375485178805311071e-01
8.245506909388049532e-01
7.546486618092076437e-01
7.326526936854130811e-01
7.920948810057757417e-01
7.303332893616848454e-01
6.925748821960380219e-01
6.758088349768609504e-01
8.300595361315042942e-01
8.140908491295701932e-01
8.434298945216284205e-01
8.981605968665342665e-01
6.135288074036092665e-01
7.632742715428780800e-01
5.068281618048484649e-01
6.737549033004903709e-01
5.854836494175339467e-01
5.343657796426344309e-01
7.577654263501786280e-01
7.281031800294923695e-01
8.201181302514303217e-01
8.201181302514303217e-01
8.619969101353730512e-01
7.533328656628039965e-01
7.693015526647383195e-01
8.292621759142615456e-01
7.041110085105978245e-01
7.478240204701046556e-01
8.116987684778416146e-01
8.185234098169444916e-01
6.795167117749927321e-01
7.463019763636190573e-01
8.779655971373070411e-01
7.920948810057756306e-01
7.261069766343922760e-01
5.498603073559539256e-01
5.227403583365389794e-01
6.990654268256415449e-01
6.821150403868031509e-01
6.336770918111152007e-01
7.920948810057756306e-01
8.292621759142615456e-01
6.912590860496343748e-01
7.693015526647383195e-01
8.292621759142615456e-01
8.009048299591075004e-01
7.490846441950906875e-01
8.072662077904669831e-01
7.844728794494297830e-01
7.403639902332946887e-01
6.801971190236894005e-01
7.411613504505374372e-01
6.576100386427340405e-01
7.660678351552210330e-01
7.511027563306115207e-01
7.730987244544058612e-01
6.733724776845864124e-01
7.631573185743318888e-01
6.764892422255575077e-01
6.609838187313664681e-01
7.372472256923234823e-01
7.471886315723975658e-01
7.160486177857718904e-01
6.901385249037634839e-01
6.730383809750869473e-01
6.552906343190058047e-01
6.484659929799027056e-01
6.901385249037635949e-01
7.730987244544060832e-01
6.165286189760341706e-01
6.059518241982532194e-01
6.165286189760341706e-01
6.148446035500129137e-01
5.496540593958720855e-01
6.363221357446466886e-01
6.017397178072466657e-01
6.086110744680706119e-01
7.682979444874136199e-01
7.831351745626056182e-01
7.533109569223834789e-01
6.549224150393878618e-01
8.122898807350025230e-01
8.722505039845259711e-01
7.743252256092738595e-01
7.054048959165805099e-01
7.538513015919647842e-01
8.206365661805907763e-01
8.175198016396200140e-01
7.834692712721048613e-01
7.926133169349361962e-01
7.994379582740394063e-01
2.364805847581315512e-01
3.017169019588238910e-01
3.125767303226675842e-01
3.505413854483964142e-01
2.966080433207333722e-01
3.609403319535496313e-01
3.669676130754098708e-01
3.509989260734755478e-01
3.669676130754098708e-01
3.829363000773441383e-01
2.970655839458125058e-01
3.669676130754098708e-01
4.148511185343558560e-01
3.768864634086270260e-01
3.928551504105612935e-01
4.462649541789102114e-01
4.407110906352210700e-01
5.174377611039214786e-01
5.444241384912547055e-01
5.823887936169835911e-01
5.216308101502172834e-01
5.156035290283571548e-01
5.396907447753773734e-01
6.729575430832476224e-01
5.829072295461442677e-01
6.872280083228743397e-01
4.035204427524479720e-01
5.118737434898045224e-01
2.757956177600869863e-01
3.061369532806436644e-01
4.904181200355914871e-01
5.391665596096267832e-01
4.806386854750532289e-01
4.246981269927407321e-01
