7.412781094173205299e-01
7.051561854871480906e-01
7.575271282935429618e-01
6.500913187004662142e-01
5.910950281471109014e-01
9.239592284399751332e-01
7.051561854871482016e-01
6.889071666109256586e-01
9.239592284399751332e-01
6.671357997071356571e-01
7.269275523909380921e-01
7.718776853199255106e-01
7.955475140735553952e-01
8.335678998535679396e-01
7.195067425135306394e-01
6.508867808309133363e-01
6.889071666109257697e-01
6.384346856543706705e-01
6.384346856543706705e-01
6.508867808309133363e-01
6.384346856543706705e-01
4.770338708070737122e-01
5.081245094381111604e-01
7.431765712671604129e-01
5.740505471404414584e-01
4.445358330546290149e-01
3.526316855991294408e-01
4.433014714551736235e-01
2.385705282590923071e-01
1.995622106839067822e-01
5.604954522445060316e-01
5.205766046146537152e-01
0.000000000000000000e+00
0.000000000000000000e+00
0.000000000000000000e+00
1.007614367736231198e-01
0.000000000000000000e+00
0.000000000000000000e+00
7.431765712671604129e-01
2.058598850478518261e-01
0.000000000000000000e+00
3.304746757145918257e-01
0.000000000000000000e+00
0.000000000000000000e+00
0.000000000000000000e+00
2.582308278542467250e-01
4.456388327740217203e-01
2.962512136342591029e-01
0.000000000000000000e+00
0.000000000000000000e+00
0.000000000000000000e+00
6.291154139271233348e-01
3.629727134670365229e-01
0.000000000000000000e+00
4.445358330546290149e-01
6.908056284607655417e-01
4.817607567041941596e-01
5.740505471404414584e-01
4.371150231772214512e-01
0.000000000000000000e+00
0.000000000000000000e+00
1.615418249038943765e-01
1.995622106839067822e-01
4.293898138977992884e-01
0.000000000000000000e+00
1.007614367736231198e-01
1.995622106839067822e-01
0.000000000000000000e+00
1.007614367736231198e-01
5.387240853407160301e-01
1.007614367736231198e-01
2.058598850478518261e-01
0.000000000000000000e+00
0.000000000000000000e+00
0.000000000000000000e+00
0.000000000000000000e+00
1.615418249038943765e-01
6.508867808309133363e-01
1.615418249038943765e-01
0.000000000000000000e+00
0.000000000000000000e+00
0.000000000000000000e+00
1.995622106839067822e-01
2.058598850478518261e-01
7.431765712671605240e-01
4.065154472746165815e-01
3.304746757145918257e-01
2.962512136342591029e-01
7.288260142407779751e-01
6.508867808309133363e-01
0.000000000000000000e+00
6.500913187004662142e-01
2.582308278542467250e-01
6.644418757268486520e-01
1.007614367736231198e-01
3.510116810189264358e-01
2.058598850478518261e-01
1.007614367736231198e-01
8.479184568799503774e-01
7.032577236373082075e-01
3.510116810189264358e-01
5.604954522445060316e-01
1.995622106839067822e-01
1.995622106839067822e-01
3.002607427927345696e-01
0.000000000000000000e+00
2.962512136342591029e-01
2.582308278542467250e-01
1.615418249038943765e-01
5.503807183868114628e-01
0.000000000000000000e+00
8.479184568799501553e-01
1.995622106839067822e-01
4.433014714551736235e-01
4.813218572351860014e-01
6.745566095845432208e-01
7.032577236373082075e-01
7.718776853199255106e-01
3.510116810189264358e-01
4.956724142615684947e-01
5.294048136134685834e-01
6.814863567335182060e-01
6.745566095845432208e-01
6.745566095845432208e-01
6.500913187004662142e-01
5.437553706398511322e-01
8.572377286071977132e-01
7.024622615068610854e-01
4.863531425343211034e-01
6.652373378572957741e-01
6.671357997071357682e-01
4.825562188346413928e-01
7.125769953645556543e-01
2.582308278542467250e-01
5.081245094381111604e-01
6.120709329204537807e-01
3.304746757145918257e-01
2.582308278542467250e-01
7.338572995399131882e-01
2.058598850478518261e-01
2.385705282590923071e-01
3.629727134670365229e-01
5.985158380245183540e-01
4.677145990798263209e-01
2.962512136342591029e-01
6.908056284607656528e-01
4.825562188346413928e-01
4.813218572351860014e-01
6.644418757268486520e-01
8.572377286071976021e-01
6.908056284607656528e-01
6.908056284607655417e-01
7.811969570471728463e-01
8.048667858008028420e-01
7.024622615068610854e-01
7.955475140735553952e-01
9.476290571936049068e-01
8.715882856335801510e-01
8.192173428271852798e-01
7.288260142407779751e-01
3.002607427927345696e-01
3.526316855991294408e-01
3.906520713791418742e-01
4.445358330546290149e-01
3.921648902482340882e-01
5.336928000415808171e-01
5.437553706398511322e-01
6.197961421998758880e-01
5.057349848598388098e-01
5.674251993934810168e-01
6.291154139271232237e-01
7.811969570471729574e-01
7.811969570471728463e-01
7.269275523909380921e-01
6.814863567335182060e-01
7.955475140735553952e-01
8.048667858008028420e-01
8.952581143872102576e-01
7.051561854871482016e-01
7.524958429944079707e-01
7.955475140735553952e-01
8.048667858008028420e-01
8.192173428271853908e-01
6.527852426807532193e-01
4.813218572351860014e-01
5.596999901140589095e-01
5.057349848598388098e-01
5.197811424842065930e-01
5.985158380245184651e-01
5.604954522445060316e-01
5.910950281471109014e-01
6.004142998743583481e-01
6.291154139271233348e-01
7.718776853199255106e-01
7.649479381709505255e-01
7.431765712671604129e-01
7.269275523909380921e-01
6.291154139271233348e-01
2.058598850478518261e-01
1.995622106839067822e-01
8.572377286071976021e-01
3.921648902482340882e-01
4.065154472746165815e-01
4.065154472746165815e-01
4.433014714551736235e-01
7.431765712671605240e-01
4.980097755804165915e-01
6.644418757268486520e-01
6.120709329204537807e-01
3.526316855991294408e-01
2.385705282590923071e-01
5.150542565870861456e-01
5.294048136134685834e-01
2.962512136342591029e-01
6.652373378572957741e-01
8.335678998535679396e-01
5.197811424842065930e-01
4.677145990798263209e-01
1.995622106839067822e-01
0.000000000000000000e+00
2.842380179267247620e-01
1.995622106839067822e-01
0.000000000000000000e+00
0.000000000000000000e+00
0.000000000000000000e+00
0.000000000000000000e+00
0.000000000000000000e+00
2.582308278542467250e-01
3.510116810189264358e-01
0.000000000000000000e+00
0.000000000000000000e+00
2.058598850478518261e-01
1.007614367736231198e-01
3.146112998191171184e-01
3.002607427927345696e-01
0.000000000000000000e+00
1.007614367736231198e-01
5.387240853407160301e-01
1.615418249038943765e-01
0.000000000000000000e+00
6.004142998743583481e-01
2.385705282590923071e-01
3.304746757145918257e-01
5.294048136134685834e-01
6.652373378572957741e-01
6.671357997071356571e-01
7.032577236373083185e-01
7.125769953645555432e-01
7.649479381709505255e-01
3.002607427927345696e-01
3.526316855991294408e-01
6.652373378572957741e-01
3.906520713791418742e-01
6.644418757268486520e-01
7.811969570471729574e-01
5.437553706398511322e-01
5.336928000415808171e-01
8.173188809773453967e-01
5.884011041668240072e-01
6.120709329204537807e-01
8.335678998535679396e-01
7.269275523909380921e-01
4.825562188346413928e-01
8.572377286071976021e-01
8.173188809773453967e-01
7.024622615068610854e-01
3.906520713791418742e-01
7.125769953645555432e-01
7.431765712671605240e-01
7.792984951973329633e-01
9.619796142199875666e-01
2.582308278542467250e-01
3.906520713791418742e-01
3.906520713791418742e-01
4.445358330546290149e-01
6.908056284607655417e-01
1.007614367736231198e-01
0.000000000000000000e+00
3.816112569215313055e-01
3.304746757145918257e-01
5.910950281471109014e-01
7.649479381709505255e-01
0.000000000000000000e+00
1.007614367736231198e-01
8.572377286071977132e-01
5.197811424842065930e-01
2.582308278542467250e-01
6.578165279798882104e-01
4.065154472746165815e-01
2.842380179267247620e-01
0.000000000000000000e+00
5.205766046146537152e-01
4.445358330546290149e-01
4.677145990798263209e-01
0.000000000000000000e+00
1.007614367736231198e-01
0.000000000000000000e+00
0.000000000000000000e+00
1.007614367736231198e-01
4.464342949044688424e-01
2.768693713087415076e-01
0.000000000000000000e+00
0.000000000000000000e+00
0.000000000000000000e+00
5.767444711207283525e-01
0.000000000000000000e+00
0.000000000000000000e+00
1.995622106839067822e-01
1.615418249038943765e-01
1.615418249038943765e-01
1.615418249038943765e-01
1.007614367736231198e-01
0.000000000000000000e+00
1.615418249038943765e-01
0.000000000000000000e+00
0.000000000000000000e+00
4.371150231772214512e-01
2.058598850478518261e-01
3.526316855991294408e-01
6.120709329204537807e-01
8.572377286071977132e-01
3.510116810189264358e-01
3.541445044682216547e-01
1.995622106839067822e-01
4.813218572351860014e-01
0.000000000000000000e+00
1.007614367736231198e-01
7.051561854871480906e-01
1.995622106839067822e-01
7.051561854871480906e-01
0.000000000000000000e+00
0.000000000000000000e+00
6.120709329204537807e-01
6.908056284607655417e-01
0.000000000000000000e+00
4.817607567041941596e-01
3.510116810189264358e-01
0.000000000000000000e+00
8.335678998535679396e-01
8.192173428271853908e-01
7.032577236373083185e-01
7.792984951973329633e-01
5.884011041668238962e-01
5.740505471404414584e-01
4.196316427015436834e-01
4.433014714551736235e-01
4.371150231772214512e-01
7.718776853199255106e-01
9.096086714135926954e-01
7.649479381709505255e-01
8.335678998535679396e-01
6.500913187004662142e-01
6.197961421998758880e-01
7.412781094173205299e-01
8.173188809773453967e-01
8.933596525373702635e-01
6.120709329204537807e-01
5.503807183868114628e-01
4.956724142615684947e-01
4.825562188346413928e-01
4.825562188346413928e-01
3.921648902482340882e-01
3.304746757145918257e-01
3.002607427927345696e-01
3.146112998191171184e-01
2.385705282590923071e-01
2.582308278542467250e-01
1.007614367736231198e-01
3.526316855991294408e-01
5.740505471404414584e-01
4.956724142615684947e-01
4.433014714551736235e-01
6.958369137599006438e-01
8.335678998535679396e-01
7.431765712671605240e-01
7.412781094173205299e-01
4.677145990798263209e-01
7.811969570471729574e-01
6.004142998743583481e-01
7.649479381709505255e-01
8.192173428271852798e-01
7.431765712671604129e-01
8.572377286071976021e-01
5.336928000415808171e-01
5.822668191482960331e-01
4.153436562734313942e-01
1.007614367736231198e-01
8.859388426599628108e-01
5.822668191482960331e-01
4.980097755804165915e-01
4.576520284815561168e-01
4.445358330546290149e-01
0.000000000000000000e+00
4.433014714551736235e-01
1.007614367736231198e-01
1.007614367736231198e-01
0.000000000000000000e+00
0.000000000000000000e+00
3.510116810189264358e-01
4.456388327740217203e-01
1.995622106839067822e-01
2.582308278542467250e-01
0.000000000000000000e+00
0.000000000000000000e+00
5.437553706398511322e-01
4.456388327740217203e-01
3.526316855991294408e-01
4.770338708070737122e-01
2.058598850478518261e-01
0.000000000000000000e+00
7.955475140735553952e-01
4.196316427015436834e-01
3.906520713791418742e-01
6.264214899468363296e-01
8.715882856335801510e-01
7.269275523909380921e-01
3.002607427927345696e-01
3.990946373972090733e-01
4.956724142615684947e-01
2.618547140319744670e-01
0.000000000000000000e+00
4.445358330546290149e-01
1.615418249038943765e-01
0.000000000000000000e+00
7.431765712671605240e-01
8.098980710999379440e-01
2.618547140319744670e-01
5.966173761746784709e-01
7.575271282935429618e-01
5.884011041668238962e-01
2.582308278542467250e-01
3.002607427927345696e-01
6.908056284607655417e-01
2.058598850478518261e-01
5.891965662972711293e-01
1.615418249038943765e-01
0.000000000000000000e+00
2.058598850478518261e-01
0.000000000000000000e+00
1.995622106839067822e-01
0.000000000000000000e+00
3.906520713791418742e-01
0.000000000000000000e+00
2.962512136342591029e-01
3.002607427927345696e-01
0.000000000000000000e+00
6.128663950509009029e-01
2.618547140319744670e-01
5.294048136134686944e-01
0.000000000000000000e+00
1.007614367736231198e-01
2.768693713087415076e-01
0.000000000000000000e+00
0.000000000000000000e+00
0.000000000000000000e+00
1.995622106839067822e-01
1.615418249038943765e-01
0.000000000000000000e+00
0.000000000000000000e+00
1.007614367736231198e-01
0.000000000000000000e+00
0.000000000000000000e+00
3.526316855991294408e-01
1.007614367736231198e-01
0.000000000000000000e+00
1.007614367736231198e-01
2.768693713087415076e-01
1.007614367736231198e-01
0.000000000000000000e+00
0.000000000000000000e+00
3.304746757145918257e-01
0.000000000000000000e+00
0.000000000000000000e+00
0.000000000000000000e+00
0.000000000000000000e+00
0.000000000000000000e+00
0.000000000000000000e+00
4.339821997279262322e-01
0.000000000000000000e+00
1.007614367736231198e-01
3.629727134670365229e-01
0.000000000000000000e+00
4.956724142615684947e-01
1.007614367736231198e-01
1.995622106839067822e-01
1.007614367736231198e-01
2.618547140319744670e-01
1.007614367736231198e-01
1.615418249038943765e-01
1.995622106839067822e-01
2.385705282590923071e-01
4.863531425343211034e-01
0.000000000000000000e+00
0.000000000000000000e+00
0.000000000000000000e+00
1.007614367736231198e-01
0.000000000000000000e+00
0.000000000000000000e+00
2.962512136342591029e-01
3.921648902482341437e-01
1.007614367736231198e-01
1.615418249038943765e-01
1.007614367736231198e-01
0.000000000000000000e+00
0.000000000000000000e+00
0.000000000000000000e+00
2.058598850478518261e-01
0.000000000000000000e+00
3.304746757145918257e-01
2.582308278542467250e-01
0.000000000000000000e+00
0.000000000000000000e+00
0.000000000000000000e+00
0.000000000000000000e+00
1.007614367736231198e-01
1.007614367736231198e-01
0.000000000000000000e+00
0.000000000000000000e+00
2.385705282590923071e-01
2.582308278542467250e-01
3.629727134670365229e-01
1.007614367736231198e-01
2.385705282590923071e-01
2.058598850478518261e-01
4.445358330546290149e-01
3.629727134670365229e-01
0.000000000000000000e+00
0.000000000000000000e+00
6.120709329204537807e-01
0.000000000000000000e+00
1.007614367736231198e-01
0.000000000000000000e+00
2.842380179267247620e-01
5.884011041668238962e-01
0.000000000000000000e+00
2.582308278542467250e-01
7.125769953645556543e-01
6.908056284607656528e-01
4.813218572351860014e-01
7.431765712671605240e-01
7.032577236373082075e-01
3.669041372337098483e-01
5.884011041668238962e-01
0.000000000000000000e+00
0.000000000000000000e+00
0.000000000000000000e+00
5.817757564198634546e-01
5.985158380245183540e-01
7.412781094173205299e-01
5.243735283143334813e-01
6.500913187004662142e-01
7.032577236373083185e-01
4.456388327740217203e-01
2.058598850478518261e-01
4.817607567041941596e-01
0.000000000000000000e+00
4.445358330546290149e-01
3.304746757145918257e-01
3.002607427927345696e-01
4.445358330546290149e-01
1.615418249038943765e-01
3.002607427927345696e-01
3.304746757145918257e-01
3.906520713791418742e-01
2.618547140319744670e-01
0.000000000000000000e+00
3.629727134670365229e-01
1.615418249038943765e-01
0.000000000000000000e+00
1.995622106839067822e-01
7.575271282935429618e-01
1.615418249038943765e-01
1.995622106839067822e-01
4.863531425343211034e-01
4.817607567041942707e-01
1.007614367736231198e-01
0.000000000000000000e+00
1.007614367736231198e-01
2.582308278542467250e-01
5.511761805172586959e-01
3.921648902482340882e-01
4.445358330546290149e-01
3.002607427927345696e-01
0.000000000000000000e+00
3.526316855991294408e-01
8.048667858008027309e-01
3.921648902482340882e-01
7.955475140735553952e-01
2.582308278542467250e-01
3.526316855991294408e-01
2.058598850478518261e-01
6.908056284607655417e-01
0.000000000000000000e+00
1.007614367736231198e-01
7.649479381709505255e-01
6.745566095845432208e-01
6.128663950509009029e-01
7.575271282935429618e-01
6.908056284607655417e-01
5.717131858215932505e-01
0.000000000000000000e+00
4.456388327740217203e-01
8.192173428271853908e-01
0.000000000000000000e+00
4.456388327740217203e-01
8.715882856335801510e-01
6.508867808309133363e-01
7.032577236373082075e-01
2.582308278542467250e-01
0.000000000000000000e+00
1.995622106839067822e-01
4.464342949044688424e-01
6.120709329204537807e-01
6.291154139271233348e-01
7.051561854871480906e-01
1.995622106839067822e-01
1.007614367736231198e-01
1.007614367736231198e-01
6.120709329204537807e-01
1.007614367736231198e-01
3.002607427927345696e-01
7.269275523909380921e-01
7.125769953645556543e-01
4.464342949044688424e-01
1.007614367736231198e-01
7.431765712671604129e-01
0.000000000000000000e+00
1.615418249038943765e-01
1.615418249038943765e-01
4.956724142615684947e-01
3.921648902482341437e-01
2.618547140319744670e-01
1.007614367736231198e-01
6.644418757268486520e-01
2.618547140319744670e-01
0.000000000000000000e+00
1.007614367736231198e-01
0.000000000000000000e+00
0.000000000000000000e+00
2.582308278542467250e-01
0.000000000000000000e+00
0.000000000000000000e+00
5.336928000415808171e-01
3.541445044682216547e-01
3.921648902482340882e-01
0.000000000000000000e+00
4.065154472746165815e-01
5.985158380245183540e-01
8.098980710999378330e-01
3.304746757145918257e-01
3.002607427927345696e-01
7.338572995399131882e-01
6.291154139271232237e-01
1.007614367736231198e-01
5.966173761746784709e-01
7.032577236373083185e-01
3.921648902482341437e-01
2.058598850478518261e-01
2.962512136342591029e-01
2.962512136342591029e-01
4.445358330546290149e-01
1.007614367736231198e-01
4.445358330546290149e-01
4.433014714551736235e-01
3.304746757145918257e-01
4.956724142615684947e-01
6.508867808309133363e-01
1.007614367736231198e-01
1.995622106839067822e-01
8.098980710999378330e-01
6.671357997071357682e-01
7.338572995399131882e-01
2.058598850478518261e-01
3.304746757145918257e-01
6.128663950509009029e-01
3.541445044682216547e-01
0.000000000000000000e+00
0.000000000000000000e+00
0.000000000000000000e+00
2.058598850478518261e-01
1.007614367736231198e-01
0.000000000000000000e+00
1.007614367736231198e-01
5.224750664644935982e-01
0.000000000000000000e+00
0.000000000000000000e+00
5.057349848598388098e-01
1.007614367736231198e-01
0.000000000000000000e+00
1.007614367736231198e-01
1.615418249038943765e-01
1.007614367736231198e-01
0.000000000000000000e+00
2.582308278542467250e-01
6.128663950509010139e-01
4.076184469940093424e-01
3.002607427927345696e-01
3.921648902482340882e-01
7.051561854871480906e-01
6.508867808309133363e-01
7.125769953645555432e-01
6.197961421998758880e-01
6.908056284607655417e-01
3.629727134670365229e-01
7.412781094173206409e-01
8.192173428271852798e-01
6.291154139271232237e-01
5.884011041668238962e-01
4.445358330546290149e-01
7.269275523909380921e-01
5.336928000415808171e-01
3.526316855991294408e-01
4.433014714551736235e-01
7.051561854871480906e-01
2.582308278542467250e-01
4.153436562734313942e-01
1.615418249038943765e-01
8.572377286071976021e-01
2.962512136342591029e-01
0.000000000000000000e+00
4.433014714551736235e-01
6.578165279798882104e-01
0.000000000000000000e+00
3.526316855991294408e-01
2.962512136342591029e-01
6.291154139271232237e-01
0.000000000000000000e+00
3.921648902482341437e-01
3.629727134670365229e-01
0.000000000000000000e+00
2.582308278542467250e-01
4.677145990798263209e-01
1.615418249038943765e-01
4.956724142615684947e-01
6.908056284607655417e-01
4.456388327740217203e-01
3.510116810189264358e-01
1.995622106839067822e-01
3.304746757145918257e-01
1.007614367736231198e-01
1.615418249038943765e-01
3.510116810189264358e-01
2.842380179267247620e-01
1.995622106839067822e-01
6.264214899468363296e-01
3.002607427927345696e-01
0.000000000000000000e+00
2.385705282590923071e-01
4.813218572351860014e-01
6.814863567335182060e-01
9.476290571936049068e-01
9.619796142199875666e-01
8.192173428271853908e-01
8.428871715808152754e-01
5.197811424842065930e-01
6.120709329204537807e-01
6.671357997071356571e-01
6.908056284607655417e-01
6.908056284607655417e-01
5.966173761746785820e-01
7.412781094173205299e-01
7.051561854871480906e-01
7.032577236373082075e-01
8.479184568799503774e-01
8.479184568799501553e-01
7.811969570471728463e-01
7.575271282935430728e-01
8.479184568799501553e-01
8.715882856335801510e-01
7.955475140735553952e-01
8.479184568799503774e-01
9.619796142199875666e-01
7.431765712671605240e-01
8.952581143872102576e-01
8.572377286071977132e-01
8.173188809773453967e-01
7.431765712671605240e-01
8.173188809773453967e-01
7.955475140735553952e-01
8.952581143872100355e-01
7.955475140735553952e-01
7.955475140735553952e-01
8.335678998535679396e-01
7.811969570471729574e-01
7.125769953645555432e-01
6.908056284607655417e-01
7.575271282935429618e-01
9.096086714135926954e-01
8.572377286071977132e-01
8.098980710999379440e-01
7.269275523909380921e-01
7.431765712671604129e-01
8.715882856335801510e-01
8.572377286071976021e-01
8.572377286071977132e-01
8.192173428271853908e-01
7.649479381709505255e-01
8.572377286071977132e-01
9.999999999999997780e-01
7.955475140735553952e-01
9.619796142199875666e-01
9.096086714135926954e-01
9.619796142199875666e-01
7.955475140735553952e-01
3.629727134670365229e-01
5.674251993934810168e-01
6.671357997071357682e-01
3.526316855991294408e-01
0.000000000000000000e+00
4.817607567041942707e-01
3.510116810189264358e-01
0.000000000000000000e+00
0.000000000000000000e+00
6.644418757268486520e-01
1.007614367736231198e-01
1.007614367736231198e-01
4.196316427015436834e-01
3.002607427927345696e-01
6.652373378572957741e-01
6.644418757268486520e-01
7.718776853199255106e-01
7.955475140735553952e-01
6.197961421998758880e-01
6.128663950509009029e-01
9.856494429736173402e-01
8.192173428271853908e-01
9.096086714135926954e-01
7.955475140735553952e-01
8.048667858008028420e-01
7.269275523909380921e-01
6.527852426807532193e-01
7.955475140735553952e-01
5.336928000415808171e-01
7.288260142407779751e-01
7.404826472868734077e-01
7.955475140735553952e-01
7.269275523909380921e-01
8.479184568799503774e-01
7.051561854871482016e-01
7.288260142407779751e-01
8.335678998535677175e-01
1.000000000000000000e+00
7.269275523909380921e-01
6.644418757268486520e-01
8.335678998535677175e-01
8.192173428271852798e-01
7.288260142407779751e-01
6.508867808309133363e-01
9.476290571936049068e-01
7.269275523909380921e-01
7.955475140735553952e-01
7.955475140735553952e-01
7.792984951973329633e-01
8.572377286071977132e-01
6.365362238045308985e-01
4.076184469940093424e-01
5.604954522445060316e-01
4.825562188346413928e-01
5.604954522445060316e-01
6.527852426807532193e-01
7.718776853199255106e-01
1.995622106839067822e-01
4.076184469940092869e-01
4.576520284815561168e-01
6.120709329204537807e-01
0.000000000000000000e+00
3.526316855991294408e-01
3.002607427927345696e-01
3.510116810189264358e-01
5.767444711207283525e-01
4.065154472746165815e-01
5.224750664644935982e-01
0.000000000000000000e+00
1.995622106839067822e-01
3.541445044682216547e-01
3.541445044682216547e-01
0.000000000000000000e+00
6.291154139271232237e-01
5.294048136134685834e-01
8.173188809773455077e-01
4.433014714551736235e-01
3.510116810189264358e-01
6.346377619546909044e-01
7.718776853199255106e-01
6.128663950509010139e-01
7.649479381709505255e-01
7.649479381709505255e-01
8.029683239509629589e-01
8.098980710999378330e-01
7.338572995399131882e-01
6.346377619546909044e-01
6.745566095845432208e-01
8.572377286071977132e-01
5.822668191482960331e-01
8.572377286071977132e-01
7.051561854871480906e-01
4.677145990798263209e-01
5.817757564198634546e-01
5.057349848598388098e-01
4.371150231772214512e-01
5.294048136134685834e-01
5.294048136134685834e-01
5.817757564198634546e-01
5.336928000415808171e-01
