7.997278607358900837e-01
6.173980032281243258e-01
7.606579864690813375e-01
7.402502616060617768e-01
7.702969379072842626e-01
7.606579864690812265e-01
8.991291471319334816e-01
8.711677907753506700e-01
8.696982243033276605e-01
7.991121072632734190e-01
8.696982243033276605e-01
7.534440994609274966e-01
8.417368679467448489e-01
8.933848265958027612e-01
8.880206292217075470e-01
9.579909927891451238e-01
7.606579864690812265e-01
4.846711631014028465e-01
8.123059451181390278e-01
8.711677907753506700e-01
7.886193428256640381e-01
8.822763086855768266e-01
8.180502656542697482e-01
6.813884159488499126e-01
6.982412543952067896e-01
6.099484859093893263e-01
7.495494685588554029e-01
6.096087414239799163e-01
3.253185877381599145e-01
5.688537517304066427e-01
7.606579864690812265e-01
5.768585624892924590e-01
0.000000000000000000e+00
0.000000000000000000e+00
5.363191217504607033e-01
5.811333165534001699e-01
0.000000000000000000e+00
0.000000000000000000e+00
4.147007995339651587e-01
2.164736015378689316e-01
0.000000000000000000e+00
5.102074550279364074e-01
1.357318027653778847e-01
0.000000000000000000e+00
2.553482241707222822e-01
2.164736015378689316e-01
2.459045243664747249e-01
5.252106038402347687e-01
8.317138661515663389e-02
0.000000000000000000e+00
6.708956515112408647e-01
3.444544269793202718e-01
0.000000000000000000e+00
6.892180564296205292e-01
7.423355815507014510e-01
4.706235122471307264e-01
4.033162726365318584e-01
5.568309607883084045e-01
6.048199188458752706e-01
0.000000000000000000e+00
1.651627255939836780e-01
8.317138661515663389e-02
5.111629529859624821e-01
1.651627255939836780e-01
8.317138661515663389e-02
3.456859339245535456e-01
2.164736015378689316e-01
0.000000000000000000e+00
3.852698767053593376e-01
4.411925894185247943e-01
8.317138661515663389e-02
8.317138661515663389e-02
5.111629529859624821e-01
3.803949559384481871e-01
8.317138661515663389e-02
1.651627255939836780e-01
4.033162726365318584e-01
6.048199188458753817e-01
8.317138661515663389e-02
1.651627255939836780e-01
7.828750222895333177e-01
5.517023937247943488e-01
2.855925813221085741e-01
6.173980032281244368e-01
7.871497763536411396e-01
4.793069657273075213e-01
4.074869125258114289e-01
5.799018096081668405e-01
1.651627255939836780e-01
8.317138661515663389e-02
7.056907717139419001e-01
6.093327324367727726e-01
0.000000000000000000e+00
4.805609832445892349e-01
4.786912122546908566e-01
7.351216945425477212e-01
4.753719561486092759e-01
7.297574971684523959e-01
6.997108208672297991e-01
8.711677907753506700e-01
8.585897063931017259e-01
8.306283500365188033e-01
4.552402402727970254e-01
6.399951622106119231e-01
6.390396642525857374e-01
7.351216945425477212e-01
7.056907717139419001e-01
6.702798980386242000e-01
6.813884159488500236e-01
6.408489752100182679e-01
8.102206251734993536e-01
7.991121072632734190e-01
8.396515480021053968e-01
8.011974272079130932e-01
8.306283500365190253e-01
7.645526173711535423e-01
7.828750222895333177e-01
8.108363786461161293e-01
8.639539037671970512e-01
9.117072315141826477e-01
8.011974272079130932e-01
8.011974272079130932e-01
8.880206292217075470e-01
6.579374439669563035e-01
8.894901956937306675e-01
7.991121072632735300e-01
8.417368679467450709e-01
8.822763086855766046e-01
6.636817645030870239e-01
8.822763086855768266e-01
7.423355815507014510e-01
2.654608654462963235e-01
5.577452338201805970e-01
4.805609832445892349e-01
5.099919060731950005e-01
6.997108208672297991e-01
8.165806991822468497e-01
6.708956515112406427e-01
8.306283500365188033e-01
1.000000000000000000e+00
8.991291471319334816e-01
8.822763086855766046e-01
6.636817645030870239e-01
7.423355815507014510e-01
8.822763086855768266e-01
6.173980032281244368e-01
7.591884199970582170e-01
5.399781223419515275e-01
2.164736015378689316e-01
5.165271503600578074e-01
6.873683667955620136e-01
7.351216945425477212e-01
7.240131766323216755e-01
8.180502656542699702e-01
4.033162726365318584e-01
4.209343966772799983e-01
4.209343966772799983e-01
4.098258787670540082e-01
4.503653195058858194e-01
4.503653195058858194e-01
4.098258787670540082e-01
3.620725510200684116e-01
3.620725510200684116e-01
4.503653195058858194e-01
3.620725510200684116e-01
3.326416281914625905e-01
3.333459090690942261e-01
2.855925813221086296e-01
2.324750562010276522e-01
2.855925813221086296e-01
2.855925813221086296e-01
2.855925813221086296e-01
2.855925813221086296e-01
3.333459090690941706e-01
2.855925813221086296e-01
2.855925813221085741e-01
2.855925813221086296e-01
3.039149862404884050e-01
3.333459090690941706e-01
3.333459090690942261e-01
4.033162726365318584e-01
3.333459090690942261e-01
4.098258787670540082e-01
4.988833881629690103e-01
5.099919060731951115e-01
5.577452338201805970e-01
3.994821017669254459e-01
4.805609832445892349e-01
4.957796810116288921e-01
5.994557214717800564e-01
5.517023937247944598e-01
6.279311463423596917e-01
6.684705870811915585e-01
6.684705870811915585e-01
6.684705870811915585e-01
7.828750222895333177e-01
8.991291471319334816e-01
7.591884199970582170e-01
7.114350922500725094e-01
7.997278607358900837e-01
6.399951622106118121e-01
4.098258787670540082e-01
3.385349361650741296e-01
5.283143109915747759e-01
3.089550258989874343e-01
5.102074550279364074e-01
3.253185877381599145e-01
4.976293706456872412e-01
4.916090411223493772e-01
3.915034738486742327e-01
1.651627255939836780e-01
3.803949559384481871e-01
3.994821017669255014e-01
8.317138661515663389e-02
3.264080310481477509e-01
0.000000000000000000e+00
0.000000000000000000e+00
8.317138661515663389e-02
3.264080310481477509e-01
1.357318027653778847e-01
1.759341607990370926e-01
6.285065211383504824e-01
5.396383778565422285e-01
0.000000000000000000e+00
3.326416281914625905e-01
7.814054558175101972e-01
8.317138661515663389e-02
0.000000000000000000e+00
8.317138661515663389e-02
0.000000000000000000e+00
8.317138661515663389e-02
0.000000000000000000e+00
0.000000000000000000e+00
0.000000000000000000e+00
0.000000000000000000e+00
0.000000000000000000e+00
0.000000000000000000e+00
8.317138661515663389e-02
3.700511789383197359e-01
0.000000000000000000e+00
1.651627255939836780e-01
8.317138661515663389e-02
1.651627255939836780e-01
8.317138661515663389e-02
4.096763466452792990e-01
4.354482688823941294e-01
3.738853498079260373e-01
4.552402402727970254e-01
3.700511789383196803e-01
6.684705870811915585e-01
9.594605592611680223e-01
3.738853498079260373e-01
7.717665043793073831e-01
8.711677907753507810e-01
7.756611352813794769e-01
5.675997342131250400e-01
5.675997342131249290e-01
4.274434581235082575e-01
5.393623688693349738e-01
5.393623688693348628e-01
8.195198321262928687e-01
8.306283500365188033e-01
8.102206251734993536e-01
9.189211185223363776e-01
8.600592728651248464e-01
8.991291471319334816e-01
6.408489752100182679e-01
8.180502656542699702e-01
8.011974272079130932e-01
8.011974272079130932e-01
8.306283500365190253e-01
6.501481821628117830e-01
8.639539037671970512e-01
8.123059451181392498e-01
4.957796810116288921e-01
3.838003102333362726e-01
4.074869125258113733e-01
4.369178353544172499e-01
3.838003102333362726e-01
4.369178353544172499e-01
3.838003102333362726e-01
4.369178353544172499e-01
4.369178353544172499e-01
3.838003102333362726e-01
5.517023937247944598e-01
5.396383778565422285e-01
7.828750222895332067e-01
9.117072315141826477e-01
6.414647286826349326e-01
8.880206292217075470e-01
8.711677907753507810e-01
6.177781263901597208e-01
3.253185877381599145e-01
3.456859339245535456e-01
7.219278566876820014e-01
6.688103315666010795e-01
3.480496920726089960e-01
7.219278566876818903e-01
5.801778185953740952e-01
5.768585624892925701e-01
6.873683667955620136e-01
6.468289260567302579e-01
2.855925813221086296e-01
2.855925813221086296e-01
2.324750562010276522e-01
2.855925813221086296e-01
6.873683667955620136e-01
5.768585624892925701e-01
2.324750562010276522e-01
3.333459090690942261e-01
2.855925813221086296e-01
5.396383778565422285e-01
5.252106038402347687e-01
2.459045243664747249e-01
4.805609832445891239e-01
2.164736015378689316e-01
7.351216945425476101e-01
7.462302124527737668e-01
6.288866443003857665e-01
7.577188535250350965e-01
7.591884199970582170e-01
5.688537517304066427e-01
4.846711631014028465e-01
3.803949559384481871e-01
6.279311463423596917e-01
8.417368679467448489e-01
6.390396642525857374e-01
8.600592728651248464e-01
7.585726665244415523e-01
6.114180523814124468e-01
6.173980032281243258e-01
4.209343966772799983e-01
7.519745329889044871e-01
1.357318027653778847e-01
0.000000000000000000e+00
4.797962423344916960e-01
8.317138661515663389e-02
5.517023937247943488e-01
8.317138661515663389e-02
3.039149862404883495e-01
6.009252879438030659e-01
2.958876649095541489e-01
8.317138661515663389e-02
3.456859339245535456e-01
8.317138661515663389e-02
3.620725510200684116e-01
8.317138661515663389e-02
4.102921001178959082e-01
6.282708908277691018e-01
1.759341607990370926e-01
0.000000000000000000e+00
2.459045243664747249e-01
1.651627255939836780e-01
8.317138661515663389e-02
0.000000000000000000e+00
0.000000000000000000e+00
0.000000000000000000e+00
0.000000000000000000e+00
0.000000000000000000e+00
0.000000000000000000e+00
0.000000000000000000e+00
4.519209841667155003e-01
2.553482241707222822e-01
1.759341607990370926e-01
6.945822538037157434e-01
6.813884159488501346e-01
2.075948964237366856e-01
4.805609832445892349e-01
7.997278607358900837e-01
7.240131766323216755e-01
8.317138661515663389e-02
5.675997342131249290e-01
4.846711631014028465e-01
4.786912122546908566e-01
7.997278607358900837e-01
8.345229809385912301e-01
8.585897063931017259e-01
4.411925894185247943e-01
2.075948964237366856e-01
2.075948964237366856e-01
2.075948964237366856e-01
2.075948964237366856e-01
2.075948964237366856e-01
2.553482241707222822e-01
2.958876649095541489e-01
3.738853498079260373e-01
2.855925813221085741e-01
2.324750562010276522e-01
4.274434581235082575e-01
7.003265743398466858e-01
2.459045243664747249e-01
6.282708908277691018e-01
4.805609832445892349e-01
1.651627255939836780e-01
1.651627255939836780e-01
4.492602894260850355e-01
2.855925813221085741e-01
2.459045243664747249e-01
3.620725510200683561e-01
1.651627255939836780e-01
8.317138661515663389e-02
5.068881989218548823e-01
1.759341607990370926e-01
0.000000000000000000e+00
0.000000000000000000e+00
2.324750562010276522e-01
8.317138661515663389e-02
5.696446754811387292e-01
0.000000000000000000e+00
8.317138661515663389e-02
2.459045243664747249e-01
8.317138661515663389e-02
2.459045243664747249e-01
8.317138661515663389e-02
5.675997342131250400e-01
6.630660110304702481e-01
4.098258787670540082e-01
5.982846745590125748e-01
7.702969379072842626e-01
5.517023937247942378e-01
6.579374439669563035e-01
6.694260850392176332e-01
5.102074550279364074e-01
8.933848265958027612e-01
6.390396642525857374e-01
6.982412543952067896e-01
7.276721772238127217e-01
5.840724494974462999e-01
3.738853498079260373e-01
8.317138661515663389e-02
8.317138661515663389e-02
8.317138661515663389e-02
2.664567420809483278e-01
4.096763466452792990e-01
1.651627255939836780e-01
0.000000000000000000e+00
5.912863365056000298e-01
6.099484859093893263e-01
3.385349361650740740e-01
1.651627255939836780e-01
5.102074550279364074e-01
2.324750562010276522e-01
0.000000000000000000e+00
5.504708867795609084e-01
4.033162726365318584e-01
8.317138661515663389e-02
0.000000000000000000e+00
0.000000000000000000e+00
4.846711631014028465e-01
4.813519069953212659e-01
4.552402402727970254e-01
4.113815434278836336e-01
1.357318027653778847e-01
4.805609832445892349e-01
2.164736015378689316e-01
8.317138661515663389e-02
3.253185877381599145e-01
5.517023937247943488e-01
8.317138661515663389e-02
8.317138661515663389e-02
2.164736015378689316e-01
0.000000000000000000e+00
4.209343966772799983e-01
4.096763466452792990e-01
8.317138661515663389e-02
0.000000000000000000e+00
0.000000000000000000e+00
1.651627255939836780e-01
0.000000000000000000e+00
2.075948964237366856e-01
0.000000000000000000e+00
0.000000000000000000e+00
8.317138661515663389e-02
1.651627255939836780e-01
0.000000000000000000e+00
4.074869125258114289e-01
0.000000000000000000e+00
3.620725510200684116e-01
3.253185877381599145e-01
0.000000000000000000e+00
0.000000000000000000e+00
8.317138661515663389e-02
1.651627255939836780e-01
2.164736015378689316e-01
0.000000000000000000e+00
1.759341607990370926e-01
1.651627255939836780e-01
1.357318027653778847e-01
0.000000000000000000e+00
3.264080310481477509e-01
8.317138661515663389e-02
0.000000000000000000e+00
1.357318027653778847e-01
2.164736015378689316e-01
0.000000000000000000e+00
4.420464024179313056e-01
0.000000000000000000e+00
0.000000000000000000e+00
8.317138661515663389e-02
2.515627467137988571e-01
0.000000000000000000e+00
3.456859339245535456e-01
1.651627255939836780e-01
5.912863365056001408e-01
1.759341607990370926e-01
3.994821017669254459e-01
1.651627255939836780e-01
3.333459090690942261e-01
1.651627255939836780e-01
3.620725510200684116e-01
0.000000000000000000e+00
0.000000000000000000e+00
4.519209841667155003e-01
0.000000000000000000e+00
0.000000000000000000e+00
8.317138661515663389e-02
0.000000000000000000e+00
0.000000000000000000e+00
8.317138661515663389e-02
8.317138661515663389e-02
0.000000000000000000e+00
1.357318027653778847e-01
8.317138661515663389e-02
0.000000000000000000e+00
0.000000000000000000e+00
0.000000000000000000e+00
8.317138661515663389e-02
0.000000000000000000e+00
0.000000000000000000e+00
0.000000000000000000e+00
0.000000000000000000e+00
0.000000000000000000e+00
0.000000000000000000e+00
0.000000000000000000e+00
0.000000000000000000e+00
8.317138661515663389e-02
1.759341607990370926e-01
2.855925813221085741e-01
8.317138661515663389e-02
4.985848686037134825e-01
8.317138661515663389e-02
0.000000000000000000e+00
3.326416281914625350e-01
0.000000000000000000e+00
2.553482241707222822e-01
0.000000000000000000e+00
0.000000000000000000e+00
5.801778185953740952e-01
1.759341607990370926e-01
3.089550258989874343e-01
3.333459090690941706e-01
4.369178353544172499e-01
6.468289260567301469e-01
7.129046587220956299e-01
4.503653195058858194e-01
4.552402402727969699e-01
8.474811884828756803e-01
5.517023937247943488e-01
5.517023937247943488e-01
4.369178353544172499e-01
4.209343966772799983e-01
1.759341607990370926e-01
4.369178353544172499e-01
8.317138661515663389e-02
5.111629529859624821e-01
5.280157914323191370e-01
0.000000000000000000e+00
1.651627255939836780e-01
4.805609832445891239e-01
1.759341607990370926e-01
5.159113968874411427e-01
2.459045243664747249e-01
1.651627255939836780e-01
1.357318027653778847e-01
5.459580731886636285e-01
0.000000000000000000e+00
2.515627467137988571e-01
3.922682147587717161e-01
2.164736015378689316e-01
0.000000000000000000e+00
1.357318027653778847e-01
3.253185877381599145e-01
0.000000000000000000e+00
0.000000000000000000e+00
4.492602894260850355e-01
1.759341607990370926e-01
1.759341607990370926e-01
0.000000000000000000e+00
8.317138661515663389e-02
2.515627467137988571e-01
0.000000000000000000e+00
0.000000000000000000e+00
7.577188535250350965e-01
3.838003102333362726e-01
0.000000000000000000e+00
8.317138661515663389e-02
2.553482241707222822e-01
2.855925813221085741e-01
5.309549243763653781e-01
2.164736015378689316e-01
2.075948964237366856e-01
7.423355815507014510e-01
2.515627467137988571e-01
5.159113968874410316e-01
6.279311463423596917e-01
3.253185877381599145e-01
0.000000000000000000e+00
2.164736015378689316e-01
4.985848686037133715e-01
0.000000000000000000e+00
1.357318027653778847e-01
5.394228289018009326e-01
5.985002235137538706e-01
1.651627255939836780e-01
1.759341607990370926e-01
6.390396642525857374e-01
4.511300604159833583e-01
2.164736015378689316e-01
0.000000000000000000e+00
3.738853498079260373e-01
0.000000000000000000e+00
0.000000000000000000e+00
4.805609832445892349e-01
7.696811844346674869e-01
4.369178353544172499e-01
3.264080310481477509e-01
5.363191217504607033e-01
5.675997342131250400e-01
2.790348264631974384e-01
3.803949559384481871e-01
0.000000000000000000e+00
8.317138661515663389e-02
0.000000000000000000e+00
3.253185877381599145e-01
4.786912122546908566e-01
2.164736015378689316e-01
0.000000000000000000e+00
4.793069657273075213e-01
1.357318027653778847e-01
0.000000000000000000e+00
0.000000000000000000e+00
8.317138661515663389e-02
0.000000000000000000e+00
8.317138661515663389e-02
0.000000000000000000e+00
3.869040173846763908e-01
0.000000000000000000e+00
8.317138661515663389e-02
1.651627255939836780e-01
3.089550258989874343e-01
0.000000000000000000e+00
0.000000000000000000e+00
8.317138661515663389e-02
0.000000000000000000e+00
0.000000000000000000e+00
0.000000000000000000e+00
0.000000000000000000e+00
5.283143109915747759e-01
2.164736015378689316e-01
3.803949559384481871e-01
8.317138661515663389e-02
8.317138661515663389e-02
2.164736015378689316e-01
5.912863365056001408e-01
3.738853498079260373e-01
5.675997342131249290e-01
8.711677907753507810e-01
4.552402402727970254e-01
4.209343966772799983e-01
3.444544269793202718e-01
2.324750562010276522e-01
3.543693874047304515e-01
8.317138661515663389e-02
0.000000000000000000e+00
5.252106038402347687e-01
4.877748702527429647e-01
0.000000000000000000e+00
8.317138661515663389e-02
7.702969379072841516e-01
2.553482241707222822e-01
1.651627255939836780e-01
4.503653195058858194e-01
3.922682147587717161e-01
0.000000000000000000e+00
0.000000000000000000e+00
2.075948964237366856e-01
2.958876649095541489e-01
0.000000000000000000e+00
0.000000000000000000e+00
3.089550258989874343e-01
1.651627255939836780e-01
0.000000000000000000e+00
2.790348264631974384e-01
0.000000000000000000e+00
1.759341607990370926e-01
1.759341607990370926e-01
8.317138661515663389e-02
2.553482241707222822e-01
0.000000000000000000e+00
8.317138661515663389e-02
7.186489792582263503e-01
1.651627255939836780e-01
5.270602934742931733e-01
7.297574971684523959e-01
4.805609832445891239e-01
2.459045243664747249e-01
1.651627255939836780e-01
2.654608654462963235e-01
8.317138661515663389e-02
4.074869125258114289e-01
0.000000000000000000e+00
8.317138661515663389e-02
8.317138661515663389e-02
0.000000000000000000e+00
8.317138661515663389e-02
0.000000000000000000e+00
0.000000000000000000e+00
0.000000000000000000e+00
8.317138661515663389e-02
0.000000000000000000e+00
8.317138661515663389e-02
2.075948964237366856e-01
3.385349361650741296e-01
1.651627255939836780e-01
0.000000000000000000e+00
0.000000000000000000e+00
4.492602894260850355e-01
8.317138661515663389e-02
0.000000000000000000e+00
0.000000000000000000e+00
3.543693874047304515e-01
2.324750562010276522e-01
0.000000000000000000e+00
0.000000000000000000e+00
1.759341607990370926e-01
1.651627255939836780e-01
3.620725510200684116e-01
0.000000000000000000e+00
0.000000000000000000e+00
6.708956515112407537e-01
5.801778185953740952e-01
2.324750562010276522e-01
1.357318027653778847e-01
8.317138661515663389e-02
3.333459090690941706e-01
3.264080310481477509e-01
0.000000000000000000e+00
8.123059451181390278e-01
2.664567420809483278e-01
2.075948964237366856e-01
2.958876649095541489e-01
4.369178353544171389e-01
0.000000000000000000e+00
4.846711631014028465e-01
4.797962423344916960e-01
1.651627255939836780e-01
0.000000000000000000e+00
8.317138661515663389e-02
5.270602934742931733e-01
8.317138661515663389e-02
0.000000000000000000e+00
3.253185877381599145e-01
1.651627255939836780e-01
0.000000000000000000e+00
3.039149862404883495e-01
2.855925813221085741e-01
0.000000000000000000e+00
0.000000000000000000e+00
8.317138661515663389e-02
4.147007995339651587e-01
1.357318027653778847e-01
8.317138661515663389e-02
6.813884159488500236e-01
4.209343966772799983e-01
2.164736015378689316e-01
0.000000000000000000e+00
0.000000000000000000e+00
2.164736015378689316e-01
3.333459090690941706e-01
4.846711631014028465e-01
8.317138661515663389e-02
3.838003102333362726e-01
3.620725510200684116e-01
8.317138661515663389e-02
0.000000000000000000e+00
8.011974272079130932e-01
2.459045243664747249e-01
3.089550258989874343e-01
6.468289260567302579e-01
4.033162726365318584e-01
7.351216945425476101e-01
5.517023937247943488e-01
5.579607827749220039e-01
3.838003102333362726e-01
3.838003102333362726e-01
3.838003102333362726e-01
4.552402402727969699e-01
4.074869125258113733e-01
4.369178353544172499e-01
3.838003102333362726e-01
3.838003102333362726e-01
4.369178353544172499e-01
4.369178353544172499e-01
4.957796810116288366e-01
4.552402402727970254e-01
4.552402402727970254e-01
4.369178353544172499e-01
5.252106038402347687e-01
4.147007995339651587e-01
3.543693874047304515e-01
4.957796810116288921e-01
4.369178353544172499e-01
5.252106038402347687e-01
4.846711631014028465e-01
4.957796810116288921e-01
4.369178353544172499e-01
4.074869125258114289e-01
4.503653195058858194e-01
3.620725510200684116e-01
4.503653195058858194e-01
4.503653195058858194e-01
4.098258787670540082e-01
4.503653195058858194e-01
4.209343966772799983e-01
4.209343966772799983e-01
4.503653195058858194e-01
3.620725510200683561e-01
3.326416281914625905e-01
4.209343966772799983e-01
3.089550258989874343e-01
3.620725510200684116e-01
4.846711631014028465e-01
4.369178353544171389e-01
4.877748702527430202e-01
6.342508416744812028e-01
7.297574971684525069e-01
7.108193387774559557e-01
6.636817645030869128e-01
5.990755983097446613e-01
5.577452338201807081e-01
8.822763086855768266e-01
6.062894853178983912e-01
6.390396642525857374e-01
6.207172593342059619e-01
7.814054558175100862e-01
7.900889092976871586e-01
7.225436101602985550e-01
8.528453858569710055e-01
7.513587795162877114e-01
6.342508416744812028e-01
7.129046587220956299e-01
5.642804781070435149e-01
7.606579864690812265e-01
9.300296364325622012e-01
8.417368679467448489e-01
7.886193428256641491e-01
5.708786116425805801e-01
8.402673014747219504e-01
6.636817645030869128e-01
6.342508416744812028e-01
3.620725510200684116e-01
4.503653195058858194e-01
4.098258787670540082e-01
4.209343966772799983e-01
4.503653195058858194e-01
4.098258787670540082e-01
3.620725510200684116e-01
3.089550258989874343e-01
2.855925813221086296e-01
2.324750562010276522e-01
3.444544269793202718e-01
3.039149862404883495e-01
2.855925813221085741e-01
3.333459090690942261e-01
3.333459090690941706e-01
2.855925813221086296e-01
4.369178353544172499e-01
4.805609832445891239e-01
4.988833881629689548e-01
5.394228289018009326e-01
4.877748702527429647e-01
7.717665043793072721e-01
7.900889092976870476e-01
7.717665043793072721e-01
8.180502656542697482e-01
5.768585624892925701e-01
7.466103356148092729e-01
7.871497763536409176e-01
6.688103315666010795e-01
4.985848686037134825e-01
5.970306570417308611e-01
5.603858472049711992e-01
6.795791049914176041e-01
3.838003102333362726e-01
6.279311463423596917e-01
6.982412543952069006e-01
7.997278607358900837e-01
6.762598488853360790e-01
6.501481821628116720e-01
6.399951622106118121e-01
6.390396642525857374e-01
6.945822538037158544e-01
3.738853498079260373e-01
4.877748702527430202e-01
4.503653195058859304e-01
6.207172593342059619e-01
4.519209841667155003e-01
6.336350882018645381e-01
7.351216945425477212e-01
4.492602894260849244e-01
6.003095344711864012e-01
1.651627255939836780e-01
5.294853579043422576e-01
8.317138661515663389e-02
7.129046587220956299e-01
6.105642393820059910e-01
4.805609832445892349e-01
2.075948964237366856e-01
4.209343966772799983e-01
4.274434581235082575e-01
8.011974272079130932e-01
6.285065211383504824e-01
7.408660150786784415e-01
7.129046587220956299e-01
6.114180523814124468e-01
5.474276396606867490e-01
6.762598488853360790e-01
3.333459090690941706e-01
2.855925813221085741e-01
1.651627255939836780e-01
6.708956515112407537e-01
4.209343966772799983e-01
0.000000000000000000e+00
3.994821017669254459e-01
7.702969379072841516e-01
1.759341607990370926e-01
5.696446754811387292e-01
6.579374439669561925e-01
4.706235122471306154e-01
4.994386816031197718e-01
7.702969379072841516e-01
5.517023937247943488e-01
1.357318027653778847e-01
5.507468957667682741e-01
4.552402402727970254e-01
1.651627255939836780e-01
0.000000000000000000e+00
1.651627255939836780e-01
8.317138661515663389e-02
1.357318027653778847e-01
2.654608654462963235e-01
2.164736015378689316e-01
0.000000000000000000e+00
0.000000000000000000e+00
8.317138661515663389e-02
0.000000000000000000e+00
0.000000000000000000e+00
0.000000000000000000e+00
4.877748702527429647e-01
5.363191217504607033e-01
8.317138661515663389e-02
0.000000000000000000e+00
1.651627255939836780e-01
3.333459090690941706e-01
6.093327324367727726e-01
3.738853498079260373e-01
5.985002235137538706e-01
1.357318027653778847e-01
6.414647286826348216e-01
8.317138661515663389e-02
8.165806991822468497e-01
4.797962423344916960e-01
4.552402402727969699e-01
6.207172593342059619e-01
7.167992896241680567e-01
7.534440994609274966e-01
6.684705870811915585e-01
8.291587835644959048e-01
9.285600699605395247e-01
