6.414317489115578530e-01
7.907018159729416462e-01
6.802634004327127171e-01
8.464986715989794019e-01
8.845293479402934755e-01
9.501696281666649480e-01
6.138221450265005652e-01
7.822370144083725663e-01
9.619693236586859264e-01
8.030791593208862489e-01
7.630922120878843584e-01
7.687020964632854669e-01
5.470832875798152806e-01
8.563420961993127856e-01
7.518701644517866711e-01
7.735132845441411442e-01
7.858906278920858579e-01
9.447807922298855354e-01
7.791231689195422527e-01
8.175104446781579215e-01
8.360775991427228382e-01
5.470832875798152806e-01
3.911293214504604210e-01
5.575043600360721774e-01
3.097599028735695814e-01
4.298206945755099206e-01
8.084679952576655504e-01
3.469918829203382793e-01
8.017005362851219452e-01
6.876085072611798354e-01
1.570974295134305587e-01
5.785487147567153210e-01
9.619693236586859264e-01
2.064051688049381161e-01
5.966336135977002852e-01
6.138221450265005652e-01
7.907306539857268668e-02
8.135002317771432567e-01
8.515309081184572193e-01
1.570974295134305587e-01
3.469918829203382793e-01
1.294878256283733264e-01
2.064051688049381161e-01
6.414317489115578530e-01
0.000000000000000000e+00
6.582636809230566488e-01
0.000000000000000000e+00
6.360429129747786625e-01
3.290402561727376884e-01
3.186191837164808471e-01
0.000000000000000000e+00
2.971615110870031162e-01
0.000000000000000000e+00
4.391220722956648559e-01
2.821502989885124046e-01
0.000000000000000000e+00
6.802634004327127171e-01
0.000000000000000000e+00
2.971615110870030607e-01
0.000000000000000000e+00
3.290402561727376884e-01
0.000000000000000000e+00
0.000000000000000000e+00
7.907306539857268668e-02
4.337332363588856099e-01
0.000000000000000000e+00
1.294878256283733264e-01
7.907306539857268668e-02
0.000000000000000000e+00
0.000000000000000000e+00
6.960733088257488044e-01
3.977565020268987173e-01
3.641804143491386703e-01
0.000000000000000000e+00
3.641804143491386703e-01
7.907306539857268668e-02
3.689085535021823237e-01
2.433209263526529831e-01
5.298947561510148896e-01
3.186191837164808471e-01
5.577065698442016384e-01
0.000000000000000000e+00
5.090526112385012070e-01
7.182940767740267907e-01
0.000000000000000000e+00
7.687020964632854669e-01
4.625004148410853388e-01
5.966336135977002852e-01
1.294878256283733264e-01
5.481818648001294259e-01
2.680756130485423827e-01
2.064051688049381161e-01
4.800643843176797265e-01
0.000000000000000000e+00
0.000000000000000000e+00
1.570974295134305587e-01
0.000000000000000000e+00
0.000000000000000000e+00
4.187389253355175422e-01
5.414144058275859317e-01
3.469918829203382793e-01
1.570974295134305587e-01
3.469918829203382793e-01
5.441716518991145390e-01
6.512751735118912366e-01
1.294878256283733264e-01
0.000000000000000000e+00
1.570974295134305587e-01
6.337679225268296745e-01
0.000000000000000000e+00
3.842594639428520975e-01
7.250615357465703958e-01
0.000000000000000000e+00
2.441196226471983310e-01
0.000000000000000000e+00
0.000000000000000000e+00
3.186191837164808471e-01
2.064051688049381161e-01
0.000000000000000000e+00
3.917900182341959026e-01
0.000000000000000000e+00
7.907306539857268668e-02
0.000000000000000000e+00
2.738210484026232239e-01
0.000000000000000000e+00
0.000000000000000000e+00
0.000000000000000000e+00
2.578924901060299923e-01
0.000000000000000000e+00
0.000000000000000000e+00
7.907306539857268668e-02
1.294878256283733264e-01
0.000000000000000000e+00
0.000000000000000000e+00
6.146231202063414667e-01
0.000000000000000000e+00
4.115124684106076791e-01
5.138048019425286439e-01
4.613428402439428422e-01
2.821502989885123491e-01
0.000000000000000000e+00
6.802634004327127171e-01
3.193822790352811025e-01
4.470659444958432482e-01
7.907306539857268668e-02
7.907306539857268668e-02
7.907306539857268668e-02
0.000000000000000000e+00
7.907306539857268668e-02
7.907306539857268668e-02
0.000000000000000000e+00
0.000000000000000000e+00
2.578924901060299923e-01
0.000000000000000000e+00
2.738210484026232239e-01
0.000000000000000000e+00
2.578924901060299923e-01
3.186191837164808471e-01
0.000000000000000000e+00
3.281060088995125246e-01
6.526537965476555403e-01
1.570974295134305587e-01
0.000000000000000000e+00
6.754522123518569288e-01
0.000000000000000000e+00
6.848512611896511171e-01
5.746928914648724573e-01
0.000000000000000000e+00
5.698249848924837879e-01
0.000000000000000000e+00
7.926580868646294631e-01
7.907306539857268668e-02
7.907306539857268668e-02
7.907306539857268668e-02
0.000000000000000000e+00
7.907306539857268668e-02
7.907306539857268668e-02
0.000000000000000000e+00
5.287183429233801579e-01
3.097599028735695814e-01
0.000000000000000000e+00
3.641804143491386703e-01
7.064943812820055902e-01
0.000000000000000000e+00
7.907306539857268668e-02
0.000000000000000000e+00
3.193822790352811025e-01
1.570974295134305587e-01
6.422327240913986435e-01
4.739581331056319513e-01
5.076739882027369033e-01
5.717812557841717158e-01
4.889524441290000745e-01
0.000000000000000000e+00
2.340147726899952929e-01
0.000000000000000000e+00
3.966579248065845720e-01
4.298206945755099206e-01
6.802634004327127171e-01
6.202330045817424642e-01
0.000000000000000000e+00
8.239213042334000425e-01
6.802634004327127171e-01
7.636698599438078716e-01
7.907306539857268668e-02
3.852814875613147505e-01
2.738210484026232239e-01
0.000000000000000000e+00
2.741010942180734933e-01
5.906671298049975816e-01
1.294878256283733264e-01
1.570974295134305587e-01
6.717985988681437481e-01
0.000000000000000000e+00
4.613428402439428422e-01
7.907306539857268668e-02
6.794624252528718156e-01
2.340147726899952929e-01
0.000000000000000000e+00
0.000000000000000000e+00
0.000000000000000000e+00
7.907306539857268668e-02
5.577065698442016384e-01
0.000000000000000000e+00
5.165620480140572512e-01
4.633967822532699676e-01
0.000000000000000000e+00
6.354652651188551493e-01
0.000000000000000000e+00
5.746928914648724573e-01
1.570974295134305587e-01
0.000000000000000000e+00
7.907306539857268668e-02
7.907306539857268668e-02
6.808410482886362303e-01
0.000000000000000000e+00
0.000000000000000000e+00
4.187389253355175422e-01
1.294878256283733264e-01
0.000000000000000000e+00
7.907306539857268668e-02
7.563247531153407532e-01
2.680756130485423827e-01
0.000000000000000000e+00
2.545406951034551724e-01
3.966579248065845720e-01
5.337505794428576422e-01
3.097599028735695814e-01
0.000000000000000000e+00
5.926234006966853984e-01
1.993214873333407633e-01
0.000000000000000000e+00
0.000000000000000000e+00
0.000000000000000000e+00
0.000000000000000000e+00
6.788847773969484134e-01
6.518528213678146388e-01
0.000000000000000000e+00
8.451200485632153203e-01
4.463485292205747745e-01
8.293101401701792330e-01
2.545406951034551724e-01
1.570974295134305587e-01
5.746928914648724573e-01
2.433209263526529831e-01
7.907306539857268668e-02
7.410924925782282902e-01
3.852814875613147505e-01
7.907306539857268668e-02
4.233121639026288241e-01
7.188717246299503039e-01
0.000000000000000000e+00
2.064051688049381161e-01
8.411098356622002115e-01
6.906844728889695029e-01
8.859079709760578902e-01
0.000000000000000000e+00
7.963117003483426437e-01
5.005310911823993569e-01
6.754522123518569288e-01
6.526537965476555403e-01
6.405353814993731687e-01
6.794624252528718156e-01
7.239039611494277882e-01
5.853161737292588152e-01
4.739581331056319513e-01
8.202676907496866399e-01
7.360602560587505838e-01
8.687194395472574993e-01
6.613775264118868513e-01
5.015677369906892391e-01
3.689085535021823237e-01
2.971615110870030607e-01
3.469918829203382793e-01
3.469918829203382793e-01
3.469918829203382793e-01
3.469918829203382793e-01
6.230879217709104356e-01
8.017005362851219452e-01
1.000000000000000000e+00
9.067501158885715729e-01
8.293101401701792330e-01
8.202676907496866399e-01
9.030965024048582812e-01
9.030965024048582812e-01
8.464986715989796240e-01
7.845120048563215542e-01
9.067501158885715729e-01
8.306887632059434257e-01
8.030791593208862489e-01
8.411098356622002115e-01
8.067327728045994295e-01
9.411271787461723548e-01
6.808410482886362303e-01
8.673408165114931956e-01
9.239386473173719638e-01
9.121389518253506523e-01
7.518701644517866711e-01
7.794797683368439589e-01
8.030791593208862489e-01
7.337852656108017069e-01
6.391567584636089761e-01
5.853161737292588152e-01
6.740735893160927361e-01
6.202330045817425752e-01
6.876085072611798354e-01
4.233121639026288241e-01
7.182940767740267907e-01
7.735132845441411442e-01
6.681449853844304565e-01
7.735132845441411442e-01
5.165620480140572512e-01
6.740735893160927361e-01
5.966336135977002852e-01
8.741082754840366897e-01
6.785660578406872423e-01
4.405006953314292151e-01
7.630922120878843584e-01
6.586202803403583550e-01
1.570974295134305587e-01
7.064943812820055902e-01
4.405006953314292151e-01
2.441196226471983310e-01
7.287151492302835765e-01
5.061409755578004654e-01
5.586029372563862117e-01
5.374041929265709339e-01
5.575043600360721774e-01
6.518528213678147498e-01
1.683744924636240703e-01
6.613775264118868513e-01
5.022851522659577128e-01
4.549319806887009432e-01
4.800643843176797265e-01
6.526537965476555403e-01
0.000000000000000000e+00
7.907306539857268668e-02
7.907306539857268668e-02
1.570974295134305587e-01
2.738210484026232239e-01
3.150679687678322183e-01
0.000000000000000000e+00
2.441196226471983310e-01
1.570974295134305587e-01
7.098292752094577107e-01
5.630575259199402938e-01
0.000000000000000000e+00
5.022851522659577128e-01
2.971615110870031162e-01
7.202503476657146075e-01
4.101338453748433199e-01
0.000000000000000000e+00
3.689085535021823237e-01
0.000000000000000000e+00
2.545406951034551724e-01
0.000000000000000000e+00
7.907306539857268668e-02
2.064051688049381161e-01
3.966579248065845720e-01
1.683744924636240703e-01
2.433209263526529831e-01
2.433209263526529831e-01
6.188543815459782715e-01
6.138221450265005652e-01
0.000000000000000000e+00
2.064051688049381161e-01
6.532314444035789425e-01
7.907306539857268668e-02
0.000000000000000000e+00
1.570974295134305587e-01
2.064051688049381161e-01
7.907306539857268668e-02
4.357871783682127353e-01
1.570974295134305587e-01
0.000000000000000000e+00
2.971615110870030607e-01
7.907306539857268668e-02
4.359274567643179332e-01
2.064051688049381161e-01
5.005310911823993569e-01
4.115124684106077346e-01
2.340147726899952929e-01
8.011228884291985430e-01
5.954783178858532589e-01
9.791578550874863174e-01
7.926580868646293521e-01
8.188890677139222252e-01
8.791405120035142851e-01
7.963117003483426437e-01
9.791578550874863174e-01
7.410924925782282902e-01
7.858906278920858579e-01
8.963290434323146760e-01
9.343597197736287496e-01
9.343597197736287496e-01
7.926580868646294631e-01
8.011228884291983210e-01
8.667631686555695714e-01
8.115439608854551068e-01
8.115439608854553288e-01
8.391535647705123946e-01
7.341039851670628780e-01
6.684637049406916276e-01
6.613775264118868513e-01
6.414317489115578530e-01
5.470832875798152806e-01
6.127235678061865309e-01
4.889524441290000745e-01
5.717812557841717158e-01
