3.646603127921890231e-01
4.980915392432408995e-01
4.226912194754143814e-01
6.103985840662343731e-01
5.749401429601603830e-01
3.827240645852063583e-01
1.650966509737299415e-01
4.869924164830276014e-01
2.459305373051563770e-01
1.360811976321172623e-01
4.871398376946455833e-01
6.988937650352780029e-01
6.988937650352778919e-01
4.117395179268190653e-01
4.919459403398159791e-01
4.226912194754143814e-01
6.439227511919810576e-01
4.038255164226097205e-01
7.258533364085135720e-01
8.135067574575229887e-01
7.859401250601159017e-01
8.425222107991356957e-01
8.425222107991356957e-01
9.239053415237574729e-01
9.419690933167746971e-01
9.115048190309563703e-01
8.824893656893437743e-01
8.078435281573066451e-01
8.839381866335492832e-01
8.149555784017286086e-01
9.058415897307401377e-01
9.186168692753782228e-01
8.715376641407484026e-01
8.591371416479473000e-01
7.735396025673150211e-01
8.896014159337657379e-01
8.301216883063347041e-01
6.755415409938817506e-01
8.315705092505404350e-01
7.901545334161266254e-01
7.611390800745140295e-01
9.115048190309563703e-01
8.191699867577394434e-01
8.881525949895600069e-01
8.330193301947458329e-01
8.330193301947458329e-01
8.238513979819468425e-01
7.258533364085135720e-01
7.149016348599182002e-01
7.025011123671172086e-01
7.714837205989378832e-01
7.788280748156939381e-01
7.388609199254858595e-01
7.788280748156939381e-01
7.498126214740812312e-01
7.498126214740812312e-01
6.627662614492433324e-01
8.187952297059019058e-01
7.317488696810640070e-01
6.027192814578876678e-01
7.021661639755265583e-01
6.841024121825092230e-01
6.717018896897083424e-01
2.459305373051563770e-01
2.169150839635437256e-01
2.169150839635437256e-01
2.459305373051563770e-01
2.459305373051563770e-01
2.459305373051563770e-01
2.459305373051563770e-01
3.356448594505763716e-01
4.117395179268190653e-01
3.827240645852063583e-01
4.226912194754143814e-01
3.646603127921890231e-01
3.827240645852063583e-01
4.517066728170270329e-01
3.646603127921890231e-01
4.117395179268190653e-01
4.226912194754143814e-01
4.517066728170270329e-01
3.748100630809970690e-01
4.117395179268190653e-01
4.117395179268190653e-01
5.561224459264662023e-01
4.871398376946455833e-01
5.271069925848536064e-01
5.271069925848536064e-01
4.980915392432408995e-01
5.271069925848536064e-01
5.271069925848536064e-01
4.980915392432408995e-01
4.980915392432408995e-01
4.181572294628249087e-01
4.980915392432408995e-01
5.319130952300239468e-01
6.450772667080633127e-01
6.450772667080633127e-01
1.000000000000000000e+00
8.330193301947458329e-01
3.748100630809970690e-01
7.388609199254858595e-01
2.094707095320358925e-01
3.748100630809970690e-01
4.038255164226097205e-01
3.748100630809970690e-01
4.226912194754143814e-01
4.226912194754143814e-01
4.117395179268190653e-01
3.827240645852063583e-01
4.517066728170270329e-01
3.827240645852063583e-01
3.646603127921890231e-01
4.117395179268190653e-01
4.517066728170270329e-01
2.877637030561590592e-01
2.877637030561590592e-01
2.353960256731500722e-01
3.427569096949983907e-01
3.122926354091800638e-01
4.517066728170270329e-01
3.936757661338016745e-01
4.117395179268190653e-01
2.557105496701603253e-01
3.356448594505763716e-01
3.122926354091800638e-01
9.129536399751619902e-01
4.479266280451144611e-01
4.869924164830276014e-01
6.270135149150459775e-01
0.000000000000000000e+00
2.710240807863844581e-01
5.286406962897752804e-01
3.876929551770065818e-01
6.450772667080633127e-01
5.138493434370066115e-01
9.115048190309563703e-01
6.370232070478792918e-01
4.581243843530328763e-01
5.517606163588375523e-01
4.048995803149779693e-01
5.470792051346300422e-01
8.425222107991356957e-01
6.717018896897083424e-01
5.045087137841341995e-01
6.631410185010807590e-01
5.346786826418290506e-01
7.140598749398839873e-01
1.360811976321172623e-01
6.858861815183054933e-01
6.950541137311044837e-01
2.965170695568738468e-01
4.168552927351247273e-01
9.115048190309563703e-01
7.226207461285116818e-01
5.028976418884113508e-01
2.459305373051563770e-01
8.309937546377872686e-02
7.607643230226766029e-01
3.122926354091800638e-01
3.348429081907889904e-01
7.948359446403342465e-01
6.950541137311045947e-01
7.131178655241219300e-01
0.000000000000000000e+00
8.800985353293759861e-01
7.806516528117369846e-01
8.729864850849540225e-01
6.207432245906581159e-01
8.128996964333514708e-01
6.879420634866826312e-01
8.419151497749641777e-01
5.346786826418290506e-01
2.817257167041052890e-01
2.877637030561590592e-01
2.459305373051563770e-01
4.226912194754143814e-01
3.457946097393843621e-01
8.309937546377872686e-02
7.678763732670986775e-01
2.965170695568739023e-01
6.731507106339138513e-01
2.169150839635437256e-01
4.517066728170270329e-01
8.309937546377872686e-02
1.650966509737299415e-01
3.748100630809970690e-01
2.965170695568739023e-01
4.517066728170270329e-01
2.094707095320358925e-01
1.360811976321172623e-01
3.827240645852063583e-01
5.319130952300239468e-01
1.360811976321172623e-01
5.349729880699524154e-01
6.426864363480956355e-01
5.627123179074328130e-01
3.827240645852063583e-01
4.878937829353224842e-01
8.309937546377872686e-02
1.769479290733357024e-01
6.260715054992839201e-01
7.155086958840897182e-01
7.735396025673150211e-01
6.039555963017730900e-01
2.094707095320358925e-01
2.169150839635437256e-01
3.457946097393843621e-01
8.309937546377872686e-02
4.079594731549064934e-01
3.748100630809970690e-01
4.970021086158608603e-01
4.517066728170270329e-01
4.517066728170270329e-01
6.844373605740999844e-01
5.271069925848536064e-01
6.270135149150459775e-01
2.459305373051563770e-01
4.629304869982032722e-01
6.627662614492433324e-01
4.226912194754143814e-01
6.850444215982713914e-01
7.226207461285116818e-01
6.740927200496760197e-01
8.605859625921531419e-01
9.600328451097920324e-01
8.534739123477310674e-01
8.549227332919365763e-01
9.129536399751619902e-01
8.715376641407484026e-01
9.819362482069826648e-01
8.715376641407481806e-01
8.425222107991356957e-01
9.405202723725688552e-01
7.424682672573251763e-01
9.585840241655864125e-01
8.839381866335492832e-01
8.206188077019449523e-01
8.824893656893437743e-01
1.650966509737299415e-01
1.360811976321172623e-01
3.457946097393843621e-01
4.038255164226097205e-01
6.299111568034573283e-01
5.568763911671431588e-01
6.136709830064829285e-01
6.660386603894919988e-01
5.861043506090759525e-01
7.821004737559426045e-01
7.421333188657345259e-01
6.426864363480956355e-01
7.498126214740812312e-01
7.607643230226766029e-01
7.498126214740812312e-01
6.917817147908559283e-01
7.498126214740812312e-01
7.838842430917388748e-01
8.019479948847560991e-01
7.859401250601159017e-01
8.439710317433413156e-01
8.149555784017286086e-01
7.859401250601159017e-01
7.859401250601159017e-01
9.020019384265666185e-01
7.625879010187196494e-01
9.186168692753782228e-01
9.295685708239735945e-01
8.425222107991356957e-01
8.135067574575229887e-01
8.315705092505403240e-01
7.838842430917388748e-01
9.058415897307399156e-01
7.720907816231094012e-01
8.149555784017286086e-01
9.239053415237572509e-01
8.729864850849540225e-01
8.315705092505403240e-01
8.605859625921531419e-01
8.549227332919365763e-01
8.425222107991356957e-01
7.838842430917387638e-01
9.405202723725688552e-01
9.295685708239735945e-01
8.896014159337657379e-01
7.421333188657346369e-01
9.529207948653699578e-01
8.658744348405319480e-01
8.425222107991356957e-01
9.129536399751619902e-01
8.620347835363586508e-01
9.348570430723526226e-01
8.729864850849540225e-01
9.239053415237572509e-01
1.000000000000000000e+00
8.824893656893437743e-01
8.528668513235594384e-01
9.638724964139653295e-01
4.871398376946455833e-01
4.980915392432408995e-01
4.110451792184028341e-01
3.646603127921890231e-01
3.646603127921890231e-01
3.646603127921890231e-01
2.557105496701603253e-01
3.348429081907890459e-01
2.877637030561590592e-01
5.319130952300239468e-01
6.560289682566586844e-01
6.450772667080633127e-01
5.870463600248380098e-01
8.078435281573065341e-01
6.227991065590352537e-01
6.808300132422605566e-01
7.368050379571089437e-01
7.658204912987215396e-01
6.459190266280975257e-01
7.258533364085135720e-01
8.709306031165767736e-01
8.419151497749641777e-01
8.549227332919365763e-01
7.625879010187196494e-01
9.005531174823611096e-01
9.419690933167746971e-01
8.948898881821446549e-01
9.348570430723526226e-01
8.948898881821446549e-01
9.020019384265666185e-01
9.419690933167746971e-01
6.370232070478792918e-01
7.954430056645056535e-01
8.149555784017286086e-01
8.149555784017286086e-01
9.129536399751619902e-01
8.715376641407484026e-01
9.529207948653699578e-01
8.839381866335492832e-01
7.031081733912887266e-01
9.695357257141815621e-01
8.896014159337657379e-01
8.534739123477310674e-01
9.529207948653699578e-01
8.425222107991356957e-01
7.735396025673150211e-01
9.186168692753784448e-01
7.735396025673150211e-01
8.658744348405319480e-01
4.291089310114202249e-01
7.439170882015307962e-01
7.948359446403342465e-01
8.011062349647221081e-01
7.749884235115206410e-01
6.160618133664507168e-01
7.735396025673150211e-01
7.658204912987215396e-01
6.439227511919810576e-01
6.039555963017730900e-01
5.428647967786193185e-01
1.650966509737299415e-01
1.360811976321172623e-01
0.000000000000000000e+00
3.758841269733652624e-01
0.000000000000000000e+00
0.000000000000000000e+00
0.000000000000000000e+00
3.122926354091800638e-01
4.226912194754143814e-01
0.000000000000000000e+00
0.000000000000000000e+00
8.309937546377872686e-02
0.000000000000000000e+00
0.000000000000000000e+00
0.000000000000000000e+00
8.309937546377872686e-02
8.309937546377872686e-02
0.000000000000000000e+00
8.309937546377872686e-02
0.000000000000000000e+00
0.000000000000000000e+00
0.000000000000000000e+00
8.309937546377872686e-02
8.309937546377872686e-02
0.000000000000000000e+00
0.000000000000000000e+00
0.000000000000000000e+00
0.000000000000000000e+00
0.000000000000000000e+00
0.000000000000000000e+00
2.880580084842824795e-01
0.000000000000000000e+00
0.000000000000000000e+00
0.000000000000000000e+00
8.309937546377872686e-02
1.650966509737299415e-01
8.309937546377872686e-02
1.650966509737299415e-01
8.309937546377872686e-02
8.309937546377872686e-02
0.000000000000000000e+00
0.000000000000000000e+00
0.000000000000000000e+00
0.000000000000000000e+00
0.000000000000000000e+00
8.309937546377872686e-02
0.000000000000000000e+00
0.000000000000000000e+00
0.000000000000000000e+00
2.817257167041052890e-01
0.000000000000000000e+00
0.000000000000000000e+00
8.309937546377872686e-02
0.000000000000000000e+00
2.094707095320358925e-01
0.000000000000000000e+00
8.309937546377872686e-02
0.000000000000000000e+00
4.875994775071990084e-01
2.880580084842824795e-01
0.000000000000000000e+00
0.000000000000000000e+00
5.517606163588374413e-01
8.309937546377872686e-02
0.000000000000000000e+00
5.357527465341972439e-01
6.554219072324872775e-01
0.000000000000000000e+00
1.360811976321172623e-01
0.000000000000000000e+00
4.690760859016281925e-01
8.309937546377872686e-02
0.000000000000000000e+00
4.614816660539976523e-01
6.749344799697102326e-01
0.000000000000000000e+00
3.586775018353938749e-01
1.360811976321172623e-01
1.360811976321172623e-01
8.309937546377872686e-02
0.000000000000000000e+00
3.710780243281948665e-01
4.581243843530328763e-01
8.309937546377872686e-02
0.000000000000000000e+00
3.827240645852063583e-01
2.565499146666659347e-01
2.880580084842824795e-01
0.000000000000000000e+00
3.972202777066312640e-01
0.000000000000000000e+00
0.000000000000000000e+00
2.877637030561590592e-01
8.309937546377872686e-02
4.558184367537812531e-01
8.309937546377872686e-02
0.000000000000000000e+00
0.000000000000000000e+00
7.548687897501261679e-01
0.000000000000000000e+00
1.360811976321172623e-01
4.875994775071991194e-01
5.349729880699524154e-01
3.948898881821445994e-01
0.000000000000000000e+00
2.169150839635437256e-01
0.000000000000000000e+00
0.000000000000000000e+00
0.000000000000000000e+00
2.353960256731500722e-01
0.000000000000000000e+00
3.311108694379868433e-01
3.311108694379868433e-01
8.309937546377872686e-02
5.917277712490455199e-01
8.309937546377872686e-02
8.309937546377872686e-02
2.459305373051563770e-01
2.565499146666658792e-01
1.650966509737299415e-01
8.658744348405319480e-01
8.309937546377872686e-02
8.309937546377872686e-02
8.309937546377872686e-02
7.335724476771069424e-01
5.749401429601604940e-01
5.576561496313878763e-01
1.650966509737299415e-01
6.554219072324871664e-01
8.309937546377872686e-02
6.260715054992839201e-01
5.858918445087558657e-01
4.168552927351246717e-01
1.650966509737299415e-01
3.537682177758544322e-01
1.650966509737299415e-01
5.789923003646539890e-01
4.117395179268190653e-01
4.117395179268190653e-01
1.650966509737299415e-01
4.038255164226097205e-01
3.348429081907889904e-01
5.271069925848536064e-01
6.740927200496760197e-01
6.560289682566586844e-01
3.255325228984865538e-01
2.459305373051563770e-01
8.478106830475146127e-01
3.255325228984865538e-01
0.000000000000000000e+00
6.227991065590352537e-01
0.000000000000000000e+00
7.735396025673150211e-01
7.569246717185033058e-01
2.353960256731500722e-01
5.138493434370066115e-01
2.877637030561590592e-01
6.278552748350803014e-01
5.870463600248380098e-01
0.000000000000000000e+00
1.650966509737299415e-01
0.000000000000000000e+00
0.000000000000000000e+00
4.174623537592961342e-01
3.058274548491763944e-01
0.000000000000000000e+00
0.000000000000000000e+00
0.000000000000000000e+00
0.000000000000000000e+00
0.000000000000000000e+00
7.720907816231094012e-01
2.565499146666658792e-01
4.324662127123850008e-01
4.614816660539976523e-01
7.131178655241219300e-01
4.886735413995673127e-01
3.827240645852063583e-01
4.479266280451144611e-01
0.000000000000000000e+00
1.360811976321172623e-01
0.000000000000000000e+00
8.309937546377872686e-02
0.000000000000000000e+00
0.000000000000000000e+00
0.000000000000000000e+00
0.000000000000000000e+00
0.000000000000000000e+00
8.309937546377872686e-02
0.000000000000000000e+00
0.000000000000000000e+00
0.000000000000000000e+00
1.360811976321172623e-01
8.309937546377872686e-02
8.025550559089276170e-01
2.094707095320358925e-01
0.000000000000000000e+00
2.094707095320358925e-01
0.000000000000000000e+00
8.768261363891272087e-01
0.000000000000000000e+00
8.309937546377872686e-02
7.149016348599182002e-01
0.000000000000000000e+00
1.360811976321172623e-01
1.650966509737299415e-01
8.948898881821446549e-01
3.748100630809970135e-01
6.450772667080633127e-01
4.871398376946455833e-01
7.317488696810638960e-01
4.239053415237573064e-01
6.008957034618446214e-01
4.871398376946455833e-01
0.000000000000000000e+00
2.169150839635437256e-01
2.565499146666658792e-01
8.309937546377872686e-02
8.309937546377872686e-02
0.000000000000000000e+00
3.586775018353938749e-01
0.000000000000000000e+00
1.650966509737299415e-01
0.000000000000000000e+00
4.400606325600155411e-01
1.650966509737299415e-01
0.000000000000000000e+00
4.980915392432408995e-01
3.058274548491763944e-01
7.498126214740812312e-01
2.169150839635437256e-01
2.565499146666658792e-01
0.000000000000000000e+00
0.000000000000000000e+00
0.000000000000000000e+00
8.309937546377872686e-02
2.169150839635437256e-01
3.646603127921890231e-01
6.439227511919811686e-01
7.388609199254858595e-01
0.000000000000000000e+00
3.758841269733652624e-01
5.580309066832253029e-01
3.537682177758544322e-01
9.419690933167746971e-01
7.240695670727171906e-01
7.548687897501261679e-01
8.238513979819468425e-01
7.749884235115207520e-01
9.020019384265666185e-01
5.138493434370066115e-01
5.568763911671431588e-01
5.335241671257467955e-01
5.335241671257467955e-01
5.858918445087558657e-01
5.045087137841341995e-01
4.698300311423050935e-01
5.568763911671431588e-01
5.917277712490455199e-01
6.793811922980550477e-01
6.548148462083157595e-01
9.058415897307399156e-01
5.337366732260669933e-01
4.400606325600155411e-01
4.980915392432408995e-01
4.581243843530328763e-01
2.459305373051563770e-01
5.718802501202320254e-01
5.271069925848536064e-01
5.428647967786193185e-01
4.848338900953940156e-01
7.859401250601160127e-01
6.447025096562258861e-01
7.838842430917387638e-01
4.581243843530328763e-01
6.136709830064829285e-01
3.748100630809970690e-01
2.459305373051563770e-01
3.748100630809970690e-01
6.051101118178553451e-01
3.876929551770065818e-01
2.353960256731500722e-01
8.309937546377872686e-02
8.309937546377872686e-02
1.650966509737299415e-01
4.262357310482439710e-01
8.309937546377872686e-02
4.048995803149779693e-01
4.581243843530328763e-01
1.650966509737299415e-01
2.169150839635437256e-01
2.877637030561590592e-01
5.461371957188679849e-01
1.769479290733357024e-01
3.876929551770065818e-01
4.769420813867271680e-01
8.309937546377872686e-02
1.360811976321172623e-01
3.255325228984865538e-01
5.399671548902080787e-01
6.450772667080633127e-01
4.448667352051860480e-01
4.415943362649372705e-01
6.554219072324872775e-01
6.917817147908559283e-01
4.871398376946455833e-01
1.650966509737299415e-01
2.965170695568738468e-01
0.000000000000000000e+00
3.827240645852063583e-01
5.580309066832253029e-01
3.122926354091800638e-01
3.058274548491763944e-01
0.000000000000000000e+00
1.650966509737299415e-01
4.168552927351246717e-01
0.000000000000000000e+00
0.000000000000000000e+00
5.138493434370066115e-01
2.965170695568739023e-01
8.309937546377872686e-02
5.917277712490455199e-01
4.517066728170270329e-01
0.000000000000000000e+00
5.138493434370066115e-01
6.589266101450700353e-01
3.537682177758544322e-01
8.309937546377872686e-02
2.459305373051563770e-01
2.459305373051563770e-01
2.965170695568739023e-01
1.650966509737299415e-01
3.348429081907889904e-01
7.607643230226766029e-01
1.650966509737299415e-01
5.278609378255304518e-01
0.000000000000000000e+00
0.000000000000000000e+00
0.000000000000000000e+00
6.936052927868990858e-01
2.565499146666658792e-01
8.309937546377872686e-02
3.448127916633755286e-01
5.737038281162749609e-01
2.094707095320358925e-01
8.309937546377872686e-02
0.000000000000000000e+00
3.122926354091800638e-01
8.309937546377872686e-02
8.025550559089276170e-01
0.000000000000000000e+00
0.000000000000000000e+00
6.518145599006478497e-01
4.180098082512069269e-01
6.051101118178553451e-01
2.169150839635437256e-01
1.360811976321172623e-01
4.117395179268190653e-01
5.858918445087558657e-01
0.000000000000000000e+00
5.286406962897752804e-01
6.260715054992839201e-01
8.309937546377872686e-02
4.415943362649372705e-01
6.394140374078469691e-01
2.877637030561590592e-01
2.817257167041052890e-01
1.360811976321172623e-01
4.581243843530328763e-01
2.094707095320358925e-01
3.827240645852063583e-01
0.000000000000000000e+00
2.675016162152612509e-01
2.565499146666658792e-01
1.360811976321172623e-01
8.309937546377872686e-02
0.000000000000000000e+00
8.309937546377872686e-02
2.459305373051563770e-01
0.000000000000000000e+00
8.309937546377872686e-02
2.565499146666658792e-01
1.650966509737299415e-01
0.000000000000000000e+00
4.980915392432408995e-01
2.965170695568739023e-01
1.360811976321172623e-01
5.994468825176390014e-01
0.000000000000000000e+00
2.880580084842824795e-01
0.000000000000000000e+00
1.360811976321172623e-01
5.568763911671431588e-01
8.309937546377872686e-02
1.650966509737299415e-01
8.309937546377872686e-02
2.169150839635437256e-01
2.094707095320358925e-01
0.000000000000000000e+00
8.309937546377872686e-02
3.876929551770065818e-01
0.000000000000000000e+00
8.309937546377872686e-02
0.000000000000000000e+00
0.000000000000000000e+00
8.309937546377872686e-02
8.309937546377872686e-02
3.457946097393843621e-01
2.565499146666659347e-01
0.000000000000000000e+00
0.000000000000000000e+00
0.000000000000000000e+00
8.309937546377872686e-02
8.309937546377872686e-02
5.056632293002163436e-01
2.169150839635437256e-01
0.000000000000000000e+00
4.048995803149779693e-01
7.060058152796999664e-01
3.586775018353938749e-01
5.461371957188679849e-01
8.309937546377872686e-02
8.309937546377872686e-02
0.000000000000000000e+00
6.858861815183054933e-01
3.827240645852063583e-01
2.565499146666658792e-01
0.000000000000000000e+00
0.000000000000000000e+00
8.309937546377872686e-02
0.000000000000000000e+00
0.000000000000000000e+00
5.870463600248380098e-01
1.650966509737299415e-01
0.000000000000000000e+00
0.000000000000000000e+00
6.439227511919810576e-01
5.580309066832253029e-01
0.000000000000000000e+00
4.239053415237573064e-01
4.614816660539976523e-01
3.448127916633755286e-01
5.923348322732169269e-01
7.149016348599182002e-01
5.045087137841341995e-01
6.270135149150459775e-01
5.056632293002163436e-01
5.550330152990862187e-01
8.839381866335492832e-01
0.000000000000000000e+00
6.518145599006479607e-01
4.324662127123850008e-01
8.309937546377872686e-02
8.309937546377872686e-02
8.309937546377872686e-02
7.149016348599182002e-01
1.769479290733357024e-01
0.000000000000000000e+00
3.758841269733652624e-01
2.459305373051563770e-01
2.169150839635437256e-01
0.000000000000000000e+00
3.448127916633755286e-01
2.710240807863844581e-01
0.000000000000000000e+00
6.554219072324871664e-01
3.827240645852063583e-01
5.428647967786192075e-01
2.169150839635437256e-01
0.000000000000000000e+00
4.415943362649372705e-01
