6.532717779628136601e-01
7.053803999747974007e-01
7.890814665089878055e-01
9.268297483065450759e-01
8.938441627246493937e-01
8.604982224430159921e-01
8.659438072132525921e-01
4.343470567248009506e-01
3.444292740860656621e-01
5.528445203837791810e-01
5.644854813581242636e-01
1.701476130676613241e-01
7.258582986977311080e-01
8.764746220539881838e-01
2.851215715444186394e-01
4.221010248914821572e-01
0.000000000000000000e+00
4.989633655957468883e-01
2.085787834197936896e-01
0.000000000000000000e+00
2.263494809102903071e-01
0.000000000000000000e+00
0.000000000000000000e+00
0.000000000000000000e+00
4.144528889604046640e-01
4.307122834974564385e-01
0.000000000000000000e+00
2.572212160330217823e-01
5.695707114286232553e-01
4.789492984476280690e-01
7.990576920917442927e-02
0.000000000000000000e+00
0.000000000000000000e+00
3.959158863726686128e-01
7.990576920917442927e-02
0.000000000000000000e+00
3.614384600569893191e-01
2.466904011922862461e-01
0.000000000000000000e+00
4.405181280954957312e-01
0.000000000000000000e+00
4.221010248914821572e-01
1.587517934555920107e-01
7.990576920917442927e-02
0.000000000000000000e+00
7.717119258383265956e-01
7.642894690498636123e-01
5.260543110059918703e-01
6.489959579934664324e-01
8.883985779544127936e-01
9.496448737474428858e-01
6.308170072216534585e-01
6.481865478923145574e-01
5.644854813581242636e-01
7.315272597267674648e-01
7.537586542091279096e-01
7.432278393683923179e-01
6.296495453045786173e-01
6.575499008159754188e-01
7.816590097205246002e-01
7.816590097205246002e-01
6.874271283455987147e-01
6.575499008159754188e-01
8.101430961904589889e-01
8.554129923725168894e-01
1.000000000000000000e+00
8.380434517018557905e-01
7.711281948797892305e-01
7.053803999747974007e-01
7.876883254492986763e-01
8.952373037843385228e-01
7.642894690498635013e-01
8.604982224430159921e-01
8.540198513128278712e-01
7.258582986977311080e-01
9.231376592957353244e-01
6.920633030146835507e-01
9.057681186250740035e-01
8.010054224094124153e-01
6.316264173228051115e-01
8.101430961904589889e-01
9.510380148071321260e-01
9.720996444886031984e-01
9.615688296478676067e-01
7.941666965794867972e-01
6.948495851340618090e-01
6.086452314065727842e-01
8.673369482729416102e-01
3.959158863726686128e-01
4.789492984476280690e-01
4.835706969433121172e-01
4.941015117840476534e-01
5.220018672954445105e-01
4.277699859205185140e-01
5.114710524547089188e-01
6.202861923809178668e-01
5.750162961988598553e-01
6.962427261937510492e-01
6.478261931925770600e-01
6.651957338632382699e-01
7.594276152381643774e-01
6.930960893746351825e-01
6.267645635111059876e-01
7.315272597267674648e-01
8.540198513128278712e-01
7.492571550971662830e-01
8.938441627246493937e-01
7.332807554861942023e-01
8.540198513128278712e-01
8.206739110311945806e-01
7.034035279565709065e-01
8.325978669316193015e-01
8.095593652319215128e-01
8.778677631136772019e-01
5.083244156355930521e-01
6.148406076106812668e-01
4.437463855314905947e-01
3.680155308612718112e-01
5.900868889184004429e-01
4.064467012134041490e-01
5.499022228068413121e-01
1.308514379441951814e-01
8.659438072132524811e-01
0.000000000000000000e+00
3.952482319134376643e-01
0.000000000000000000e+00
2.085787834197936896e-01
2.708986676928732407e-01
3.680155308612718112e-01
7.990576920917442927e-02
0.000000000000000000e+00
0.000000000000000000e+00
0.000000000000000000e+00
2.364791389311904635e-01
0.000000000000000000e+00
0.000000000000000000e+00
0.000000000000000000e+00
7.990576920917442927e-02
0.000000000000000000e+00
1.587517934555920107e-01
5.471159406874629427e-01
2.572212160330217823e-01
0.000000000000000000e+00
2.085787834197936896e-01
3.183858912091729332e-01
7.990576920917442927e-02
4.020869577433633379e-01
4.064467012134041490e-01
8.380434517018555685e-01
7.537586542091279096e-01
7.996122813497232862e-01
7.424184292672406649e-01
5.644854813581242636e-01
5.807448758951759826e-01
5.354749797131179712e-01
5.075746242017211696e-01
5.423137055430435893e-01
6.191760462473082649e-01
5.633753352245147727e-01
5.354749797131179712e-01
5.423137055430435893e-01
4.970438093609856334e-01
5.633753352245147727e-01
4.851198534605609125e-01
5.354749797131179712e-01
5.130202089719577696e-01
4.851198534605609125e-01
5.633753352245147727e-01
5.807448758951759826e-01
5.633753352245147727e-01
5.130202089719577696e-01
4.851198534605609125e-01
4.851198534605609125e-01
5.633753352245147727e-01
5.075746242017211696e-01
5.354749797131179712e-01
4.851198534605609125e-01
5.633753352245147727e-01
5.633753352245147727e-01
4.851198534605609125e-01
6.191760462473082649e-01
5.807448758951759826e-01
6.372953783518415793e-01
8.952373037843385228e-01
8.394365927615448086e-01
8.275126368611200878e-01
9.441992889772063968e-01
8.989293927951482743e-01
8.499674076022804003e-01
7.642894690498635013e-01
9.057681186250740035e-01
9.547301038179418775e-01
8.673369482729416102e-01
9.336684741364708051e-01
8.485742665425913822e-01
9.510380148071321260e-01
9.336684741364708051e-01
9.268297483065450759e-01
7.836358817387512055e-01
9.826304593293386791e-01
8.938441627246493937e-01
5.818550220287854735e-01
8.169818220203844961e-01
9.336684741364708051e-01
8.673369482729416102e-01
8.010054224094124153e-01
8.673369482729416102e-01
9.615688296478676067e-01
8.659438072132524811e-01
8.568061334322061295e-01
8.778677631136772019e-01
7.557355262273544039e-01
7.036269042153706632e-01
6.825652745338994798e-01
7.209964448860318731e-01
6.930960893746350715e-01
7.209964448860318731e-01
7.594276152381643774e-01
7.209964448860318731e-01
7.315272597267674648e-01
7.209964448860318731e-01
7.767971559088254763e-01
6.372953783518414683e-01
7.488968003974286747e-01
7.136122668644122591e-01
9.336684741364708051e-01
7.090724889856073743e-01
8.604982224430161031e-01
4.682767279649717729e-01
4.343470567248009506e-01
2.364791389311904635e-01
5.365851258467274620e-01
2.466904011922862461e-01
7.990576920917442927e-02
4.927083707243585242e-01
0.000000000000000000e+00
0.000000000000000000e+00
0.000000000000000000e+00
0.000000000000000000e+00
0.000000000000000000e+00
0.000000000000000000e+00
0.000000000000000000e+00
0.000000000000000000e+00
7.990576920917442927e-02
3.680155308612718112e-01
7.990576920917442927e-02
4.277699859205185140e-01
4.789492984476280690e-01
7.990576920917442927e-02
7.990576920917442927e-02
3.219745033449054605e-01
7.990576920917442927e-02
0.000000000000000000e+00
1.308514379441951814e-01
1.308514379441951814e-01
0.000000000000000000e+00
7.990576920917442927e-02
7.990576920917442927e-02
7.990576920917442927e-02
0.000000000000000000e+00
2.364791389311904635e-01
1.587517934555920107e-01
0.000000000000000000e+00
0.000000000000000000e+00
0.000000000000000000e+00
0.000000000000000000e+00
3.797138076190821887e-01
0.000000000000000000e+00
0.000000000000000000e+00
2.606083081681528357e-01
7.990576920917442927e-02
2.085787834197936896e-01
4.981539554945950687e-01
7.990576920917442927e-02
0.000000000000000000e+00
5.528445203837791810e-01
1.308514379441951814e-01
7.990576920917442927e-02
1.587517934555920107e-01
7.557355262273544039e-01
7.990576920917442927e-02
7.990576920917442927e-02
7.990576920917442927e-02
5.499022228068413121e-01
3.952482319134376643e-01
7.990576920917442927e-02
4.231485874248344659e-01
6.057029338296349152e-01
6.086452314065727842e-01
7.990576920917442927e-02
1.701476130676613241e-01
2.364791389311904912e-01
0.000000000000000000e+00
7.990576920917442927e-02
7.990576920917442927e-02
7.990576920917442927e-02
7.990576920917442927e-02
7.990576920917442927e-02
2.085787834197936896e-01
4.014187869263705077e-01
7.990576920917442927e-02
7.990576920917442927e-02
0.000000000000000000e+00
1.308514379441951814e-01
7.990576920917442927e-02
7.990576920917442927e-02
3.922811131453241007e-01
0.000000000000000000e+00
7.990576920917442927e-02
2.767046071628473936e-01
7.990576920917442927e-02
0.000000000000000000e+00
1.587517934555920107e-01
7.990576920917442927e-02
2.085787834197936896e-01
7.990576920917442927e-02
0.000000000000000000e+00
3.727934611722774072e-01
0.000000000000000000e+00
1.308514379441951814e-01
0.000000000000000000e+00
0.000000000000000000e+00
4.020869577433633379e-01
0.000000000000000000e+00
0.000000000000000000e+00
7.990576920917442927e-02
1.701476130676613241e-01
0.000000000000000000e+00
7.990576920917442927e-02
1.308514379441951814e-01
0.000000000000000000e+00
0.000000000000000000e+00
0.000000000000000000e+00
0.000000000000000000e+00
0.000000000000000000e+00
7.990576920917442927e-02
0.000000000000000000e+00
0.000000000000000000e+00
7.990576920917442927e-02
2.466904011922862461e-01
0.000000000000000000e+00
0.000000000000000000e+00
0.000000000000000000e+00
7.990576920917442927e-02
2.014205050102281791e-01
0.000000000000000000e+00
0.000000000000000000e+00
0.000000000000000000e+00
0.000000000000000000e+00
7.990576920917442927e-02
0.000000000000000000e+00
1.308514379441951814e-01
0.000000000000000000e+00
2.606083081681528357e-01
0.000000000000000000e+00
7.990576920917442927e-02
0.000000000000000000e+00
0.000000000000000000e+00
0.000000000000000000e+00
3.219745033449054050e-01
0.000000000000000000e+00
0.000000000000000000e+00
3.959158863726686128e-01
0.000000000000000000e+00
3.219745033449054605e-01
0.000000000000000000e+00
7.990576920917442927e-02
3.002908639380534872e-01
0.000000000000000000e+00
7.990576920917442927e-02
2.466904011922862183e-01
0.000000000000000000e+00
2.851215715444185839e-01
3.130219270558153855e-01
7.990576920917442927e-02
7.990576920917442927e-02
0.000000000000000000e+00
7.990576920917442927e-02
0.000000000000000000e+00
7.990576920917442927e-02
2.014205050102281791e-01
7.990576920917442927e-02
7.990576920917442927e-02
0.000000000000000000e+00
2.364791389311904635e-01
0.000000000000000000e+00
7.990576920917442927e-02
7.990576920917442927e-02
0.000000000000000000e+00
0.000000000000000000e+00
0.000000000000000000e+00
0.000000000000000000e+00
7.990576920917442927e-02
1.308514379441951814e-01
1.587517934555920107e-01
7.990576920917442927e-02
0.000000000000000000e+00
0.000000000000000000e+00
7.990576920917442927e-02
2.851215715444185839e-01
0.000000000000000000e+00
0.000000000000000000e+00
1.587517934555920107e-01
7.990576920917442927e-02
0.000000000000000000e+00
0.000000000000000000e+00
7.990576920917442927e-02
0.000000000000000000e+00
4.851198534605609125e-01
0.000000000000000000e+00
2.085787834197936896e-01
3.680155308612718112e-01
4.682767279649717729e-01
1.308514379441951814e-01
2.851215715444186394e-01
7.036269042153706632e-01
4.682767279649717729e-01
4.662011562726509073e-01
3.959158863726686128e-01
4.064467012134041490e-01
0.000000000000000000e+00
0.000000000000000000e+00
7.990576920917442927e-02
7.990576920917442927e-02
7.990576920917442927e-02
0.000000000000000000e+00
0.000000000000000000e+00
7.990576920917442927e-02
0.000000000000000000e+00
0.000000000000000000e+00
2.364791389311904912e-01
0.000000000000000000e+00
0.000000000000000000e+00
1.308514379441951814e-01
0.000000000000000000e+00
2.085787834197936896e-01
7.990576920917442927e-02
0.000000000000000000e+00
1.701476130676613241e-01
0.000000000000000000e+00
0.000000000000000000e+00
0.000000000000000000e+00
0.000000000000000000e+00
7.990576920917442927e-02
4.572194979491641109e-01
3.604056736970377428e-01
