9.734193827685883038e-02
7.485727975504461451e-01
9.097425727036003718e-01
9.513719621686937966e-01
8.354252046944602439e-01
7.714860656122928262e-01
7.612562897644352677e-01
9.002902079712558070e-01
8.586608185061626042e-01
8.702043988724562640e-01
8.401185897736564989e-01
7.309564330125680742e-01
2.859429434324182728e-01
3.044589815263981092e-01
1.730918552897632301e-01
1.158841670093650605e-01
2.112427498240896928e-01
5.818098056859874467e-02
1.158841670093650605e-01
4.482780700248935601e-01
2.112427498240896928e-01
1.730918552897632301e-01
2.297849785565959368e-01
3.044589815263981647e-01
5.689838071522754781e-01
6.031162462039708627e-01
5.419806724560051192e-01
7.616442300882432237e-01
6.903565936717929175e-01
7.218665690124063117e-01
6.792570713074128630e-01
5.740077136417414128e-01
5.819322262025824477e-01
6.110921711067540674e-01
5.866001716901534380e-01
5.321117203511895877e-01
4.305773165139551439e-01
4.676617739789675765e-01
4.120350877814488721e-01
7.158974707705118012e-01
8.683526704831996401e-01
9.285242886807992813e-01
9.389025176077717694e-01
6.968734358452909339e-01
8.817479792387497017e-01
8.817479792387497017e-01
7.334101493786999715e-01
8.145777126749375041e-01
8.132639081565014028e-01
8.798962508494934109e-01
8.726581152385879392e-01
9.048351399713366883e-01
7.221060562570988939e-01
7.987286875532555452e-01
7.807243826915697404e-01
8.102722679195492050e-01
9.002902079712560290e-01
8.878207634103342238e-01
6.791628622735693677e-01
7.580251622827907099e-01
8.121239963088056069e-01
9.328297334361875803e-01
8.215763610411499496e-01
8.887466276049623692e-01
6.310727483130837978e-01
7.843434504970223653e-01
7.162473197385819113e-01
8.275006921336194310e-01
2.339091344018258134e-01
2.673745240613856766e-01
2.673745240613856766e-01
2.673745240613856766e-01
2.339091344018258134e-01
2.673745240613856766e-01
3.223932975352428176e-01
2.889279078756829544e-01
3.339368779015363664e-01
3.433384995140303930e-01
3.768038891735902562e-01
3.953461179060964170e-01
3.768038891735902562e-01
3.768038891735902562e-01
3.433384995140303930e-01
3.582616604410839845e-01
4.305773165139551439e-01
4.120350877814488166e-01
4.421208968802486372e-01
4.421208968802486372e-01
4.120350877814488166e-01
4.120350877814488166e-01
4.421208968802486372e-01
3.609533335840110491e-01
4.120350877814488166e-01
5.022239241178397817e-01
4.651394666528272936e-01
3.955154837228831433e-01
5.425170658589282269e-01
5.563913491038636749e-01
5.624641332754479750e-01
6.912824578664211739e-01
7.347895484710882386e-01
8.170314290410692903e-01
7.041017513954130891e-01
5.290831325889485681e-01
5.251130719849769202e-01
3.044589815263981092e-01
5.517667334668856505e-01
4.165800197815297534e-01
6.036145482511562355e-01
6.937361742325530711e-01
7.941837555531746640e-01
7.501006497219496749e-01
9.513719621686937966e-01
8.957452759711751478e-01
8.494225014268854679e-01
8.914398312157868487e-01
8.509757931900143735e-01
8.534295095561460487e-01
2.674007146999120010e-01
3.044589815263981092e-01
2.974603331601854972e-01
3.524791066340426382e-01
3.339368779015363664e-01
3.223932975352428176e-01
4.120350877814488166e-01
4.651394666528272936e-01
4.502163057257737022e-01
5.360817809551612356e-01
5.220844842227359006e-01
4.989973234901487475e-01
5.105409038564423518e-01
5.175395522226549083e-01
5.495157142251410054e-01
7.218665690124063117e-01
6.183892560990945642e-01
7.519523781112061878e-01
8.772030472386688205e-01
7.864092265393464176e-01
2.859429434324182728e-01
2.674007146999120010e-01
2.674007146999120010e-01
2.674007146999120010e-01
2.488584859674057570e-01
2.418598376011930895e-01
2.117740285023932967e-01
2.418598376011930895e-01
2.117740285023932967e-01
2.117740285023932967e-01
2.117740285023932967e-01
2.117740285023932967e-01
2.117740285023932967e-01
2.117740285023932967e-01
2.117740285023932967e-01
2.488584859674057570e-01
2.418598376011930895e-01
2.674007146999120010e-01
2.117740285023932967e-01
2.233176088686868455e-01
2.418598376011930895e-01
8.017457673818331187e-01
8.658989541170679649e-01
7.684033912097631980e-01
8.172709162857618725e-01
8.236675766750992667e-01
5.133571209547567182e-01
4.305773165139551439e-01
2.859429434324182728e-01
6.642397013465156652e-01
2.297849785565959368e-01
1.730918552897632301e-01
3.424111048515047218e-01
3.415434389914106528e-01
2.488584859674057570e-01
2.297849785565959368e-01
4.859660459346785699e-01
7.336496366233924427e-01
8.127259842856809913e-01
8.066532001140965802e-01
8.912003439710940444e-01
6.980930313298835399e-01
8.178088401565822840e-01
6.561699105748256544e-01
8.284265563282475764e-01
8.702043988724560419e-01
8.874328230865261569e-01
3.339368779015363109e-01
5.829811038847008131e-01
6.130669129835005782e-01
5.759824555184881456e-01
6.486891128509616467e-01
7.088988224042992448e-01
7.864092265393464176e-01
8.874328230865264899e-01
8.108101917903697275e-01
7.667270859591446275e-01
7.974148830348196659e-01
8.944314714527390464e-01
8.111981321141774615e-01
7.797985184969414840e-01
8.238816243281668061e-01
8.914398312157868487e-01
8.342852928467645590e-01
8.100327806748565118e-01
8.507363059453215692e-01
8.164950356381461827e-01
7.353274723419085390e-01
9.179065725091339889e-01
5.369232561767289802e-01
6.004744549350887750e-01
7.801864588207494400e-01
4.740313177875389861e-01
6.515562091325265426e-01
8.656594668723751607e-01
5.661675900539610007e-01
7.765673910152968151e-01
8.808221150441213343e-01
7.351774887948959725e-01
6.969673017141978510e-01
8.202625565227140703e-01
5.917084671526799955e-01
8.285750094073627281e-01
7.835660393815093716e-01
6.912824578664212849e-01
5.289987436158880563e-01
1.556160636265709885e-01
5.818098056859874467e-02
5.818098056859874467e-02
3.044589815263981092e-01
5.818098056859874467e-02
4.902699602221695652e-01
3.877439510951112833e-01
5.818098056859874467e-02
3.247962707815241212e-01
5.476253613214547844e-01
4.395985895541083543e-01
2.673745240613856766e-01
3.223932975352428176e-01
3.582616604410839845e-01
3.609533335840110491e-01
5.621975294499893527e-01
5.860637782872303303e-01
6.453476236459395610e-01
6.260153320338076588e-01
6.268053949134332337e-01
7.010846715668357376e-01
7.218665690124063117e-01
6.187771964229024091e-01
5.754460621155649269e-01
6.797007861443897792e-01
3.397194317085777127e-01
4.235786681477424209e-01
6.527903300140657228e-01
4.766830470191207869e-01
3.044589815263981647e-01
4.465972379203209663e-01
6.309227647660711202e-01
5.175395522226550193e-01
6.522425860824623278e-01
1.545496265572569861e-01
6.116046553859491031e-01
3.044589815263981092e-01
5.725486309124563356e-01
4.734564463914298638e-01
4.928401503455038801e-01
4.095173073092622240e-01
2.339091344018258134e-01
3.038510688027366013e-01
3.433384995140303930e-01
4.952252757516270587e-01
1.730918552897632301e-01
3.768038891735902007e-01
3.582616604410839845e-01
3.339368779015363664e-01
4.801041019591235082e-01
7.951096197478030314e-01
7.211801920624707485e-01
8.728976024832806324e-01
7.941837555531747750e-01
7.607183658936149673e-01
6.376276818423194381e-01
8.728976024832805214e-01
8.874328230865262679e-01
9.142875047036811420e-01
8.086086144330432157e-01
9.215256403145863917e-01
9.109079241429213214e-01
7.727998701307289275e-01
8.017203277902079650e-01
8.507363059453217913e-01
6.074731033013013315e-01
6.445575607663138751e-01
5.945246842509943619e-01
5.759824555184881456e-01
6.130669129835006892e-01
6.607148425749066467e-01
6.968734358452909339e-01
6.351739654761877629e-01
6.783312071127847176e-01
6.816420182313264187e-01
5.740077136417415238e-01
5.273544176871820532e-01
6.200655613497132457e-01
5.357307881566422125e-01
5.357307881566422125e-01
4.986463306916297245e-01
7.457952049665613758e-01
9.470665174133056086e-01
6.999447597191400527e-01
7.996545517478839127e-01
8.275006921336194310e-01
9.443733138024812401e-01
7.474074461111251955e-01
9.538256785348253608e-01
8.702043988724560419e-01
8.062652597902886242e-01
7.786586066492459102e-01
8.102722679195492050e-01
7.078692722799809767e-01
7.913420988632352548e-01
8.331199414074437204e-01
8.168829759619539166e-01
6.862557196736256415e-01
8.492084537738182615e-01
8.078185515534175298e-01
8.391927255790281315e-01
8.912003439710940444e-01
7.981266995763804939e-01
7.274029597810676151e-01
8.215763610411499496e-01
8.543553737507743051e-01
8.562071021400308179e-01
8.145777126749375041e-01
7.856572550154585777e-01
8.111981321141774615e-01
7.230319204517271503e-01
5.619851587860626996e-01
8.738234666779089999e-01
4.995721948862579809e-01
5.439219045429416477e-01
4.766830470191207869e-01
2.974603331601854972e-01
4.421208968802486372e-01
6.624723619303196642e-01
8.503483656215138353e-01
6.920202471582991288e-01
8.308802726943793626e-01
7.794486695288715961e-01
8.618919459878072731e-01
9.245172805515385894e-01
7.935817675762996126e-01
7.820381872100058418e-01
7.902021870155394589e-01
7.370292171841525963e-01
6.884011793528465040e-01
6.963256919136874279e-01
6.260153320338076588e-01
6.200655613497132457e-01
5.691961778162021313e-01
5.691961778162021313e-01
5.691961778162021313e-01
5.175395522226550193e-01
4.766830470191207869e-01
9.048351399713369103e-01
1.000000000000000000e+00
9.179065725091339889e-01
9.389025176077722135e-01
7.311704806656355027e-01
9.063629921428404401e-01
6.057057638851053305e-01
6.138443240990135719e-01
6.602326932172553065e-01
6.454579853693168667e-01
1.545496265572569861e-01
4.427530297849125440e-01
6.607148425749066467e-01
4.055472467052905761e-01
3.223932975352427621e-01
4.208583479561520124e-01
7.610422421113678393e-01
2.859429434324182728e-01
1.730918552897632301e-01
2.112427498240896928e-01
8.358131450182679778e-01
5.224469849549184808e-01
5.716227667178280791e-01
6.791628622735692566e-01
7.801864588207494400e-01
6.390867645716047374e-01
5.336124450581872791e-01
5.754460621155650379e-01
3.698052408073775332e-01
2.673745240613856211e-01
2.117740285023932967e-01
2.117740285023932967e-01
2.117740285023932967e-01
2.117740285023932967e-01
2.673745240613856211e-01
2.339091344018258134e-01
2.673745240613856211e-01
2.339091344018258134e-01
7.856572550154585777e-01
3.247962707815241212e-01
2.673745240613856211e-01
5.517667334668857615e-01
0.000000000000000000e+00
3.980377910490234261e-01
7.608683494406275338e-01
7.616442300882432237e-01
0.000000000000000000e+00
2.933519753280075526e-01
7.078692722799809767e-01
1.545496265572569861e-01
1.158841670093650605e-01
3.457520608978352783e-01
5.925499423742477401e-01
5.818098056859874467e-02
3.022709430434852851e-01
7.614047428435505305e-01
4.810299661537517091e-01
5.818098056859874467e-02
5.860637782872302193e-01
7.542576413982227113e-01
1.158841670093650605e-01
5.035824104725564743e-01
5.968553871296360391e-01
5.203557693209693857e-01
4.456504609880211909e-01
2.112427498240896928e-01
5.750023472785880108e-01
2.112427498240896928e-01
6.102506958851862118e-01
2.112427498240896928e-01
3.594777550002553057e-01
9.734193827685883038e-02
5.818098056859874467e-02
0.000000000000000000e+00
3.883474695398838050e-01
4.466387122995635894e-01
4.342807732924682251e-01
2.889279078756829544e-01
5.733802860732410966e-01
2.933519753280075526e-01
1.158841670093650605e-01
4.564166302388018570e-01
0.000000000000000000e+00
0.000000000000000000e+00
7.634959584774996255e-01
2.112427498240896928e-01
1.545496265572569861e-01
4.161010452921445335e-01
2.418598376011930617e-01
1.556160636265709885e-01
5.818098056859874467e-02
1.545496265572569861e-01
1.545496265572569861e-01
0.000000000000000000e+00
3.022709430434852851e-01
3.530288210231700696e-01
5.818098056859874467e-02
0.000000000000000000e+00
1.158841670093650605e-01
5.818098056859874467e-02
0.000000000000000000e+00
0.000000000000000000e+00
4.055472467052905761e-01
0.000000000000000000e+00
0.000000000000000000e+00
2.339091344018258134e-01
5.818098056859874467e-02
9.734193827685883038e-02
1.730918552897632301e-01
0.000000000000000000e+00
3.044589815263981092e-01
1.158841670093650605e-01
1.158841670093650605e-01
5.818098056859874467e-02
1.158841670093650605e-01
0.000000000000000000e+00
1.556160636265709885e-01
6.060682646172879107e-01
3.339368779015363664e-01
1.158841670093650605e-01
2.402475964566291311e-01
6.628603022541276202e-01
4.138883466386026888e-01
0.000000000000000000e+00
1.730918552897632301e-01
4.639884621282431842e-01
1.290087494585380745e-01
0.000000000000000000e+00
7.230319204517271503e-01
3.083960008028174826e-01
1.158841670093650605e-01
5.818098056859874467e-02
0.000000000000000000e+00
2.673745240613856211e-01
0.000000000000000000e+00
4.099052476330701245e-01
4.165800197815297534e-01
2.284660593135402484e-01
0.000000000000000000e+00
2.112427498240896928e-01
7.122403116093213304e-01
1.290087494585380745e-01
2.112427498240896928e-01
5.818098056859874467e-02
1.158841670093650605e-01
0.000000000000000000e+00
9.734193827685883038e-02
0.000000000000000000e+00
5.818098056859874467e-02
0.000000000000000000e+00
0.000000000000000000e+00
0.000000000000000000e+00
0.000000000000000000e+00
0.000000000000000000e+00
0.000000000000000000e+00
0.000000000000000000e+00
4.055472467052905761e-01
5.818098056859874467e-02
5.818098056859874467e-02
1.158841670093650605e-01
7.105624758908054561e-01
4.170908270715841248e-01
1.158841670093650605e-01
4.619128660251362595e-01
2.339091344018258134e-01
3.530288210231701251e-01
3.022709430434852851e-01
0.000000000000000000e+00
2.488322953288794048e-01
6.780229504258737938e-01
3.883474695398838050e-01
0.000000000000000000e+00
0.000000000000000000e+00
4.138883466386026888e-01
5.448477687375700151e-01
0.000000000000000000e+00
3.038510688027365458e-01
7.345755008180208101e-01
1.290087494585380745e-01
2.284660593135402484e-01
6.825424428343294103e-01
4.810299661537517091e-01
4.061331998945484911e-01
3.785696981218889534e-01
5.661675900539610007e-01
4.766830470191208979e-01
3.415434389914106528e-01
7.175611242570180126e-01
9.398283818024001368e-01
7.761794506914888592e-01
7.501006497219495639e-01
8.087444157480457863e-01
7.537197175274022998e-01
6.301468841184555414e-01
6.301468841184555414e-01
6.330139804000203263e-01
4.293733405602046527e-01
3.038510688027365458e-01
2.889279078756829544e-01
2.889279078756829544e-01
3.223932975352427621e-01
2.339091344018258134e-01
2.673745240613856211e-01
3.230012102589043810e-01
2.673745240613856211e-01
2.673745240613856211e-01
2.673745240613856211e-01
8.234936840043588502e-01
8.679647301593917952e-01
7.871851071869621075e-01
8.473567253845616376e-01
7.996545517478839127e-01
8.344993404998318764e-01
8.622798863116152290e-01
8.388047852552201755e-01
7.864092265393464176e-01
5.961175978377581952e-01
6.268053949134332337e-01
8.242695646519744290e-01
8.878207634103341128e-01
6.144717516675141100e-01
9.294501528754276487e-01
8.762771830440406751e-01
9.039092757767085429e-01
8.552812379454026726e-01
7.801864588207494400e-01
6.744038826204211690e-01
6.488630055217021741e-01
6.015233326172070294e-01
5.436553007174831365e-01
5.436553007174831365e-01
5.357307881566422125e-01
5.542730168891484288e-01
4.780013783915107450e-01
4.305773165139551439e-01
3.934928590489425448e-01
4.120350877814488721e-01
3.883474695398837495e-01
3.582616604410839845e-01
3.768038891735902562e-01
3.582616604410839845e-01
3.582616604410839845e-01
3.768038891735902562e-01
4.068896982723900768e-01
3.433384995140303930e-01
4.138883466386026888e-01
3.339368779015363664e-01
3.524791066340426382e-01
2.527693146052987228e-01
3.768038891735902007e-01
3.582616604410839845e-01
3.768038891735902562e-01
3.582616604410839289e-01
4.068896982723900768e-01
2.974603331601854972e-01
1.977505411314415817e-01
2.673745240613856211e-01
2.117740285023932967e-01
2.117740285023932967e-01
2.117740285023932967e-01
2.117740285023932967e-01
2.117740285023932967e-01
2.117740285023932967e-01
2.488584859674057292e-01
2.117740285023932967e-01
2.117740285023932967e-01
2.117740285023932967e-01
2.117740285023932967e-01
2.117740285023932967e-01
2.418598376011930895e-01
2.117740285023932967e-01
2.418598376011930895e-01
2.117740285023932967e-01
2.117740285023932967e-01
2.117740285023932967e-01
2.117740285023932967e-01
2.117740285023932967e-01
2.117740285023932967e-01
2.117740285023932967e-01
2.117740285023932967e-01
2.117740285023932967e-01
2.418598376011930895e-01
2.117740285023932967e-01
2.418598376011930895e-01
2.117740285023932967e-01
2.117740285023932967e-01
2.117740285023932967e-01
2.488584859674057292e-01
2.488584859674057292e-01
2.418598376011930895e-01
2.117740285023932967e-01
2.117740285023932967e-01
2.117740285023932967e-01
2.418598376011930895e-01
2.233176088686868455e-01
2.674007146999120010e-01
2.117740285023932967e-01
2.117740285023932967e-01
2.117740285023932967e-01
2.117740285023932967e-01
1.783086388428334335e-01
1.556160636265709885e-01
1.857018727253707813e-01
1.556160636265709885e-01
1.556160636265709885e-01
1.556160636265709885e-01
1.556160636265709885e-01
1.556160636265709885e-01
2.117740285023932967e-01
2.117740285023932967e-01
1.783086388428334335e-01
2.117740285023932967e-01
2.117740285023932967e-01
7.795844708438741666e-01
7.071828953300453025e-01
7.155095304467040673e-01
7.209407048177780553e-01
8.428117933844807563e-01
8.288144966520554213e-01
8.460429208661255363e-01
7.078692722799808656e-01
6.004744549350887750e-01
6.968734358452909339e-01
7.555714459166588126e-01
3.953461179060964170e-01
2.789181044276792254e-01
2.297849785565959368e-01
5.920709678848625757e-01
1.158841670093650605e-01
0.000000000000000000e+00
0.000000000000000000e+00
1.158841670093650605e-01
3.599760570474405119e-01
1.290087494585380745e-01
0.000000000000000000e+00
5.818098056859874467e-02
2.674007146999120010e-01
0.000000000000000000e+00
2.418598376011930895e-01
5.818098056859874467e-02
3.594777550002553057e-01
0.000000000000000000e+00
0.000000000000000000e+00
0.000000000000000000e+00
0.000000000000000000e+00
0.000000000000000000e+00
0.000000000000000000e+00
0.000000000000000000e+00
0.000000000000000000e+00
0.000000000000000000e+00
0.000000000000000000e+00
1.158841670093650605e-01
0.000000000000000000e+00
9.734193827685883038e-02
4.962197309062639228e-01
4.055472467052905761e-01
4.326685321479041835e-01
3.571172217394345538e-01
1.730918552897632301e-01
6.530199971979752105e-01
8.424238530606729114e-01
3.679519819502237166e-01
3.955154837228831433e-01
6.925581710291195403e-01
5.377133190563546661e-01
5.448477687375700151e-01
6.490770531747694916e-01
8.163450520911337271e-01
7.390949932264765376e-01
3.071799062436461614e-01
4.399910567318699450e-01
6.776350101020658379e-01
1.545496265572569861e-01
3.177721828236861890e-01
2.822394866539051361e-01
6.316091417160069055e-01
3.883474695398837495e-01
1.783086388428334335e-01
4.935010877038142341e-01
3.971119268543952252e-01
3.768038891735902562e-01
3.953461179060964170e-01
5.169761887602093431e-01
3.415434389914106528e-01
4.511421699204018476e-01
4.585332854643761613e-01
2.112427498240896928e-01
3.768038891735902007e-01
2.933519753280075526e-01
1.545496265572569861e-01
5.818098056859874467e-02
4.732825537206893363e-01
4.165800197815296979e-01
1.290087494585380745e-01
2.143710526218501333e-01
6.223165805914580018e-01
4.989973234901487475e-01
4.664577980252171407e-01
3.594777550002552502e-01
3.768038891735902007e-01
8.702043988724562640e-01
6.977993000399191903e-01
4.161010452921445890e-01
4.605990615067001581e-01
2.488322953288794048e-01
5.709011301154840456e-01
5.818098056859874467e-02
2.674007146999120010e-01
1.857018727253707813e-01
1.158841670093650605e-01
2.674007146999120010e-01
1.290087494585380745e-01
1.158841670093650605e-01
3.436608452638861277e-01
4.717277314896632934e-01
2.933519753280075526e-01
6.893926381214269261e-01
8.236675766750992667e-01
3.091066735139293420e-01
4.797161616353156077e-01
8.129654715303735735e-01
6.060682646172879107e-01
1.158841670093650605e-01
7.765673910152968151e-01
3.225550716005624041e-01
5.579192012753670937e-01
4.804550947576425868e-01
5.203557693209693857e-01
4.297358412923872328e-01
2.974603331601854972e-01
5.245382005888676868e-01
5.759824555184881456e-01
4.138883466386026888e-01
2.112427498240896928e-01
4.368255238241772753e-01
8.215763610411499496e-01
8.932915596050432505e-01
8.087189761564204105e-01
6.412467496477721740e-01
8.534295095561461597e-01
8.331199414074437204e-01
8.552812379454024505e-01
7.205527644939702103e-01
6.823283951812620929e-01
6.418643571554895066e-01
7.423642120638590525e-01
5.770935629125372168e-01
6.445575607663138751e-01
