1.487800848708769608e-01
1.487800848708769608e-01
1.487800848708769608e-01
1.487800848708769608e-01
1.229682305458358327e-01
1.487800848708769608e-01
1.487800848708769608e-01
1.487800848708769608e-01
1.487800848708769608e-01
1.487800848708769608e-01
1.487800848708769608e-01
2.217240332419241622e-01
2.217240332419241622e-01
3.386343106677498493e-01
3.128224563427087213e-01
4.508775604608704080e-01
6.465830841095272508e-01
7.092381723617171563e-01
6.465830841095272508e-01
7.706044041306182590e-01
7.935051653996711973e-01
7.050382228224401082e-01
7.676933110746300137e-01
7.721912273211080091e-01
7.998319734870746878e-01
8.243549713288268466e-01
8.501668256538680302e-01
8.082856401226046206e-01
8.920480111851313287e-01
7.888005938849669274e-01
8.146124482100081110e-01
8.353863509309346069e-01
8.593693134150501844e-01
9.902574768811812644e-01
9.547030994373211232e-01
7.624487042022892735e-01
8.870100595810167521e-01
9.288912451122800507e-01
9.288912451122799396e-01
7.629887395599258548e-01
9.644456225561398588e-01
9.483762913499176328e-01
3.386343106677498493e-01
3.644461649927909774e-01
3.644461649927909774e-01
3.386343106677498493e-01
3.644461649927909774e-01
4.082829671861640253e-01
3.469167354172629225e-01
5.061590527928035987e-01
7.350500266867583399e-01
8.599093487726867657e-01
8.662361568600902562e-01
7.888005938849669274e-01
6.610301787430502563e-01
8.082856401226045095e-01
7.532462164411070082e-01
6.576144637116349001e-01
6.584524657764724287e-01
7.527061810834705380e-01
7.189806954805360029e-01
9.386337682310986752e-01
7.050382228224401082e-01
6.842643201015135013e-01
7.882605585273304571e-01
6.592012869021247612e-01
9.225644370248765602e-01
7.888005938849670384e-01
7.882605585273304571e-01
6.499987991409426069e-01
7.693155476473292342e-01
7.469194083537035178e-01
7.882605585273304571e-01
7.482082648369923206e-01
9.323069601436952958e-01
7.888005938849669274e-01
6.478719405928160535e-01
7.998319734870746878e-01
8.290595428435311165e-01
8.353863509309346069e-01
6.326406114514313561e-01
8.451288740497533425e-01
6.902577480995066850e-01
8.709407283747945261e-01
7.888005938849669274e-01
7.980030816461491927e-01
7.740201191620335042e-01
7.624487042022892735e-01
8.048699250911892644e-01
7.740201191620336152e-01
6.834263180366759727e-01
6.478719405928161645e-01
7.092381723617171563e-01
7.837626422808524618e-01
7.740201191620335042e-01
9.030793907872389781e-01
8.256438278121156493e-01
7.777692142828591670e-01
3.644461649927909774e-01
7.321389336307700946e-01
6.547033706556467658e-01
8.243549713288268466e-01
8.501668256538680302e-01
8.404243025350490726e-01
8.243549713288268466e-01
6.315605407361581936e-01
7.774358341934488603e-01
8.243549713288270686e-01
6.476828973116354193e-01
7.108249955522070174e-01
7.624487042022892735e-01
8.306817794162302260e-01
7.447925498055770754e-01
6.723949384345684344e-01
8.256438278121157603e-01
9.017905343039499533e-01
9.288912451122800507e-01
8.501668256538680302e-01
8.514556821371568329e-01
7.740201191620335042e-01
9.225644370248765602e-01
5.480402383240668973e-01
8.077456047649680393e-01
5.179529236128730396e-01
8.256438278121157603e-01
4.082829671861640253e-01
4.340948215112052089e-01
6.326406114514313561e-01
5.799368320860759374e-01
6.837242847438770310e-01
7.824737857975634370e-01
6.905911281889171027e-01
8.772675364621979055e-01
6.997936159500993680e-01
8.048699250911891534e-01
7.998319734870746878e-01
8.159013046932970248e-01
9.128219139060577136e-01
8.501668256538680302e-01
7.422148368389992479e-01
7.624487042022891625e-01
8.772675364621979055e-01
6.837242847438770310e-01
7.321389336307700946e-01
7.998319734870746878e-01
6.965845561869102864e-01
7.258121255433666041e-01
7.629887395599258548e-01
8.353863509309346069e-01
8.404243025350490726e-01
7.108249955522069063e-01
8.662361568600902562e-01
8.772675364621979055e-01
8.772675364621977945e-01
9.288912451122800507e-01
8.077456047649680393e-01
8.599093487726866547e-01
8.417131590183379863e-01
9.225644370248766712e-01
8.404243025350491836e-01
8.933368676684203535e-01
9.581188144687365904e-01
7.998319734870746878e-01
8.611982052559757905e-01
7.935051653996711973e-01
8.243549713288268466e-01
7.482082648369924316e-01
8.290595428435311165e-01
7.561218961148856721e-01
8.077456047649680393e-01
6.739817616250581844e-01
7.418814567495888301e-01
6.792263684973989246e-01
7.935051653996711973e-01
7.358880287515957574e-01
8.514556821371568329e-01
5.507622880988742864e-01
9.225644370248766712e-01
8.340974944476455821e-01
8.662361568600902562e-01
7.740201191620336152e-01
8.759786799789089917e-01
8.290595428435310055e-01
9.483762913499176328e-01
8.967525826998354876e-01
8.514556821371568329e-01
7.642775960432146576e-01
8.709407283747943040e-01
7.561218961148857831e-01
7.189806954805360029e-01
8.451288740497533425e-01
7.624487042022892735e-01
8.772675364621979055e-01
7.888005938849670384e-01
7.777692142828592781e-01
8.146124482100081110e-01
7.837626422808524618e-01
8.501668256538680302e-01
8.611982052559755685e-01
8.256438278121157603e-01
8.256438278121157603e-01
7.888005938849669274e-01
8.599093487726867657e-01
7.985431170037856630e-01
8.451288740497533425e-01
8.611982052559755685e-01
8.611982052559757905e-01
6.110287066656673316e-01
9.115330574227689109e-01
8.353863509309346069e-01
7.258121255433667152e-01
6.918799846722059055e-01
8.095744966058936454e-01
7.447925498055770754e-01
7.882605585273304571e-01
8.146124482100081110e-01
7.418814567495888301e-01
7.985431170037856630e-01
7.358880287515957574e-01
6.965845561869101754e-01
7.629887395599257438e-01
6.494587637833060256e-01
2.842616471650730725e-01
3.694086057500297615e-01
3.030799332238898747e-01
3.386343106677498493e-01
2.678211880213999252e-01
7.485571950875589964e-02
7.384657417181735850e-01
5.088811025676108768e-01
2.842616471650730725e-01
1.603578014730230872e-01
7.016225077910247521e-01
3.128224563427087213e-01
0.000000000000000000e+00
3.050355498859995129e-01
6.288915163306055822e-01
4.462260143154209713e-01
4.468441687251530903e-01
5.346929568926520604e-01
4.853851500718770473e-01
2.146129906466588411e-01
3.023332425980271854e-01
5.704363776176927248e-01
2.678211880213999807e-01
1.959121789168830341e-01
2.420093336963587971e-01
7.985431170037856630e-01
4.377723476798910940e-01
0.000000000000000000e+00
3.329742627591670279e-01
7.469194083537036288e-01
2.322668105775400338e-01
0.000000000000000000e+00
4.049629831938896252e-01
7.777692142828592781e-01
2.936330423464411088e-01
2.217240332419241622e-01
4.411350373420516169e-01
2.842616471650730725e-01
1.903856250462765964e-01
5.606938544988741002e-01
5.346929568926520604e-01
5.236615772905443000e-01
5.346929568926520604e-01
3.128224563427087213e-01
7.485571950875589964e-02
4.467130243038027193e-01
6.850131412271659448e-01
3.895643540612241384e-01
0.000000000000000000e+00
7.016225077910247521e-01
1.487800848708769608e-01
0.000000000000000000e+00
7.485571950875589964e-02
7.418814567495888301e-01
7.485571950875589964e-02
1.487800848708769608e-01
1.603578014730230872e-01
1.487800848708769608e-01
1.229682305458358327e-01
0.000000000000000000e+00
2.322668105775400338e-01
3.159560052590220658e-01
0.000000000000000000e+00
2.611987476926265206e-01
3.557858430890348811e-01
0.000000000000000000e+00
7.485571950875589964e-02
1.229682305458358327e-01
4.928117713613885953e-01
1.959121789168830341e-01
0.000000000000000000e+00
7.545350729243958110e-01
5.222283839990258247e-01
5.301420152769191763e-01
7.000002712183255316e-01
3.992538518107881518e-01
1.487800848708769608e-01
2.146129906466588411e-01
0.000000000000000000e+00
1.959121789168830341e-01
0.000000000000000000e+00
7.485571950875589964e-02
3.308474042110406965e-01
0.000000000000000000e+00
0.000000000000000000e+00
1.959121789168830341e-01
7.485571950875589964e-02
0.000000000000000000e+00
1.487800848708769608e-01
3.815976974140759537e-01
2.678211880213999252e-01
0.000000000000000000e+00
3.526680947648204723e-01
3.128224563427086657e-01
1.487800848708769608e-01
5.357200022386703342e-01
0.000000000000000000e+00
0.000000000000000000e+00
0.000000000000000000e+00
0.000000000000000000e+00
0.000000000000000000e+00
0.000000000000000000e+00
0.000000000000000000e+00
2.339267949982797301e-01
0.000000000000000000e+00
0.000000000000000000e+00
0.000000000000000000e+00
7.485571950875589964e-02
0.000000000000000000e+00
0.000000000000000000e+00
3.843197471888833983e-01
3.583772261479219456e-01
7.485571950875589964e-02
7.485571950875589964e-02
4.706046753489436241e-01
7.485571950875589964e-02
2.842616471650730725e-01
0.000000000000000000e+00
0.000000000000000000e+00
0.000000000000000000e+00
0.000000000000000000e+00
0.000000000000000000e+00
1.487800848708769608e-01
0.000000000000000000e+00
0.000000000000000000e+00
7.485571950875589964e-02
0.000000000000000000e+00
1.229682305458358327e-01
0.000000000000000000e+00
0.000000000000000000e+00
0.000000000000000000e+00
0.000000000000000000e+00
0.000000000000000000e+00
0.000000000000000000e+00
3.734419974857470237e-01
7.485571950875589964e-02
6.918799846722059055e-01
8.611982052559757905e-01
6.384273841811981542e-01
6.288915163306055822e-01
7.160696024245477576e-01
7.350500266867583399e-01
6.576144637116349001e-01
5.765741424239154700e-01
8.611982052559755685e-01
7.837626422808524618e-01
8.243549713288268466e-01
6.947556643459847914e-01
8.243549713288268466e-01
9.128219139060577136e-01
8.095744966058934233e-01
8.077456047649680393e-01
8.709407283747943040e-01
7.676933110746300137e-01
8.451288740497533425e-01
7.629887395599257438e-01
9.386337682310988972e-01
7.998319734870746878e-01
8.353863509309346069e-01
6.723949384345684344e-01
6.786863331397624544e-01
7.980030816461490817e-01
8.417131590183379863e-01
6.834263180366760837e-01
8.857212030977277273e-01
7.353479933939592872e-01
7.721912273211080091e-01
8.662361568600902562e-01
7.100761744265546849e-01
7.803469272494371056e-01
8.759786799789089917e-01
6.476828973116354193e-01
8.032476885184900439e-01
8.851811677400913680e-01
7.108249955522071284e-01
8.920480111851313287e-01
8.662361568600903672e-01
8.256438278121156493e-01
7.882605585273302351e-01
4.405173606377494888e-01
5.480402383240670083e-01
4.733267251237510131e-01
6.326406114514313561e-01
7.676933110746300137e-01
7.256054702751404406e-01
8.501668256538678081e-01
7.624487042022891625e-01
7.629887395599258548e-01
7.900894503682558412e-01
7.418814567495888301e-01
9.030793907872389781e-01
7.740201191620335042e-01
8.290595428435310055e-01
8.759786799789089917e-01
7.875117374016781246e-01
7.447925498055771865e-01
6.931688411554949303e-01
8.870100595810167521e-01
7.980030816461491927e-01
9.017905343039501753e-01
8.599093487726867657e-01
8.501668256538678081e-01
8.146124482100081110e-01
8.353863509309346069e-01
9.386337682310988972e-01
8.806832514936132617e-01
7.350500266867583399e-01
6.842643201015135013e-01
8.967525826998354876e-01
7.888005938849669274e-01
7.985431170037858850e-01
9.225644370248766712e-01
9.741881456749588164e-01
7.985431170037856630e-01
1.000000000000000000e+00
9.386337682310988972e-01
9.030793907872393111e-01
9.225644370248766712e-01
9.030793907872390891e-01
9.128219139060580467e-01
8.243549713288268466e-01
8.870100595810167521e-01
8.933368676684201315e-01
8.933368676684203535e-01
7.629887395599258548e-01
7.624487042022892735e-01
8.353863509309346069e-01
7.545350729243959220e-01
7.985431170037856630e-01
9.547030994373211232e-01
8.353863509309346069e-01
7.998319734870746878e-01
7.482082648369924316e-01
7.545350729243959220e-01
7.579507879558112782e-01
6.081176136096790863e-01
6.288915163306055822e-01
6.381294174739973180e-01
6.745217969826947657e-01
8.920480111851313287e-01
7.029113642743136658e-01
6.644458937744655014e-01
6.381294174739973180e-01
8.404243025350491836e-01
4.082829671861640253e-01
7.740201191620335042e-01
7.532462164411071193e-01
4.198741246327432619e-01
3.727285897423041061e-01
5.246886226365625738e-01
9.225644370248766712e-01
7.676933110746300137e-01
5.899214238553304179e-01
4.153231830170104888e-01
8.599093487726867657e-01
7.837626422808524618e-01
6.207712297844860672e-01
6.850131412271659448e-01
7.985431170037856630e-01
7.676933110746300137e-01
6.276026598473167795e-01
6.610301787430502563e-01
6.855531765848025261e-01
6.191489932117868467e-01
6.850131412271658338e-01
3.992538518107881518e-01
2.842616471650730725e-01
2.611987476926265206e-01
3.030799332238899302e-01
2.611987476926264651e-01
3.030799332238899302e-01
3.030799332238898747e-01
2.611987476926265206e-01
3.128224563427086657e-01
2.611987476926265206e-01
2.611987476926265206e-01
3.644461649927909774e-01
3.030799332238899302e-01
3.030799332238899302e-01
2.611987476926265206e-01
2.611987476926265206e-01
2.678211880213999252e-01
6.850131412271659448e-01
4.822674017476625830e-01
7.485571950875589964e-02
7.353479933939592872e-01
1.959121789168830341e-01
4.350502979050836494e-01
7.561218961148858941e-01
7.693155476473292342e-01
8.243549713288268466e-01
1.959121789168830341e-01
4.508775604608704080e-01
7.985431170037856630e-01
7.371768852348847822e-01
5.124858608802069782e-01
7.485571950875589964e-02
9.030793907872390891e-01
7.485571950875589964e-02
3.526680947648205278e-01
5.772678076805234371e-01
2.322668105775400338e-01
2.322668105775400338e-01
2.678211880213999252e-01
1.487800848708769608e-01
1.959121789168830341e-01
1.603578014730230872e-01
0.000000000000000000e+00
6.068287571263901725e-01
4.198741246327432619e-01
2.339267949982797301e-01
0.000000000000000000e+00
2.217240332419241622e-01
4.197434579168230484e-01
4.830162228733150265e-01
4.377723476798910940e-01
3.030799332238899302e-01
3.566592585360817691e-01
2.678211880213999252e-01
5.451291452680787630e-01
2.217240332419241622e-01
4.743537704697692314e-01
1.959121789168830341e-01
4.082829671861640253e-01
1.903856250462765964e-01
9.288912451122800507e-01
3.023332425980271854e-01
6.534145141723578520e-01
6.842643201015135013e-01
7.469194083537035178e-01
2.217240332419241622e-01
7.044981874648035269e-01
6.339294679347202699e-01
4.092384435800425768e-01
5.001656247948104150e-01
2.678211880213999807e-01
3.992538518107881518e-01
3.727285897423041616e-01
3.050355498859995129e-01
7.485571950875589964e-02
1.959121789168830341e-01
3.308474042110406965e-01
2.217240332419241622e-01
3.254760725175157021e-01
3.469167354172629225e-01
0.000000000000000000e+00
2.678211880213999252e-01
2.339267949982797301e-01
1.487800848708769608e-01
3.128224563427087213e-01
7.108249955522071284e-01
7.485571950875589964e-02
6.644458937744655014e-01
4.565866918439718813e-01
0.000000000000000000e+00
3.311092153483113365e-01
8.599093487726866547e-01
5.772678076805233260e-01
3.469167354172629225e-01
0.000000000000000000e+00
4.153231830170104888e-01
2.420093336963587971e-01
1.487800848708769608e-01
3.023332425980271854e-01
7.050382228224401082e-01
6.075775782520425050e-01
3.895113286919693052e-01
5.357200022386702232e-01
1.487800848708769608e-01
7.205675186710258640e-01
3.939316035917819203e-01
2.936330423464411088e-01
6.228980883326125095e-01
5.238152071895156858e-01
5.236615772905444111e-01
5.609918212060748255e-01
6.965845561869102864e-01
7.050382228224401082e-01
6.994956492428984207e-01
8.759786799789089917e-01
5.346929568926520604e-01
5.541249777610348648e-01
6.902577480995066850e-01
6.834263180366760837e-01
5.701943089672570908e-01
5.451291452680787630e-01
8.870100595810167521e-01
2.678211880213999807e-01
7.485571950875589964e-02
5.082104004940540820e-01
7.261455056327770219e-01
3.797688055731505141e-01
6.739817616250580734e-01
6.318026093865938275e-01
7.900894503682558412e-01
2.322668105775400338e-01
8.772675364621979055e-01
7.126538873931324014e-01
7.274343621160658246e-01
4.866740065551659056e-01
6.644458937744656124e-01
3.992538518107881518e-01
3.329742627591670279e-01
6.131555652137936629e-01
5.082104004940540820e-01
3.308474042110406965e-01
7.485571950875589964e-02
7.485571950875589964e-02
6.673569868304537467e-01
4.508775604608704080e-01
5.641095695302892343e-01
3.727285897423041061e-01
7.985431170037858850e-01
6.059907550615526439e-01
0.000000000000000000e+00
5.863166655427343166e-01
8.133235917267190862e-01
3.469167354172629780e-01
5.772678076805234371e-01
6.579124304188359584e-01
7.777692142828592781e-01
0.000000000000000000e+00
6.642392385062394489e-01
6.850131412271659448e-01
1.959121789168830341e-01
4.467130243038027193e-01
2.678211880213999252e-01
5.236615772905444111e-01
3.386343106677498493e-01
5.088811025676109878e-01
4.197434579168230484e-01
4.197434579168230484e-01
4.467130243038027193e-01
4.377723476798910940e-01
6.121285198677753892e-01
5.454625253574890698e-01
7.469194083537035178e-01
7.888005938849669274e-01
5.346929568926520604e-01
7.353479933939592872e-01
6.487099426576535821e-01
7.676933110746300137e-01
6.276026598473166684e-01
7.205675186710258640e-01
8.035810686079003506e-01
7.092381723617171563e-01
6.110287066656673316e-01
7.721912273211082312e-01
6.547033706556467658e-01
7.485571950875589964e-02
9.386337682310988972e-01
7.676933110746300137e-01
2.217240332419241622e-01
1.487800848708769608e-01
7.164029825139581753e-01
7.176918389972470891e-01
7.721912273211080091e-01
3.935024924632306020e-01
3.050355498859995129e-01
3.734419974857470792e-01
7.258121255433666041e-01
4.508775604608704080e-01
5.001656247948104150e-01
4.153231830170104888e-01
6.573723950611993772e-01
7.205675186710258640e-01
6.499987991409426069e-01
9.386337682310990083e-01
6.415451325054125631e-01
4.706046753489436241e-01
3.824711128611229527e-01
1.903856250462765964e-01
2.322668105775400338e-01
7.000002712183254205e-01
9.064951058186543342e-01
7.980030816461491927e-01
6.918799846722059055e-01
8.870100595810167521e-01
8.514556821371568329e-01
7.366368498772480899e-01
7.063270793057289110e-01
8.095744966058934233e-01
8.967525826998354876e-01
4.350502979050836494e-01
6.436719910535390055e-01
7.875117374016779026e-01
2.936330423464411088e-01
6.707727018618689918e-01
7.888005938849669274e-01
6.805152249806877274e-01
7.003336513077358383e-01
5.577827614428857439e-01
8.146124482100081110e-01
9.225644370248766712e-01
3.736840661361826577e-01
3.824711128611228972e-01
7.095361390689181036e-01
7.371768852348846712e-01
8.243549713288268466e-01
9.323069601436955178e-01
9.128219139060577136e-01
7.624487042022892735e-01
7.418814567495888301e-01
7.803469272494371056e-01
7.837626422808522397e-01
7.353479933939592872e-01
6.547033706556467658e-01
6.326406114514313561e-01
5.236615772905443000e-01
5.702473343365120906e-01
5.702473343365120906e-01
5.960591886615530521e-01
5.863166655427343166e-01
5.319709071178446713e-01
4.866740065551659056e-01
7.900894503682558412e-01
7.721912273211080091e-01
5.757722959290082487e-01
6.321005760937948859e-01
5.179529236128729286e-01
8.095744966058934233e-01
6.770995099492724822e-01
4.350502979050836494e-01
8.514556821371568329e-01
3.727285897423041616e-01
5.860548544054636766e-01
3.113623579734030589e-01
7.274343621160658246e-01
9.741881456749588164e-01
7.875117374016781246e-01
6.792263684973989246e-01
7.824737857975634370e-01
5.080792560727037666e-01
6.850131412271658338e-01
8.293929229329415342e-01
7.092381723617171563e-01
5.348820001738329166e-01
5.602430000804224930e-01
6.745217969826946547e-01
6.465830841095272508e-01
7.888005938849669274e-01
6.333894325770836886e-01
6.379403741928165728e-01
3.386343106677498493e-01
5.712743796825302534e-01
6.741884168932844590e-01
6.288915163306055822e-01
7.321389336307700946e-01
5.852168523406261480e-01
5.702473343365119796e-01
3.311092153483113365e-01
3.254760725175157021e-01
4.082829671861640253e-01
3.815976974140760092e-01
5.179529236128729286e-01
7.003336513077359493e-01
6.997936159500992570e-01
5.179529236128730396e-01
5.179529236128729286e-01
5.863166655427343166e-01
5.494734316155854836e-01
5.754389158395978310e-01
0.000000000000000000e+00
4.978497229655032275e-01
7.205675186710258640e-01
5.444354800114707960e-01
5.357200022386703342e-01
5.507622880988742864e-01
5.254374437622150174e-01
7.629887395599257438e-01
7.566619314725222534e-01
5.246886226365625738e-01
2.842616471650730725e-01
6.318026093865938275e-01
6.997936159500992570e-01
4.595732957468358637e-01
4.405173606377494888e-01
7.418814567495888301e-01
3.386343106677498493e-01
5.179529236128729286e-01
7.469194083537035178e-01
5.835946157679269275e-01
1.487800848708769608e-01
6.075775782520425050e-01
7.900894503682557302e-01
7.803469272494369946e-01
6.487099426576535821e-01
5.860548544054636766e-01
5.082104004940540820e-01
