0.000000000000000000e+00
0.000000000000000000e+00
0.000000000000000000e+00
0.000000000000000000e+00
5.375623280349373090e-02
0.000000000000000000e+00
3.696984372798391427e-01
0.000000000000000000e+00
4.154634292913132465e-01
1.971031324161420517e-01
0.000000000000000000e+00
7.826052541220346326e-01
3.923855046315882222e-01
3.514977185576258489e-01
1.199324904248909029e-01
1.600376356788779098e-01
5.375623280349373090e-02
4.456128012460934262e-01
9.023775666959653330e-02
0.000000000000000000e+00
0.000000000000000000e+00
2.308411716322027740e-01
0.000000000000000000e+00
0.000000000000000000e+00
0.000000000000000000e+00
1.600376356788779098e-01
0.000000000000000000e+00
5.375623280349373090e-02
1.450577375904205935e-01
0.000000000000000000e+00
0.000000000000000000e+00
5.375623280349373090e-02
1.431686160708475763e-01
5.375623280349373090e-02
0.000000000000000000e+00
2.612735049450987668e-01
5.375623280349373090e-02
0.000000000000000000e+00
0.000000000000000000e+00
3.335088307431416932e-01
1.199324904248909029e-01
1.071067762776268806e-01
2.272532327861750412e-01
2.486803954207828515e-01
1.853391245208392268e-01
2.076050459862461006e-01
1.199324904248909029e-01
1.071067762776268806e-01
5.375623280349373090e-02
5.833113090848923710e-01
5.375623280349373090e-02
3.102727050971850198e-01
1.431686160708475763e-01
2.308411716322027740e-01
5.375623280349373090e-02
5.375623280349373090e-02
2.014962316650865670e-01
1.431686160708475763e-01
5.375623280349373090e-02
2.870365794512283464e-01
1.956647964145116214e-01
6.376988496199877954e-01
6.606051857866250820e-01
4.359532039627135869e-01
2.318113758127525181e-01
3.059796965787757173e-01
7.191057822358595253e-01
6.904888577655136084e-01
2.486803954207828515e-01
5.776254003241484414e-01
6.196577242459136992e-01
4.753757595776107459e-01
6.988078220141829000e-01
6.988078220141829000e-01
2.308411716322027740e-01
8.033144309078185108e-01
5.375623280349373090e-02
6.468107809710675893e-01
6.293173215292935385e-01
3.503540230971120550e-01
5.964215985999570258e-01
1.071067762776268806e-01
4.913673237740217581e-01
4.523575103846345646e-01
3.021334660159811780e-01
1.600376356788779098e-01
5.239059948832840430e-01
3.149565709235703226e-01
8.210257668025729982e-01
3.335088307431416932e-01
5.378395750659350494e-01
8.199655740628680745e-01
7.660660239933236859e-01
5.438873611080878856e-01
7.662839004463041226e-01
4.899878110385433860e-01
6.638976770320785814e-01
8.638525933897671649e-01
7.750428983381183468e-01
8.464941909542783582e-01
8.304674876329721789e-01
5.325678008926085782e-01
7.220439476601395734e-01
8.056831787817596569e-01
9.189473932053014993e-01
7.093097355842870044e-01
8.091338710134448053e-01
7.581738787300880134e-01
8.162197464291114368e-01
6.913311740522378734e-01
6.661299755378270460e-01
6.533957634619743660e-01
7.375229850491457073e-01
8.934558250736500673e-01
9.308392889944300252e-01
8.870887190357239493e-01
9.518431161346380120e-01
8.683403343812106101e-01
9.549177309271108527e-01
8.469835737817368315e-01
7.786651790628911218e-01
7.931071676921387370e-01
7.929836207831546524e-01
7.255075423510332078e-01
8.153427760651394962e-01
8.165380258111295531e-01
8.574854873518409359e-01
7.690287257594576875e-01
7.256310892600174034e-01
6.774742053946554154e-01
6.571891476321876091e-01
6.643985699568383252e-01
8.124032182789518997e-01
7.660660239933236859e-01
8.671450846352205533e-01
7.889723601599608616e-01
8.771576153778660734e-01
8.260028906214750277e-01
8.260028906214750277e-01
2.308411716322027740e-01
2.760513285989172894e-01
3.503778503511720821e-01
3.608559366672161040e-01
3.840920623131727774e-01
3.840920623131727774e-01
3.840920623131727774e-01
2.520794632351176512e-01
4.009610819212031108e-01
3.777249562752464929e-01
4.009610819212031108e-01
3.503540230971120550e-01
3.835390062699452485e-01
4.109099394480796308e-01
4.109099394480796308e-01
3.835390062699452485e-01
4.004080258779756374e-01
4.341460650940363597e-01
4.004080258779756374e-01
4.772796609659475386e-01
4.604106413579171497e-01
4.587246164225608491e-01
4.819607420685175225e-01
4.346461744898799662e-01
6.533957634619745880e-01
6.597628694999008170e-01
5.900544925620309078e-01
7.187021072303723113e-01
7.300956862715144435e-01
8.017065722358134305e-01
7.679685330197528748e-01
6.941253485497052012e-01
8.418117174898005484e-01
6.932830322629809361e-01
6.655591656255808175e-01
6.813911364738526322e-01
6.950619943804259293e-01
7.222618241131201211e-01
7.819576703083445102e-01
7.527073720837272885e-01
7.767858140164082270e-01
7.986319574433407009e-01
8.605832461242601816e-01
7.657362345140044102e-01
7.244358395140272355e-01
7.888488132509769990e-01
7.592455815670937636e-01
7.824817072130505480e-01
6.366978472993845006e-01
7.848375526277832082e-01
8.796845642380389796e-01
9.421835188512583947e-01
7.826052541220347436e-01
7.064062242372544098e-01
7.767858140164084491e-01
9.316816052811542903e-01
7.145672996981945468e-01
8.987858823518178886e-01
7.021003132596362883e-01
8.946510748196401241e-01
9.148125856731238459e-01
8.506289984864560116e-01
8.034855343532587568e-01
6.507873875170137046e-01
5.175388888453578140e-01
4.819607420685175225e-01
4.004080258779756374e-01
8.609130356035796794e-01
6.876000415255473230e-01
7.255075423510333188e-01
6.829989951458573794e-01
4.836467670038738231e-01
6.694224667832805453e-01
7.867400616542123970e-01
5.097963884327613160e-01
6.399325404876440304e-01
4.755936360305911825e-01
6.234164543388793778e-01
5.467687690889292407e-01
6.190869143336674707e-01
2.824184346368435738e-01
5.073940270953277709e-01
6.196577242459136992e-01
4.650917224604871336e-01
8.229051318490556710e-01
9.557600472138352288e-01
8.041567471945427759e-01
3.503540230971120550e-01
4.025941602091754334e-01
4.025941602091754334e-01
3.696984372798390872e-01
3.857251406011450445e-01
4.354884907766042312e-01
5.242630467033581043e-01
5.266654080407917604e-01
7.657362345140041882e-01
8.237474481357801581e-01
8.132455345656760537e-01
9.020783735972712769e-01
7.480248986192495897e-01
9.612848369650370817e-01
3.335088307431416932e-01
9.185944597460357075e-01
8.796845642380388686e-01
9.029206898839955420e-01
8.574854873518409359e-01
8.957112675593451590e-01
8.368345936708985189e-01
9.051529883897442286e-01
8.669503521621864106e-01
9.518431161346380120e-01
9.211796917110502969e-01
7.750428983381182357e-01
9.545647974678451719e-01
8.882839687817140062e-01
8.948689512726206718e-01
7.762381480841085146e-01
8.578384208111065057e-01
9.726290668218656732e-01
7.366806687624213312e-01
1.000000000000000000e+00
7.864454112997878443e-01
8.586807370978309928e-01
8.924187763138916596e-01
8.337599788784255672e-01
8.874416524949895191e-01
8.122084858059177570e-01
9.125802871673753813e-01
7.679685330197529858e-01
8.755497567058612152e-01
9.039577386437539497e-01
8.784893144920488117e-01
7.831529200543346780e-01
7.352906865433971317e-01
8.564484385920823062e-01
8.127561517382174694e-01
7.584032652803697205e-01
6.732669046982174832e-01
6.643639158795906496e-01
5.440484801176297402e-01
6.676564071250441490e-01
6.748658294496946430e-01
7.044690611335776564e-01
7.086038686657554209e-01
5.447296773948121507e-01
5.607563807161181080e-01
4.913673237740217581e-01
5.407750144913144874e-01
4.492204941265121598e-01
5.134040813131800496e-01
5.407750144913144874e-01
4.515151940979102996e-01
4.772796609659475386e-01
6.849640680143117555e-01
7.242268969815742752e-01
7.040653861280904424e-01
7.756762720923896515e-01
7.082001936602683179e-01
6.707310219175169896e-01
6.876000415255473230e-01
6.275512618710571422e-01
8.105238532324690048e-01
9.388910276058048954e-01
8.566431710651164488e-01
8.840141042432509977e-01
8.716328256266639984e-01
9.148125856731238459e-01
7.616014269818265348e-01
8.301145541737063871e-01
8.915764600271671725e-01
9.557600472138352288e-01
8.199655740628680745e-01
7.452800733060961358e-01
8.457883240357467747e-01
7.764328805571426573e-01
6.736198381574832750e-01
6.239044448044303026e-01
5.254948279361507657e-01
7.546724449521816647e-01
7.592455815670939856e-01
9.020783735972714990e-01
4.282790684519535707e-01
2.244740655942764618e-01
6.116827595359827230e-01
3.777249562752464929e-01
5.093316752466520159e-01
4.203054961039301429e-01
6.129145407687752733e-01
3.024863994752469143e-01
2.477101912402331074e-01
6.194398477929332625e-01
5.756982117547545519e-01
5.652105082440694872e-01
8.743545069598712693e-01
7.870698511335317837e-01
7.359748018438897477e-01
6.667544153715708743e-01
8.290775054139479794e-01
7.984737564571092738e-01
5.679658030407688241e-01
8.574854873518409359e-01
4.819607420685175225e-01
5.787102627052024273e-01
4.865602627868047536e-01
4.941226185707210949e-01
5.146034494199783760e-01
7.697474951371980900e-01
6.132906182079875812e-01
5.130307298728685739e-01
6.356844275672197675e-01
6.230635208796135860e-01
7.270210714790416029e-01
7.109943681577355346e-01
7.046272621198094166e-01
7.278633877657658680e-01
6.731215214094971033e-01
7.679685330197528748e-01
6.235746553251110269e-01
7.156768416222132334e-01
7.934369571714580127e-01
7.657362345140044102e-01
8.368345936708985189e-01
9.421835188512583947e-01
8.464941909542781362e-01
7.021003132596363994e-01
7.191404363131070898e-01
7.944971499111629365e-01
4.330397081797827119e-01
8.225868524670375548e-01
8.679874009219448183e-01
7.499042636657325955e-01
8.638525933897670539e-01
8.165380258111295531e-01
8.743545069598711583e-01
7.660660239933236859e-01
5.712582942862223234e-01
8.368345936708985189e-01
5.447296773948121507e-01
8.650478431357573328e-01
8.271749963875186795e-01
8.101709197732032131e-01
8.494337487404658438e-01
8.135984680249418455e-01
8.210257668025729982e-01
8.063890457002912404e-01
9.452581336437311244e-01
8.537036132789288523e-01
7.850554290807638669e-01
8.619732283432843811e-01
8.556061223053580411e-01
6.078777414831243453e-01
7.881300438732365965e-01
8.434195761618054066e-01
7.659309669870385529e-01
8.691826506679348752e-01
7.712610242652063741e-01
7.858977453674879099e-01
7.933019001651728797e-01
7.112122446107160822e-01
7.073578773735438308e-01
7.097991184117454777e-01
7.977896411566164359e-01
8.523136310599045418e-01
9.413412025645341297e-01
8.177332755571196099e-01
7.692234582324918302e-01
4.009610819212031108e-01
4.194631798172058779e-01
4.819607420685175225e-01
5.156987812845782448e-01
5.407750144913144874e-01
6.770981279554432186e-01
6.643639158795906496e-01
6.744621544442076511e-01
6.808292604821337690e-01
5.724057205093012746e-01
7.355711268384026447e-01
6.302222016580427688e-01
6.904888577655136084e-01
6.849640680143116445e-01
6.877582425117789722e-01
7.721033405519306392e-01
7.261787551923172268e-01
7.618193034348071935e-01
7.385600338089041150e-01
7.149709747036816498e-01
5.270183415000574412e-01
4.282790684519535707e-01
4.047899272281214600e-01
8.494337487404658438e-01
6.363088674009635959e-01
6.153050402607554981e-01
6.358555310126602356e-01
8.229051318490557820e-01
6.562525018014668809e-01
6.707656759947644431e-01
4.660895137345424377e-01
7.317035449435193017e-01
5.407750144913144874e-01
4.313536832444265223e-01
1.071067762776268806e-01
5.006698692373274806e-01
2.477101912402331074e-01
7.662839004463043446e-01
6.218900227516623858e-01
7.087620696519870700e-01
9.084454796351977279e-01
7.764328805571424352e-01
8.061711692473108037e-01
9.043106721030197415e-01
8.691826506679350972e-01
8.578384208111065057e-01
8.232580653083214628e-01
6.332342526084906442e-01
5.787102627052024273e-01
7.862275348468074077e-01
7.944971499111630475e-01
8.168909592703953448e-01
7.086038686657555319e-01
7.944971499111630475e-01
7.314363193062248802e-01
5.693311057168284339e-01
4.819607420685175225e-01
8.304674876329721789e-01
6.080709482947557198e-01
8.807216129977974983e-01
8.633632105623086916e-01
7.044690611335777675e-01
7.141286584169574958e-01
8.843670377025167895e-01
8.304674876329721789e-01
8.091107270334981783e-01
9.020783735972712769e-01
8.027667649755183543e-01
7.761146011751243190e-01
9.092877959219219930e-01
8.609130356035794573e-01
7.551107740349163322e-01
9.582102221725643521e-01
8.738651241324124630e-01
7.165191579089374985e-01
8.177332755571196099e-01
8.779999316645903384e-01
7.647357172410483850e-01
8.747074404191367281e-01
9.477083086024602476e-01
8.335421024254450195e-01
1.431686160708475763e-01
8.619732283432843811e-01
7.480248986192498117e-01
6.772563289416748677e-01
8.523136310599046528e-01
7.986319574433407009e-01
8.755497567058612152e-01
8.481788235277268884e-01
7.044690611335776564e-01
8.533506798196630605e-01
8.132455345656760537e-01
7.975717647036358882e-01
8.406164677438104915e-01
5.239059948832840430e-01
3.840920623131727774e-01
8.196126406036025047e-01
6.849640680143117555e-01
4.186194711685738978e-01
5.901664055883696358e-01
5.745130537073751542e-01
4.004080258779756374e-01
3.777249562752464929e-01
4.500628104132364249e-01
4.965350617051496607e-01
6.769977250264056501e-01
6.579968098416644207e-01
4.025941602091754334e-01
5.407750144913143764e-01
5.714194132957641781e-01
7.321929277709777750e-01
7.921413044964304984e-01
4.836467670038738231e-01
4.510150847020666376e-01
4.899878110385433860e-01
7.225333304875981577e-01
5.848348226487990464e-01
3.836861822065231187e-01
6.562525018014668809e-01
7.346431027297070093e-01
4.266726021418564274e-01
4.836467670038738231e-01
7.018330876223419779e-01
5.679658030407688241e-01
4.371745157119605318e-01
8.882839687817140062e-01
7.869347941272467617e-01
6.032549434853956560e-01
6.877582425117789722e-01
8.260028906214750277e-01
6.808292604821338800e-01
7.018330876223419779e-01
7.681864094727334225e-01
2.076050459862461006e-01
1.666575844455348010e-01
1.971031324161420517e-01
1.971031324161420517e-01
2.244740655942764618e-01
2.244740655942764618e-01
2.477101912402331074e-01
2.244740655942764340e-01
2.477101912402331074e-01
1.971031324161420517e-01
1.971031324161420517e-01
1.971031324161420517e-01
2.645792108482634686e-01
2.244740655942764340e-01
2.244740655942764618e-01
2.477101912402331074e-01
5.375623280349373090e-02
5.375623280349373090e-02
5.375623280349373090e-02
5.375623280349373090e-02
5.375623280349373090e-02
5.375623280349373090e-02
5.375623280349373090e-02
5.375623280349373090e-02
5.375623280349373090e-02
5.375623280349373090e-02
5.375623280349373090e-02
5.375623280349373090e-02
5.375623280349373090e-02
5.375623280349373090e-02
5.375623280349373090e-02
5.375623280349373090e-02
5.375623280349373090e-02
5.375623280349373090e-02
1.071067762776268806e-01
1.071067762776268806e-01
1.071067762776268806e-01
1.431686160708475763e-01
1.431686160708475763e-01
1.600376356788779098e-01
1.600376356788779098e-01
1.956647964145116214e-01
1.956647964145116214e-01
1.956647964145116214e-01
1.956647964145116214e-01
1.724286707685549758e-01
2.992874542448739628e-01
2.992874542448739628e-01
2.992874542448739628e-01
2.486803954207828515e-01
2.992874542448739628e-01
3.503778503511720821e-01
2.997707915270810264e-01
3.271417247052154087e-01
3.335088307431416932e-01
3.335088307431416932e-01
2.997707915270810264e-01
3.271417247052154087e-01
2.364295206271373462e-01
2.693252435564737479e-01
2.870365794512284019e-01
2.997707915270810264e-01
3.503540230971120550e-01
3.876738138021230129e-01
3.699624779073683589e-01
3.835390062699453040e-01
4.109099394480796308e-01
3.940409198400493529e-01
4.836467670038737676e-01
4.330397081797827119e-01
4.203054961039301429e-01
4.860955496006952870e-01
4.650917224604871336e-01
4.924626556386215714e-01
5.175388888453578140e-01
4.471273709878570424e-01
6.017038422568293798e-01
5.776254003241485524e-01
5.543892746781918790e-01
5.973758279130201299e-01
7.662839004463041226e-01
8.000219396623649004e-01
7.527073720837273996e-01
7.817629378353103675e-01
8.199655740628680745e-01
6.965755235084343244e-01
8.315276803726771027e-01
7.864454112997880664e-01
7.895200260922607960e-01
7.430477748003475602e-01
7.903623423789852831e-01
7.253364389055929617e-01
7.527073720837272885e-01
9.084454796351976169e-01
9.316816052811542903e-01
8.586807370978309928e-01
7.375229850491457073e-01
9.051529883897442286e-01
9.485506248891845127e-01
8.691826506679350972e-01
8.547638060186337761e-01
6.412859912198656254e-01
5.543892746781918790e-01
6.750240304359264032e-01
4.980642192912674293e-01
5.474991723493147777e-01
4.354884907766042312e-01
5.547085946739653828e-01
4.499087277878130453e-01
3.347651483177883081e-01
5.040247619484304886e-01
7.284110536980658024e-01
7.629914092008507343e-01
7.371700515898799155e-01
5.614883096379064131e-01
4.744983041659913692e-01
5.306301527412844443e-01
6.369929827014563228e-01
7.010761669590864775e-01
7.261787551923172268e-01
6.017285118981785530e-01
6.563978850901871498e-01
4.924626556386215714e-01
5.953367362189031509e-01
4.435416217498867608e-01
8.162197464291113258e-01
7.288000335964865961e-01
7.616014269818265348e-01
8.330541119598940947e-01
7.824817072130505480e-01
8.021191811618283429e-01
7.430477748003475602e-01
8.005113224898233737e-01
8.072313619870156165e-01
8.127561517382174694e-01
8.268452069081995148e-01
7.358383524756969551e-01
7.794070924205777073e-01
