8.396196836947993347e-01
8.508768071512247122e-01
7.857915724363809806e-01
7.672240573230511007e-01
7.017536143024495354e-01
8.581871988081291036e-01
8.694443222645544811e-01
8.566979730323164288e-01
8.694443222645544811e-01
8.469300753517038371e-01
8.058483133255235353e-01
7.985379216686190329e-01
6.232980395659583062e-01
8.396196836947995568e-01
6.546119039115261273e-01
7.447098104102005678e-01
9.589182379738196982e-01
8.992689608343096275e-01
6.421043371629393537e-01
8.694443222645544811e-01
8.043590875497105275e-01
8.396196836947995568e-01
7.872807982121935444e-01
8.396196836947993347e-01
9.178364759476392853e-01
6.956936659377065402e-01
7.970486958928063581e-01
6.978068825029286604e-01
8.880118373778842500e-01
7.021388226082073691e-01
7.090640059593539268e-01
8.396196836947993347e-01
9.589182379738196982e-01
9.589182379738196982e-01
7.447098104102005678e-01
7.799704065552892640e-01
7.760236747557683890e-01
7.559669338666260563e-01
7.912275300117148635e-01
8.283625602383740683e-01
8.156162110061357939e-01
7.447098104102004568e-01
8.396196836947993347e-01
9.105260842907347829e-01
7.367754279638869530e-01
6.978068825029285493e-01
9.290935994040647739e-01
8.694443222645544811e-01
8.880118373778841390e-01
7.574561596424386201e-01
7.017536143024494244e-01
7.559669338666260563e-01
8.156162110061359050e-01
8.396196836947995568e-01
9.290935994040645518e-01
8.283625602383741793e-01
9.589182379738196982e-01
8.210521685814695658e-01
8.694443222645544811e-01
7.745344489799556031e-01
8.283625602383741793e-01
8.283625602383741793e-01
8.283625602383740683e-01
7.075747801835410300e-01
8.880118373778841390e-01
9.178364759476390633e-01
7.090640059593539268e-01
8.268733344625612824e-01
8.992689608343096275e-01
7.501457679855342287e-01
7.075747801835411410e-01
6.552358947009354617e-01
7.745344489799556031e-01
8.156162110061357939e-01
8.210521685814698989e-01
8.581871988081291036e-01
7.276315210726836957e-01
8.171054367819486908e-01
8.156162110061359050e-01
8.283625602383741793e-01
8.694443222645544811e-01
8.880118373778842500e-01
9.105260842907350050e-01
8.283625602383740683e-01
8.807014457209798586e-01
8.807014457209798586e-01
9.290935994040645518e-01
8.992689608343096275e-01
8.880118373778841390e-01
8.454408495758910513e-01
7.745344489799556031e-01
9.105260842907350050e-01
8.880118373778842500e-01
8.694443222645544811e-01
7.985379216686190329e-01
8.283625602383740683e-01
9.178364759476392853e-01
9.178364759476392853e-01
8.210521685814695658e-01
7.985379216686190329e-01
8.156162110061359050e-01
9.065793524912139079e-01
7.388886445291089622e-01
8.880118373778841390e-01
7.388886445291089622e-01
8.171054367819489128e-01
8.694443222645544811e-01
8.992689608343096275e-01
8.396196836947995568e-01
7.574561596424387311e-01
8.097950451250444104e-01
7.574561596424387311e-01
7.276315210726836957e-01
7.745344489799556031e-01
8.694443222645544811e-01
6.174768736848668116e-01
8.992689608343096275e-01
7.687132830988641086e-01
7.255183045074615755e-01
8.992689608343098495e-01
6.473015122546218469e-01
1.000000000000000000e+00
8.581871988081293257e-01
8.508768071512249342e-01
8.268733344625612824e-01
7.857915724363809806e-01
8.807014457209798586e-01
8.581871988081293257e-01
7.857915724363809806e-01
8.156162110061359050e-01
8.992689608343096275e-01
8.581871988081291036e-01
8.880118373778842500e-01
9.178364759476393964e-01
8.469300753517038371e-01
8.454408495758910513e-01
8.807014457209798586e-01
8.581871988081291036e-01
7.388886445291089622e-01
5.931291115377171907e-01
8.097950451250442994e-01
9.290935994040645518e-01
8.880118373778841390e-01
7.672240573230511007e-01
6.658690273679515048e-01
6.606718522762690116e-01
8.508768071512247122e-01
7.857915724363809806e-01
7.090640059593539268e-01
6.835713074948777113e-01
7.133959460646326356e-01
7.559669338666258342e-01
3.770462498925276074e-01
5.240562261760807194e-01
4.747988375065923528e-01
6.239220303553675295e-01
8.308818806445922300e-02
1.350854814771037804e-01
7.163743976162583182e-01
8.992689608343094054e-01
1.350854814771037804e-01
6.232980395659583062e-01
6.421043371629393537e-01
2.535212624830632810e-01
4.449741989368374284e-01
6.546119039115261273e-01
6.439787712445100842e-01
2.464905721570821440e-01
4.068708884622825872e-01
2.155619161172720732e-01
4.909088465962140324e-01
5.447369578546324975e-01
5.657619789916703557e-01
0.000000000000000000e+00
0.000000000000000000e+00
0.000000000000000000e+00
5.332001330672838657e-01
1.350854814771037804e-01
3.011997136856218171e-01
0.000000000000000000e+00
3.628106748844766583e-01
0.000000000000000000e+00
0.000000000000000000e+00
3.046506235207793734e-01
4.821092291634966887e-01
5.934734009962033818e-01
8.308818806445922300e-02
6.062197502284414341e-01
3.853249217973272467e-01
4.014349308869488708e-01
3.787022514870611034e-01
2.453865546870270808e-01
2.464905721570821440e-01
8.308818806445922300e-02
4.592097739448883220e-01
0.000000000000000000e+00
3.974472802401561866e-01
0.000000000000000000e+00
4.809225164285644283e-01
4.209707262481738876e-01
6.835713074948776002e-01
4.027057241757246442e-01
6.381576053634185897e-01
0.000000000000000000e+00
6.062197502284414341e-01
3.926353134542315826e-01
8.308818806445922300e-02
0.000000000000000000e+00
0.000000000000000000e+00
3.046506235207793734e-01
7.857915724363807586e-01
4.809225164285643173e-01
0.000000000000000000e+00
8.308818806445922300e-02
0.000000000000000000e+00
1.649101200468587880e-01
8.308818806445922300e-02
0.000000000000000000e+00
0.000000000000000000e+00
2.288040873138735554e-01
3.011997136856218171e-01
3.584787347791978385e-01
2.826321985722920482e-01
5.173698253085856624e-01
3.616239621495442869e-01
0.000000000000000000e+00
8.308818806445922300e-02
0.000000000000000000e+00
0.000000000000000000e+00
0.000000000000000000e+00
3.244276630789986182e-01
3.286540962094429141e-01
0.000000000000000000e+00
0.000000000000000000e+00
3.770462498925276074e-01
6.777501416137861057e-01
1.649101200468587880e-01
2.051291087999785323e-01
5.931291115377171907e-01
9.589182379738196982e-01
6.308472137065140872e-01
3.584787347791978385e-01
4.027057241757246442e-01
5.882762259045208886e-01
7.388886445291089622e-01
8.308818806445922300e-02
2.155619161172720732e-01
8.308818806445922300e-02
5.344481146461024235e-01
4.756640724929959707e-01
4.821092291634966887e-01
7.447098104102005678e-01
2.535212624830632810e-01
1.649101200468587880e-01
6.719289757326946111e-01
4.809225164285643173e-01
7.799704065552892640e-01
0.000000000000000000e+00
4.019307528513121341e-01
5.882762259045209996e-01
7.261422952968707989e-01
3.286540962094429141e-01
0.000000000000000000e+00
5.002915359710686793e-01
8.308818806445922300e-02
7.163743976162583182e-01
0.000000000000000000e+00
6.062197502284413231e-01
0.000000000000000000e+00
3.584787347791978385e-01
0.000000000000000000e+00
2.464905721570821440e-01
2.535212624830632810e-01
5.584515873347659642e-01
0.000000000000000000e+00
0.000000000000000000e+00
4.027057241757246442e-01
4.325303627454796240e-01
3.359644878663472500e-01
8.308818806445922300e-02
0.000000000000000000e+00
5.413732979972489812e-01
4.008109400975396475e-01
8.566979730323164288e-01
5.897654516803337854e-01
0.000000000000000000e+00
0.000000000000000000e+00
0.000000000000000000e+00
0.000000000000000000e+00
2.155619161172720732e-01
1.350854814771037804e-01
8.308818806445922300e-02
7.872807982121935444e-01
4.747988375065923528e-01
5.523916389700229690e-01
4.510978778588093929e-01
5.882762259045209996e-01
6.473015122546217359e-01
2.946030245092435829e-01
4.325303627454796240e-01
