7.920736597298406734e-01
6.612179117743587353e-01
6.495751934374223158e-01
6.612179117743587353e-01
7.920736597298406734e-01
6.612179117743588463e-01
7.266457857520997043e-01
7.242740063643948734e-01
1.912321943795378676e-01
0.000000000000000000e+00
0.000000000000000000e+00
0.000000000000000000e+00
0.000000000000000000e+00
3.074275419959454081e-01
0.000000000000000000e+00
0.000000000000000000e+00
0.000000000000000000e+00
0.000000000000000000e+00
0.000000000000000000e+00
0.000000000000000000e+00
0.000000000000000000e+00
1.912321943795378676e-01
0.000000000000000000e+00
4.120777496167249421e-01
1.912321943795378676e-01
3.074275419959454081e-01
5.435469902570687628e-01
0.000000000000000000e+00
3.060495464363715001e-01
0.000000000000000000e+00
4.775056235944659111e-01
1.912321943795378676e-01
4.174348010769964312e-01
6.588461323866539043e-01
7.266457857520998154e-01
0.000000000000000000e+00
5.250051123586053636e-01
4.984192808806341413e-01
0.000000000000000000e+00
0.000000000000000000e+00
0.000000000000000000e+00
0.000000000000000000e+00
3.060495464363715001e-01
5.638471548583751103e-01
1.912321943795378676e-01
0.000000000000000000e+00
0.000000000000000000e+00
2.387316831436773756e-01
3.074275419959454081e-01
1.912321943795378676e-01
6.612179117743588463e-01
3.699353123128569232e-01
0.000000000000000000e+00
1.207951501552231161e-01
8.100020449434421899e-01
2.406216724586305034e-01
6.495751934374222047e-01
5.153538822661047902e-01
5.807817562438457593e-01
1.912321943795378676e-01
1.912321943795378676e-01
7.920736597298405623e-01
4.775056235944658001e-01
0.000000000000000000e+00
6.316468082238207993e-01
6.588461323866540154e-01
4.595772383808644501e-01
0.000000000000000000e+00
5.366478306955418942e-01
5.153538822661047902e-01
0.000000000000000000e+00
0.000000000000000000e+00
6.282812450079852118e-01
3.535490352005109527e-01
0.000000000000000000e+00
4.174348010769964312e-01
3.074275419959454081e-01
1.207951501552231161e-01
0.000000000000000000e+00
0.000000000000000000e+00
5.934182584089129353e-01
0.000000000000000000e+00
1.912321943795378676e-01
0.000000000000000000e+00
1.912321943795378676e-01
0.000000000000000000e+00
5.934182584089129353e-01
0.000000000000000000e+00
2.749363347845780181e-01
6.767745176002555318e-01
7.063456211507934679e-01
2.967786074871397450e-01
4.775056235944659111e-01
7.445741709657012208e-01
4.057920827400599006e-01
5.841473194596814578e-01
5.662189342460797192e-01
6.588461323866540154e-01
6.791462969879603628e-01
9.345721260222592530e-01
6.612179117743587353e-01
7.920736597298406734e-01
5.153538822661047902e-01
7.063456211507934679e-01
6.588461323866540154e-01
7.266457857520997043e-01
7.150030674151632848e-01
6.282812450079852118e-01
7.063456211507935789e-01
9.345721260222590310e-01
6.282812450079852118e-01
5.628533710302443538e-01
8.192729838926740005e-01
5.628533710302443538e-01
8.691442520445182840e-01
6.767745176002554208e-01
6.292750288361159683e-01
6.612179117743588463e-01
8.395731484939801259e-01
6.767745176002555318e-01
8.870726372581195784e-01
4.857827787155667432e-01
4.595772383808644501e-01
8.192729838926738895e-01
8.575015337075816424e-01
8.575015337075817534e-01
7.445741709657011098e-01
8.575015337075817534e-01
7.717734951285344369e-01
9.525005112358605475e-01
8.192729838926740005e-01
6.791462969879601408e-01
7.920736597298407844e-01
7.150030674151631738e-01
7.538451099149330314e-01
6.292750288361159683e-01
7.920736597298407844e-01
7.266457857520998154e-01
6.757807337721247753e-01
5.250051123586053636e-01
7.741452745162393789e-01
5.153538822661047902e-01
7.920736597298406734e-01
8.037163780667772039e-01
6.791462969879603628e-01
7.538451099149330314e-01
7.717734951285345479e-01
6.612179117743588463e-01
7.266457857520998154e-01
4.649342898411359393e-01
9.050010224717213170e-01
7.242740063643948734e-01
5.841473194596813467e-01
5.366478306955418942e-01
6.675035786510237212e-01
5.638471548583751103e-01
6.675035786510237212e-01
7.920736597298406734e-01
7.920736597298406734e-01
5.841473194596813467e-01
7.266457857520998154e-01
4.174348010769963757e-01
6.970746822015616573e-01
7.242740063643949844e-01
7.266457857520997043e-01
8.575015337075816424e-01
8.691442520445182840e-01
7.063456211507934679e-01
3.535490352005109527e-01
5.435469902570687628e-01
6.767745176002554208e-01
7.150030674151632848e-01
8.575015337075817534e-01
8.192729838926740005e-01
7.920736597298406734e-01
8.691442520445182840e-01
8.216447632803787204e-01
4.984192808806340302e-01
8.192729838926740005e-01
9.050010224717210949e-01
6.282812450079853228e-01
7.266457857520998154e-01
8.691442520445181730e-01
7.242740063643949844e-01
7.063456211507935789e-01
6.409177471730524989e-01
8.100020449434423009e-01
6.292750288361160793e-01
7.445741709657012208e-01
6.292750288361160793e-01
7.266457857520998154e-01
7.063456211507934679e-01
7.063456211507935789e-01
7.562168893026376404e-01
6.137184230102192828e-01
6.612179117743588463e-01
5.628533710302443538e-01
7.266457857520998154e-01
8.691442520445181730e-01
7.266457857520998154e-01
7.266457857520998154e-01
4.174348010769964312e-01
6.282812450079852118e-01
7.063456211507935789e-01
7.063456211507935789e-01
8.870726372581195784e-01
5.250051123586053636e-01
9.820716147863984835e-01
7.266457857520998154e-01
7.920736597298406734e-01
7.242740063643949844e-01
7.063456211507934679e-01
7.920736597298407844e-01
8.216447632803787204e-01
6.409177471730524989e-01
8.100020449434423009e-01
8.100020449434421899e-01
7.717734951285344369e-01
8.870726372581196895e-01
7.920736597298407844e-01
8.691442520445181730e-01
7.717734951285345479e-01
7.266457857520998154e-01
8.100020449434421899e-01
8.100020449434421899e-01
7.063456211507935789e-01
7.717734951285344369e-01
7.717734951285345479e-01
7.717734951285344369e-01
4.595772383808644501e-01
5.841473194596813467e-01
8.100020449434423009e-01
5.725046011227449272e-01
9.050010224717210949e-01
8.575015337075816424e-01
6.282812450079852118e-01
7.717734951285344369e-01
8.192729838926738895e-01
7.242740063643949844e-01
8.192729838926740005e-01
7.562168893026377514e-01
8.691442520445181730e-01
8.192729838926740005e-01
6.767745176002555318e-01
8.100020449434421899e-01
6.791462969879602518e-01
8.216447632803787204e-01
7.063456211507935789e-01
8.870726372581196895e-01
9.525005112358605475e-01
7.538451099149329204e-01
9.345721260222590310e-01
7.741452745162391569e-01
6.791462969879602518e-01
7.920736597298407844e-01
8.192729838926740005e-01
7.920736597298406734e-01
8.691442520445182840e-01
6.767745176002555318e-01
7.150030674151632848e-01
3.535490352005109527e-01
8.216447632803787204e-01
8.395731484939802369e-01
7.920736597298406734e-01
8.216447632803787204e-01
6.767745176002555318e-01
7.717734951285344369e-01
7.150030674151632848e-01
7.538451099149329204e-01
7.625025561793028483e-01
7.717734951285344369e-01
8.691442520445182840e-01
9.525005112358607695e-01
8.100020449434421899e-01
7.242740063643948734e-01
7.063456211507934679e-01
7.717734951285343259e-01
6.282812450079852118e-01
7.242740063643948734e-01
7.717734951285345479e-01
6.767745176002555318e-01
5.250051123586053636e-01
7.920736597298407844e-01
8.216447632803787204e-01
6.588461323866540154e-01
7.741452745162393789e-01
6.137184230102192828e-01
7.625025561793026263e-01
4.649342898411359393e-01
6.282812450079852118e-01
6.757807337721247753e-01
8.575015337075817534e-01
6.757807337721247753e-01
5.250051123586053636e-01
5.628533710302443538e-01
7.717734951285344369e-01
7.717734951285344369e-01
8.575015337075817534e-01
7.920736597298406734e-01
5.153538822661047902e-01
7.063456211507934679e-01
8.395731484939802369e-01
6.292750288361159683e-01
7.717734951285345479e-01
7.920736597298407844e-01
8.192729838926740005e-01
7.717734951285344369e-01
7.242740063643949844e-01
8.192729838926740005e-01
8.870726372581195784e-01
6.791462969879603628e-01
5.725046011227449272e-01
7.538451099149330314e-01
7.063456211507935789e-01
7.242740063643949844e-01
7.063456211507934679e-01
9.050010224717210949e-01
4.174348010769964312e-01
5.250051123586053636e-01
6.282812450079852118e-01
5.250051123586053636e-01
7.266457857520998154e-01
7.920736597298406734e-01
6.588461323866540154e-01
6.791462969879603628e-01
9.050010224717210949e-01
6.316468082238207993e-01
8.575015337075816424e-01
8.100020449434421899e-01
6.409177471730524989e-01
7.920736597298406734e-01
5.725046011227449272e-01
7.063456211507935789e-01
8.575015337075816424e-01
6.612179117743588463e-01
8.192729838926738895e-01
5.841473194596813467e-01
5.250051123586053636e-01
7.741452745162393789e-01
8.395731484939801259e-01
8.395731484939802369e-01
5.841473194596813467e-01
7.242740063643949844e-01
5.250051123586053636e-01
6.612179117743588463e-01
6.282812450079853228e-01
8.395731484939802369e-01
7.920736597298405623e-01
7.920736597298405623e-01
9.345721260222590310e-01
8.192729838926738895e-01
7.538451099149330314e-01
1.000000000000000000e+00
7.717734951285344369e-01
5.807817562438457593e-01
1.000000000000000000e+00
7.266457857520998154e-01
7.920736597298405623e-01
7.445741709657011098e-01
7.920736597298406734e-01
7.920736597298405623e-01
7.920736597298406734e-01
8.216447632803786094e-01
6.612179117743587353e-01
8.395731484939801259e-01
6.675035786510238323e-01
5.366478306955417832e-01
5.841473194596813467e-01
