4.534378422547718501e-01
6.320899740222957197e-01
7.679486934956780697e-01
7.117549544859510524e-01
8.044757240735684878e-01
9.103786536066011958e-01
3.727791222207811339e-01
7.345210861120063939e-01
6.333577770311790145e-01
7.716665343666498922e-01
6.563598440110218757e-01
4.579560344187496579e-01
3.844637664442601133e-01
4.248334364765286031e-01
2.339781346765920922e-01
2.720478107427094505e-01
2.149298439215087397e-01
5.761422584402184910e-01
1.180470688926637257e-01
5.808818788924241527e-01
7.651819858802290097e-01
6.603367053708307788e-01
4.905832905094155150e-01
2.720478107427094505e-01
7.700969834343739384e-01
3.799734309377621466e-01
3.095198881287455350e-01
5.618893126330837262e-01
8.518841199374532769e-01
4.007437773458468744e-01
6.254529208151493602e-01
7.832791433797893221e-01
6.614012123866203074e-01
4.718955719905817969e-01
7.337631607757149066e-01
5.689526001259244126e-01
6.017356559335711452e-01
3.285681788838288875e-01
6.447211010986109159e-01
6.882837130320226260e-01
4.528472812354984445e-01
2.339781346765920922e-01
3.038182238295543680e-01
4.027349121611306093e-01
1.180470688926637257e-01
3.455685563992957898e-01
2.919874480462449906e-01
1.180470688926637257e-01
1.180470688926637257e-01
6.332871307054684928e-01
3.285681788838288875e-01
1.762874838599988170e-01
4.856961496127504829e-01
5.118077278606744107e-01
7.008474553006848184e-01
5.558689543444825798e-01
6.289508721577432571e-01
9.331447852326566483e-01
6.142388399503851959e-01
5.700301042029009002e-01
7.844763000629622063e-01
7.173750618679690660e-01
5.558689543444825798e-01
7.535693768670896908e-01
2.720478107427094505e-01
6.592790563471960796e-01
7.663791425634018939e-01
4.765645461170767150e-01
7.345210861120063939e-01
4.206565092053332067e-01
6.832162107571526644e-01
5.581714717621117927e-01
2.720478107427094505e-01
3.476164696389121844e-01
4.942585250655751605e-01
2.339781346765920922e-01
5.905215750688068699e-01
5.571646140108459377e-01
6.719101834235112758e-01
4.299239944860310247e-01
7.066874522110809798e-01
5.731969122047726461e-01
3.944185601359557758e-01
6.620457639626452506e-01
3.391775266197993299e-01
7.519998259348135150e-01
5.308560186157577077e-01
5.875762288333609140e-01
2.929401535398155620e-01
5.751911251846956175e-01
4.456576229212042550e-01
5.558689543444825798e-01
6.483715571619299567e-01
3.023302298144514566e-01
6.266630745595092034e-01
3.285681788838288875e-01
3.844637664442601133e-01
5.118077278606744107e-01
5.630586126587767692e-01
3.654154756891768163e-01
2.720478107427094505e-01
3.476164696389121844e-01
5.561428344296122095e-01
3.753702693808724233e-01
5.772197625171950897e-01
9.412855768024738223e-01
5.700301042029009002e-01
4.007437773458468744e-01
7.401411934940244075e-01
5.461864684998690711e-01
2.954195868192336372e-01
5.958956590231749839e-01
7.101854035536748766e-01
6.720888220435082827e-01
6.884769209512542343e-01
7.147148700206317207e-01
6.803361293814370603e-01
7.137637367651087361e-01
7.185722185511418392e-01
8.163343565143574843e-01
7.832791433797893221e-01
7.751383518099721481e-01
7.379929035553285388e-01
7.105577978027782793e-01
7.722191394737978332e-01
8.446944616231591985e-01
6.680789687922727982e-01
6.489342503429402775e-01
5.296310052751050934e-01
7.298521119855114758e-01
6.402307655921127827e-01
6.410032602276388713e-01
6.332871307054684928e-01
7.607590351813837692e-01
6.951716234229240454e-01
8.556019608084253214e-01
7.016460838354826590e-01
4.724861330098551471e-01
5.885273620888837875e-01
4.194196738518268242e-01
7.807584591919900507e-01
8.065978801129924936e-01
6.956274483050896018e-01
4.299239944860310247e-01
5.581714717621116817e-01
5.913908499293152321e-01
9.012867287812611483e-01
4.194196738518268242e-01
8.023274341348727301e-01
8.244751480841746583e-01
7.217113204156943018e-01
6.153163440273616835e-01
6.456722343541337894e-01
9.012867287812611483e-01
5.109845376646524606e-01
5.581714717621117927e-01
7.984570885431754306e-01
5.368485202468791240e-01
5.319335226927343063e-01
8.367061747740671684e-01
4.905832905094155150e-01
6.939038204140406396e-01
7.638584583756026225e-01
6.142388399503851959e-01
4.561619435554085666e-01
6.909584741785945727e-01
6.338136019133446819e-01
2.458098616733319641e-01
2.339781346765920922e-01
5.484611292600184429e-01
5.440103219036934723e-01
3.100317900373871227e-01
1.180470688926637257e-01
3.844637664442601133e-01
4.397047999604166146e-01
3.844637664442601133e-01
5.751911251846956175e-01
5.099921535007484463e-01
5.096315812644988119e-01
7.129521111691239366e-01
3.582258173748826269e-01
5.418914608605249761e-01
3.285681788838288875e-01
3.095198881287455350e-01
4.375168313513871365e-01
4.035120571993434657e-01
6.219549694725555744e-01
6.766182885104650158e-01
4.112788822820096502e-01
3.844637664442601133e-01
6.148044421187200959e-01
3.285681788838288875e-01
4.752102343104917526e-01
7.389440368108515234e-01
6.490306780371895012e-01
3.285681788838288875e-01
8.406700390726891126e-01
7.900964074449799979e-01
2.339781346765920922e-01
2.339781346765920922e-01
4.662493307092920314e-01
5.999301696475074497e-01
6.029066787174721664e-01
3.095198881287455350e-01
5.028024951864542569e-01
4.375168313513871921e-01
5.702761276305507998e-01
4.334384182441656241e-01
4.606275005690659841e-01
6.684774969406478418e-01
5.722457789492495506e-01
6.186356567499586845e-01
8.165542460427357430e-01
6.422395478712704664e-01
6.610946307071220440e-01
4.184685405963037841e-01
4.027349121611306093e-01
4.375168313513871921e-01
5.368206635893992829e-01
5.965140766999281752e-01
5.749172450995658767e-01
6.667147380891401687e-01
3.476164696389121844e-01
4.724861330098551471e-01
4.489722852411143217e-01
2.720478107427094505e-01
3.944185601359557758e-01
4.489722852411143217e-01
3.476164696389121844e-01
4.604093337988960366e-01
4.227343361717368908e-01
4.837542044313709599e-01
5.893244183856340968e-01
2.339781346765920922e-01
3.391775266197993299e-01
3.654154756891768163e-01
4.375168313513871921e-01
5.249620311486101754e-01
3.654154756891768163e-01
4.112788822820097612e-01
4.715349997543322180e-01
3.836866214060472569e-01
2.149298439215087952e-01
3.372736878707058295e-01
3.095198881287455350e-01
2.714233066185789411e-01
3.725757051079436333e-01
1.762874838599988170e-01
3.095198881287455350e-01
0.000000000000000000e+00
3.391775266197992744e-01
5.927804519483628742e-02
1.762874838599988170e-01
2.339781346765920922e-01
5.927804519483628742e-02
1.180470688926637257e-01
3.082706034239268145e-01
2.301736016545001540e-01
3.391775266197992744e-01
5.558689543444825798e-01
6.343646347824449805e-01
3.291328963008886554e-01
7.041667680232817084e-01
7.088357421497768485e-01
4.975547820535396459e-01
2.529995199876260981e-01
6.256728103435275079e-01
6.105209990794131514e-01
4.489722852411143217e-01
4.534378422547718501e-01
6.371720455964002827e-01
5.622894130195064122e-01
6.153163440273616835e-01
4.565651221064704890e-01
3.391775266197993299e-01
6.410032602276388713e-01
5.985805082436094215e-01
5.957561513636367989e-01
7.147148700206317207e-01
6.989451887896390714e-01
2.720478107427094505e-01
6.642647002270515300e-01
4.194196738518268242e-01
2.339781346765920922e-01
4.909438627456650384e-01
3.944185601359557758e-01
2.149029384774595042e-01
3.609204897799919709e-01
7.298521119855114758e-01
4.461235358772321913e-01
6.058520249529182333e-01
5.965140766999281752e-01
3.023302298144514566e-01
5.927804519483628742e-02
4.796757913241492810e-01
5.878613832214695245e-01
1.180470688926637257e-01
8.269958322719738186e-01
6.486175805895797453e-01
3.654154756891768163e-01
3.609251401826788497e-01
1.180470688926637257e-01
4.866472828682734675e-01
4.571835397832236803e-01
3.844637664442601133e-01
6.222401238606640739e-01
3.725757051079436333e-01
2.715894958872636655e-01
3.038182238295543680e-01
7.342750626843564943e-01
4.389077436636663609e-01
7.036141629161339894e-01
1.180470688926637257e-01
1.572391931049155200e-01
4.835755658113740085e-01
3.799734309377621466e-01
3.023302298144514011e-01
5.098526458412102613e-01
1.180470688926637257e-01
4.397047999604165036e-01
4.643453414400379731e-01
5.177723728343158749e-01
4.112788822820097612e-01
5.026238565664573610e-01
2.720478107427094505e-01
2.149298439215087952e-01
3.082706034239268145e-01
2.339781346765920922e-01
1.762874838599988170e-01
2.910961014977927475e-01
1.762874838599988170e-01
4.016082184502499097e-01
5.059137403935267674e-01
1.180470688926637257e-01
3.285681788838288875e-01
4.180653620452418617e-01
4.487688681282768211e-01
2.910961014977927475e-01
5.368206635893992829e-01
3.285681788838288875e-01
5.428410218780004293e-01
7.222639255228421318e-01
4.718955719905817969e-01
6.153163440273616835e-01
8.269958322719738186e-01
4.575162553619934180e-01
4.180653620452419728e-01
7.980976913552590979e-01
6.714543585413457194e-01
5.803865705190667246e-01
7.329254012804584661e-01
4.180653620452418617e-01
2.714233066185789411e-01
7.028562375798425022e-01
1.886918948521312811e-01
6.266630745595093144e-01
6.828176826087775098e-01
4.868654496384435260e-01
6.029066787174721664e-01
5.249620311486101754e-01
5.330749548801640980e-01
6.214284982646793853e-01
4.184685405963037841e-01
6.879819651086298560e-01
8.532337813413513050e-01
5.290404442558317433e-01
4.003713830967435272e-01
7.028562375798425022e-01
8.116653823878625662e-01
7.401411934940244075e-01
6.189784604025907466e-01
9.031889952923070064e-01
8.365536700533420245e-01
7.935682248883022538e-01
6.727072397202614740e-01
7.213127922673191472e-01
7.904688016940836226e-01
9.438062609902729827e-01
8.097631158768167081e-01
7.375943754069534952e-01
8.450929897715342420e-01
5.796140758835406359e-01
5.833319167545126804e-01
4.565651221064704890e-01
6.225995210485804066e-01
5.558689543444825798e-01
2.910961014977927475e-01
5.105827145200217965e-01
4.528472812354984445e-01
5.951905491953018990e-01
4.643453414400380841e-01
5.642836259994293835e-01
7.335699528564834093e-01
5.680014668704014280e-01
3.476164696389122399e-01
6.600515509827221683e-01
7.370417702998056653e-01
6.756280242944833203e-01
6.600515509827221683e-01
6.320899740222957197e-01
6.102749756517633628e-01
7.461336951251457128e-01
7.145216621014000014e-01
5.833319167545126804e-01
6.371720455964002827e-01
5.440103219036934723e-01
4.180653620452419728e-01
4.521421714076253040e-01
2.720478107427093950e-01
3.095198881287455350e-01
2.832819390593681042e-01
4.614112583267877543e-01
2.149298439215087952e-01
4.487688681282768211e-01
8.450929897715341310e-01
6.620457639626451396e-01
5.180462529194456156e-01
5.053231793742534173e-01
5.603197617008076614e-01
8.097631158768167081e-01
6.954733713463168154e-01
7.066874522110809798e-01
5.577990775130082790e-01
5.716664922329551812e-01
4.027349121611306093e-01
1.180470688926637257e-01
2.370445659793843363e-01
5.898770234927819267e-01
1.762874838599988170e-01
1.572391931049155200e-01
1.180470688926637257e-01
3.655894639064869445e-01
1.180470688926637257e-01
2.720478107427094505e-01
2.714233066185789411e-01
1.572391931049155200e-01
3.273188941790101669e-01
1.762874838599988170e-01
3.825599276951666128e-01
5.927804519483628742e-02
2.720478107427093950e-01
2.339781346765920922e-01
3.285681788838288875e-01
5.927804519483628742e-02
1.762874838599988170e-01
1.762874838599988170e-01
9.899877813758042877e-02
3.725757051079435778e-01
1.762874838599988170e-01
2.458098616733319641e-01
4.180653620452419728e-01
2.929401535398155620e-01
2.149298439215087952e-01
2.847273267596587276e-01
2.714233066185789411e-01
4.119118692579975538e-01
5.524249935586401650e-01
7.817095924475131463e-01
7.531708487187146472e-01
7.675501653473029151e-01
5.656478567025621240e-01
6.274209998958006906e-01
9.022378620367841329e-01
5.751911251846956175e-01
7.422633495334484133e-01
6.256728103435275079e-01
8.438958330883614689e-01
7.988556166915504742e-01
8.560004889568004760e-01
8.128364051717636984e-01
7.984570885431753196e-01
8.260446990164510561e-01
7.461336951251457128e-01
8.890295681920971083e-01
8.903792295959951364e-01
9.222372860473904144e-01
7.904688016940836226e-01
4.868654496384434704e-01
5.333767028035568680e-01
6.757805290152085753e-01
4.016082184502499097e-01
4.271998931853943637e-01
3.423818933440822554e-01
2.267615709182486394e-01
2.267615709182486394e-01
3.990170712901585648e-01
3.957024089702484981e-01
1.572391931049155200e-01
4.184685405963037841e-01
1.180470688926637257e-01
1.180470688926637257e-01
3.484860459772619601e-01
4.184685405963037841e-01
2.557947052851718972e-01
0.000000000000000000e+00
2.458098616733319641e-01
5.927804519483628742e-02
5.484611292600184429e-01
5.695182022942593125e-01
3.481811870559720079e-01
2.339781346765920922e-01
2.149298439215087952e-01
2.832819390593681042e-01
5.028024951864542569e-01
6.950748431979416608e-01
2.149298439215087952e-01
4.987240820792326890e-01
5.833319167545126804e-01
3.465411731514035920e-01
5.056955736233568199e-01
3.836866214060473124e-01
5.456484326919557315e-01
6.779288189539042220e-01
5.228431701054416791e-01
6.180273271470677621e-01
6.488374701179578929e-01
5.079503793301642922e-01
7.747398236615971046e-01
8.223268581454789006e-01
6.773762138467563920e-01
7.069334756387308794e-01
7.147148700206317207e-01
6.954733713463168154e-01
8.604234396556454945e-01
8.297625398874228786e-01
5.622894130195064122e-01
8.441418565160113685e-01
6.684774969406478418e-01
6.066245195884443220e-01
6.534129255375282774e-01
5.836485865078732127e-01
3.285681788838288875e-01
6.411818988476357672e-01
2.529995199876260981e-01
6.964245046018396890e-01
5.056955736233568199e-01
3.944185601359557758e-01
2.929401535398155620e-01
6.804495031417034934e-01
8.532337813413513050e-01
2.149298439215087952e-01
2.910961014977927475e-01
5.630586126587768803e-01
6.833129909821348269e-01
3.918274129758644309e-01
7.389440368108515234e-01
4.534378422547718501e-01
7.257618768654360286e-01
7.463797185527956124e-01
5.813768347350485310e-01
7.982371990147971719e-01
6.792784803578024722e-01
7.185460846518700873e-01
8.097631158768167081e-01
5.292603337842097799e-01
8.293640117390478350e-01
7.590108456291106975e-01
7.718597422858816115e-01
3.944185601359557758e-01
6.684774969406478418e-01
4.575162553619934180e-01
3.681806110665782894e-01
7.341225579636312393e-01
7.903162969733582566e-01
4.723614849466097332e-01
3.990170712901585648e-01
4.330938806525420071e-01
3.916239958630269302e-01
4.330398900957904695e-01
5.076652249420555707e-01
1.762874838599988170e-01
2.149029384774595042e-01
6.648991637292139822e-01
4.194196738518268242e-01
3.273188941790101669e-01
2.820326543545493836e-01
9.899877813758042877e-02
4.999490954198853032e-01
2.149298439215087397e-01
2.339781346765920922e-01
1.180470688926637257e-01
1.180470688926637257e-01
1.180470688926637257e-01
1.180470688926637257e-01
1.180470688926637257e-01
1.180470688926637257e-01
6.071198279618016391e-01
5.927804519483628742e-02
3.038182238295543680e-01
5.927804519483628742e-02
0.000000000000000000e+00
3.884260585048343595e-01
4.575162553619934180e-01
4.423629675717043463e-01
7.414647209986507947e-01
6.097630737431217751e-01
5.098526458412102613e-01
6.864681386720966616e-01
5.561428344296123205e-01
5.319335226927343063e-01
8.007578832025963322e-01
7.273314277977122044e-01
6.983267711128857691e-01
6.905026492964289053e-01
7.951377758205785407e-01
6.642647002270515300e-01
5.951905491953018990e-01
7.379929035553285388e-01
7.413122162779254287e-01
8.450929897715341310e-01
7.147148700206316096e-01
6.402307655921128937e-01
7.498515359961177573e-01
6.180273271470677621e-01
5.074554234875399139e-01
6.089253142478652236e-01
7.117549544859510524e-01
7.984570885431753196e-01
5.885273620888837875e-01
9.212861527918674298e-01
8.485648072148563870e-01
8.913303628515180099e-01
7.184327108916037652e-01
7.861999279540110575e-01
7.026630296606110049e-01
8.416211723282119861e-01
8.713309388409118394e-01
7.263802945421892199e-01
7.171964232479721701e-01
7.290550556887612776e-01
7.984570885431754306e-01
7.342750626843564943e-01
7.591894842491077044e-01
5.237927311229171323e-01
5.319335226927343063e-01
6.989451887896389604e-01
1.000000000000000000e+00
8.866613887250229809e-01
4.180653620452418617e-01
8.975688879102893258e-01
8.697613879086354416e-01
7.219045283349259101e-01
7.528114515307983146e-01
7.337631607757149066e-01
7.840777719145869407e-01
8.107142491323394706e-01
7.282825610532351890e-01
7.317543784965573339e-01
7.941866425650555561e-01
8.485648072148563870e-01
7.591894842491077044e-01
7.065740784508144356e-01
7.179934795447222573e-01
7.644768760523558138e-01
7.560900610548888512e-01
7.401411934940244075e-01
7.570411943104119468e-01
8.285653832042502165e-01
7.710219827906251711e-01
6.604500791310972119e-01
6.804495031417036044e-01
8.794717304107289024e-01
6.674198479170133647e-01
7.224164302435674978e-01
6.684774969406478418e-01
8.822384380261780734e-01
9.166171786653725118e-01
8.631901472710946654e-01
7.508026692516407419e-01
8.569516222123234606e-01
9.031889952923072284e-01
9.212861527918676519e-01
7.173750618679691771e-01
7.832791433797893221e-01
9.547137601755391056e-01
9.428551277347499981e-01
9.200889961086946567e-01
8.413751489005623085e-01
8.107142491323396927e-01
8.903792295959951364e-01
8.388544647127631482e-01
6.808480312900786480e-01
8.213757248899559160e-01
8.756013848190316029e-01
8.069964082613676482e-01
8.748027562842339844e-01
8.400254874966641694e-01
8.069964082613676482e-01
4.027349121611306093e-01
7.067135861103526207e-01
6.227520257693056616e-01
7.531708487187145362e-01
4.271998931853943637e-01
1.762874838599988170e-01
3.481811870559720079e-01
6.998963220451619449e-01
7.409136881295503851e-01
5.532942684191486382e-01
1.180470688926637257e-01
2.715894958872636655e-01
3.877536502713296307e-01
6.009370273987734157e-01
1.572391931049155200e-01
5.079503793301641812e-01
6.832162107571525533e-01
2.714233066185789411e-01
5.927804519483628742e-02
5.190510864346620234e-01
1.180470688926637257e-01
3.928635785029141458e-01
0.000000000000000000e+00
5.524249935586401650e-01
1.958815531664254428e-01
0.000000000000000000e+00
5.546439298230466663e-01
5.927804519483628742e-02
3.481811870559720079e-01
0.000000000000000000e+00
1.572391931049155200e-01
0.000000000000000000e+00
9.899877813758042877e-02
5.927804519483628742e-02
0.000000000000000000e+00
0.000000000000000000e+00
5.927804519483628742e-02
0.000000000000000000e+00
0.000000000000000000e+00
9.899877813758042877e-02
5.927804519483628742e-02
5.927804519483628742e-02
0.000000000000000000e+00
0.000000000000000000e+00
5.927804519483628742e-02
1.762874838599988170e-01
0.000000000000000000e+00
0.000000000000000000e+00
0.000000000000000000e+00
2.523750158634956442e-01
1.180470688926637257e-01
0.000000000000000000e+00
0.000000000000000000e+00
2.149029384774595042e-01
0.000000000000000000e+00
5.927804519483628742e-02
0.000000000000000000e+00
3.100317900373871227e-01
0.000000000000000000e+00
0.000000000000000000e+00
0.000000000000000000e+00
5.927804519483628742e-02
0.000000000000000000e+00
0.000000000000000000e+00
0.000000000000000000e+00
5.927804519483628742e-02
0.000000000000000000e+00
0.000000000000000000e+00
0.000000000000000000e+00
5.927804519483628742e-02
0.000000000000000000e+00
0.000000000000000000e+00
5.927804519483628742e-02
0.000000000000000000e+00
0.000000000000000000e+00
4.573376167419964666e-01
6.076147838044260174e-01
5.414356359783594197e-01
8.797177538383788020e-01
7.832791433797893221e-01
7.459811904044203468e-01
8.269958322719739297e-01
8.450929897715342420e-01
8.328358291823700910e-01
8.256461708680757905e-01
8.713309388409117284e-01
7.605130117537339807e-01
8.341854905862680081e-01
7.798073259364672882e-01
7.345210861120063939e-01
7.869969842507613667e-01
7.154727953569229859e-01
8.631901472710945544e-01
6.884769209512541233e-01
6.603367053708306678e-01
6.956665792655483127e-01
7.219045283349259101e-01
7.317543784965574449e-01
6.947154460100254392e-01
6.936577969863907400e-01
6.761233326678407485e-01
6.833129909821349379e-01
6.194342852847561920e-01
5.885273620888837875e-01
6.456722343541337894e-01
6.456722343541337894e-01
5.803865705190667246e-01
5.622894130195064122e-01
