2.760050730760729709e-01
4.404630627370934581e-01
3.141415034726143807e-01
4.428914449926308339e-01
3.141415034726143807e-01
2.082445920834969377e-01
8.727716318102179960e-01
2.523454358805767850e-01
6.070219324271955985e-01
2.082445920834969377e-01
2.760050730760729709e-01
2.866174285817875145e-01
3.614607778636068081e-01
2.523454358805767850e-01
5.481546694142843679e-01
2.082445920834969377e-01
2.714401114569375273e-01
1.396304141448427849e-01
2.523454358805767850e-01
2.082445920834969377e-01
3.614607778636068081e-01
4.782373766233463108e-01
6.728879549459581000e-01
6.344988627672667469e-01
7.349366843201456945e-01
6.632713890304889892e-01
6.386703425133640755e-01
6.060805231055668152e-01
6.196285876931834080e-01
5.172412470944762752e-01
8.964312690057140154e-01
7.738207831912475854e-01
9.336389707888269607e-01
7.853868681525451034e-01
9.437505433967064983e-01
8.148457781189353266e-01
7.426854761368680835e-01
7.086411443756531758e-01
4.812805371713222424e-01
6.135075889012578942e-01
7.634036280450379186e-01
7.660719913745253074e-01
9.200909062012104789e-01
7.426854761368681945e-01
8.049236296651361977e-01
6.608268632922502661e-01
8.165221752069246053e-01
8.254523574192255131e-01
7.815695750079700854e-01
7.296324182416620285e-01
6.834945342462483975e-01
8.390004220068422169e-01
8.638414495979170882e-01
1.000000000000000000e+00
9.336389707888269607e-01
8.343825396315265319e-01
7.071541714417445279e-01
9.111607239889093490e-01
8.875010867934132186e-01
8.800254169345297361e-01
7.185308322489614152e-01
9.763403628045036475e-01
9.616109078213086470e-01
8.964312690057142374e-01
8.947548719177250698e-01
8.800254169345298472e-01
7.750021735868264372e-01
8.549112673856160693e-01
8.817018140225190148e-01
9.142916334303161641e-01
8.153407848113460865e-01
9.099793335933307192e-01
8.491119946147217545e-01
7.349366843201456945e-01
8.580421768270226623e-01
8.491119946147217545e-01
8.064106025990448456e-01
7.827509654035487152e-01
8.491119946147217545e-01
6.728879549459581000e-01
7.827509654035487152e-01
7.253201184046766947e-01
7.680215104203534926e-01
7.190258389413718421e-01
5.046345918284884657e-01
7.020322303815651477e-02
3.930951842829086273e-01
2.197556164727796080e-01
1.396304141448427849e-01
2.286857986850805990e-01
1.396304141448427849e-01
7.020322303815651477e-02
3.607272496096829428e-01
2.866174285817875145e-01
2.197556164727796080e-01
2.082445920834969377e-01
3.937796151293996849e-01
4.448409640384589636e-01
8.479306042191432358e-01
9.662287901966241099e-01
7.951176395955866782e-01
8.059155959066344188e-01
7.675265037279428437e-01
7.812639924696400673e-01
7.059727810461658981e-01
6.912433260629707865e-01
6.198018683645625249e-01
4.662454996497969462e-01
4.001900529769539805e-01
8.684593319732325511e-01
8.773895141855334590e-01
8.563657797390337167e-01
8.390004220068419949e-01
7.574149311200634171e-01
8.479306042191432358e-01
8.433127218438275507e-01
6.866254436876551015e-01
8.964312690057142374e-01
6.958612084382862495e-01
6.625032603802395448e-01
4.819344602939992783e-01
6.380555642209255751e-01
6.035854404474586543e-01
5.709956210396615051e-01
6.419745326261501184e-01
6.632713890304889892e-01
6.197694077840715243e-01
5.529133718804879472e-01
3.937796151293996849e-01
7.527970487447477321e-01
7.096492540998526888e-01
7.397439908495417882e-01
4.027097973417007037e-01
5.734907036977697770e-01
6.093847132183528581e-01
3.851204150591029940e-01
7.810745683155595476e-01
5.857250760228567277e-01
6.625032603802394338e-01
6.297401603010630566e-01
7.897316285700215488e-01
6.625032603802394338e-01
7.822559587111381774e-01
4.819344602939992783e-01
5.138703565791195027e-01
6.722015712427900080e-01
6.876174099291532116e-01
8.401818124024207357e-01
8.332011492359479021e-01
8.614786688067597176e-01
7.663451133323643250e-01
8.390004220068422169e-01
8.006113298281507529e-01
9.041800608224365154e-01
6.997109621633522680e-01
5.709956210396615051e-01
5.959689504976872776e-01
7.397439908495417882e-01
5.529133718804879472e-01
7.086411443756531758e-01
4.576208999758260565e-01
6.861628975757356752e-01
7.911861409234391962e-01
8.817018140225190148e-01
7.276828991958339543e-01
7.426854761368680835e-01
7.986618107823225676e-01
6.045774066889568754e-01
8.343825396315265319e-01
7.590913282080524738e-01
7.105906634214813611e-01
6.803636248048414714e-01
6.982239892294436201e-01
8.064106025990448456e-01
7.815695750079699744e-01
6.965475921414542304e-01
9.336389707888269607e-01
8.001163231357402150e-01
7.663451133323643250e-01
7.342503006169774915e-01
7.296324182416620285e-01
7.334821719667280471e-01
9.010491513810297004e-01
7.873688477788644002e-01
8.107229024360304015e-01
7.680215104203534926e-01
6.376622327891645625e-01
7.723338102573389374e-01
7.827509654035487152e-01
4.576208999758260565e-01
4.782373766233463108e-01
1.159707769493465712e-01
4.055820679488684743e-01
2.866174285817875145e-01
6.183148954306538769e-01
5.633791310898900173e-01
7.904997572202709932e-01
6.183148954306539880e-01
5.172412470944762752e-01
5.409008842899724057e-01
6.958612084382862495e-01
6.780008440136842118e-01
4.877337330648934266e-01
5.486496761066947947e-01
5.562661660564662824e-01
8.491119946147217545e-01
5.138703565791193917e-01
2.523454358805767850e-01
4.292417051443647158e-01
7.342503006169774915e-01
2.760050730760729709e-01
2.760050730760729709e-01
8.288888493989624573e-01
8.851383060022558480e-01
4.682455756154946247e-01
3.525305956513057892e-01
5.138703565791195027e-01
3.428668851850809052e-01
6.070219324271955985e-01
4.966639152771944454e-01
2.714401114569375273e-01
4.174392523248959264e-01
5.919868949056704688e-01
6.531598164226092296e-01
5.486496761066947947e-01
5.558036199445467451e-01
7.426854761368680835e-01
8.947548719177250698e-01
7.897316285700215488e-01
8.390004220068422169e-01
4.087800522545992354e-01
4.087800522545992354e-01
3.611897957216024246e-01
4.174392523248959264e-01
4.500290717326930756e-01
4.428914449926308339e-01
5.765730090759840776e-01
5.055940974894954643e-01
5.203235524726906869e-01
4.657504929573864638e-01
6.272450776429548958e-01
6.768194536181054710e-01
6.768194536181054710e-01
7.897316285700215488e-01
6.523916877723597851e-01
7.086411443756531758e-01
7.323007815711494173e-01
8.133912657655176792e-01
7.059727810461658981e-01
7.870632652405342711e-01
7.812639924696399563e-01
6.912433260629706755e-01
6.907483193705602487e-01
7.622222376494593998e-01
7.675265037279428437e-01
7.112770471246494530e-01
8.638414495979168661e-01
7.873688477788644002e-01
9.514993352134289983e-01
8.390004220068419949e-01
9.189095158056318491e-01
8.148457781189353266e-01
8.549112673856158473e-01
8.537298769900373285e-01
9.348203611844057015e-01
8.522429040561285696e-01
9.290210884135113867e-01
8.525484865944586987e-01
5.581464704221359430e-01
7.160843536540455467e-01
8.153407848113460865e-01
8.863196963978344778e-01
6.183148954306538769e-01
5.531352566150594674e-01
6.093847132183528581e-01
4.263694345371969452e-01
7.810745683155595476e-01
6.538462001257774325e-01
8.638414495979168661e-01
6.538462001257774325e-01
6.344988627672667469e-01
7.334821719667280471e-01
6.330443504138490995e-01
7.334821719667280471e-01
6.625032603802394338e-01
7.897316285700215488e-01
8.107229024360304015e-01
6.834945342462483975e-01
8.001163231357402150e-01
8.710952347222288283e-01
8.136643877233566968e-01
5.498310665022734245e-01
8.064106025990448456e-01
8.549112673856160693e-01
7.579099378124738440e-01
9.099793335933307192e-01
7.296324182416620285e-01
8.715902414146393662e-01
9.087979431977522005e-01
8.715902414146393662e-01
8.006113298281507529e-01
9.099793335933308303e-01
7.916811476158497340e-01
8.715902414146393662e-01
7.354316910125563433e-01
7.443618732248573622e-01
7.815695750079699744e-01
6.586535066551735262e-01
6.770594346920555395e-01
6.861628975757357862e-01
5.344868332266398125e-01
9.036850541300259776e-01
6.419745326261501184e-01
6.722015712427900080e-01
6.834945342462482865e-01
8.433127218438275507e-01
6.060805231055669262e-01
8.285832668606324392e-01
8.568607864314441436e-01
7.870632652405342711e-01
8.385054153144316791e-01
7.096492540998526888e-01
6.535730781679384149e-01
7.928625380114283638e-01
7.486741730618426960e-01
4.545777394278500694e-01
6.535730781679384149e-01
6.999840841211911746e-01
8.390004220068422169e-01
8.401818124024208467e-01
7.571418091622242885e-01
8.817018140225190148e-01
8.715902414146393662e-01
8.049236296651361977e-01
8.817018140225189038e-01
8.669723590393239032e-01
9.142916334303161641e-01
8.052292122034663269e-01
8.964312690057142374e-01
9.200909062012103679e-01
8.710952347222288283e-01
8.817018140225190148e-01
7.660719913745254184e-01
8.285832668606324392e-01
7.692029008159322334e-01
9.290210884135114977e-01
7.385626004539632694e-01
9.348203611844057015e-01
5.857250760228566167e-01
8.090465053480412339e-01
8.964312690057143485e-01
8.580421768270226623e-01
8.715902414146391441e-01
7.916811476158497340e-01
8.436183043821576799e-01
8.563657797390334947e-01
8.863196963978344778e-01
7.675265037279429547e-01
8.385054153144315681e-01
7.040232620003377129e-01
7.986618107823225676e-01
8.525484865944586987e-01
8.237759603312363454e-01
9.189095158056318491e-01
7.339447180786475844e-01
8.312516301901197169e-01
8.715902414146393662e-01
9.852705450168048884e-01
9.232218156426171829e-01
8.049236296651361977e-01
7.202072293369505829e-01
7.769516926326545114e-01
6.760513249678560266e-01
4.819344602939992783e-01
4.392330682783224249e-01
6.380555642209255751e-01
5.818061076176320734e-01
5.197573782434444789e-01
5.434170154389407204e-01
5.818061076176320734e-01
5.434170154389407204e-01
5.434170154389408314e-01
5.197573782434444789e-01
5.236763466486691332e-01
5.799258032519624129e-01
6.442296342103083218e-01
6.485419340472937666e-01
6.306815696226918400e-01
6.531598164226093406e-01
7.812639924696399563e-01
8.090465053480410118e-01
7.781330830282332522e-01
8.148457781189355487e-01
8.549112673856158473e-01
6.681292524797545207e-01
5.816858981437101894e-01
3.937796151293996849e-01
6.434290449795677658e-01
6.999840841211912856e-01
7.426854761368680835e-01
7.815695750079699744e-01
7.827509654035487152e-01
5.203235524726907979e-01
5.197573782434444789e-01
5.818061076176320734e-01
4.871675588356473297e-01
5.818061076176320734e-01
5.581464704221359430e-01
6.183148954306538769e-01
6.419745326261501184e-01
6.632713890304889892e-01
8.875010867934132186e-01
7.412309637834504361e-01
8.165221752069246053e-01
8.805204236269403850e-01
8.863196963978344778e-01
7.764566859402438626e-01
8.254523574192255131e-01
8.332011492359479021e-01
7.513425363913300847e-01
7.339447180786475844e-01
8.433127218438275507e-01
8.522429040561285696e-01
7.723338102573389374e-01
8.479306042191432358e-01
8.049236296651361977e-01
7.675265037279429547e-01
6.330443504138490995e-01
7.660719913745251963e-01
5.907362898299330922e-01
7.858818748449555303e-01
9.763403628045038696e-01
9.010491513810297004e-01
7.424123541790290659e-01
1.845849548880007240e-01
5.633791310898901283e-01
4.108147286166226042e-01
4.576208999758260565e-01
0.000000000000000000e+00
7.680215104203534926e-01
3.843868868051791843e-01
5.809177694934606340e-01
1.845849548880007240e-01
6.451054420675569334e-01
5.007156234232639225e-01
2.082445920834969377e-01
5.709956210396615051e-01
5.203235524726906869e-01
1.845849548880007240e-01
0.000000000000000000e+00
5.531352566150594674e-01
2.714401114569375273e-01
4.437672528498793900e-01
0.000000000000000000e+00
7.020322303815651477e-02
7.020322303815651477e-02
4.730528821448906074e-01
7.020322303815651477e-02
7.020322303815651477e-02
0.000000000000000000e+00
3.363487681305276089e-01
7.020322303815651477e-02
0.000000000000000000e+00
7.020322303815651477e-02
2.714401114569375273e-01
7.020322303815651477e-02
1.159707769493465712e-01
0.000000000000000000e+00
0.000000000000000000e+00
4.628927054738186109e-01
4.782373766233463108e-01
1.813665242940881994e-01
6.050724133813674133e-01
2.714401114569375273e-01
0.000000000000000000e+00
1.845849548880007240e-01
0.000000000000000000e+00
4.143083428834890003e-01
4.250310805680288517e-01
0.000000000000000000e+00
7.020322303815651477e-02
5.724825939735701530e-01
7.769516926326545114e-01
4.013714433725326103e-01
0.000000000000000000e+00
7.928625380114283638e-01
5.138703565791195027e-01
0.000000000000000000e+00
3.363487681305276089e-01
4.665510821881270753e-01
1.159707769493465712e-01
7.020322303815651477e-02
0.000000000000000000e+00
0.000000000000000000e+00
0.000000000000000000e+00
3.141415034726143807e-01
0.000000000000000000e+00
0.000000000000000000e+00
0.000000000000000000e+00
2.627359066517197528e-01
0.000000000000000000e+00
0.000000000000000000e+00
3.126891309350314230e-01
0.000000000000000000e+00
4.392330682783224249e-01
7.020322303815651477e-02
0.000000000000000000e+00
3.192072479895847192e-01
6.485419340472938776e-01
7.020322303815651477e-02
4.782373766233463108e-01
7.059727810461658981e-01
5.581464704221358319e-01
3.540521689815401829e-01
4.066432488705252202e-01
3.126891309350314230e-01
4.724381038524521625e-01
3.955721706016384065e-01
2.714401114569375273e-01
4.292417051443647158e-01
3.304592321886148376e-01
7.020322303815651477e-02
1.813665242940881994e-01
6.834945342462483975e-01
7.020322303815651477e-02
3.930951842829086273e-01
4.584967078330746681e-01
1.519951354802035193e-01
4.724381038524521625e-01
8.064106025990448456e-01
5.003222919915029099e-01
