5.202547927802607663e-01
2.707771554278841641e-01
5.576069986400196132e-01
5.237190450215308823e-01
4.371247802062544485e-01
1.565011084528324103e-01
2.368626804644283768e-01
4.901865161507483748e-01
3.179015931893725555e-01
1.565011084528324103e-01
1.173474242099176168e-01
0.000000000000000000e+00
0.000000000000000000e+00
5.891562569699951291e-02
5.058802404996339819e-01
1.173474242099176168e-01
5.891562569699951291e-02
5.891562569699951291e-02
2.170778933787380349e-01
5.891562569699951291e-02
5.891562569699951291e-02
1.565011084528324103e-01
5.891562569699951291e-02
5.891562569699951291e-02
5.891562569699951291e-02
5.891562569699951291e-02
4.411337486265407559e-01
2.519742745764894654e-01
0.000000000000000000e+00
3.655110534007964818e-01
5.891562569699951291e-02
1.752774679592599971e-01
5.891562569699951291e-02
5.891562569699951291e-02
8.509691901580778151e-01
2.559610061816384730e-01
8.225953510883412534e-01
4.761871099709868438e-01
2.559610061816384730e-01
8.553289993120071211e-01
2.707771554278841086e-01
5.891562569699951291e-02
3.640168428413068091e-01
2.559610061816384730e-01
0.000000000000000000e+00
3.270797126021998125e-01
5.695663087866318364e-01
3.270797126021998125e-01
1.565011084528324103e-01
7.634273069099603015e-01
3.807957016869717437e-01
6.139360771593023181e-01
6.244178808923166457e-01
4.021262174291208580e-01
7.364359231504509218e-01
4.477035109902719467e-01
8.202609794840201030e-01
7.214097835821461357e-01
8.294656202418143609e-01
9.045710582675247080e-01
9.174147036050097626e-01
8.509691901580777040e-01
9.553602614233793755e-01
9.036335032829939662e-01
8.275905102727530993e-01
7.896449524543831533e-01
7.802235612862968850e-01
7.484274680471617591e-01
8.656879454646242422e-01
8.380997840059170034e-01
7.166571356227021683e-01
7.061606734061468549e-01
7.366263728552367995e-01
6.164883574473914996e-01
7.249370329125744972e-01
7.497578618372070514e-01
6.632055950938020583e-01
9.446084764652477039e-01
9.026959482984633354e-01
7.892906859801531727e-01
7.827082604711649294e-01
9.107205228467591951e-01
7.963391332126339428e-01
7.900377912598979258e-01
8.765900580033029188e-01
8.310127644421517745e-01
6.878339789753645794e-01
7.284968031459113647e-01
8.857946987610969547e-01
3.833498579226932712e-01
5.014784332738331241e-01
4.146882393195234773e-01
3.888248602493306061e-01
4.535713521224238876e-01
3.381534637711139935e-01
4.656941928856703217e-01
3.804028628814571378e-01
2.139100898302498110e-01
2.139100898302498110e-01
2.895535149343117509e-01
3.640168428413068091e-01
5.891562569699951291e-02
2.139100898302498110e-01
1.752774679592599971e-01
2.895535149343117509e-01
2.139100898302498110e-01
2.326864493366773978e-01
2.326864493366773978e-01
5.014784332738331241e-01
3.458560721086273437e-01
5.692963385826820266e-01
6.597833409244033831e-01
7.776013460374907593e-01
4.371247802062544485e-01
3.815617522903428926e-01
7.095443552442612933e-01
7.434580696774255593e-01
6.837195485053528810e-01
8.344350186115504497e-01
6.502812599625094059e-01
7.185971186285540213e-01
8.319503194266825163e-01
5.840425528682104961e-01
8.526682117319165366e-01
7.250487881618368213e-01
8.423092655792996375e-01
3.655110534007963707e-01
3.833498579226932712e-01
3.984614520347544708e-01
4.477035109902719467e-01
8.718374100438587293e-01
6.949209985391296973e-01
4.183272438992142184e-01
5.237190450215308823e-01
3.476737986718542173e-01
6.741478297567196076e-01
6.392173259926705597e-01
7.710189205285026270e-01
5.822628415005642877e-01
7.955776666233257410e-01
6.829195095847603314e-01
6.347200007748030615e-01
6.553714702502918543e-01
5.622367779978988400e-01
6.542434655609753458e-01
5.317710785488088954e-01
6.985857639334962510e-01
6.573682795262745238e-01
8.534538893429456374e-01
7.395607371157500998e-01
8.530610505374310870e-01
8.131739599202549851e-01
7.355838227096765936e-01
9.411862222958490287e-01
8.356150848210488480e-01
5.166320254577657645e-01
4.827020737674055373e-01
5.644789659577992280e-01
6.385919200198469925e-01
4.568386946972127771e-01
4.535713521224238876e-01
4.183484206998268617e-01
3.083033530957722257e-01
5.809856785253444400e-01
1.880467107600570231e-01
2.707506340829169966e-01
7.588249865310631170e-01
6.727223848633034908e-01
6.020316849706542905e-01
3.583591608002406614e-01
5.240744697692371057e-01
3.476737986718542173e-01
3.264641238284516356e-01
2.326864493366773978e-01
4.997324740847059465e-01
2.449137763576913485e-01
4.330444494128060651e-01
4.213551094701437627e-01
8.000424709382848443e-01
3.815617522903428371e-01
0.000000000000000000e+00
4.921022881348792732e-01
5.367805990427839680e-01
1.880467107600570231e-01
2.144480769086014316e-01
3.627853927839153059e-01
8.051493853719590144e-01
2.313508762389221984e-01
1.565011084528324103e-01
6.831620208097279878e-01
2.970560998971588651e-01
1.173474242099176168e-01
4.309753156270199614e-01
6.873843138997192126e-01
4.837090858027898177e-01
5.386155868876063568e-01
5.388306391335919709e-01
3.381534637711139935e-01
8.527067840632009954e-01
6.461668294924977074e-01
7.980623658081936744e-01
8.260433660724156857e-01
8.214410456935185012e-01
5.317436195698268531e-01
5.940071104223584308e-01
7.704757541424411826e-01
7.820132167116020661e-01
6.301745066660364714e-01
5.505199790762542733e-01
7.891002362753671839e-01
9.892482150418683284e-01
7.524850722470427522e-01
8.507266789331101586e-01
9.224098627894216085e-01
9.775588750992059150e-01
9.365839019169519553e-01
8.459740309736659691e-01
7.437133924190020284e-01
8.578136984968751655e-01
8.534538893429457485e-01
8.660807842701389037e-01
8.168387253146214277e-01
8.553289993120072321e-01
8.036022411716216007e-01
8.268048326617238875e-01
8.097517057508563099e-01
9.507579410444824131e-01
8.580562097218429329e-01
8.380997840059170034e-01
9.892482150418683284e-01
8.642056743010774200e-01
7.731365417225317671e-01
8.262601164827078071e-01
7.284968031459113647e-01
8.835267499865211427e-01
9.402486673113182869e-01
9.178075424105244240e-01
9.925201416307198876e-01
8.610856250857270577e-01
9.224098627894216085e-01
9.436709214807171842e-01
8.340679406207116564e-01
9.695343005509099443e-01
8.727749650283894711e-01
9.214723078048908667e-01
8.390373389904475232e-01
9.482732418596143686e-01
9.679871563505725307e-01
8.294656202418145829e-01
4.289271514838443600e-01
4.735668900604647624e-01
4.191144713031980107e-01
4.191144713031980107e-01
3.640168428413068091e-01
3.270797126021998125e-01
7.892906859801531727e-01
7.062981894700850471e-01
5.175970394212784376e-01
4.599633279266260866e-01
4.455467775741279723e-01
7.367638889191749918e-01
6.765939566103031932e-01
8.159011703300906859e-01
5.085654528375983530e-01
5.388306391335919709e-01
7.484274680471617591e-01
3.932510922330052505e-01
5.545401692183270503e-01
5.317436195698268531e-01
9.116580778312897149e-01
6.469139347722424604e-01
8.152915811142840141e-01
6.043111275958437112e-01
1.880467107600570231e-01
7.834954878751487772e-01
5.864154968038161053e-01
4.605729171424327029e-01
8.716206596335667189e-01
9.361910631114374048e-01
7.554027323616643308e-01
5.880726980891095579e-01
4.735668900604647624e-01
3.083033530957722257e-01
8.610856250857270577e-01
8.695030384395375789e-01
8.839195887920359151e-01
8.051493853719590144e-01
8.798619845921545890e-01
8.731678038339042436e-01
8.793172684131387307e-01
8.356150848210488480e-01
7.776013460374907593e-01
6.137210249133167039e-01
6.273904699860700651e-01
8.869490041559198179e-01
4.477035109902719467e-01
7.334662015156474535e-01
4.901865161507483748e-01
2.925761702099629602e-01
8.385327449356705376e-01
4.224802467005103201e-01
5.891562569699951291e-02
6.764420792368017743e-01
8.168387253146214277e-01
6.112363257284486595e-01
3.746462371077372011e-01
2.144480769086014316e-01
5.934639440362969864e-01
9.294968823531866153e-01
2.895269935893445834e-01
0.000000000000000000e+00
9.026959482984633354e-01
4.483436257707030248e-01
5.891562569699951291e-02
8.528443001271391877e-01
7.346462677251459628e-01
1.565011084528324103e-01
5.681437313521656707e-01
6.643856613033003455e-01
8.223786006780492430e-01
3.616265033750295510e-01
7.635648229738984938e-01
8.331303856361809146e-01
6.003342131897702050e-01
7.317687297347632569e-01
8.463668697791805196e-01
7.919129012289591873e-01
8.164458865091066553e-01
4.112614011360616884e-01
8.356150848210488480e-01
7.783484513172356234e-01
8.919441633403316638e-01
5.832553254642267593e-01
9.553602614233795975e-01
8.088141507663253460e-01
6.722727197876581240e-01
8.811923783821999923e-01
8.281352264517690687e-01
7.951848278178110796e-01
9.516954960290130439e-01
8.268048326617238875e-01
9.116580778312899369e-01
9.258321169588200616e-01
7.444604976987467815e-01
9.026959482984632244e-01
8.839195887920356931e-01
8.647503904800937224e-01
8.352222460155341865e-01
9.285593273686558735e-01
9.258321169588202837e-01
9.258321169588202837e-01
8.882793979459651101e-01
4.512776425331721519e-01
5.881001570680916002e-01
2.925761702099629602e-01
5.891562569699951291e-02
7.020080181028949262e-01
6.869914750942047732e-01
8.078765957817948262e-01
8.201106519034733200e-01
7.078453336704223497e-01
7.185971186285541323e-01
8.857946987610969547e-01
8.294656202418145829e-01
3.655110534007964818e-01
7.407957323043803388e-01
7.497578618372070514e-01
6.230874871022713535e-01
8.225953510883413644e-01
8.036022411716218228e-01
7.554027323616644418e-01
6.832316585964672839e-01
8.848571437765664349e-01
5.926217876531812978e-01
7.967319720181484932e-01
8.260433660724159077e-01
7.395607371157500998e-01
5.099410926567761182e-01
5.168499341415336845e-01
2.326864493366773978e-01
5.166320254577656534e-01
5.240744697692371057e-01
5.517418655742982736e-01
7.829507716961328079e-01
8.526682117319165366e-01
7.662662725690586596e-01
3.984614520347543598e-01
5.616271887820921682e-01
9.365839019169519553e-01
8.493962851430647554e-01
4.461707280994978708e-01
5.775101935411202092e-01
8.151540650503459329e-01
6.798094044270686087e-01
3.012163335320069968e-01
7.065149398803770575e-01
6.122788758740089765e-01
7.894282020440912540e-01
7.026334240757184935e-01
5.052981102628094634e-01
4.794347311926167032e-01
2.925761702099629602e-01
3.012163335320069968e-01
2.707506340829169966e-01
2.368626804644283768e-01
2.707771554278841641e-01
2.520007959214565774e-01
2.707771554278841641e-01
2.144480769086014316e-01
7.258360155658207802e-01
8.614784638912418302e-01
2.520007959214565774e-01
9.024534370734954569e-01
6.840738149795829726e-01
8.885219091709328776e-01
7.258360155658207802e-01
6.714726808670656855e-01
7.266216931768498810e-01
7.158699082187183205e-01
7.777388621014289516e-01
4.547905305540371756e-01
3.012163335320069968e-01
7.669016225995408664e-01
7.407957323043803388e-01
2.824399740255794100e-01
1.173474242099176168e-01
7.896449524543831533e-01
3.518010406584745065e-01
4.224802467005103201e-01
4.735668900604647069e-01
6.758324900209951025e-01
2.520007959214565774e-01
1.752774679592599971e-01
4.738690950145130754e-01
7.742908471173545193e-01
6.869914750942047732e-01
6.339199618542105119e-01
3.932510922330052505e-01
5.240744697692369947e-01
8.003967374125150469e-01
5.424954045279585246e-01
5.587338340346926779e-01
4.901865161507483748e-01
5.237190450215308823e-01
5.437029297164390762e-01
6.532152767249784775e-01
6.151436023477828696e-01
7.518754830312360804e-01
7.258745878971051280e-01
7.706518425376637227e-01
3.744747327265776637e-01
8.722302488493735018e-01
6.137210249133167039e-01
9.446084764652479260e-01
7.561498376414091949e-01
6.339199618542104009e-01
7.754709133268529175e-01
7.329616074608703569e-01
3.076877643220240488e-01
8.601480701011965380e-01
9.143852882411257488e-01
7.838883266806634387e-01
7.383110331195122944e-01
7.283207147506888246e-01
9.365839019169519553e-01
5.891562569699951291e-02
8.036022411716216007e-01
7.446123750722484225e-01
1.173474242099176168e-01
3.833498579226932712e-01
9.750741759143378706e-01
7.426708422734418225e-01
4.146836553054603636e-01
6.534963602812305927e-01
8.352222460155341865e-01
7.090253998799208590e-01
5.239369537052989134e-01
9.036335032829940772e-01
7.703238767689397637e-01
6.339199618542105119e-01
9.258321169588202837e-01
9.624472809871447154e-01
8.656879454646242422e-01
7.534226272315734940e-01
7.546026934410718923e-01
6.986808150368671866e-01
7.626015071746921059e-01
3.574864788525005665e-01
5.468277436817382542e-01
1.880467107600570231e-01
6.390412375974480197e-01
3.705774001649021487e-01
5.644789659577992280e-01
6.670608101929542677e-01
5.891562569699951291e-02
3.208163858450441830e-01
2.449137763576913485e-01
6.403716313874933119e-01
6.829195095847602204e-01
4.750749220386872862e-01
7.447884634674708515e-01
8.319503194266826274e-01
7.395607371157500998e-01
6.431942403987441770e-01
5.892802232775901095e-01
7.212722675182079435e-01
8.764397304227559138e-01
8.685654834550068371e-01
9.304344373377174682e-01
8.965464837192288483e-01
7.813778666811197482e-01
2.925761702099629602e-01
6.927337395583612611e-01
1.565011084528324103e-01
1.565011084528324103e-01
0.000000000000000000e+00
5.262713253096200638e-01
5.886448732471077916e-01
5.568487800079724437e-01
5.356783551681431055e-01
7.317687297347632569e-01
8.294656202418145829e-01
5.315285673238411279e-01
5.376780319030757260e-01
4.151860732860675474e-01
4.191144713031980107e-01
6.533913651202010175e-01
4.172378115411820576e-01
7.129923702283355036e-01
7.470970742571163559e-01
4.294976284775361419e-01
7.266216931768498810e-01
6.980311036968213090e-01
6.910490792940857663e-01
3.627853927839153059e-01
7.517379669672979992e-01
4.535713521224238876e-01
2.707506340829170521e-01
2.519742745764894654e-01
1.752774679592599971e-01
3.574864788525005665e-01
6.656902942786699917e-01
2.707506340829170521e-01
5.733165287247545816e-01
2.139100898302498110e-01
6.091187045344196305e-01
6.390412375974481307e-01
5.891562569699951291e-02
3.076877643220240488e-01
2.707506340829169966e-01
5.934639440362969864e-01
6.210505557020495893e-01
0.000000000000000000e+00
5.046030665032464890e-01
6.343271619692884000e-01
1.575810113109671062e-01
8.189563465086504568e-01
5.185088335911335333e-01
7.524850722470427522e-01
6.578175971038756620e-01
8.718374100438587293e-01
9.162603982101871214e-01
8.539986055219618288e-01
6.533913651202010175e-01
6.080565827840176407e-01
5.527896260151368146e-01
7.426708422734417114e-01
7.275592481613807339e-01
3.888248602493306061e-01
6.578175971038756620e-01
1.752774679592599971e-01
4.559011397126820908e-01
5.286767901481342902e-01
3.264641238284515801e-01
7.834954878751487772e-01
6.395844039835094641e-01
3.476737986718542173e-01
6.920983895278789433e-01
7.229569277824835494e-01
2.925761702099629602e-01
3.926399532242439983e-01
7.111172602592743530e-01
6.732102747721888658e-01
6.967007099067761278e-01
8.356150848210488480e-01
6.733220300214513010e-01
4.112614011360616884e-01
5.647214771827668844e-01
6.568800421193449202e-01
4.664798704966995890e-01
1.173474242099176168e-01
5.137398289838419618e-01
6.798094044270686087e-01
7.056727834972614799e-01
5.832553254642268703e-01
8.601480701011965380e-01
9.097829678622284533e-01
4.991161247806663592e-01
4.191144713031980107e-01
5.397407241179729143e-01
9.633848359716754572e-01
4.289271514838443600e-01
4.921022881348792177e-01
7.685342213436344716e-01
9.329191365225854016e-01
3.640168428413068646e-01
7.000112088269123678e-01
6.927337395583612611e-01
8.530610505374313091e-01
5.529772082609726302e-01
6.351696658504482063e-01
9.132052220316274616e-01
5.940071104223585419e-01
7.488203068526763095e-01
8.159011703300907969e-01
7.182042798230394709e-01
7.817707054866342986e-01
7.909753462444286676e-01
8.001542261875472795e-01
7.000112088269123678e-01
7.512500770584124021e-01
8.919441633403316638e-01
7.505450892411908992e-01
8.275905102727530993e-01
7.256841381923193612e-01
7.965152216078563718e-01
8.248632998629171764e-01
6.131778585272552595e-01
8.340679406207115454e-01
6.690576194689369371e-01
6.490315559662716005e-01
7.366263728552369106e-01
4.005096161779299613e-01
6.390412375974481307e-01
4.191144713031980107e-01
3.807957016869717437e-01
4.360141710476096444e-01
6.395844039835095751e-01
1.880467107600570231e-01
6.986808150368671866e-01
7.863730258655314831e-01
3.288974391654265750e-01
5.239369537052989134e-01
6.877385803739495262e-01
6.868964239908339486e-01
3.995508843927865761e-01
3.911319212460214190e-01
4.735668900604647069e-01
3.288974391654265750e-01
3.833498579226933267e-01
3.266279405978959605e-01
4.754145410505440372e-01
5.891562569699951291e-02
7.887073974698526335e-01
6.091187045344196305e-01
6.670222378616700309e-01
7.016958690911878627e-01
9.178075424105243130e-01
8.202609794840201030e-01
7.238944827670141802e-01
4.669971276967335161e-01
8.080284731552961341e-01
6.524538101356702757e-01
7.530297884260588326e-01
6.917961845738306303e-01
8.000424709382848443e-01
6.453667905719050468e-01
3.501178358416527359e-01
4.495511619803512771e-01
7.317687297347632569e-01
4.673899665022481775e-01
6.007270519952847554e-01
6.085755381483579640e-01
4.677453912499542898e-01
6.193273231064897466e-01
3.698434035757437455e-01
3.640168428413068091e-01
4.858267069968188467e-01
6.490315559662716005e-01
4.289271514838443600e-01
4.735668900604647624e-01
5.166320254577657645e-01
4.192859756843576036e-01
4.482207681903059293e-01
4.192859756843576036e-01
7.951848278178113016e-01
6.310166630491521600e-01
3.381534637711139935e-01
4.800168614294412772e-01
3.270797126021997570e-01
6.315049004560817636e-01
2.895535149343117509e-01
3.012163335320069968e-01
5.695663087866317253e-01
4.172378115411819466e-01
8.352222460155344086e-01
6.193273231064897466e-01
7.136973580455573396e-01
6.173308613285514168e-01
5.099410926567761182e-01
9.294968823531866153e-01
6.156883185267989500e-01
3.288974391654266305e-01
7.555144876109268770e-01
5.127522078174135967e-01
6.064836777690046921e-01
7.484274680471616481e-01
9.024534370734954569e-01
4.671199852771307226e-01
5.676005649661042263e-01
3.208163858450441830e-01
4.750749220386871752e-01
3.972422736031411272e-01
6.388893602239466007e-01
3.833498579226932712e-01
5.891562569699951291e-02
6.607208959089340139e-01
8.530610505374313091e-01
8.919441633403315528e-01
8.070909181707656144e-01
9.023031094929484519e-01
9.741366209298072398e-01
1.000000000000000000e+00
9.938505354207652909e-01
7.933097178487498180e-01
8.340679406207115454e-01
6.234803259077857929e-01
5.493673718457381394e-01
4.982110906990442900e-01
8.534538893429459705e-01
8.534538893429457485e-01
9.057253636623475712e-01
8.155083315245761355e-01
7.834954878751486662e-01
8.553289993120071211e-01
8.539986055219620509e-01
7.629943459802066563e-01
9.178075424105244240e-01
6.225585876802721685e-01
7.296511085407341168e-01
7.943976004138273428e-01
7.108747490343064745e-01
2.707771554278841641e-01
2.707506340829170521e-01
2.707506340829170521e-01
2.737998107035353179e-01
3.076877643220240488e-01
7.946401116387949992e-01
8.681726446494923977e-01
7.225640889769688879e-01
7.735958033577915449e-01
5.446934183418173925e-01
9.026959482984633354e-01
5.934639440362969864e-01
3.836503647124352434e-01
4.789564378433457947e-01
6.819819546002295896e-01
1.752774679592599971e-01
4.652448753080692390e-01
8.789244296076240692e-01
5.763833581464472555e-01
5.014784332738331241e-01
3.208713148241760793e-01
8.915513245348170024e-01
4.021262174291208580e-01
4.897890933311707662e-01
7.373734781349816636e-01
5.014784332738331241e-01
3.640168428413068091e-01
6.949209985391296973e-01
5.832553254642267593e-01
8.205034907089877594e-01
8.977007891140514895e-01
5.357638097118994081e-01
6.578175971038755510e-01
8.159011703300906859e-01
6.407644701930079734e-01
9.549674226178647141e-01
5.503971104746896437e-01
6.043111275958437112e-01
7.699310379634251023e-01
8.177762802991521696e-01
6.539460253568758485e-01
5.517971420514743430e-01
7.400486270246355858e-01
6.761446390327021660e-01
5.144869342635868259e-01
4.495511619803512771e-01
6.722727197876582350e-01
4.146882393195233663e-01
8.195659357244572396e-01
7.400486270246355858e-01
8.402174051999460325e-01
8.143540261297534943e-01
8.681726446494923977e-01
8.047565465664444639e-01
9.304344373377174682e-01
8.919441633403316638e-01
9.821611954781028775e-01
8.946713737501674757e-01
9.446084764652477039e-01
9.400061560863506305e-01
8.756525030187719549e-01
9.365839019169517332e-01
7.814036274957955053e-01
8.319503194266822943e-01
8.836770775670679257e-01
8.260433660724156857e-01
9.162603982101871214e-01
7.943976004138273428e-01
2.707771554278841086e-01
6.453667905719051578e-01
3.926399532242439983e-01
8.411549601844767743e-01
8.235329060728721062e-01
6.196084066627419729e-01
7.626015071746921059e-01
8.352222460155345196e-01
7.812275391005728542e-01
9.178075424105243130e-01
5.089628756571759061e-01
8.798619845921545890e-01
5.424954045279585246e-01
8.235329060728719952e-01
7.250745489765126894e-01
8.722302488493732797e-01
4.710127338247431794e-01
4.710127338247431794e-01
7.442179864737791251e-01
8.454293147946499998e-01
5.058802404996339819e-01
2.707771554278841086e-01
4.535713521224238876e-01
5.240744697692371057e-01
1.752774679592599971e-01
4.334645988259510085e-01
3.807957016869717437e-01
7.453980526832775233e-01
5.573919463940339991e-01
5.832553254642267593e-01
4.901865161507483748e-01
7.768013071168983208e-01
7.951848278178113016e-01
6.643856613033003455e-01
8.869490041559198179e-01
8.223786006780492430e-01
7.287135535562033750e-01
9.670496013660417889e-01
8.530610505374313091e-01
8.953664175097303390e-01
8.085716395413576896e-01
3.574864788525005665e-01
1.575810113109671062e-01
2.139100898302498110e-01
1.575810113109671062e-01
2.139100898302498110e-01
1.951337303238222520e-01
1.575810113109671062e-01
2.139100898302498110e-01
2.139100898302498110e-01
1.880467107600570231e-01
1.880467107600570231e-01
1.880467107600570231e-01
1.880467107600570231e-01
1.880467107600570231e-01
7.614472017798693537e-01
8.457572805633739588e-01
4.800168614294412772e-01
5.403503133337795861e-01
1.880467107600570231e-01
4.921022881348792732e-01
3.270797126021997570e-01
8.802548233976694725e-01
7.472731626523388959e-01
2.520007959214565774e-01
4.522363743183155371e-01
8.047565465664444639e-01
7.934600454292966010e-01
5.785284383194584379e-01
4.351620706068352051e-01
7.943976004138273428e-01
4.230201981295775848e-01
5.317436195698268531e-01
6.273904699860700651e-01
7.777388621014289516e-01
