3.059595353525070838e-01
2.885594636928759393e-01
3.233596070121381727e-01
3.233596070121381727e-01
3.738235918495214083e-01
4.434238784880458750e-01
4.741179800666350808e-01
5.515229403250939688e-01
4.993227253462007575e-01
4.710901303432406539e-01
5.754905603010274096e-01
5.406904169817651207e-01
5.341228686654629909e-01
6.472302389319279925e-01
7.055816191659919356e-01
6.741776177056393315e-01
7.084637568132978735e-01
6.670960651777335659e-01
7.432639001325600514e-01
6.630558255522235322e-01
7.376624841080525741e-01
7.331609012338954345e-01
7.608887071937081581e-01
8.236967101144135883e-01
7.095573253829320359e-01
7.626263735299427804e-01
8.236967101144135883e-01
8.215949996532090349e-01
8.638315244568904872e-01
9.399993594117170836e-01
8.781994983825820444e-01
8.924281635848205774e-01
1.096272379242160394e-01
9.222716626458492273e-02
9.222716626458492273e-02
9.222716626458492273e-02
9.222716626458492273e-02
9.222716626458492273e-02
9.222716626458492273e-02
1.096272379242160394e-01
9.222716626458492273e-02
9.222716626458492273e-02
9.222716626458492273e-02
1.224083540475708193e-01
1.224083540475708193e-01
1.224083540475708193e-01
1.224083540475708193e-01
1.224083540475708193e-01
1.224083540475708193e-01
1.463759740235040796e-01
1.224083540475708193e-01
1.224083540475708193e-01
1.224083540475708193e-01
1.224083540475708193e-01
1.637760456831351963e-01
1.463759740235040796e-01
1.463759740235040796e-01
1.463759740235040796e-01
1.096272379242160394e-01
1.096272379242160394e-01
9.222716626458492273e-02
9.222716626458492273e-02
9.222716626458492273e-02
5.503006701635883985e-02
5.503006701635883985e-02
9.197919254196633698e-01
8.368318067470177368e-01
8.847670466988842852e-01
8.533630452385316811e-01
8.567591870974410329e-01
7.797225189744974028e-01
9.643310235126203445e-01
8.325668317199911295e-01
9.023918537600322809e-01
8.572639761405884684e-01
6.237659718044176183e-01
8.247664061106015909e-01
2.000598051271355315e-01
2.000598051271355315e-01
2.000598051271355315e-01
2.706608388546017929e-01
3.059595353525070283e-01
3.233596070121381727e-01
5.503006701635883985e-02
1.096272379242160394e-01
1.463759740235040796e-01
1.463759740235040796e-01
1.637760456831351963e-01
1.463759740235040796e-01
1.224083540475708193e-01
1.224083540475708193e-01
1.224083540475708193e-01
1.463759740235040796e-01
9.222716626458492273e-02
1.096272379242160394e-01
1.096272379242160394e-01
1.096272379242160394e-01
9.222716626458492273e-02
5.503006701635883985e-02
5.503006701635883985e-02
5.503006701635883985e-02
5.503006701635883985e-02
5.503006701635883985e-02
5.503006701635883985e-02
5.503006701635883985e-02
5.503006701635883985e-02
5.503006701635883985e-02
5.503006701635883985e-02
5.503006701635883985e-02
5.503006701635883985e-02
5.503006701635883985e-02
5.503006701635883985e-02
5.503006701635883985e-02
5.503006701635883985e-02
5.503006701635883985e-02
3.059349579948579811e-01
4.416847759570868281e-01
5.089181233858971476e-01
4.427139786062823656e-01
6.195009967773907888e-01
5.936802743152160833e-01
7.415262337963256511e-01
6.693986384670088663e-01
8.293954252625982404e-01
8.629626912887733425e-01
7.976273796772755942e-01
8.393591154378099439e-01
7.649289468192179697e-01
8.293954252625984624e-01
9.089594020763342996e-01
8.185629019192693923e-01
6.802311618103377144e-01
7.697588287992854772e-01
6.429652639049011631e-01
1.096272379242160394e-01
5.503006701635883985e-02
5.503006701635883985e-02
2.174598767867666205e-01
5.503006701635883985e-02
5.503006701635883985e-02
1.096272379242160394e-01
5.650836351872861041e-01
1.096272379242160394e-01
5.503006701635883985e-02
5.503006701635883985e-02
1.760921851512022573e-01
1.760921851512022573e-01
5.503006701635883985e-02
0.000000000000000000e+00
0.000000000000000000e+00
2.819919153765738096e-01
1.826597334675044149e-01
0.000000000000000000e+00
4.281002085214486441e-01
3.457888497892989133e-01
0.000000000000000000e+00
1.224083540475708193e-01
5.503006701635883985e-02
1.096272379242160394e-01
5.503006701635883985e-02
2.745309565345053215e-01
0.000000000000000000e+00
2.819919153765738096e-01
0.000000000000000000e+00
0.000000000000000000e+00
0.000000000000000000e+00
9.222716626458492273e-02
0.000000000000000000e+00
0.000000000000000000e+00
1.826597334675044149e-01
2.885348863352268367e-01
2.396761997593325477e-01
0.000000000000000000e+00
0.000000000000000000e+00
4.075497911620502567e-01
0.000000000000000000e+00
5.503006701635883985e-02
0.000000000000000000e+00
1.884240087621160964e-01
1.463759740235040796e-01
0.000000000000000000e+00
4.519285197739289495e-01
1.096272379242160394e-01
0.000000000000000000e+00
0.000000000000000000e+00
5.503006701635883985e-02
0.000000000000000000e+00
0.000000000000000000e+00
0.000000000000000000e+00
0.000000000000000000e+00
1.696565507557246666e-01
0.000000000000000000e+00
0.000000000000000000e+00
9.222716626458492273e-02
5.503006701635883985e-02
0.000000000000000000e+00
5.503006701635883985e-02
5.503006701635883985e-02
5.597980178234687187e-01
5.503006701635883985e-02
0.000000000000000000e+00
0.000000000000000000e+00
5.175614930197870445e-01
4.861729713086067051e-01
2.537593203736137615e-01
5.848746861182084755e-01
5.378591820758963360e-01
6.889619746924623422e-01
7.354634745231707349e-01
5.092864155214124056e-01
5.263181950455283475e-01
5.689230119847251688e-01
5.263181950455283475e-01
4.675504317503327845e-01
4.427139786062822546e-01
4.427139786062823656e-01
4.918863438617813166e-01
5.651974976466841438e-01
5.019654701869998847e-01
5.828477509718871241e-01
5.936802743152160833e-01
7.523587571396544993e-01
6.653583988414989436e-01
8.521301679454444944e-01
7.528635461828018238e-01
8.932969967529378330e-01
8.607994267229510665e-01
7.974265168492047362e-01
9.412322367048044924e-01
7.903303069163094552e-01
7.439934245772242827e-01
7.768311661587350425e-01
9.087346666748175039e-01
7.759623329906178979e-01
7.690664855684052892e-01
7.740238038263124176e-01
8.316979985518737628e-01
7.617575403618255248e-01
5.470947840011681773e-01
6.844961368373645438e-01
3.496298002773466918e-01
1.224083540475708193e-01
2.561963740003506129e-01
4.542295193725955915e-01
3.523174784492172362e-01
8.185629019192693923e-01
0.000000000000000000e+00
0.000000000000000000e+00
1.096272379242160394e-01
5.622280273905836401e-01
1.760921851512022573e-01
3.589493926859581019e-01
0.000000000000000000e+00
5.503006701635883985e-02
2.358606955353395873e-01
2.745309565345053215e-01
8.703990727731929500e-01
3.683972295675266295e-01
4.242847042974556837e-01
5.446514657937154835e-01
5.529328078728059648e-01
5.999976409659464327e-01
4.525172993004157873e-01
7.449223756552350029e-01
5.476835635276550152e-01
4.673646160051997955e-01
3.059595353525070838e-01
5.760300209900131030e-01
6.011166557996355797e-01
7.432639001325601624e-01
7.498314484488622922e-01
7.268299607647236149e-01
7.691939218462449102e-01
8.641955685818606403e-01
7.445583315302650718e-01
8.105616134818092178e-01
8.881631885577937480e-01
7.867948563339467460e-01
7.311984994961439055e-01
8.812315961165215761e-01
7.214595447224492197e-01
7.587015700544397223e-01
7.968978552326114739e-01
8.911952862917332796e-01
7.342663422491431113e-01
7.837627586000071034e-01
8.319227339533905585e-01
9.206607585877807365e-01
8.858606152685184476e-01
8.567591870974411439e-01
8.781994983825820444e-01
8.476643300903468070e-01
9.577634751963182147e-01
8.327915671215079252e-01
8.979021433314886558e-01
8.410967817740445662e-01
8.707631168981627701e-01
8.194317350873865369e-01
9.859960701992782628e-01
8.572639761405884684e-01
8.119953536029673735e-01
8.393591154378099439e-01
8.205253036570208103e-01
8.425305218952024999e-01
5.830242409091240807e-01
8.002939970915209367e-01
8.111265204348500069e-01
7.763263771155877180e-01
6.646303105915591924e-01
6.124300956126658146e-01
6.603653355645322520e-01
6.504856358726600618e-01
8.519293051173735254e-01
7.626263735299427804e-01
8.561942801444003548e-01
7.377899203858920840e-01
7.763263771155877180e-01
5.974957785392090992e-01
7.507618357215972704e-01
7.445583315302650718e-01
7.193578342612446663e-01
7.864308122089769260e-01
7.276630489137813074e-01
8.391343800362931482e-01
7.491873506822617212e-01
8.213941368251380659e-01
7.168305255704523482e-01
6.239652609418797624e-01
7.540964234758890106e-01
7.733314605954321186e-01
6.712336039269207744e-01
7.550625557676837740e-01
4.426943540433814772e-01
4.416847759570867726e-01
4.416847759570868281e-01
4.525172993004156763e-01
7.662233782169229901e-01
5.339596873685639178e-01
6.328099260700749129e-01
2.292931472190374576e-01
1.096272379242160394e-01
1.637760456831351963e-01
1.637760456831351963e-01
5.503006701635883985e-02
5.503006701635883985e-02
1.096272379242160394e-01
1.637760456831351963e-01
3.087606331042138108e-01
4.022151201388353137e-01
4.459497509841136020e-01
5.781333051418264812e-01
2.537593203736137615e-01
1.637760456831351963e-01
7.867948563339467460e-01
6.065906355463034361e-01
7.385313172761698297e-01
6.402463075544942983e-01
7.498314484488622922e-01
8.215949996532089239e-01
7.343937785269826213e-01
7.733314605954321186e-01
7.260885638744458692e-01
8.194317350873867589e-01
8.955995700422133554e-01
7.831186608334067545e-01
6.573332378305927204e-01
7.805913521426145474e-01
7.366963518162578106e-01
6.916657733204915059e-01
8.595665494298638798e-01
7.697588287992856992e-01
6.088423060941416942e-01
5.945252349098872902e-01
1.637760456831351963e-01
1.637760456831351963e-01
2.174598767867666205e-01
1.637760456831351963e-01
1.224083540475708193e-01
1.096272379242160394e-01
2.000598051271355315e-01
1.096272379242160394e-01
5.503006701635883985e-02
1.637760456831351963e-01
3.772197337084309265e-01
3.589493926859581019e-01
3.167674813381869403e-01
4.261827401147685879e-01
4.177171559811535539e-01
2.000598051271355315e-01
6.296894223541193991e-01
3.763494643455892463e-01
4.231548903913741611e-01
4.279593261073868504e-01
7.759623329906178979e-01
4.915180517262661142e-01
4.824621143755555841e-01
7.258638284729289625e-01
5.263181950455283475e-01
1.096272379242160394e-01
4.938849909359800949e-01
5.541656851658931515e-01
7.276987939328408705e-01
3.772197337084310376e-01
4.679187238858480424e-01
6.356920637173808508e-01
7.550625557676837740e-01
7.597951386240739957e-01
7.132936387933654920e-01
8.741592587570722328e-01
8.011628302596383033e-01
9.012982851903981185e-01
8.572639761405884684e-01
8.153914954618767252e-01
7.907315322550632075e-01
8.519293051173735254e-01
7.954641151114534292e-01
8.947307368740957667e-01
7.865939935058758881e-01
8.693293767770047253e-01
9.172646167288711627e-01
7.583613985029159510e-01
8.324275229965378831e-01
9.477997850211066222e-01
8.824644734096088738e-01
8.398639044809574905e-01
7.839874940015240101e-01
9.220944987089386702e-01
7.979914238022457473e-01
9.412322367048042704e-01
8.693293767770047253e-01
8.584968534336756552e-01
8.041949279935778350e-01
9.098282352444516663e-01
8.535877806400484769e-01
7.631912804829833474e-01
8.758969250933067441e-01
8.955995700422133554e-01
9.403634035366869037e-01
8.141586181687895385e-01
8.327915671215079252e-01
3.857973012271577740e-01
3.749647778838287593e-01
3.683972295675266295e-01
7.814601853107316920e-01
6.813247303799719878e-01
7.392236605070503508e-01
7.411621896713554980e-01
8.989957119011225961e-01
8.567591870974410329e-01
8.393591154378100549e-01
7.654938537722586478e-01
5.551199450120744006e-01
7.200859225111844175e-01
7.349586854800234104e-01
7.688899956311683326e-01
7.102987222732098926e-01
6.854622691291594183e-01
5.706969236574069848e-01
5.880969953170380737e-01
6.084256010062154552e-01
1.696565507557246666e-01
6.052541945488228992e-01
1.463759740235040796e-01
4.963131514210554207e-01
2.922293946127000330e-01
5.552083509940903827e-01
2.174598767867666205e-01
2.292931472190374576e-01
2.927998613622536661e-01
5.023505750695950178e-01
3.912236635091524972e-01
4.361464302899801804e-01
8.219590437781788550e-01
4.231548903913741611e-01
1.760921851512022573e-01
7.024982966638204651e-01
3.780885668765481822e-01
1.463759740235040796e-01
3.523174784492172917e-01
8.219590437781788550e-01
6.924974252748248293e-01
7.028623407887903962e-01
5.303973543274220770e-01
8.368318067470179589e-01
7.901909981928562088e-01
6.356920637173807398e-01
7.383548273389328731e-01
4.219177650877417030e-01
2.174598767867666205e-01
5.232903453221341428e-01
5.543649743033552957e-01
1.096272379242160394e-01
4.853187955454791314e-01
4.915180517262661142e-01
4.699173709600468207e-01
3.894845609781935059e-01
4.699173709600468207e-01
4.003170843215224650e-01
4.699173709600468207e-01
4.242847042974556837e-01
3.928807028371030796e-01
4.242847042974556837e-01
3.937495360052203353e-01
4.102807744967341130e-01
3.937495360052203353e-01
4.102807744967341130e-01
5.023505750695950178e-01
4.601140502659133991e-01
5.371507183888573067e-01
4.675504317503328955e-01
5.197506467292261068e-01
4.915180517262661142e-01
5.437182667051594365e-01
4.915180517262661142e-01
4.741179800666349697e-01
4.915180517262661142e-01
4.435828117743996768e-01
4.567179084070039363e-01
4.915180517262661142e-01
4.741179800666349697e-01
4.915180517262661142e-01
4.601140502659135101e-01
5.023505750695950178e-01
4.567221564175492077e-01
5.717650459629864956e-01
5.238298060111198362e-01
6.881815475063609577e-01
6.088423060941416942e-01
5.910781903095406742e-01
6.858789742170855463e-01
6.642139275304276280e-01
7.010273753288783771e-01
7.118598986722073363e-01
7.324313767892309812e-01
6.713610402047602843e-01
6.662272320096161993e-01
7.714964951355200995e-01
8.020316634277554479e-01
6.454310184910755366e-01
8.146991522309964262e-01
8.038666288876674670e-01
7.898626990869458409e-01
7.550625557676837740e-01
6.539609685451291954e-01
8.629626912887733425e-01
8.398639044809572685e-01
7.392236605070501287e-01
7.268299607647236149e-01
8.867294484366358143e-01
9.172646167288711627e-01
9.446283785637137331e-01
7.697588287992856992e-01
8.781994983825820444e-01
8.716319500662800257e-01
7.616301040839859038e-01
9.577634751963182147e-01
8.359629735789004812e-01
8.641955685818606403e-01
6.683904965754384753e-01
8.433993550633199776e-01
8.673669750392531963e-01
8.584968534336756552e-01
8.236967101144135883e-01
8.207261664850916683e-01
8.572639761405884684e-01
8.039940651655069770e-01
6.675216634073212196e-01
8.002939970915209367e-01
7.268299607647236149e-01
7.018962084969958548e-01
6.324458819451049818e-01
7.810961411857618719e-01
8.877991444328238169e-01
9.568946420282009591e-01
1.000000000000000000e+00
8.020316634277554479e-01
8.224638328213264016e-01
9.055632602174250589e-01
8.824644734096088738e-01
8.739345233555552150e-01
8.315586898284205164e-01
8.033260948254606904e-01
8.050637611616952016e-01
7.802273080176446163e-01
8.455626196291422536e-01
7.988602569703630030e-01
8.703990727731927279e-01
5.541656851658931515e-01
4.409566877071469659e-01
7.292599703318385362e-01
1.637760456831351963e-01
3.407351013141202145e-01
6.110803459748471722e-01
5.524652000434426835e-01
2.118930755594063409e-01
4.014898437047162982e-01
7.166897806522750658e-01
5.907650489260077853e-01
5.818949273204304662e-01
8.153914954618768363e-01
7.867948563339467460e-01
5.452955635603158324e-01
8.293954252625984624e-01
6.084256010062154552e-01
5.167227970058319020e-01
4.097649212030910482e-01
5.350651283838115946e-01
5.193655418466309737e-01
7.729302352566782552e-01
6.730195157274352358e-01
4.582952052621601657e-01
2.745309565345053215e-01
1.096272379242160394e-01
4.673646160051997955e-01
1.826597334675044149e-01
1.463759740235040796e-01
9.222716626458492273e-02
8.219590437781788550e-01
7.342663422491431113e-01
7.089777610249015094e-01
7.757614701625470399e-01
6.928986506135789147e-01
7.090658449801225949e-01
6.106308751718133587e-01
8.212309555282391038e-01
6.427736162452866164e-01
6.567775460460082426e-01
7.833987144750372833e-01
6.537977872482301223e-01
6.537977872482301223e-01
9.501023583103820336e-01
8.327915671215077031e-01
6.011166557996355797e-01
7.358275186481405550e-01
7.825298813069198056e-01
8.847670466988842852e-01
8.572639761405883574e-01
7.755982888656479668e-01
8.572639761405884684e-01
7.311984994961439055e-01
7.432639001325600514e-01
8.841229489322839363e-01
7.828939254318899588e-01
7.802273080176446163e-01
8.858606152685184476e-01
7.597951386240738847e-01
7.193578342612446663e-01
8.212309555282391038e-01
7.672315201084933811e-01
8.259992834036887777e-01
9.346646883885022516e-01
9.346646883885022516e-01
8.716319500662799147e-01
8.519293051173735254e-01
9.089594020763345217e-01
8.215949996532089239e-01
8.464314527972595092e-01
8.572639761405883574e-01
9.369672616777774410e-01
7.871589004589167882e-01
8.947307368740957667e-01
8.529990011135618611e-01
8.716319500662800257e-01
8.107624763098800758e-01
7.516306688897146371e-01
8.858606152685184476e-01
8.336604002896252918e-01
7.691939218462449102e-01
9.403634035366871258e-01
7.192962801566267217e-01
6.850982250041893762e-01
7.114958545472375162e-01
8.707631168981628811e-01
8.741592587570722328e-01
8.693293767770047253e-01
7.791337394480104539e-01
7.693947846743157681e-01
8.769666210894947467e-01
8.293954252625982404e-01
7.269335244691170761e-01
7.865939935058758881e-01
6.129334484610886591e-01
8.459266637541120737e-01
8.142979268922425629e-01
8.716319500662800257e-01
8.259992834036887777e-01
7.965576836810875916e-01
8.355989294539306611e-01
8.181988577942995722e-01
7.509250170184964546e-01
8.455626196291421426e-01
6.923581165513718050e-01
7.203659761528149463e-01
7.379907832139629420e-01
8.576280202655582885e-01
6.623634823213435663e-01
6.162786875785611906e-01
3.401646345645665259e-01
6.499207289196193837e-01
3.754323857131920406e-01
9.222716626458492273e-02
5.927631956828189885e-01
3.912236635091526082e-01
9.222716626458492273e-02
9.222716626458492273e-02
7.443574687021942138e-01
2.532607671949707040e-01
3.432884235572860598e-01
5.163934245267005618e-01
5.586299493303821251e-01
7.264659166397537948e-01
7.802273080176447273e-01
2.645918437169426651e-01
3.407351013141202145e-01
5.412298776707510362e-01
5.955333768014575702e-01
6.298301672722969036e-01
5.941611907849174701e-01
7.024982966638204651e-01
7.798990089117343594e-01
7.376624841080525741e-01
7.029659044931838574e-01
7.828939254318899588e-01
6.854265241100996331e-01
7.814601853107319140e-01
8.746640478002195573e-01
9.394945703685697591e-01
8.293954252625984624e-01
9.055632602174248369e-01
6.148958501988401881e-01
7.571285212098286532e-01
7.067260904770632512e-01
7.853611162127887013e-01
7.498314484488622922e-01
7.691939218462449102e-01
8.007987861346683722e-01
7.512142858285830727e-01
7.974265168492047362e-01
8.607994267229510665e-01
8.631020000122263669e-01
9.155269503926365404e-01
7.528635461828018238e-01
9.435348099940796818e-01
8.425305218952026109e-01
8.641955685818605293e-01
7.876636895020641127e-01
8.572639761405884684e-01
4.741179800666349697e-01
5.369649026437242068e-01
4.601140502659133991e-01
4.260238068284147306e-01
4.020561868524814564e-01
4.020561868524815674e-01
3.780885668765481822e-01
3.167674813381868848e-01
3.341675529978180292e-01
3.581351729737513034e-01
3.341675529978180847e-01
3.059595353525070283e-01
8.079551139774573398e-01
8.398639044809574905e-01
6.995936352077204434e-01
4.525172993004157873e-01
9.999999999999996669e-01
4.775141219255445435e-01
0.000000000000000000e+00
3.739825251358752656e-01
5.058902736625028318e-01
5.823982801688533106e-01
3.863131545208008943e-01
5.503006701635883985e-02
6.689310306376455850e-01
8.421664777702327909e-01
1.224083540475708193e-01
3.386818407840109235e-01
8.758969250933067441e-01
6.011811892082054021e-01
1.637760456831351963e-01
4.525172993004157873e-01
2.010605522160773539e-01
6.465245870607098100e-01
5.825975693063153438e-01
6.958935671337342921e-01
7.309184458545133767e-01
5.503006701635883985e-02
0.000000000000000000e+00
2.358606955353395873e-01
4.897607608271307700e-01
8.270928519733230511e-01
2.010605522160773539e-01
0.000000000000000000e+00
0.000000000000000000e+00
7.528635461828018238e-01
1.096272379242160394e-01
3.598196620487998376e-01
6.537977872482302333e-01
2.819919153765738096e-01
9.222716626458492273e-02
4.918863438617813721e-01
8.750280919251895995e-01
3.923648495434599037e-01
0.000000000000000000e+00
1.637760456831351963e-01
6.131581838626056769e-01
3.072554029449365842e-01
1.096272379242160394e-01
3.937495360052203353e-01
9.222716626458492273e-02
2.118930755594063409e-01
0.000000000000000000e+00
1.826597334675044149e-01
6.509904249158074974e-01
1.224083540475708193e-01
3.580805595178408463e-01
8.054278052866651327e-01
2.819919153765738096e-01
4.936616917291876128e-01
7.888965667951512994e-01
5.137132230806865651e-01
4.075497911620502567e-01
2.532607671949707040e-01
3.059595353525070838e-01
2.748293229530688886e-01
3.589493926859581019e-01
1.696565507557246666e-01
9.222716626458492273e-02
3.672560435332192785e-01
4.955717545307776195e-01
3.928807028371029686e-01
2.000598051271355315e-01
0.000000000000000000e+00
9.222716626458492273e-02
1.826597334675044149e-01
1.760921851512022573e-01
3.901497195024190567e-01
1.826597334675044149e-01
1.637760456831351963e-01
5.503006701635883985e-02
4.252942823837503883e-01
5.503006701635883985e-02
3.432884235572860598e-01
5.478228722511079285e-01
4.057548187317431276e-01
5.503006701635883985e-02
4.741568997230187765e-01
4.977004951599729998e-01
3.072554029449366397e-01
4.941650445776105127e-01
6.742657016608605280e-01
7.853611162127887013e-01
6.743931379386999270e-01
4.343275852862269470e-01
3.523309416282188744e-01
7.855619790408595593e-01
7.485985711557749944e-01
2.819919153765738096e-01
4.601140502659135101e-01
8.915593304167034328e-01
7.164141425093210058e-01
6.770597553529451584e-01
8.858606152685184476e-01
5.673007817984975221e-01
6.793623286422204588e-01
6.232626189559947738e-01
8.073663344509705020e-01
2.885594636928759393e-01
2.000598051271355315e-01
1.760921851512022573e-01
1.096272379242160394e-01
4.677555425889489138e-01
3.167674813381868848e-01
5.503006701635883985e-02
4.691892827101070140e-01
5.035730429682377940e-01
3.390234485302592304e-01
1.096272379242160394e-01
1.463759740235040796e-01
3.577165153928709151e-01
1.096272379242160394e-01
7.880277336270341548e-01
4.570862005425191388e-01
2.174598767867666205e-01
1.637760456831351963e-01
3.984157363710010835e-01
3.580805595178408463e-01
2.745309565345052660e-01
7.876636895020641127e-01
6.231218740378171583e-01
6.042132869421450447e-01
6.388634701747734068e-01
5.875936424686152293e-01
7.500561838503791989e-01
4.675504317503328955e-01
7.320912052377073209e-01
5.950300239530346147e-01
3.167674813381868848e-01
4.105592544477558170e-01
6.239652609418797624e-01
5.127979935303288439e-01
3.261607047638449552e-01
3.403164437332397707e-01
5.735281585632757695e-01
1.637760456831351963e-01
4.183103510063168051e-01
2.706608388546017929e-01
7.303296663280265388e-01
5.674746144585773866e-01
4.231548903913741611e-01
2.694231618917347637e-01
0.000000000000000000e+00
5.477974259870531659e-01
0.000000000000000000e+00
2.000598051271355315e-01
1.096272379242160394e-01
7.197218783862144864e-01
6.788947208128571775e-01
7.736597597013425975e-01
6.953286601806935030e-01
1.637760456831351963e-01
1.096272379242160394e-01
2.532607671949707040e-01
5.586299493303821251e-01
2.118930755594063409e-01
4.396861288828880499e-01
2.745309565345053215e-01
7.072308795202105758e-01
4.662301112090110888e-01
5.184458059370766758e-01
5.071608324867618034e-01
5.055609011833714916e-01
4.924512508148220502e-01
7.202624124484215962e-01
2.292931472190374576e-01
8.464314527972596203e-01
8.467954969222294404e-01
5.950300239530347257e-01
7.511258798465672015e-01
5.980978667060339315e-01
7.443574687021942138e-01
6.644895656733816880e-01
7.823290184788490587e-01
4.536900586836096205e-01
3.401646345645665259e-01
7.606639717921911403e-01
4.710901303432406539e-01
7.493638406194988999e-01
3.432884235572860598e-01
1.096272379242160394e-01
5.698295266840142093e-01
6.088423060941416942e-01
4.582952052621601657e-01
4.194562585121126008e-01
2.895094755285119170e-01
7.271582598706339828e-01
5.503006701635883985e-02
5.503006701635883985e-02
2.537593203736137615e-01
4.261827401147685879e-01
1.463759740235040796e-01
5.503006701635883985e-02
3.683972295675266295e-01
5.503006701635883985e-02
1.463759740235040796e-01
1.096272379242160394e-01
3.261607047638449552e-01
5.503006701635883985e-02
5.503006701635883985e-02
6.641255215484117569e-01
5.147603952680803729e-01
1.637760456831351963e-01
2.922293946127000330e-01
3.935248006037033175e-01
1.096272379242160394e-01
1.096272379242160394e-01
4.355965704198772048e-01
5.503006701635883985e-02
6.151205856003570949e-01
3.407351013141202145e-01
4.003170843215224650e-01
4.764849192763490060e-01
1.760921851512022573e-01
6.888584109880688811e-01
4.563328035244086922e-01
3.233596070121381727e-01
5.337934961863314287e-01
1.463759740235040796e-01
1.637760456831351963e-01
5.503006701635883985e-02
4.764849192763490060e-01
1.096272379242160394e-01
3.432884235572860598e-01
3.233596070121381727e-01
5.503006701635883985e-02
5.503006701635883985e-02
4.223833563469343022e-01
1.637760456831351963e-01
2.292931472190374576e-01
4.938849909359801504e-01
7.376267390889930109e-01
3.167674813381868848e-01
7.072308795202105758e-01
1.637760456831351963e-01
2.576440201800720975e-01
7.995659088415811855e-01
4.194562585121126008e-01
7.888965667951512994e-01
5.269757559911302236e-01
5.828477509718871241e-01
9.098282352444516663e-01
7.164141425093210058e-01
5.503006701635883985e-02
7.691939218462449102e-01
7.581982172060168779e-01
7.010273753288783771e-01
1.637760456831351963e-01
8.529990011135616390e-01
7.127287318403245919e-01
6.394655583415982392e-01
6.630558255522236433e-01
3.059595353525070838e-01
6.605285168614312141e-01
2.292931472190374576e-01
2.174598767867666205e-01
1.096272379242160394e-01
2.000598051271355315e-01
1.096272379242160394e-01
2.706608388546017929e-01
1.096272379242160394e-01
2.532607671949707040e-01
5.541656851658931515e-01
2.292931472190374576e-01
2.174598767867666205e-01
1.096272379242160394e-01
1.463759740235040796e-01
7.127287318403245919e-01
5.532968519977758959e-01
7.001585421607611215e-01
1.760921851512022573e-01
5.406904169817651207e-01
6.063659001447865293e-01
2.532607671949707040e-01
1.096272379242160394e-01
7.209547556793016732e-01
2.223553189132610186e-01
1.463759740235040796e-01
4.530459609170092161e-01
5.181326645535437869e-01
1.096272379242160394e-01
6.641255215484117569e-01
6.967114975604145055e-01
5.051968570584016716e-01
5.937971466599475390e-01
3.857973012271577740e-01
5.847008534581286110e-01
1.637760456831351963e-01
7.551661194720772352e-01
2.819919153765738096e-01
5.129718261904087084e-01
5.503006701635883985e-02
4.812785559199692087e-01
6.332263091312063663e-01
1.637760456831351963e-01
3.575647062241976704e-01
1.096272379242160394e-01
1.096272379242160394e-01
2.819919153765738096e-01
2.000598051271355315e-01
3.912236635091526082e-01
2.537593203736137060e-01
2.010605522160773539e-01
5.503006701635883985e-02
5.503006701635883985e-02
1.096272379242160394e-01
1.096272379242160394e-01
5.414800593363228165e-01
4.231548903913741611e-01
1.096272379242160394e-01
3.059595353525070838e-01
7.392236605070501287e-01
6.263304617089938686e-01
7.202624124484215962e-01
7.613934962368554826e-01
8.986316677761527760e-01
7.997290901384802586e-01
9.303997133614754222e-01
8.259992834036887777e-01
8.989957119011225961e-01
5.641293753411048550e-01
6.063659001447865293e-01
4.608239501476770195e-01
3.749647778838287593e-01
4.416847759570868281e-01
4.873174426196779097e-01
7.449223756552350029e-01
8.561942801444003548e-01
8.529990011135616390e-01
4.644433912133788533e-01
7.061611835240224622e-01
7.028623407887905072e-01
9.222716626458492273e-02
3.754323857131920406e-01
4.819226536865697241e-01
5.532459492563388537e-01
3.407351013141202145e-01
3.059595353525070838e-01
2.363592487139825893e-01
5.536623323174703071e-01
2.010605522160773539e-01
6.231218740378172694e-01
4.348924922392676806e-01
4.924258045507671766e-01
3.901497195024191122e-01
2.885594636928759393e-01
6.473934202288270656e-01
5.503006701635883985e-02
5.503006701635883985e-02
6.402463075544944093e-01
2.174598767867666205e-01
2.000598051271355315e-01
4.705105659852101274e-01
2.000598051271355315e-01
1.637760456831351963e-01
2.174598767867666205e-01
1.096272379242160394e-01
4.086237351687836417e-01
2.819919153765738096e-01
7.706276619674030659e-01
6.303335201207197480e-01
5.552083509940902717e-01
6.298301672722969036e-01
7.127287318403247030e-01
4.361464302899801804e-01
4.679187238858480424e-01
6.522233022088945731e-01
6.870234455281568620e-01
2.706608388546018484e-01
6.129334484610885481e-01
8.389950713128399018e-01
4.699173709600468207e-01
2.706608388546018484e-01
5.946136408919031613e-01
6.270228049398741677e-01
2.885594636928759393e-01
2.000598051271355315e-01
2.706608388546017929e-01
2.537593203736137060e-01
1.096272379242160394e-01
2.532607671949707040e-01
3.871218697790247409e-01
6.820303822511901704e-01
3.432884235572860598e-01
2.358606955353395873e-01
3.341675529978180292e-01
4.355965704198772048e-01
1.760921851512022573e-01
4.087826684551374434e-01
2.000598051271355315e-01
4.062942794207289876e-01
4.957830267532929436e-01
3.863131545208008943e-01
5.644948556607992662e-01
8.865662671397366301e-01
4.003170843215224650e-01
4.140962787207270734e-01
6.928986506135788037e-01
7.349586854800232993e-01
2.358606955353395873e-01
2.000598051271355315e-01
6.684789025574543464e-01
4.348924922392676806e-01
2.174598767867666205e-01
5.503006701635883985e-02
8.171291617981113475e-01
7.748926369944296733e-01
1.463759740235040796e-01
1.096272379242160394e-01
6.779285885210625251e-01
8.989957119011228182e-01
2.292931472190374020e-01
5.058902736625029428e-01
7.145636973002367220e-01
6.655831342430158504e-01
5.966269453710916215e-01
5.781333051418264812e-01
3.598196620487998931e-01
5.706969236574069848e-01
4.397834280065654466e-01
3.581351729737513589e-01
1.096272379242160394e-01
4.570862005425191388e-01
2.174598767867666205e-01
2.000598051271355315e-01
1.096272379242160394e-01
6.265180158967268431e-01
3.923648495434599037e-01
3.775222237287829685e-01
3.390234485302592304e-01
6.498459536047360707e-01
6.209957906857790366e-01
4.223833563469343022e-01
8.033260948254604683e-01
4.361464302899801804e-01
1.096272379242160394e-01
5.802456669662117150e-01
5.872295983436452982e-01
6.053816308266622981e-01
5.062304452140266031e-01
6.490518957515021281e-01
6.658631878846461571e-01
8.128641867710847402e-01
6.537977872482301223e-01
6.431284452018002362e-01
7.392236605070501287e-01
7.237621180117245201e-01
7.864308122089768149e-01
7.192962801566268327e-01
6.606258159851087219e-01
7.679610445531575014e-01
6.429652639049012741e-01
1.096272379242160394e-01
1.096272379242160394e-01
3.261607047638449552e-01
2.885594636928759393e-01
4.445293195032935518e-01
5.315163691611111130e-01
3.059595353525070838e-01
1.760921851512022573e-01
4.325644726859375067e-01
1.637760456831351963e-01
6.630558255522236433e-01
3.523818443696559721e-01
3.763494643455892463e-01
3.772197337084310376e-01
4.926277407520591178e-01
4.393220847579180632e-01
3.496298002773467473e-01
1.760921851512022573e-01
2.885594636928759393e-01
3.532282411590516591e-01
2.537593203736137060e-01
5.955333768014574591e-01
5.320330306498719519e-01
5.503006701635883985e-02
7.498314484488621812e-01
2.645918437169426651e-01
3.581351729737513034e-01
9.172646167288711627e-01
8.355989294539306611e-01
8.224638328213261795e-01
7.310949357917504443e-01
8.675917104407699920e-01
8.555263098043538461e-01
9.334318110954149539e-01
6.388634701747732958e-01
8.703990727731927279e-01
8.324275229965378831e-01
8.601553289563506066e-01
8.807268070733743626e-01
3.509971579078955406e-01
6.484631162250151792e-01
8.576280202655585105e-01
6.530921353770119397e-01
1.637760456831351963e-01
2.745309565345053215e-01
5.541656851658932625e-01
4.608239501476770195e-01
1.463759740235040796e-01
3.059595353525070283e-01
3.581351729737513034e-01
6.122893506944883102e-01
4.927551770298985723e-01
5.673007817984974110e-01
5.636260224926818996e-01
2.819919153765738096e-01
3.059595353525070838e-01
4.877967853987705271e-01
4.625601802891869951e-01
3.303122602110355466e-01
9.055632602174248369e-01
6.176478942911494130e-01
2.174598767867666205e-01
4.741568997230187765e-01
3.863131545208008943e-01
5.771490358237022500e-01
5.411160152113528854e-01
4.993227253462007020e-01
6.707814758467298688e-01
2.000598051271355315e-01
8.151667600603599295e-01
5.966269453710917325e-01
4.188899153643474427e-01
3.575647062241976704e-01
5.710624039771013960e-01
3.598196620487998931e-01
1.760921851512022573e-01
2.292931472190374020e-01
4.957830267532929436e-01
7.035546840196706952e-01
3.523818443696559721e-01
6.310630445653842013e-01
6.562635418344044957e-01
6.142517524322398392e-01
5.302834918680239262e-01
4.741179800666349697e-01
3.772197337084309265e-01
5.822589714454002863e-01
6.670960651777334549e-01
7.937264487752189179e-01
2.532607671949707040e-01
3.358520420728666189e-01
4.941650445776105127e-01
7.209547556793017842e-01
7.229816908256231356e-01
4.924258045507671766e-01
7.081235852617739912e-01
6.592956395683440274e-01
4.368563301717437453e-01
4.261827401147684768e-01
7.672315201084933811e-01
4.086237351687836417e-01
6.969871357033685655e-01
6.424843474351998873e-01
7.791576120214565027e-01
5.997983518284842885e-01
7.672315201084933811e-01
5.532968519977758959e-01
3.167674813381868848e-01
6.539609685451291954e-01
8.355989294539306611e-01
6.014059246097221978e-01
2.645918437169426651e-01
7.914238754859436176e-01
6.852857791919223507e-01
5.337934961863314287e-01
5.232903453221340317e-01
3.407351013141201590e-01
1.096272379242160394e-01
3.444296095915933553e-01
2.405996463833603716e-01
5.503501809419002466e-01
5.503006701635883985e-02
1.637760456831351963e-01
3.341675529978180847e-01
5.503006701635883985e-02
3.059349579948579811e-01
3.341675529978180847e-01
2.358606955353395873e-01
2.000598051271355315e-01
2.174598767867666205e-01
2.174598767867666205e-01
4.716295910322266249e-01
1.096272379242160394e-01
3.386818407840109235e-01
1.096272379242160394e-01
1.637760456831351963e-01
3.432884235572860598e-01
4.530459609170091606e-01
4.194562585121126008e-01
4.579550337106363944e-01
1.760921851512022573e-01
1.096272379242160394e-01
3.598196620487998931e-01
2.292931472190374576e-01
5.503006701635883985e-02
5.503006701635883985e-02
4.601140502659133991e-01
1.096272379242160394e-01
1.096272379242160394e-01
4.416847759570868281e-01
3.358520420728666189e-01
5.717650459629863846e-01
7.566237321666813287e-01
8.773306652144647888e-01
7.888965667951512994e-01
8.812315961165215761e-01
8.533630452385314591e-01
8.324275229965378831e-01
8.490980702115046297e-01
6.928986506135788037e-01
7.672315201084933811e-01
