3.247887478327387556e-01
8.608762708712114353e-01
3.152007839784591869e-01
7.039639344288947109e-01
2.693789986004625492e-01
5.335866098391357504e-01
3.994291679499848979e-01
6.294359454524668385e-01
9.030671689184006645e-01
6.612179024666280380e-01
7.837294957316299771e-01
8.070563560896198974e-01
6.977607395981358929e-01
9.539702400882826838e-01
7.697361460309967152e-01
8.774884067349982830e-01
8.015181030451579147e-01
7.973123568428889252e-01
6.430188065637257866e-01
2.810108897464340671e-01
2.375970415863013219e-01
4.947750389924687742e-01
9.102255780045911959e-02
9.102255780045911959e-02
1.938191834999965502e-01
2.294428767902549626e-01
1.490559779528558837e-01
9.102255780045911959e-02
3.420684487524211503e-01
3.420684487524211503e-01
0.000000000000000000e+00
0.000000000000000000e+00
2.800914947632140994e-01
1.808379349670171665e-01
0.000000000000000000e+00
7.139623868725484268e-01
5.512573441888471981e-01
0.000000000000000000e+00
0.000000000000000000e+00
1.000000000000000000e+00
3.776892676311106034e-01
1.938191834999965502e-01
0.000000000000000000e+00
6.430188065637257866e-01
3.155231502139795863e-01
1.808379349670171665e-01
1.808379349670171665e-01
7.081696806311639225e-01
7.775263009008710480e-01
7.175467955401536591e-01
9.880040989278565666e-01
6.481465710188134555e-01
8.654925056628547386e-01
5.790444039460290737e-01
8.654925056628547386e-01
9.364360859716773788e-01
7.503605786783530407e-01
9.666310829467232857e-01
8.077212978759168438e-01
3.247887478327388111e-01
1.808379349670171665e-01
6.297583116879871268e-01
8.012636498482351710e-01
7.217525417424227596e-01
8.806623268132290905e-01
5.992409484774210426e-01
7.399516376453251221e-01
7.837294957316298660e-01
2.693789986004625492e-01
8.139244927066756619e-01
0.000000000000000000e+00
1.808379349670171665e-01
9.102255780045911959e-02
9.102255780045911959e-02
9.102255780045911959e-02
3.626809236961858751e-01
9.102255780045911959e-02
9.102255780045911959e-02
9.102255780045911959e-02
0.000000000000000000e+00
9.102255780045911959e-02
0.000000000000000000e+00
0.000000000000000000e+00
0.000000000000000000e+00
0.000000000000000000e+00
0.000000000000000000e+00
0.000000000000000000e+00
0.000000000000000000e+00
1.490559779528558837e-01
0.000000000000000000e+00
0.000000000000000000e+00
0.000000000000000000e+00
2.294428767902549626e-01
5.790444039460290737e-01
8.472934097599523762e-01
0.000000000000000000e+00
0.000000000000000000e+00
1.808379349670171665e-01
2.800914947632140994e-01
1.938191834999965502e-01
0.000000000000000000e+00
9.364360859716773788e-01
6.488115128051104019e-01
0.000000000000000000e+00
0.000000000000000000e+00
9.102255780045911959e-02
0.000000000000000000e+00
2.810108897464340116e-01
1.938191834999965502e-01
1.490559779528558837e-01
3.874985566468403531e-01
5.859804536016823828e-01
2.810108897464340116e-01
3.667687969346383192e-01
5.466411093972038948e-01
6.112368495495644760e-01
0.000000000000000000e+00
5.674589914632597321e-01
1.938191834999965502e-01
7.392866958590280646e-01
3.247887478327388111e-01
9.102255780045911959e-02
8.015181030451580257e-01
4.105466550209430632e-01
2.968651078424507928e-01
3.994291679499848979e-01
0.000000000000000000e+00
3.626809236961858751e-01
0.000000000000000000e+00
9.102255780045911959e-02
2.294428767902549626e-01
1.808379349670171665e-01
0.000000000000000000e+00
9.102255780045911959e-02
0.000000000000000000e+00
0.000000000000000000e+00
5.976539884383055279e-01
4.064587817824906191e-01
0.000000000000000000e+00
3.085871005583262772e-01
4.248187667054634797e-01
0.000000000000000000e+00
0.000000000000000000e+00
0.000000000000000000e+00
0.000000000000000000e+00
9.102255780045911959e-02
0.000000000000000000e+00
1.938191834999965502e-01
5.674589914632597321e-01
8.806623268132290905e-01
8.712852119042394650e-01
8.488803697990678909e-01
1.000000000000000000e+00
8.015181030451580257e-01
9.666310829467232857e-01
8.790753667741136868e-01
9.046541289575161793e-01
6.310229054915822422e-01
9.030671689184006645e-01
8.530861160013369915e-01
9.124442838273904011e-01
9.666310829467232857e-01
7.075047388448668650e-01
8.972744626770159382e-01
6.581886277141003605e-01
4.423286120351042627e-01
3.565707048469000662e-01
4.947750389924687742e-01
2.693789986004625492e-01
3.565707048469000662e-01
8.472934097599523762e-01
2.693789986004625492e-01
3.247887478327387556e-01
7.577402449588532818e-01
5.645421478515502134e-01
5.388509545273295620e-01
8.128926665826374798e-01
