3.268562404397793997e-01
4.350502979050836494e-01
4.456859789577844455e-01
6.547033706556466548e-01
6.592012869021247612e-01
7.205675186710258640e-01
7.998319734870747988e-01
9.064951058186543342e-01
7.998319734870746878e-01
5.086192914303403478e-01
5.970862340075714370e-01
4.866740065551659056e-01
5.962482319427339084e-01
3.469167354172629225e-01
3.992538518107881518e-01
4.722269119216429001e-01
3.386343106677499049e-01
3.128224563427087213e-01
3.815976974140760092e-01
7.358880287515957574e-01
5.863166655427343166e-01
8.243549713288270686e-01
7.727312626787447014e-01
9.276023886289911369e-01
7.303100417898445995e-01
8.451288740497535645e-01
7.384657417181735850e-01
8.451288740497533425e-01
7.740201191620335042e-01
7.998319734870746878e-01
8.335574590900091119e-01
7.516239798684077877e-01
8.404243025350491836e-01
7.985431170037856630e-01
9.128219139060577136e-01
8.082856401226046206e-01
8.564936337412714096e-01
8.146124482100081110e-01
8.611982052559755685e-01
7.824737857975633259e-01
7.740201191620335042e-01
7.642775960432146576e-01
7.409259803557104451e-01
7.998319734870746878e-01
9.644456225561398588e-01
8.933368676684203535e-01
8.870100595810165300e-01
7.566619314725222534e-01
6.318026093865939385e-01
7.469194083537035178e-01
3.030799332238899302e-01
6.131555652137937740e-01
3.734419974857470237e-01
6.584524657764724287e-01
6.855531765848024151e-01
3.824711128611228972e-01
2.217240332419241622e-01
2.678211880213999252e-01
7.350500266867583399e-01
5.835946157679269275e-01
5.480402383240668973e-01
2.217240332419241622e-01
7.676933110746300137e-01
5.179529236128729286e-01
7.160696024245477576e-01
4.350502979050836494e-01
6.547033706556467658e-01
5.427956314517262681e-01
6.931688411554949303e-01
6.207712297844860672e-01
4.456859789577844455e-01
8.501668256538678081e-01
6.326406114514313561e-01
7.629887395599257438e-01
6.855531765848025261e-01
7.777692142828592781e-01
5.099081479136291506e-01
8.662361568600902562e-01
8.501668256538678081e-01
6.333894325770836886e-01
8.306817794162302260e-01
8.662361568600902562e-01
7.824737857975634370e-01
8.290595428435311165e-01
7.980030816461491927e-01
5.609918212060748255e-01
7.629887395599258548e-01
7.113650309098437097e-01
6.465830841095272508e-01
5.691475211344039220e-01
5.602430000804224930e-01
6.131555652137936629e-01
3.308474042110406965e-01
3.727285897423041061e-01
2.611987476926264651e-01
2.611987476926264651e-01
3.308474042110406965e-01
2.842616471650730725e-01
4.411350373420516169e-01
8.238149359711903763e-01
9.386337682310988972e-01
8.514556821371568329e-01
7.469194083537036288e-01
5.437647779379141122e-01
4.595732957468358637e-01
3.308474042110406965e-01
0.000000000000000000e+00
2.339267949982797301e-01
7.000002712183255316e-01
3.308474042110406965e-01
7.579507879558112782e-01
6.644458937744656124e-01
6.902577480995066850e-01
7.998319734870746878e-01
9.276023886289911369e-01
7.482082648369924316e-01
4.853851500718770473e-01
5.494734316155854836e-01
6.476828973116354193e-01
5.702473343365119796e-01
5.236615772905444111e-01
6.318026093865939385e-01
5.962482319427339084e-01
6.673569868304537467e-01
5.962482319427339084e-01
6.415451325054126741e-01
6.673569868304537467e-01
6.415451325054126741e-01
7.258121255433666041e-01
6.017908055222755959e-01
7.463793729960669365e-01
7.274343621160658246e-01
7.384657417181735850e-01
6.610301787430502563e-01
6.965845561869101754e-01
7.384657417181735850e-01
8.353863509309346069e-01
7.740201191620335042e-01
7.561218961148858941e-01
8.451288740497533425e-01
7.629887395599258548e-01
7.579507879558112782e-01
7.463793729960669365e-01
7.532462164411070082e-01
9.373449117478099835e-01
8.548713971685721891e-01
8.772675364621979055e-01
9.128219139060577136e-01
9.128219139060577136e-01
9.386337682310988972e-01
7.532462164411068972e-01
9.581188144687365904e-01
8.290595428435311165e-01
7.740201191620335042e-01
8.340974944476455821e-01
7.353479933939592872e-01
6.855531765848024151e-01
8.095744966058934233e-01
7.164029825139581753e-01
8.451288740497533425e-01
7.447925498055770754e-01
7.418814567495888301e-01
7.624487042022892735e-01
8.256438278121157603e-01
5.086192914303403478e-01
6.837242847438769200e-01
3.992538518107881518e-01
2.611987476926265206e-01
7.740201191620335042e-01
7.016225077910247521e-01
6.739817616250580734e-01
5.222283839990258247e-01
2.936330423464411088e-01
3.727285897423041616e-01
8.035810686079003506e-01
6.547033706556467658e-01
7.777692142828592781e-01
6.465830841095272508e-01
5.225617640884362425e-01
7.050382228224401082e-01
3.030799332238898747e-01
4.153231830170104888e-01
5.444354800114707960e-01
5.444354800114709070e-01
1.959121789168830341e-01
0.000000000000000000e+00
2.217240332419241622e-01
4.282188678422530481e-01
0.000000000000000000e+00
1.487800848708769608e-01
4.620335343843727238e-01
5.852168523406261480e-01
2.936330423464411088e-01
4.092384435800425213e-01
7.164029825139581753e-01
5.001656247948104150e-01
5.709409995931198356e-01
3.023332425980271854e-01
5.702473343365119796e-01
3.469167354172629225e-01
5.124858608802070892e-01
4.261457768511023314e-01
4.921410692878317450e-01
1.487800848708769608e-01
3.895113286919693052e-01
5.124858608802069782e-01
4.803471984677624151e-01
5.933371388867456631e-01
4.508775604608704080e-01
5.437647779379141122e-01
7.676933110746300137e-01
8.238149359711903763e-01
7.016225077910247521e-01
5.970862340075713259e-01
8.870100595810167521e-01
6.218710429865942357e-01
7.998319734870746878e-01
5.507622880988742864e-01
7.176918389972470891e-01
6.352183244180091837e-01
7.256054702751405516e-01
4.153231830170104888e-01
6.218180176173394580e-01
6.128221851243833562e-01
7.029113642743136658e-01
2.217240332419241622e-01
1.229682305458358327e-01
2.217240332419241622e-01
1.959121789168830341e-01
6.068287571263901725e-01
1.487800848708769608e-01
6.855531765848024151e-01
7.485571950875589964e-02
6.318026093865938275e-01
1.487800848708769608e-01
3.526680947648205278e-01
5.124858608802070892e-01
3.386343106677499049e-01
2.678211880213999252e-01
6.118667087305048602e-01
1.229682305458358327e-01
3.308474042110406965e-01
7.485571950875589964e-02
7.888005938849669274e-01
6.288915163306055822e-01
6.094064700929680001e-01
7.875117374016779026e-01
6.218710429865942357e-01
4.595732957468358637e-01
2.146129906466588411e-01
6.673569868304537467e-01
6.736837949178572371e-01
1.959121789168830341e-01
6.842643201015135013e-01
5.868036755311160091e-01
7.485571950875589964e-02
4.218920597548496132e-01
4.411350373420516169e-01
5.505004769616037574e-01
8.335574590900091119e-01
5.552050484763080274e-01
6.694838453785801891e-01
6.868420330680913288e-01
6.647792738638760301e-01
6.494587637833060256e-01
6.837242847438770310e-01
5.962482319427339084e-01
5.602430000804224930e-01
3.386343106677498493e-01
5.656963927207790954e-01
1.959121789168830341e-01
5.124858608802069782e-01
8.353863509309346069e-01
6.547033706556466548e-01
7.418814567495888301e-01
7.740201191620335042e-01
2.842616471650730725e-01
2.488806421070194619e-01
7.740201191620335042e-01
3.254760725175157021e-01
7.485571950875589964e-02
2.339267949982797301e-01
1.959121789168830341e-01
2.339267949982797301e-01
7.485571950875589964e-02
2.488806421070194619e-01
1.229682305458358327e-01
1.603578014730230872e-01
0.000000000000000000e+00
0.000000000000000000e+00
0.000000000000000000e+00
0.000000000000000000e+00
0.000000000000000000e+00
0.000000000000000000e+00
0.000000000000000000e+00
0.000000000000000000e+00
0.000000000000000000e+00
0.000000000000000000e+00
7.485571950875589964e-02
0.000000000000000000e+00
0.000000000000000000e+00
0.000000000000000000e+00
5.577827614428857439e-01
0.000000000000000000e+00
1.229682305458358327e-01
2.217240332419241622e-01
0.000000000000000000e+00
0.000000000000000000e+00
3.030799332238898747e-01
6.483765625682432754e-01
2.772680788988487466e-01
1.603578014730230872e-01
0.000000000000000000e+00
7.485571950875589964e-02
3.734419974857470237e-01
7.485571950875589964e-02
7.485571950875589964e-02
3.734419974857470237e-01
1.603578014730230872e-01
2.339267949982797301e-01
6.579124304188358474e-01
8.243549713288268466e-01
7.485571950875589964e-02
2.217240332419241622e-01
4.462260143154209713e-01
2.705809856442477623e-01
1.603578014730230872e-01
4.803471984677624151e-01
0.000000000000000000e+00
7.485571950875589964e-02
1.959121789168830341e-01
4.462260143154209713e-01
0.000000000000000000e+00
0.000000000000000000e+00
5.494734316155854836e-01
3.935024924632306020e-01
2.488806421070194619e-01
1.229682305458358327e-01
1.903856250462765964e-01
0.000000000000000000e+00
4.447928210239024405e-01
7.113650309098437097e-01
3.159560052590220658e-01
0.000000000000000000e+00
6.270626244896803092e-01
5.852168523406262590e-01
3.023332425980271854e-01
2.678211880213999252e-01
5.860548544054636766e-01
6.318026093865937165e-01
0.000000000000000000e+00
5.507622880988742864e-01
6.218710429865942357e-01
2.420093336963587971e-01
3.159560052590220658e-01
7.803469272494371056e-01
6.579124304188359584e-01
0.000000000000000000e+00
5.179529236128729286e-01
8.451288740497533425e-01
7.485571950875589964e-02
4.377723476798910940e-01
8.256438278121157603e-01
2.678211880213999252e-01
0.000000000000000000e+00
4.082829671861640253e-01
9.128219139060579357e-01
7.964162584556594426e-01
8.514556821371568329e-01
8.514556821371568329e-01
8.662361568600902562e-01
6.288915163306055822e-01
8.095744966058936454e-01
8.340974944476455821e-01
8.870100595810167521e-01
7.777692142828592781e-01
8.159013046932968027e-01
8.806832514936132617e-01
8.967525826998357097e-01
8.417131590183379863e-01
7.900894503682558412e-01
8.611982052559755685e-01
8.709407283747943040e-01
9.128219139060577136e-01
7.824737857975634370e-01
9.225644370248765602e-01
8.146124482100081110e-01
8.806832514936131506e-01
8.146124482100081110e-01
7.579507879558112782e-01
8.048699250911891534e-01
7.095361390689181036e-01
8.159013046932970248e-01
8.256438278121157603e-01
7.205675186710258640e-01
5.480402383240668973e-01
5.188126689676105796e-01
2.936330423464411088e-01
1.487800848708769608e-01
2.217240332419241622e-01
6.644458937744655014e-01
2.217240332419241622e-01
7.353479933939592872e-01
8.417131590183379863e-01
3.644461649927909774e-01
8.451288740497533425e-01
8.675250133433789479e-01
7.579507879558112782e-01
8.870100595810167521e-01
7.980030816461491927e-01
8.256438278121156493e-01
1.000000000000000000e+00
3.308474042110406965e-01
4.082829671861640253e-01
3.308474042110406965e-01
3.727285897423041061e-01
3.992538518107881518e-01
4.153231830170104888e-01
3.992538518107881518e-01
3.526680947648204723e-01
3.992538518107881518e-01
4.663292149627907834e-01
4.197434579168230484e-01
4.049629831938896252e-01
5.124858608802070892e-01
5.319709071178446713e-01
4.595732957468358637e-01
5.061590527928035987e-01
5.480402383240668973e-01
5.577827614428858549e-01
3.815976974140759537e-01
5.082104004940540820e-01
5.179529236128729286e-01
5.960591886615531632e-01
7.092381723617171563e-01
7.350500266867583399e-01
7.774358341934488603e-01
7.980030816461491927e-01
7.980030816461490817e-01
7.824737857975634370e-01
7.837626422808522397e-01
8.501668256538680302e-01
7.888005938849669274e-01
8.159013046932968027e-01
8.806832514936131506e-01
6.547033706556467658e-01
6.436719910535390055e-01
3.386343106677498493e-01
3.023332425980271854e-01
1.487800848708769608e-01
5.357200022386703342e-01
3.815976974140760092e-01
1.603578014730230872e-01
1.487800848708769608e-01
2.936330423464411088e-01
7.485571950875589964e-02
5.810169028013490999e-01
5.835946157679269275e-01
4.663292149627906724e-01
1.487800848708769608e-01
3.644461649927909774e-01
2.678211880213999252e-01
7.485571950875589964e-02
1.487800848708769608e-01
4.411350373420516169e-01
2.678211880213999807e-01
7.485571950875589964e-02
2.678211880213999252e-01
1.959121789168830341e-01
4.049629831938896252e-01
6.902577480995066850e-01
5.754389158395978310e-01
7.371768852348847822e-01
7.050382228224401082e-01
4.733267251237510131e-01
4.766894147859114805e-01
4.766894147859114805e-01
2.936330423464411088e-01
4.822674017476625830e-01
2.217240332419241622e-01
1.487800848708769608e-01
5.236615772905444111e-01
1.487800848708769608e-01
6.855531765848025261e-01
6.902577480995066850e-01
4.411350373420516169e-01
