2.427156320933234190e-01
7.422507030146704432e-01
5.326258201837821282e-01
7.290637693320438650e-01
6.638121289644794976e-01
9.083744922671823652e-01
8.121256639582997705e-01
7.055686985869695782e-01
8.121256639582997705e-01
8.253125976409263487e-01
8.734370117953677015e-01
8.384995313235529268e-01
9.433119727389971398e-01
8.602500781127411233e-01
8.951875585845557870e-01
8.453186204742283438e-01
8.103811400024136802e-01
7.903751171691116850e-01
8.103811400024136802e-01
8.253125976409263487e-01
8.734370117953677015e-01
6.699002564986848984e-01
8.470631444301145452e-01
6.855626757536675830e-01
7.123877877376448842e-01
7.273192453761576637e-01
7.055686985869695782e-01
7.771881834864851069e-01
5.736514281898024148e-01
7.048377369704997841e-01
6.085889086616171895e-01
7.048377369704997841e-01
6.774503072658302205e-01
6.706312181151548035e-01
7.754436595305990165e-01
6.774503072658302205e-01
6.425128267940155569e-01
6.093198702780869835e-01
4.168222136603217387e-01
6.085889086616171895e-01
7.205001562254822467e-01
7.903751171691116850e-01
7.771881834864851069e-01
7.422507030146704432e-01
7.903751171691116850e-01
7.273192453761576637e-01
6.156877148100381447e-01
7.141323116935310855e-01
5.743823898062722089e-01
4.183108592178018670e-01
7.622567258479723273e-01
7.273192453761576637e-01
8.338762107474879670e-01
6.941262888602292014e-01
7.141323116935310855e-01
7.273192453761576637e-01
6.941262888602292014e-01
7.055686985869695782e-01
6.460018747057878485e-01
7.622567258479724384e-01
5.326258201837821282e-01
2.427156320933234190e-01
3.134984178023577650e-01
5.045074288626428816e-01
0.000000000000000000e+00
0.000000000000000000e+00
9.427252092615202861e-02
0.000000000000000000e+00
0.000000000000000000e+00
0.000000000000000000e+00
5.675633006555969029e-01
3.486917766725785017e-01
0.000000000000000000e+00
0.000000000000000000e+00
9.427252092615202861e-02
5.326258201837821282e-01
5.675633006555969029e-01
2.504425460094036882e-01
5.743823898062720978e-01
2.427156320933234190e-01
0.000000000000000000e+00
0.000000000000000000e+00
0.000000000000000000e+00
0.000000000000000000e+00
2.427156320933234190e-01
4.678254244349419610e-01
4.183108592178018670e-01
3.979504634913125782e-01
7.622567258479724384e-01
0.000000000000000000e+00
0.000000000000000000e+00
3.979504634913125782e-01
0.000000000000000000e+00
2.794998437745176423e-01
0.000000000000000000e+00
5.675633006555969029e-01
0.000000000000000000e+00
4.168222136603217387e-01
0.000000000000000000e+00
9.427252092615202861e-02
2.427156320933234190e-01
1.868636574274845918e-01
0.000000000000000000e+00
9.427252092615202861e-02
1.868636574274845918e-01
2.267521090440113019e-01
0.000000000000000000e+00
0.000000000000000000e+00
0.000000000000000000e+00
0.000000000000000000e+00
0.000000000000000000e+00
2.667641547106152644e-01
2.794998437745176423e-01
0.000000000000000000e+00
0.000000000000000000e+00
0.000000000000000000e+00
0.000000000000000000e+00
0.000000000000000000e+00
0.000000000000000000e+00
0.000000000000000000e+00
2.794998437745176423e-01
0.000000000000000000e+00
0.000000000000000000e+00
0.000000000000000000e+00
9.427252092615202861e-02
0.000000000000000000e+00
9.427252092615202861e-02
2.834401363050141343e-01
4.363769918748994781e-01
4.168222136603217387e-01
4.168222136603217387e-01
8.384995313235529268e-01
6.791948312217163108e-01
7.754436595305990165e-01
7.971942063197871020e-01
8.820006249019292088e-01
6.916508032878730949e-01
8.470631444301145452e-01
6.916508032878732060e-01
7.048377369704997841e-01
7.073132225428557796e-01
8.103811400024136802e-01
7.622567258479724384e-01
7.754436595305990165e-01
6.567133228160584313e-01
7.771881834864851069e-01
8.602500781127411233e-01
7.771881834864851069e-01
7.771881834864851069e-01
7.273192453761576637e-01
7.290637693320437540e-01
6.093198702780868725e-01
4.759377929227793236e-01
4.959438157560813187e-01
5.458127538664087064e-01
5.240622070772206209e-01
5.326258201837821282e-01
4.546384907523153829e-01
3.979504634913125782e-01
4.546384907523153829e-01
3.352489645915458505e-01
3.352489645915458505e-01
4.183108592178018670e-01
3.352489645915458505e-01
4.183108592178018670e-01
3.315645504594554316e-01
2.834401363050141343e-01
3.315645504594554316e-01
3.315645504594554316e-01
3.315645504594554316e-01
2.834401363050141343e-01
4.168222136603217387e-01
4.798780854532758711e-01
4.798780854532758711e-01
5.016286322424640121e-01
6.225068039607135617e-01
5.611954561236457417e-01
7.405061790587842419e-01
4.207145726199170155e-01
3.630129830194978591e-01
3.630129830194978591e-01
0.000000000000000000e+00
9.427252092615202861e-02
0.000000000000000000e+00
2.267521090440113019e-01
0.000000000000000000e+00
0.000000000000000000e+00
5.807502343382234811e-01
3.315645504594554316e-01
5.736514281898024148e-01
0.000000000000000000e+00
2.794998437745176423e-01
2.504425460094036882e-01
0.000000000000000000e+00
0.000000000000000000e+00
6.217758423442437676e-01
0.000000000000000000e+00
3.554629322523526480e-01
0.000000000000000000e+00
0.000000000000000000e+00
6.574442844325282254e-01
0.000000000000000000e+00
0.000000000000000000e+00
0.000000000000000000e+00
9.427252092615202861e-02
4.192497656617764634e-01
0.000000000000000000e+00
3.701864450633605697e-01
3.833733787459871478e-01
5.365661127142786757e-01
6.567133228160584313e-01
4.678254244349419610e-01
6.567133228160584313e-01
6.791948312217164219e-01
5.458127538664087064e-01
6.567133228160584313e-01
2.776531125651381382e-01
2.834401363050141343e-01
4.183108592178018670e-01
2.776531125651381382e-01
6.574442844325282254e-01
6.460018747057878485e-01
6.923817649043430000e-01
8.253125976409263487e-01
6.855626757536675830e-01
8.121256639582997705e-01
7.903751171691116850e-01
6.723757420710410049e-01
6.460018747057878485e-01
6.574442844325282254e-01
8.602500781127411233e-01
7.405061790587842419e-01
8.121256639582997705e-01
8.035620508517382632e-01
7.048377369704996731e-01
8.734370117953677015e-01
6.723757420710408939e-01
8.602500781127411233e-01
7.754436595305990165e-01
7.290637693320438650e-01
6.460018747057878485e-01
7.422507030146704432e-01
8.253125976409263487e-01
8.338762107474879670e-01
4.535042180880227147e-01
7.971942063197871020e-01
7.903751171691116850e-01
7.771881834864851069e-01
7.971942063197871020e-01
7.422507030146704432e-01
8.321316867916017657e-01
7.754436595305990165e-01
4.532483396896165861e-01
6.288746484926647229e-01
8.253125976409263487e-01
6.723757420710410049e-01
7.141323116935310855e-01
8.384995313235529268e-01
8.820006249019292088e-01
7.055686985869695782e-01
7.771881834864851069e-01
7.622567258479724384e-01
5.807502343382234811e-01
8.121256639582997705e-01
7.141323116935310855e-01
7.622567258479724384e-01
8.453186204742283438e-01
7.405061790587842419e-01
7.055686985869695782e-01
6.288746484926647229e-01
8.734370117953677015e-01
7.771881834864851069e-01
6.591888083884144267e-01
6.374382615992263412e-01
6.000252955550555711e-01
6.574442844325282254e-01
7.397752174423144478e-01
4.168222136603217387e-01
6.093198702780869835e-01
6.349627760268702348e-01
6.941262888602292014e-01
5.719069042339162134e-01
8.453186204742283438e-01
5.589996875490352846e-01
6.923817649043430000e-01
5.846905268687200286e-01
7.622567258479723273e-01
9.301250390563705617e-01
3.665020309312701507e-01
5.743823898062722089e-01
7.048377369704997841e-01
7.754436595305990165e-01
7.422507030146704432e-01
7.397752174423143368e-01
6.000252955550555711e-01
8.338762107474879670e-01
7.771881834864851069e-01
6.923817649043430000e-01
5.240622070772206209e-01
6.638121289644794976e-01
6.000252955550555711e-01
5.045074288626428816e-01
7.048377369704997841e-01
7.205001562254822467e-01
2.427156320933234190e-01
2.763413301565930680e-01
7.622567258479724384e-01
6.093198702780869835e-01
0.000000000000000000e+00
7.048377369704997841e-01
0.000000000000000000e+00
0.000000000000000000e+00
5.411894332903437466e-01
3.833733787459871478e-01
4.168222136603217387e-01
2.763413301565930680e-01
3.554629322523525925e-01
5.240622070772206209e-01
4.688389867743582573e-01
4.197010102805007192e-01
5.240622070772206209e-01
5.369694237621015498e-01
5.411894332903436355e-01
4.959438157560813187e-01
5.365661127142786757e-01
7.686245703799235995e-01
6.007562571715254762e-01
7.055686985869695782e-01
6.574442844325282254e-01
5.893138474447849884e-01
7.754436595305990165e-01
7.422507030146704432e-01
6.723757420710410049e-01
7.903751171691116850e-01
6.288746484926647229e-01
8.253125976409263487e-01
7.771881834864851069e-01
7.073132225428557796e-01
7.754436595305989055e-01
7.048377369704996731e-01
8.602500781127411233e-01
6.723757420710410049e-01
7.405061790587842419e-01
6.916508032878730949e-01
6.699002564986848984e-01
7.055686985869695782e-01
6.706312181151548035e-01
8.253125976409263487e-01
6.460018747057878485e-01
8.338762107474879670e-01
6.460018747057877375e-01
6.567133228160583203e-01
5.807502343382234811e-01
7.048377369704997841e-01
6.699002564986848984e-01
7.422507030146704432e-01
9.782494532108118035e-01
5.020319432902867751e-01
6.941262888602292014e-01
6.007562571715254762e-01
3.630129830194978591e-01
4.952128541396114692e-01
6.093198702780868725e-01
6.723757420710410049e-01
3.979504634913125782e-01
2.427156320933234190e-01
6.923817649043430000e-01
5.893138474447849884e-01
5.743823898062723199e-01
4.688389867743582573e-01
7.771881834864851069e-01
2.427156320933234190e-01
6.000252955550555711e-01
4.278133787683380262e-01
5.016286322424639010e-01
7.622567258479724384e-01
8.602500781127411233e-01
6.374382615992263412e-01
6.093198702780868725e-01
6.242513279165997631e-01
6.809393551776026232e-01
6.941262888602292014e-01
7.771881834864851069e-01
6.460018747057878485e-01
7.073132225428557796e-01
7.422507030146704432e-01
7.290637693320438650e-01
2.966270699876407124e-01
3.315645504594554316e-01
4.532483396896165861e-01
4.532483396896165861e-01
4.183108592178018670e-01
4.183108592178018670e-01
5.016286322424640121e-01
4.759377929227793236e-01
5.589996875490352846e-01
6.156877148100381447e-01
4.959438157560813187e-01
6.288746484926647229e-01
6.567133228160584313e-01
7.048377369704997841e-01
6.567133228160584313e-01
6.000252955550555711e-01
7.048377369704997841e-01
5.807502343382234811e-01
5.240622070772206209e-01
6.774503072658302205e-01
6.075753463222007822e-01
6.723757420710410049e-01
7.771881834864851069e-01
7.971942063197871020e-01
8.951875585845557870e-01
7.490697921653458602e-01
7.903751171691116850e-01
8.470631444301145452e-01
6.638121289644794976e-01
7.971942063197871020e-01
7.903751171691116850e-01
7.622567258479724384e-01
7.290637693320438650e-01
7.640012498038585287e-01
7.971942063197871020e-01
6.723757420710410049e-01
7.490697921653457492e-01
7.055686985869694672e-01
6.987496094362941612e-01
7.903751171691116850e-01
7.971942063197871020e-01
7.903751171691116850e-01
6.574442844325282254e-01
7.903751171691116850e-01
6.156877148100381447e-01
5.240622070772206209e-01
4.449406049814611519e-01
3.979504634913125782e-01
5.365661127142786757e-01
6.349627760268702348e-01
6.349627760268702348e-01
8.453186204742283438e-01
6.706312181151548035e-01
6.723757420710410049e-01
4.183108592178018670e-01
7.771881834864851069e-01
7.405061790587842419e-01
7.640012498038585287e-01
6.217758423442436566e-01
7.508143161212319505e-01
7.290637693320438650e-01
5.846905268687200286e-01
6.916508032878732060e-01
6.916508032878732060e-01
8.602500781127411233e-01
8.820006249019292088e-01
6.574442844325282254e-01
7.754436595305989055e-01
7.903751171691116850e-01
8.951875585845557870e-01
7.686245703799235995e-01
8.035620508517382632e-01
7.336870899081088249e-01
8.602500781127411233e-01
7.554376366972970214e-01
6.699002564986850095e-01
7.903751171691116850e-01
8.253125976409263487e-01
7.205001562254822467e-01
3.665020309312701507e-01
6.791948312217164219e-01
7.771881834864851069e-01
9.650625195281852253e-01
7.055686985869695782e-01
7.554376366972970214e-01
6.567133228160584313e-01
6.923817649043430000e-01
6.638121289644794976e-01
4.959438157560813187e-01
6.000252955550555711e-01
7.405061790587842419e-01
8.734370117953677015e-01
6.567133228160583203e-01
6.916508032878732060e-01
6.085889086616171895e-01
8.103811400024136802e-01
6.916508032878730949e-01
6.774503072658302205e-01
8.384995313235529268e-01
7.397752174423143368e-01
4.759377929227793236e-01
7.771881834864851069e-01
2.776531125651381382e-01
7.055686985869695782e-01
5.037764672461730875e-01
1.868636574274845918e-01
5.240622070772206209e-01
9.427252092615202861e-02
0.000000000000000000e+00
9.427252092615202861e-02
3.554629322523525925e-01
5.411894332903437466e-01
6.242513279165997631e-01
6.093198702780869835e-01
5.369694237621015498e-01
6.460018747057878485e-01
7.622567258479724384e-01
6.723757420710410049e-01
5.743823898062723199e-01
6.723757420710410049e-01
6.941262888602292014e-01
3.352489645915458505e-01
0.000000000000000000e+00
4.363769918748995891e-01
3.979504634913125782e-01
0.000000000000000000e+00
1.519261769556698727e-01
9.427252092615202861e-02
3.352489645915458505e-01
0.000000000000000000e+00
0.000000000000000000e+00
0.000000000000000000e+00
4.278133787683380262e-01
9.427252092615202861e-02
2.267521090440113019e-01
5.807502343382234811e-01
3.701864450633605697e-01
4.546384907523153829e-01
3.715765961260594219e-01
5.846905268687200286e-01
5.743823898062722089e-01
8.602500781127411233e-01
7.290637693320438650e-01
7.055686985869695782e-01
8.253125976409263487e-01
7.622567258479724384e-01
5.589996875490352846e-01
6.242513279165997631e-01
7.903751171691116850e-01
5.240622070772206209e-01
8.734370117953677015e-01
6.000252955550555711e-01
5.027629049067566802e-01
5.939371680208500592e-01
8.734370117953677015e-01
6.374382615992263412e-01
6.774503072658302205e-01
8.734370117953677015e-01
5.675633006555969029e-01
7.055686985869695782e-01
8.734370117953677015e-01
7.205001562254822467e-01
6.774503072658302205e-01
7.048377369704996731e-01
8.951875585845557870e-01
7.989387302756733034e-01
7.422507030146704432e-01
5.846905268687200286e-01
6.699002564986850095e-01
5.846905268687200286e-01
6.916508032878732060e-01
9.083744922671823652e-01
7.422507030146704432e-01
1.000000000000000000e+00
7.622567258479724384e-01
7.754436595305990165e-01
6.638121289644794976e-01
8.951875585845557870e-01
6.093198702780869835e-01
5.846905268687199175e-01
9.301250390563704507e-01
7.205001562254822467e-01
5.027629049067566802e-01
6.217758423442436566e-01
6.809393551776026232e-01
7.640012498038585287e-01
6.941262888602292014e-01
6.217758423442437676e-01
7.141323116935310855e-01
7.686245703799235995e-01
6.987496094362941612e-01
5.037764672461730875e-01
7.405061790587842419e-01
6.349627760268703458e-01
5.761269137621584102e-01
7.771881834864851069e-01
7.622567258479724384e-01
6.941262888602292014e-01
7.622567258479723273e-01
6.156877148100381447e-01
7.073132225428557796e-01
9.151935814178577822e-01
7.397752174423143368e-01
3.315645504594554316e-01
5.736514281898024148e-01
7.622567258479724384e-01
7.622567258479724384e-01
6.941262888602292014e-01
6.723757420710410049e-01
7.397752174423144478e-01
7.290637693320438650e-01
7.422507030146704432e-01
7.903751171691116850e-01
7.971942063197871020e-01
7.771881834864851069e-01
6.567133228160584313e-01
7.290637693320438650e-01
6.288746484926647229e-01
8.321316867916017657e-01
7.771881834864851069e-01
8.121256639582997705e-01
6.288746484926647229e-01
7.622567258479724384e-01
7.055686985869695782e-01
3.701864450633606252e-01
7.205001562254822467e-01
8.253125976409263487e-01
5.255270140353611730e-01
5.458127538664087064e-01
7.971942063197871020e-01
7.290637693320438650e-01
6.567133228160584313e-01
8.602500781127411233e-01
5.369694237621015498e-01
7.290637693320438650e-01
7.622567258479724384e-01
8.035620508517382632e-01
6.567133228160584313e-01
7.622567258479723273e-01
7.048377369704996731e-01
7.290637693320438650e-01
6.574442844325282254e-01
7.640012498038585287e-01
7.771881834864851069e-01
6.574442844325282254e-01
5.365661127142786757e-01
7.336870899081088249e-01
5.736514281898024148e-01
6.723757420710410049e-01
7.273192453761576637e-01
6.941262888602292014e-01
6.941262888602292014e-01
7.640012498038585287e-01
7.290637693320438650e-01
6.987496094362941612e-01
7.205001562254822467e-01
6.007562571715254762e-01
6.356937376433401399e-01
7.205001562254822467e-01
7.405061790587842419e-01
7.055686985869695782e-01
8.602500781127411233e-01
8.103811400024136802e-01
6.196280073405346922e-01
6.242513279165997631e-01
7.554376366972970214e-01
8.602500781127411233e-01
8.734370117953677015e-01
7.336870899081088249e-01
7.771881834864851069e-01
8.820006249019292088e-01
8.602500781127411233e-01
4.798780854532758711e-01
6.941262888602292014e-01
7.686245703799235995e-01
9.083744922671823652e-01
6.723757420710410049e-01
8.253125976409263487e-01
8.253125976409263487e-01
9.169381053737439835e-01
7.405061790587842419e-01
6.699002564986850095e-01
8.820006249019292088e-01
7.771881834864851069e-01
8.734370117953677015e-01
8.453186204742283438e-01
8.602500781127411233e-01
7.971942063197871020e-01
7.771881834864851069e-01
6.242513279165997631e-01
6.809393551776026232e-01
8.253125976409263487e-01
8.338762107474879670e-01
6.085889086616171895e-01
7.622567258479724384e-01
7.490697921653457492e-01
7.754436595305990165e-01
6.293258931113889787e-01
7.123877877376449952e-01
7.123877877376449952e-01
3.486917766725785017e-01
7.290637693320438650e-01
7.771881834864851069e-01
7.422507030146704432e-01
8.121256639582997705e-01
8.734370117953677015e-01
7.422507030146704432e-01
8.470631444301145452e-01
6.567133228160584313e-01
7.640012498038585287e-01
7.971942063197871020e-01
7.771881834864851069e-01
7.490697921653458602e-01
8.103811400024136802e-01
6.791948312217163108e-01
8.121256639582997705e-01
6.460018747057878485e-01
9.083744922671823652e-01
7.771881834864851069e-01
7.686245703799235995e-01
8.470631444301145452e-01
5.807502343382234811e-01
7.141323116935310855e-01
6.916508032878730949e-01
6.809393551776026232e-01
7.640012498038585287e-01
7.205001562254822467e-01
7.622567258479724384e-01
7.141323116935310855e-01
8.035620508517382632e-01
7.771881834864851069e-01
7.290637693320438650e-01
4.959438157560813187e-01
5.497530463969052539e-01
5.027629049067566802e-01
3.979504634913125782e-01
3.348945916983585569e-01
4.197010102805007192e-01
3.979504634913125782e-01
4.546384907523153829e-01
7.055686985869695782e-01
6.638121289644794976e-01
6.085889086616170784e-01
5.736514281898024148e-01
3.979504634913125782e-01
2.427156320933234190e-01
5.497530463969051429e-01
4.798780854532758711e-01
3.315645504594554316e-01
4.798780854532757600e-01
2.776531125651381382e-01
2.427156320933234190e-01
2.776531125651381382e-01
8.253125976409263487e-01
4.610063352842665996e-01
4.546384907523153829e-01
4.535042180880227147e-01
5.497530463969052539e-01
5.497530463969052539e-01
5.016286322424640121e-01
6.288746484926647229e-01
6.000252955550555711e-01
6.000252955550555711e-01
6.567133228160584313e-01
7.290637693320438650e-01
6.941262888602292014e-01
8.103811400024136802e-01
7.405061790587842419e-01
8.121256639582997705e-01
7.903751171691116850e-01
8.384995313235529268e-01
7.771881834864851069e-01
7.422507030146704432e-01
8.453186204742283438e-01
2.427156320933234190e-01
3.315645504594554316e-01
6.374382615992263412e-01
4.168222136603217387e-01
6.567133228160583203e-01
