2.942276258335133066e-01
2.942276258335133066e-01
2.942276258335133066e-01
2.942276258335133066e-01
2.942276258335133066e-01
3.161700546019624025e-01
3.334637252895600312e-01
3.549513443725090256e-01
3.683285959069742543e-01
3.161700546019624025e-01
4.148135060294168563e-01
4.148135060294168563e-01
4.148135060294168563e-01
3.760322162588702333e-01
4.349820842667157517e-01
4.887686196467955768e-01
5.317438578126933990e-01
5.772221897118797740e-01
6.480877271243333793e-01
6.318669920273659590e-01
6.058560169987882160e-01
6.288661354235840495e-01
6.492808189159026133e-01
6.707684379988515522e-01
7.533799513578176565e-01
7.301217843029967902e-01
7.311947198936271652e-01
7.325157041142824621e-01
8.576970339678413602e-01
7.974281251143459093e-01
7.110280850313336343e-01
7.840508735798805695e-01
7.825283742380338969e-01
7.544528869484479205e-01
8.910394052434086332e-01
8.618909823631925038e-01
8.700013499116763249e-01
7.621136907457151111e-01
8.131992964600965879e-01
6.286481852554750560e-01
8.791846530507902990e-01
7.932341767189944326e-01
7.452695838093338354e-01
4.496783766468310795e-01
6.067110024213097086e-01
5.934429248088471942e-01
7.754909422801802288e-01
6.266001080413843294e-01
7.583693061015803760e-01
8.013445442674781427e-01
8.739177690648086694e-01
7.110280850313335232e-01
6.889170941089707290e-01
5.599913796112770958e-01
6.067110024213097086e-01
6.674294750260217901e-01
6.931110425043219836e-01
7.104047131919196678e-01
6.501358043384241059e-01
5.422481451724627810e-01
6.665744896035004086e-01
9.206373918748413931e-01
8.995993365431088629e-01
8.647344659256945842e-01
8.270261117457782252e-01
7.529303876066011370e-01
7.018447818922195491e-01
8.480641670775108665e-01
7.449920545671150363e-01
7.877952582240153045e-01
8.739177690648086694e-01
8.967558529806066714e-01
7.533799513578176565e-01
8.495866664193577611e-01
6.776857137557660282e-01
7.607927065250597032e-01
7.229269793038634040e-01
5.878188182708378173e-01
6.174168049022704663e-01
6.776857137557660282e-01
6.132228565069192117e-01
5.325392641611049749e-01
6.266001080413845514e-01
5.546616350383005711e-01
6.057472407526821589e-01
4.978595815867210006e-01
5.800656732743820765e-01
5.934429248088471942e-01
5.457150005743788279e-01
5.376046330258951178e-01
5.284213298867811437e-01
4.714749489591978371e-01
4.887686196467955768e-01
5.755145023270028526e-01
5.547704112844066282e-01
6.593191074775380800e-01
5.630381518741702784e-01
7.138715685938357147e-01
5.236334902642096889e-01
4.080850273009812845e-01
4.281907575638820851e-01
6.507852832220964445e-02
0.000000000000000000e+00
2.682851550021108644e-01
0.000000000000000000e+00
6.507852832220964445e-02
1.295110346098903298e-01
0.000000000000000000e+00
3.372028639994111843e-01
1.932694135983208106e-01
0.000000000000000000e+00
3.249466105444886455e-01
0.000000000000000000e+00
0.000000000000000000e+00
0.000000000000000000e+00
1.717817945153718717e-01
0.000000000000000000e+00
0.000000000000000000e+00
6.507852832220964445e-02
3.549513443725090256e-01
4.420212898037688132e-01
3.018624213736708639e-01
1.421838078839392228e-01
6.507852832220964445e-02
0.000000000000000000e+00
0.000000000000000000e+00
2.532002160827686588e-01
1.295110346098903298e-01
6.507852832220964445e-02
3.161700546019624025e-01
5.102562387297444602e-01
6.371338760133474777e-01
3.549513443725090256e-01
5.719553057258983664e-01
6.857960813042497383e-01
7.153940679356823873e-01
6.928335132621031844e-01
8.781117174601597020e-01
7.636361900875618947e-01
8.576970339678413602e-01
7.310373468523472251e-01
7.754909422801802288e-01
5.739920029851560690e-01
9.559518262434717473e-01
8.914889689946251528e-01
8.055384926628295084e-01
7.829779379892501945e-01
9.087826396822228370e-01
8.404033632802437870e-01
8.791846530507900770e-01
9.129765880775743137e-01
9.048662205290902705e-01
7.652347035504359907e-01
8.393304276896134120e-01
7.689030740735435243e-01
8.050889289116129888e-01
7.673805747316966297e-01
7.287713194701477271e-01
8.781117174601601461e-01
8.066114282534597724e-01
8.108053766488110270e-01
7.458929556487475798e-01
7.259278359076455356e-01
9.129765880775739806e-01
7.445719714280922830e-01
7.583693061015803760e-01
8.791846530507900770e-01
4.148135060294168563e-01
3.545445971759212944e-01
3.545445971759212944e-01
4.307881358713646081e-01
3.838964785523342194e-01
5.376046330258951178e-01
5.127593324630329574e-01
5.992681487921514005e-01
6.799517411379655263e-01
6.707684379988515522e-01
7.607927065250597032e-01
7.491860029624662909e-01
7.180655169891869694e-01
7.893177575658620881e-01
5.457150005743788279e-01
4.239653725687350661e-01
3.186382149550757159e-01
8.576970339678413602e-01
3.549513443725090256e-01
4.905391676186673933e-01
5.718461318038955410e-01
5.459165156955702036e-01
5.236334902642097999e-01
2.348353833837402982e-01
1.295110346098903298e-01
1.717817945153718717e-01
2.971505958721268326e-01
1.421838078839392228e-01
0.000000000000000000e+00
3.490316079349199963e-01
1.932694135983208106e-01
6.507852832220964445e-02
0.000000000000000000e+00
0.000000000000000000e+00
6.507852832220964445e-02
0.000000000000000000e+00
0.000000000000000000e+00
0.000000000000000000e+00
0.000000000000000000e+00
0.000000000000000000e+00
4.360550198573460712e-01
2.135440334876990698e-01
0.000000000000000000e+00
0.000000000000000000e+00
3.018624213736708639e-01
0.000000000000000000e+00
0.000000000000000000e+00
0.000000000000000000e+00
0.000000000000000000e+00
0.000000000000000000e+00
2.742677520266947888e-01
0.000000000000000000e+00
0.000000000000000000e+00
6.507852832220964445e-02
1.703725261348934539e-01
1.932694135983208106e-01
0.000000000000000000e+00
0.000000000000000000e+00
6.801091141792454664e-01
6.101778578232257555e-01
4.792763632782637284e-01
4.522757549543134914e-01
6.665303475235887509e-01
6.132228565069192117e-01
8.037679446909578029e-01
5.591363941887556033e-01
6.584641220550165874e-01
6.063055807500047356e-01
6.480877271243333793e-01
8.914889689946251528e-01
7.301217843029967902e-01
8.312200601411297018e-01
6.931110425043219836e-01
7.759405060313968594e-01
7.441966482187035714e-01
6.575485595056662635e-01
7.625632544969316307e-01
7.491860029624662909e-01
8.469912314868804915e-01
8.217592277597968176e-01
8.055384926628295084e-01
8.131992964600965879e-01
8.346869155430457488e-01
6.961283341550215109e-01
7.141490978360545139e-01
5.251265089938629282e-01
5.888917538614681924e-01
8.739177690648086694e-01
6.643084622213009105e-01
7.235044354841660974e-01
8.037679446909578029e-01
6.931110425043219836e-01
7.963551895237155342e-01
3.334637252895600312e-01
4.409018207043047810e-01
3.683285959069742543e-01
3.549513443725090256e-01
3.683285959069742543e-01
3.979265825384069588e-01
9.006722721337392379e-01
9.506849422574903397e-01
8.443197824333762425e-01
9.947331160140188144e-01
7.840508735798804585e-01
8.040159933209827248e-01
8.914889689946251528e-01
7.318923322748684956e-01
8.055384926628295084e-01
8.322929957317597438e-01
8.781117174601597020e-01
8.050889289116129888e-01
6.667318626447801266e-01
9.087826396822228370e-01
8.776621537089431824e-01
7.709511512876340289e-01
5.934429248088471942e-01
8.393304276896134120e-01
8.576970339678413602e-01
7.969785613631293897e-01
8.925619045852556388e-01
7.829779379892501945e-01
7.533799513578176565e-01
7.393050874421107643e-01
8.136488602113132185e-01
7.586468353437990642e-01
8.199886797879250011e-01
8.710742855023064779e-01
8.013445442674782537e-01
8.485137308287273861e-01
6.801091141792453554e-01
7.744180066895499648e-01
7.636361900875620057e-01
8.791846530507900770e-01
8.346869155430457488e-01
7.314427685236521981e-01
7.393050874421107643e-01
8.833786014461415537e-01
9.570247618341021223e-01
8.872950205992738981e-01
8.954053881477577193e-01
7.110280850313335232e-01
9.302702587651715538e-01
8.228321633504271926e-01
8.050889289116129888e-01
7.206609519216639059e-01
6.792842272186402353e-01
8.618909823631925038e-01
8.566240983772109852e-01
6.674294750260217901e-01
8.618909823631925038e-01
7.368816870186314372e-01
8.013445442674782537e-01
6.963298492762128866e-01
7.717465576360457158e-01
7.717465576360454937e-01
8.231096925926457697e-01
6.637310060409981061e-01
7.406260716627662832e-01
6.871465461370989125e-01
9.344642071605232525e-01
8.092828773069641324e-01
7.607927065250597032e-01
6.708963304279377260e-01
8.566240983772109852e-01
8.954053881477577193e-01
7.963551895237155342e-01
8.055384926628295084e-01
8.055384926628293973e-01
7.237819647263848966e-01
8.925619045852556388e-01
9.425745747090066295e-01
7.097071008106780043e-01
9.087826396822228370e-01
5.674041347785191425e-01
6.503537545065328773e-01
6.665744896035004086e-01
6.665744896035002975e-01
7.014393602209144651e-01
6.933289926724308661e-01
6.073785163406349996e-01
6.584641220550165874e-01
6.910629652902313680e-01
6.347104755898682615e-01
5.141726578828770267e-01
6.132228565069192117e-01
6.561980946728172004e-01
4.349820842667157517e-01
2.946824355190134082e-01
3.549513443725090256e-01
3.683285959069742543e-01
3.683285959069742543e-01
3.387306092755416054e-01
3.387306092755416054e-01
3.549513443725090256e-01
3.898162149899231377e-01
5.970021214099517914e-01
5.459165156955702036e-01
6.266001080413844404e-01
7.095497277693981752e-01
5.547704112844067392e-01
7.502589385530966659e-01
7.314427685236520871e-01
7.656842673016525103e-01
6.582461718869077050e-01
7.702240582941988212e-01
8.147217958019435935e-01
5.926361385056029274e-01
8.136488602113132185e-01
8.097324410581807630e-01
7.139010492060292590e-01
5.772221897118797740e-01
6.364181629747450719e-01
5.724695036433093964e-01
4.737633740372624302e-01
1.932694135983208106e-01
4.577887441953147896e-01
1.717817945153718717e-01
2.971505958721268326e-01
3.161700546019623470e-01
1.295110346098903298e-01
3.383552860661528938e-01
1.421838078839392228e-01
3.683285959069743098e-01
6.507852832220964445e-02
1.717817945153718717e-01
2.896321761758579583e-01
1.295110346098903298e-01
6.507852832220964445e-02
1.295110346098903298e-01
6.266001080413845514e-01
5.095291457363092524e-01
4.518556718152906826e-01
5.970021214099517914e-01
6.266001080413844404e-01
6.288661354235840495e-01
6.922560570818004910e-01
5.644032781747371219e-01
7.095497277693981752e-01
7.227090291357546326e-01
7.748675704407664844e-01
6.801091141792455774e-01
6.570989957544497440e-01
7.191384525798172334e-01
8.213096640085806310e-01
8.131992964600965879e-01
8.173932448554478425e-01
8.404033632802437870e-01
7.222594653845382240e-01
7.012214100528056937e-01
6.766127781651357642e-01
7.921612411283640576e-01
8.108053766488110270e-01
8.220367570020155057e-01
8.445973116755948196e-01
6.790361785886152024e-01
8.312200601411297018e-01
5.983525862428008546e-01
6.275010091230170950e-01
7.607927065250597032e-01
6.512087399290543699e-01
6.503537545065328773e-01
5.591363941887556033e-01
7.614903189063012556e-01
6.716234234213729337e-01
6.409525011993100208e-01
6.991733328387149671e-01
7.391035723209194996e-01
7.932341767189946546e-01
6.430983723805706598e-01
7.689030740735434133e-01
7.353591876767847646e-01
1.000000000000000000e+00
8.189157441972948481e-01
9.263538396120394314e-01
7.220114167545129691e-01
8.700013499116764359e-01
8.189157441972946261e-01
8.189157441972946261e-01
8.914889689946251528e-01
8.872950205992737871e-01
7.829779379892501945e-01
6.707684379988515522e-01
8.255036124039316636e-01
7.998220449256314701e-01
8.710742855023064779e-01
8.050889289116129888e-01
7.974281251143456872e-01
8.432468468427458674e-01
8.035664295697662052e-01
8.404033632802435649e-01
9.140495236682043556e-01
9.221598912166882878e-01
8.414762988708741620e-01
8.480641670775108665e-01
7.610407551550848471e-01
7.963551895237153122e-01
8.857725212574272255e-01
7.956575771424737598e-01
8.346869155430454157e-01
8.414762988708741620e-01
8.995993365431088629e-01
6.230409114402798432e-01
5.585780541914330266e-01
5.457150005743788279e-01
4.065625279591345009e-01
4.806582520983118667e-01
3.161700546019624025e-01
2.942276258335133066e-01
2.727400067505643677e-01
2.942276258335133066e-01
6.244542368601238014e-01
6.452442435618312988e-01
7.358087514280011732e-01
7.358087514280011732e-01
5.078328383062651330e-01
6.766127781651358752e-01
5.457150005743788279e-01
4.522757549543134914e-01
6.163438693116402023e-01
6.230409114402798432e-01
4.806582520983117557e-01
6.015532923573310153e-01
7.621136907457151111e-01
6.051124889584353905e-01
6.970274616574544391e-01
6.708963304279377260e-01
7.110280850313335232e-01
7.974281251143456872e-01
8.404033632802437870e-01
6.222341251370355764e-01
7.110280850313334122e-01
6.402548888180684683e-01
6.279505728742335036e-01
8.495866664193577611e-01
7.393050874421108754e-01
8.404033632802437870e-01
8.914889689946251528e-01
8.925619045852556388e-01
8.270261117457782252e-01
6.695753462072823181e-01
7.759405060313968594e-01
8.566240983772109852e-01
8.618909823631925038e-01
8.833786014461415537e-01
9.087826396822228370e-01
8.173932448554478425e-01
8.265765479945620386e-01
6.375539591523703420e-01
8.309425308989107917e-01
7.143211323450522343e-01
5.675242909794580015e-01
7.882448219752319352e-01
8.608180467725624618e-01
8.094549118159618528e-01
8.118783122394414020e-01
9.087826396822228370e-01
7.072837003871986772e-01
8.131992964600965879e-01
7.932341767189944326e-01
8.995993365431088629e-01
8.524301499818599526e-01
8.480641670775108665e-01
9.302702587651715538e-01
8.199886797879250011e-01
8.252555637739065197e-01
9.302702587651715538e-01
7.287713194701477271e-01
8.131992964600968099e-01
7.903906931564923521e-01
7.783344258426826423e-01
7.825283742380338969e-01
5.451211093471586278e-01
4.929625680421467204e-01
5.236334902642096889e-01
5.739920029851560690e-01
4.281907575638820851e-01
7.022943456434360687e-01
7.770134416220272344e-01
6.801091141792454664e-01
5.529539476534236497e-01
4.714749489591978371e-01
4.281907575638820851e-01
4.575426389402949545e-01
5.208697000115167786e-01
5.674041347785190315e-01
6.316654769061745833e-01
4.912717133800840741e-01
7.434990358374620190e-01
8.862220850086437451e-01
5.086282446546764868e-01
5.284213298867811437e-01
5.423573190944656064e-01
5.719553057258983664e-01
7.125505843731803068e-01
7.974281251143456872e-01
7.318923322748686067e-01
8.791846530507900770e-01
8.781117174601599240e-01
8.050889289116129888e-01
7.445719714280922830e-01
7.097071008106782264e-01
8.013445442674782537e-01
7.770134416220272344e-01
7.932341767189944326e-01
8.173932448554478425e-01
7.022943456434359577e-01
5.917352374239702728e-01
7.018447818922195491e-01
6.101778578232257555e-01
7.139010492060292590e-01
4.714749489591978371e-01
2.942276258335133066e-01
1.080234155269413909e-01
1.080234155269413909e-01
1.295110346098903298e-01
0.000000000000000000e+00
0.000000000000000000e+00
0.000000000000000000e+00
1.932694135983208106e-01
6.507852832220964445e-02
1.295110346098903298e-01
1.295110346098903298e-01
2.348353833837402982e-01
1.717817945153718717e-01
3.372028639994111843e-01
2.348353833837402982e-01
1.717817945153718717e-01
5.027397624084809502e-01
6.507852832220964445e-02
0.000000000000000000e+00
0.000000000000000000e+00
6.507852832220964445e-02
0.000000000000000000e+00
0.000000000000000000e+00
0.000000000000000000e+00
1.080234155269413909e-01
6.507852832220964445e-02
0.000000000000000000e+00
4.467739758723394683e-01
0.000000000000000000e+00
1.295110346098903298e-01
0.000000000000000000e+00
0.000000000000000000e+00
0.000000000000000000e+00
0.000000000000000000e+00
0.000000000000000000e+00
0.000000000000000000e+00
0.000000000000000000e+00
0.000000000000000000e+00
0.000000000000000000e+00
0.000000000000000000e+00
2.429125533658252900e-01
4.522757549543134914e-01
0.000000000000000000e+00
0.000000000000000000e+00
0.000000000000000000e+00
6.507852832220964445e-02
1.295110346098903298e-01
6.507852832220964445e-02
1.080234155269413909e-01
0.000000000000000000e+00
3.933258869464679730e-01
1.717817945153718717e-01
0.000000000000000000e+00
3.372028639994111843e-01
0.000000000000000000e+00
0.000000000000000000e+00
1.421838078839392228e-01
1.717817945153718717e-01
2.135440334876990698e-01
2.429125533658252900e-01
3.598429051491018327e-01
6.507852832220964445e-02
0.000000000000000000e+00
4.824288000701836832e-01
6.507852832220964445e-02
2.326877386232799882e-01
2.326877386232799882e-01
3.161700546019623470e-01
3.953016669937362004e-01
5.719553057258983664e-01
2.756629767891778937e-01
3.334637252895600312e-01
4.577887441953147896e-01
2.675526092406941836e-01
6.818796621511172829e-01
3.715921626084991991e-01
1.932694135983208106e-01
1.080234155269413909e-01
0.000000000000000000e+00
0.000000000000000000e+00
0.000000000000000000e+00
6.507852832220964445e-02
0.000000000000000000e+00
1.080234155269413909e-01
1.295110346098903298e-01
0.000000000000000000e+00
0.000000000000000000e+00
0.000000000000000000e+00
0.000000000000000000e+00
0.000000000000000000e+00
0.000000000000000000e+00
0.000000000000000000e+00
0.000000000000000000e+00
0.000000000000000000e+00
0.000000000000000000e+00
0.000000000000000000e+00
0.000000000000000000e+00
0.000000000000000000e+00
0.000000000000000000e+00
1.080234155269413909e-01
0.000000000000000000e+00
0.000000000000000000e+00
6.507852832220964445e-02
0.000000000000000000e+00
0.000000000000000000e+00
