7.957377657466048193e-01
8.525289126517229255e-01
2.424786582756008335e-01
2.424786582756008335e-01
3.164774356549501788e-01
3.164774356549501788e-01
3.164774356549501788e-01
4.159241755418490727e-01
3.664287618897336118e-01
4.159241755418490727e-01
3.664287618897336118e-01
4.361703076337120066e-01
4.361703076337120066e-01
5.263328203831686425e-01
5.263328203831686425e-01
4.507827497042330434e-01
5.708298240503076881e-01
6.200470743460746448e-01
5.431276476917570317e-01
4.896489776627345192e-01
4.622249646605322004e-01
7.291693614295525760e-01
6.482666783983277448e-01
7.291693614295525760e-01
8.340865660114040736e-01
6.360288723919779175e-01
7.512407620794656626e-01
7.845911523592885572e-01
8.458069443240515684e-01
8.183829313218492496e-01
8.889345920158084891e-01
8.682325473412775274e-01
9.060075826807453270e-01
7.756094859974050904e-01
9.177279609933930438e-01
8.013099406569126337e-01
6.208426653961254260e-01
8.030334989996074091e-01
9.177279609933930438e-01
8.237355436741385928e-01
1.560414255678826967e-01
8.147538773122551259e-01
4.856657212858275230e-01
2.951640008212733091e-01
7.854153875739160184e-02
7.854153875739160184e-02
7.854153875739160184e-02
7.854153875739160184e-02
7.854153875739160184e-02
7.854153875739160184e-02
1.560414255678826967e-01
7.854153875739160184e-02
7.854153875739160184e-02
1.560414255678826967e-01
2.050177197975636689e-01
7.854153875739160184e-02
7.854153875739160184e-02
2.050177197975636689e-01
4.981962145484559734e-01
4.269314534799956706e-01
7.854153875739160184e-02
6.672827899639780513e-01
7.854153875739160184e-02
3.343647293677524668e-01
5.917327192850424522e-01
7.854153875739160184e-02
8.030334989996076311e-01
1.560414255678826967e-01
3.952221308673180555e-01
5.366275054888048901e-01
3.446594144733887144e-01
8.304575120018097278e-01
7.854153875739160184e-02
6.636537359543838166e-01
1.560414255678826967e-01
2.424786582756007780e-01
3.542524709944179784e-01
2.424786582756007780e-01
7.854153875739160184e-02
4.649636766112963948e-01
7.854153875739160184e-02
7.854153875739160184e-02
7.854153875739160184e-02
3.343647293677524668e-01
2.324417327997659877e-01
3.343647293677524668e-01
7.854153875739160184e-02
7.854153875739160184e-02
7.854153875739160184e-02
2.324417327997659599e-01
4.768374067310532372e-01
7.854153875739160184e-02
7.854153875739160184e-02
6.916138886481031367e-01
2.324417327997659599e-01
3.164774356549501233e-01
4.361703076337120066e-01
5.042614197332555559e-01
7.854153875739160184e-02
3.446594144733887144e-01
6.502097992990412134e-01
7.464619146525077742e-01
7.031147044027323822e-01
7.976808866473182880e-01
6.969665010003924799e-01
8.732309573262541091e-01
9.725759869977976813e-01
8.251048996495206067e-01
8.016641430242253952e-01
8.903039479911907250e-01
8.903039479911907250e-01
8.511595566763406895e-01
8.354559219867860875e-01
5.103510223372655918e-01
3.446594144733887144e-01
3.885001625396468095e-01
4.308176952814228855e-01
2.050177197975636689e-01
2.802536936150686331e-01
3.268284579922156596e-01
2.802536936150685776e-01
4.996457976326870720e-01
7.134657267399978631e-01
6.146944619937855236e-01
7.688875176697338443e-01
2.324417327997659599e-01
4.604211792089881738e-01
4.087462946315096879e-01
5.027387119507642499e-01
6.569317676267125705e-01
8.183829313218492496e-01
1.000000000000000000e+00
7.238167490772633439e-01
7.428328606429136505e-01
8.408085343390754307e-01
4.328578307576163575e-01
3.952221308673180555e-01
2.424786582756007780e-01
4.618707622932192725e-01
8.304575120018097278e-01
4.604211792089881738e-01
2.050177197975636689e-01
6.748951003504792823e-01
8.408085343390752087e-01
4.328578307576163575e-01
7.408897397422000708e-01
7.531838829801792423e-01
7.742401300220230764e-01
7.873298643100526961e-01
6.812628663108377669e-01
8.615105790136063924e-01
8.799529256539252442e-01
8.615105790136063924e-01
7.134657267399978631e-01
9.006549703284562058e-01
7.702568736451159692e-01
9.348009516583298817e-01
8.682325473412775274e-01
7.963115306719362740e-01
8.628799349889884063e-01
7.792385400069994361e-01
7.207614599930005639e-01
8.628799349889884063e-01
8.785835696785430082e-01
6.295077546245102518e-01
6.689687230728588174e-01
4.885577850437008429e-01
6.360288723919778064e-01
7.257598699779768125e-01
7.238167490772633439e-01
4.087462946315096879e-01
8.237355436741385928e-01
6.919680910154161202e-01
8.080319089845837688e-01
2.951640008212733091e-01
5.170729906649368379e-01
1.560414255678826967e-01
5.431276476917570317e-01
7.786647750816679814e-01
7.238167490772633439e-01
6.639703130878824577e-01
4.896489776627345192e-01
6.555624116513304456e-01
3.664287618897336118e-01
1.560414255678826967e-01
7.963115306719362740e-01
4.433481885440513359e-01
2.050177197975636689e-01
5.274240130022023187e-01
8.561579666613170492e-01
5.027387119507642499e-01
4.753146989485619311e-01
6.653396690632644717e-01
7.311124823302660447e-01
3.129500918607110993e-01
7.786647750816679814e-01
8.628799349889884063e-01
8.785835696785432303e-01
5.405137472902320495e-01
5.708298240503076881e-01
7.495548289705850076e-01
7.666278196355217345e-01
5.161826486061068531e-01
8.970259163188620821e-01
9.658540186701263242e-01
7.305387174049345900e-01
3.664287618897336118e-01
8.628799349889884063e-01
7.756094859974052014e-01
1.560414255678826967e-01
6.434878309713698563e-01
6.748951003504792823e-01
8.628799349889884063e-01
5.539576839455747637e-01
3.891564181405278711e-01
1.560414255678826967e-01
1.286174125656803779e-01
5.377750353394677996e-01
2.424786582756007780e-01
4.602818437598186763e-01
0.000000000000000000e+00
4.981962145484559734e-01
4.440607813765617418e-01
7.585364953324683635e-01
6.919680910154162312e-01
7.464619146525077742e-01
1.286174125656803779e-01
5.170729906649368379e-01
8.511595566763409115e-01
7.702568736451159692e-01
2.802536936150685776e-01
8.080319089845839908e-01
7.702568736451159692e-01
9.006549703284562058e-01
6.188995444954118463e-01
7.963115306719362740e-01
9.073769386561275629e-01
8.903039479911907250e-01
8.889345920158087111e-01
9.110059926657216867e-01
8.732309573262538871e-01
9.177279609933930438e-01
5.710306746105113795e-01
1.672426844580958416e-01
5.539576839455746526e-01
8.251048996495206067e-01
3.164774356549501788e-01
2.802536936150685776e-01
6.743213354251479386e-01
6.371200650110114827e-01
4.329971662067858551e-01
3.507251272001789544e-01
2.424786582756008335e-01
3.164774356549501233e-01
0.000000000000000000e+00
5.974019087708302145e-01
5.263328203831686425e-01
2.050177197975636689e-01
2.424786582756008335e-01
1.286174125656803779e-01
3.952221308673180555e-01
4.221902312868524021e-01
5.984546876127138093e-01
5.539576839455746526e-01
3.995074404777933519e-01
7.854153875739160184e-02
7.854153875739160184e-02
7.134657267399978631e-01
6.110654079841913999e-01
3.542524709944179784e-01
7.854153875739160184e-02
6.365463000856801390e-01
4.006549703284563169e-01
6.379156560610622639e-01
6.421184749959878424e-01
6.689687230728588174e-01
5.769194266543177241e-01
7.635349053174446121e-01
7.599058513078503774e-01
6.689687230728587064e-01
2.719804319878110777e-01
1.979816546084616768e-01
2.424786582756007780e-01
2.719804319878110777e-01
8.251048996495206067e-01
7.806078959823814500e-01
3.542524709944179784e-01
1.286174125656803779e-01
6.367658626436986102e-01
5.027387119507642499e-01
3.259004906995713324e-01
2.324417327997659599e-01
4.173737586260802268e-01
5.866966840662518612e-01
4.649636766112964503e-01
0.000000000000000000e+00
1.286174125656803779e-01
0.000000000000000000e+00
4.087462946315097989e-01
8.080319089845837688e-01
3.446594144733887144e-01
4.707722015462536547e-01
4.159241755418490727e-01
4.604211792089881738e-01
4.159241755418490727e-01
3.664287618897336118e-01
5.027387119507642499e-01
4.582417082836250932e-01
5.377750353394677996e-01
5.866966840662517502e-01
7.086868793130399746e-01
6.916138886481032477e-01
8.013099406569124117e-01
7.305387174049345900e-01
8.231617787488070270e-01
7.193921040176184389e-01
9.555029963328608433e-01
7.531838829801792423e-01
5.926230613438724371e-01
8.628799349889884063e-01
8.231617787488070270e-01
5.537568333853709612e-01
5.592726710640495424e-01
5.872704489915832049e-01
4.842963653104452870e-01
0.000000000000000000e+00
4.649636766112964503e-01
4.233587367020307246e-01
3.542524709944179784e-01
6.194733094207433011e-01
6.074363539745971652e-01
7.134657267399978631e-01
8.628799349889884063e-01
5.318486580618471127e-01
4.753146989485619311e-01
5.708298240503076881e-01
6.482666783983277448e-01
3.542524709944179784e-01
3.076777066172708963e-01
3.259004906995713324e-01
3.542524709944179784e-01
1.560414255678826967e-01
8.066625530092017549e-01
6.983358569757744938e-01
5.659946393917208995e-01
3.816764839966202416e-01
6.295077546245102518e-01
5.027387119507642499e-01
6.379156560610622639e-01
8.732309573262538871e-01
8.133845213368728899e-01
8.030334989996074091e-01
8.628799349889884063e-01
8.903039479911907250e-01
7.845911523592885572e-01
8.732309573262538871e-01
7.190379016503055665e-01
5.301627249529665686e-01
3.664287618897336118e-01
3.129500918607110993e-01
9.006549703284562058e-01
7.976808866473182880e-01
8.458069443240515684e-01
4.649636766112964503e-01
6.160638179691675376e-01
4.582417082836250932e-01
4.329971662067858551e-01
3.076777066172708963e-01
3.076777066172708963e-01
5.434058110481053694e-01
1.560414255678826967e-01
3.076777066172708963e-01
1.560414255678826967e-01
7.854153875739160184e-02
6.689687230728588174e-01
3.816764839966202416e-01
2.424786582756007780e-01
1.560414255678826967e-01
5.330547887108398886e-01
2.424786582756007780e-01
3.939916027991148817e-01
3.164774356549501233e-01
2.324417327997659599e-01
4.329971662067858551e-01
2.050177197975636689e-01
2.324417327997659599e-01
5.705516606939593505e-01
3.076777066172708963e-01
1.560414255678826967e-01
3.617324051383255523e-01
8.120151653614908760e-01
5.539576839455746526e-01
7.854153875739160184e-02
1.560414255678826967e-01
6.188995444954118463e-01
1.560414255678826967e-01
5.659946393917207885e-01
7.806078959823815611e-01
4.221902312868524021e-01
5.548480260044046375e-01
5.705516606939593505e-01
3.076777066172708963e-01
7.468161170198207577e-01
6.465807452894469787e-01
3.076777066172708963e-01
8.615105790136063924e-01
1.560414255678826967e-01
4.707722015462536547e-01
5.256202275506582922e-01
1.560414255678826967e-01
6.933374469907982451e-01
3.385488363048633209e-01
2.424786582756007780e-01
6.645440780132138014e-01
6.267690426737461129e-01
5.301627249529665686e-01
6.398587769617758436e-01
7.873298643100526961e-01
7.428328606429136505e-01
7.683137527444025006e-01
3.542524709944179784e-01
3.076777066172708963e-01
2.324417327997659599e-01
4.981962145484559734e-01
2.050177197975636689e-01
4.269314534799956706e-01
3.076777066172708963e-01
7.408897397422000708e-01
6.267690426737461129e-01
5.027387119507642499e-01
3.259004906995713324e-01
4.582417082836250932e-01
3.446594144733887144e-01
6.421184749959878424e-01
6.086048593897754877e-01
7.414635046675316365e-01
8.231617787488070270e-01
7.023191133526816010e-01
6.311936877333910179e-01
8.080319089845837688e-01
7.683137527444023895e-01
5.917327192850424522e-01
7.742401300220230764e-01
7.599058513078504884e-01
7.428328606429137615e-01
5.263328203831686425e-01
4.543554664821979894e-01
5.813816969477769714e-01
7.854153875739160184e-02
4.328578307576163575e-01
6.709118439735721751e-01
8.183829313218494717e-01
2.050177197975636689e-01
9.163586050180108078e-01
7.305387174049345900e-01
5.027387119507642499e-01
5.214976357245817429e-01
1.560414255678826967e-01
1.560414255678826967e-01
2.050177197975636689e-01
6.362297229521816089e-01
4.707722015462536547e-01
8.304575120018099499e-01
3.164774356549501233e-01
2.802536936150686331e-01
5.251643149679903200e-01
6.829864246535327643e-01
5.696613186351293656e-01
7.859605083346706822e-01
5.434058110481054804e-01
4.361703076337120066e-01
4.604211792089881738e-01
4.329971662067858551e-01
4.543554664821979894e-01
3.172354014711863956e-01
3.542524709944179784e-01
3.816764839966202416e-01
3.164774356549501788e-01
2.719804319878110777e-01
3.164774356549501788e-01
3.164774356549501788e-01
3.542524709944179784e-01
3.268284579922156596e-01
3.446594144733887144e-01
4.707722015462536547e-01
4.753146989485619311e-01
6.756906914005300635e-01
5.866966840662517502e-01
7.512407620794656626e-01
8.016641430242253952e-01
5.705516606939593505e-01
8.408085343390754307e-01
7.257598699779769236e-01
8.354559219867860875e-01
2.719804319878110777e-01
6.919680910154162312e-01
5.548480260044046375e-01
6.367658626436987213e-01
4.329971662067858551e-01
8.628799349889884063e-01
5.270698106348893353e-01
2.324417327997659599e-01
2.802536936150686331e-01
2.802536936150685776e-01
2.324417327997659599e-01
1.560414255678826967e-01
7.854153875739160184e-02
5.813816969477769714e-01
1.560414255678826967e-01
0.000000000000000000e+00
5.816982740812755015e-01
5.027387119507642499e-01
7.518145270047971174e-01
5.431276476917570317e-01
6.007143856469258081e-01
6.756906914005300635e-01
8.354559219867860875e-01
8.458069443240515684e-01
7.792385400069993251e-01
8.835819796635193679e-01
8.183829313218492496e-01
7.428328606429136505e-01
8.183829313218492496e-01
9.073769386561275629e-01
7.468161170198207577e-01
6.104916430588599452e-01
5.822720390066068452e-01
4.971665370404564910e-01
6.913943260900847765e-01
2.719804319878110777e-01
5.699778957686278957e-01
2.050177197975636689e-01
0.000000000000000000e+00
1.286174125656803779e-01
4.233587367020307246e-01
2.324417327997659599e-01
7.854153875739160184e-02
4.361703076337120066e-01
2.324417327997659599e-01
5.318486580618471127e-01
2.890534226527478601e-01
6.933374469907982451e-01
3.826916376046894941e-01
8.785835696785432303e-01
7.512407620794656626e-01
8.903039479911907250e-01
7.585364953324683635e-01
8.080319089845837688e-01
6.983358569757746048e-01
7.031147044027322712e-01
4.856657212858274120e-01
3.664287618897336118e-01
1.979816546084616768e-01
4.269314534799956706e-01
7.854153875739160184e-02
4.707722015462536547e-01
3.542524709944179784e-01
4.328578307576163575e-01
6.191567322872447710e-01
5.318486580618472237e-01
6.916138886481031367e-01
2.050177197975636689e-01
4.087462946315097989e-01
3.952221308673180555e-01
0.000000000000000000e+00
5.598464359893808862e-01
6.160638179691676486e-01
2.951640008212733091e-01
7.806078959823814500e-01
5.917327192850424522e-01
3.129500918607110993e-01
2.050177197975636689e-01
6.367658626436986102e-01
6.740047582916492974e-01
1.286174125656803779e-01
1.286174125656803779e-01
7.769788419727873263e-01
5.027387119507642499e-01
1.560414255678826967e-01
6.295077546245102518e-01
7.154088476407114428e-01
2.424786582756007780e-01
6.398587769617757326e-01
7.769788419727872153e-01
6.740047582916494084e-01
8.080319089845837688e-01
8.237355436741385928e-01
7.311124823302660447e-01
8.970259163188620821e-01
8.080319089845837688e-01
8.080319089845837688e-01
7.963115306719362740e-01
7.742401300220230764e-01
8.340865660114040736e-01
7.806078959823814500e-01
7.512407620794655516e-01
5.056307757086375698e-01
5.027387119507642499e-01
7.702568736451159692e-01
7.117797936311170970e-01
4.779285993500869134e-01
3.617324051383255523e-01
7.291693614295525760e-01
4.582417082836250932e-01
5.042614197332555559e-01
4.148944980338496458e-01
7.688875176697338443e-01
4.885577850437008429e-01
3.172354014711864512e-01
7.468161170198207577e-01
7.140394916653293178e-01
1.286174125656803779e-01
3.076777066172708963e-01
8.340865660114038516e-01
5.063677659603583736e-01
2.050177197975636689e-01
3.164774356549501233e-01
7.311124823302660447e-01
2.424786582756008335e-01
5.161826486061068531e-01
8.237355436741385928e-01
8.696019033166597634e-01
6.384894209863937187e-01
7.481854729952028826e-01
4.604211792089881738e-01
5.705516606939593505e-01
5.027387119507642499e-01
8.030334989996076311e-01
8.354559219867860875e-01
3.542524709944179784e-01
7.311124823302660447e-01
7.688875176697338443e-01
6.538388533086354482e-01
2.416853307922507965e-01
6.709118439735721751e-01
4.770006320574425862e-01
7.585364953324683635e-01
7.599058513078503774e-01
9.451519739955953625e-01
8.408085343390754307e-01
8.066625530092017549e-01
7.963115306719362740e-01
9.932780316723286429e-01
8.354559219867860875e-01
7.512407620794656626e-01
8.030334989996076311e-01
9.177279609933930438e-01
9.073769386561275629e-01
8.525289126517229255e-01
5.301627249529665686e-01
5.042614197332555559e-01
5.434058110481053694e-01
6.295077546245103628e-01
7.050578253034458509e-01
6.740047582916492974e-01
6.086048593897754877e-01
6.474710873482769635e-01
6.367658626436986102e-01
7.428328606429137615e-01
2.050177197975636689e-01
4.329971662067858551e-01
7.518145270047971174e-01
5.719210166693413644e-01
4.608556086851500755e-01
7.976808866473182880e-01
6.916138886481032477e-01
4.433481885440513359e-01
4.543554664821979894e-01
7.585364953324683635e-01
7.512407620794656626e-01
7.017453484273502573e-01
5.708298240503076881e-01
6.756906914005300635e-01
6.371200650110114827e-01
4.269314534799956706e-01
6.748951003504792823e-01
7.585364953324683635e-01
7.017453484273502573e-01
7.585364953324683635e-01
6.983358569757744938e-01
6.482666783983277448e-01
5.251643149679903200e-01
4.361703076337120066e-01
4.856657212858274120e-01
3.446594144733887144e-01
4.608556086851500755e-01
5.263328203831686425e-01
6.756906914005300635e-01
8.785835696785430082e-01
7.742401300220230764e-01
8.628799349889884063e-01
9.829270093350631621e-01
7.364650946825552769e-01
5.592726710640495424e-01
6.983358569757746048e-01
6.569317676267125705e-01
7.017453484273502573e-01
7.305387174049345900e-01
8.903039479911907250e-01
9.006549703284562058e-01
8.251048996495206067e-01
8.628799349889884063e-01
7.512407620794656626e-01
7.512407620794657737e-01
7.512407620794656626e-01
6.468973224229456198e-01
8.889345920158087111e-01
7.963115306719362740e-01
7.702568736451159692e-01
8.147538773122551259e-01
6.074363539745971652e-01
7.585364953324683635e-01
7.976808866473182880e-01
7.305387174049345900e-01
9.006549703284562058e-01
7.518145270047971174e-01
7.428328606429136505e-01
2.802536936150686331e-01
4.611337720414985797e-01
7.854153875739160184e-02
2.662736172682089730e-01
0.000000000000000000e+00
0.000000000000000000e+00
2.802536936150686331e-01
0.000000000000000000e+00
0.000000000000000000e+00
2.050177197975636689e-01
2.224850183356956168e-01
5.161826486061068531e-01
2.561589449555929376e-01
3.164774356549501788e-01
7.297431263548840308e-01
6.191567322872447710e-01
8.525289126517229255e-01
3.390047488875312931e-01
4.233587367020307246e-01
5.431276476917570317e-01
7.531838829801792423e-01
2.802536936150685776e-01
2.050177197975636689e-01
2.802536936150686331e-01
4.390623713915854376e-01
3.542524709944179784e-01
5.256202275506582922e-01
5.161826486061068531e-01
4.856657212858274120e-01
8.016641430242253952e-01
8.682325473412777495e-01
6.194733094207433011e-01
6.104916430588599452e-01
7.361108923152422934e-01
6.639703130878824577e-01
7.305387174049345900e-01
7.036884693280637260e-01
8.335128010860725079e-01
7.324818383056481697e-01
7.963115306719362740e-01
7.512407620794656626e-01
7.305387174049345900e-01
7.468161170198207577e-01
7.963115306719362740e-01
9.006549703284562058e-01
7.464619146525077742e-01
6.096960520088092750e-01
7.117797936311172080e-01
8.340865660114040736e-01
7.324818383056481697e-01
8.340865660114040736e-01
9.110059926657216867e-01
8.066625530092017549e-01
8.799529256539252442e-01
8.408085343390754307e-01
9.163586050180108078e-01
8.732309573262538871e-01
8.628799349889884063e-01
8.511595566763409115e-01
8.147538773122551259e-01
9.073769386561275629e-01
9.451519739955953625e-01
7.086868793130399746e-01
8.525289126517229255e-01
9.280789833306585246e-01
6.086048593897754877e-01
8.903039479911907250e-01
7.976808866473182880e-01
9.006549703284562058e-01
5.926230613438724371e-01
7.257598699779769236e-01
8.080319089845837688e-01
9.280789833306585246e-01
7.512407620794656626e-01
6.916138886481032477e-01
4.269314534799956706e-01
6.086048593897754877e-01
4.233587367020307246e-01
7.134657267399978631e-01
5.161826486061068531e-01
6.639703130878824577e-01
2.050177197975636689e-01
6.295077546245102518e-01
4.896489776627345192e-01
5.866966840662517502e-01
3.542524709944179784e-01
7.428328606429136505e-01
8.133845213368731120e-01
8.458069443240515684e-01
8.304575120018097278e-01
8.732309573262538871e-01
8.030334989996076311e-01
8.133845213368728899e-01
7.806078959823814500e-01
9.006549703284562058e-01
8.251048996495206067e-01
8.060887880838703001e-01
8.785835696785430082e-01
9.163586050180110298e-01
8.615105790136063924e-01
7.742401300220230764e-01
8.287339536591147304e-01
7.873298643100526961e-01
8.133845213368731120e-01
8.785835696785432303e-01
6.983358569757744938e-01
7.963115306719362740e-01
7.786647750816679814e-01
7.806078959823814500e-01
6.743213354251479386e-01
8.408085343390752087e-01
7.585364953324683635e-01
