3.521209538966714736e-01
3.253715727009523495e-01
3.129265350828623893e-01
3.583434727057164815e-01
4.067200894700906955e-01
4.812795827822594630e-01
4.625510419312113264e-01
4.625510419312113264e-01
5.818175505121795377e-01
6.587174712361406614e-01
6.921180516502876134e-01
5.658427106790216987e-01
7.357817581488189651e-01
6.029037516079787107e-01
6.205008494799993946e-01
8.815935549849749364e-01
7.638556900594778432e-01
8.407527590239700643e-01
7.349585695752209880e-01
5.792925162225813773e-01
6.118087649501605663e-01
5.777766381278873764e-01
3.361755008816083024e-01
7.835010435442807397e-01
7.574428608536891705e-01
3.526614508839904238e-01
4.802091242271450677e-01
6.815805485316376311e-01
8.420542172903523470e-01
5.606588269316615802e-01
5.523754430457181730e-01
8.124320311647525994e-01
6.548311673359185070e-01
4.563285231221663185e-01
3.197128370528306007e-01
7.237797623437974837e-01
1.046745453890339100e-01
3.569385782542299768e-01
1.399174760180275923e-01
8.074359401383924828e-01
2.924910944245028843e-01
5.253551106745579097e-02
1.564034260204096027e-01
8.413630187852246811e-01
4.806236121568476238e-01
2.929634558571115321e-01
3.182793887179781178e-01
2.952724776260689521e-01
6.178183549468624358e-01
6.693258213102912801e-01
4.232060394724727059e-01
6.057534640893016409e-01
5.799823539842083875e-01
4.760931813591555706e-01
1.912215484876384763e-01
3.613031518472366588e-01
1.399174760180275645e-01
4.647936327798773415e-01
6.573590533849855699e-01
2.420850720881816964e-01
1.399174760180275645e-01
4.499554206681917190e-01
4.232060394724727059e-01
3.129265350828623893e-01
6.221333392564674103e-01
8.767294540270850201e-01
3.955977677904818912e-01
4.129171381040670497e-01
6.680993935276063889e-01
6.685863942652625624e-01
4.185535065834254942e-01
7.009393034639002096e-01
7.591461975856579336e-01
7.816417375847416471e-01
3.526614508839903683e-01
6.561413566471726577e-01
4.869427628821793030e-01
2.255991220857996304e-01
3.259353558618756086e-01
4.492828157395233890e-01
2.924910944245028843e-01
4.067200894700906955e-01
4.412619753948525125e-01
2.787865276236869416e-01
3.418721892159727327e-01
6.983405704593326213e-01
7.318615871123815841e-01
3.259353558618756086e-01
3.526614508839903683e-01
6.696707401911047297e-01
4.852635355817787044e-01
6.101166769388076672e-01
5.749293033730754621e-01
7.683735113930536542e-01
5.561748727343009957e-01
5.054214999285390197e-01
7.584902269602460390e-01
3.588839696930354317e-01
1.399174760180275645e-01
8.148265664018490284e-01
2.532966756106937445e-01
7.167340549611546097e-01
8.259131861687838416e-01
3.863438107283461709e-01
4.067200894700906955e-01
7.867187673549748128e-01
6.426602016431415265e-01
3.850928539014356056e-01
4.135615990852621326e-01
5.923180199494276765e-01
2.193766032767546226e-01
6.815805485316375201e-01
6.784550121854320270e-01
2.193766032767545948e-01
2.193766032767545948e-01
1.926272220810355262e-01
1.417636984804923617e-01
1.685130796762114302e-01
1.417636984804923617e-01
1.417636984804923617e-01
1.417636984804923617e-01
1.417636984804923617e-01
9.270104926078290841e-01
6.282947149525426322e-01
4.988766806542800358e-01
6.447806649549246982e-01
6.282947149525426322e-01
7.801513296651162443e-01
5.602786801711321374e-01
7.283559040056467593e-01
7.921180975904219546e-01
5.448047381231233555e-01
7.278206747280895339e-01
6.948487747233255130e-01
7.009393034639002096e-01
6.430547098073565726e-01
8.536760663348444966e-01
8.413630187852246811e-01
8.237315797440308840e-01
7.591461975856577116e-01
7.480595778187227873e-01
7.357817581488189651e-01
4.099378132807848796e-01
4.067200894700906955e-01
4.561779394772368379e-01
4.015788039038176160e-01
3.259353558618756086e-01
5.421120118523811149e-01
5.523754430457181730e-01
6.345172337615877511e-01
6.282947149525426322e-01
6.015453337568236192e-01
5.985405387584726844e-01
6.385581461458798014e-01
6.612666149573068752e-01
6.925125598145027705e-01
7.148265204617145763e-01
7.287360507661760911e-01
7.687536581535829860e-01
7.976846457740548457e-01
7.019866695704569670e-01
7.450547828203720746e-01
8.313125164042309834e-01
7.748089590144420225e-01
8.804254475305635097e-01
7.968275900642419751e-01
7.207749673454467709e-01
7.772785247352357318e-01
9.402787187995167439e-01
7.683735113930536542e-01
8.313125164042309834e-01
8.124320311647525994e-01
7.577877797345027311e-01
7.678966024437698934e-01
6.917232383771199089e-01
7.340431935371344307e-01
5.253551106745579097e-02
6.880771392659955632e-01
6.492772286164015805e-01
2.430332444173567141e-01
1.399174760180275645e-01
0.000000000000000000e+00
1.172090072066005184e-01
4.492828157395234445e-01
5.594072630576334415e-01
5.429709023386528610e-01
5.000661286176795173e-01
4.829018504978872528e-01
2.265472944149746481e-01
4.977655327846415290e-01
5.591331911323204062e-01
4.968627662106712140e-01
8.045631352085119703e-01
7.453201237008130198e-01
6.377349575722818242e-01
5.257182493144877400e-01
6.893744140041809798e-01
6.486086485268733881e-01
6.775396361473454698e-01
7.925963672832063711e-01
3.423980196906533657e-01
8.818859538665187181e-02
3.424213058642576746e-01
6.962071925744804934e-01
5.688970949607741190e-01
7.917731787096083940e-01
6.680993935276063889e-01
4.004975706610456876e-01
5.253551106745579097e-02
5.924287523457989479e-01
4.142653242176168593e-01
6.583229630719256154e-01
6.807573599580396539e-01
7.443066247304714889e-01
4.294030881064491156e-01
6.528398713079091031e-01
7.101666172712960412e-01
4.563285231221663740e-01
2.255991220857996304e-01
7.278206747280894229e-01
6.946941662392556172e-01
6.587513383723558880e-01
6.453909247161793150e-01
2.961578934942013519e-01
6.022139138463517005e-01
5.700652024151855457e-01
2.310605682318753740e-01
1.685130796762114302e-01
3.259120696882712997e-01
5.253551106745579097e-02
1.685130796762114302e-01
2.553403837068007887e-01
2.077074984900205423e-01
8.482767360993973549e-01
7.702328173525926358e-01
6.653686704545683783e-01
6.044181386867042427e-01
6.377349575722818242e-01
6.782082162368736622e-01
6.360090024247136986e-01
7.317408457645268038e-01
6.921180516502876134e-01
6.686698506848793855e-01
5.932505801758962694e-01
5.818175505121795377e-01
1.685130796762114302e-01
4.790369919335933369e-01
0.000000000000000000e+00
0.000000000000000000e+00
7.280336035404327832e-01
1.399174760180275645e-01
3.126438434965834179e-01
5.253551106745579097e-02
3.569385782542299768e-01
5.901975566376445048e-01
3.583434727057164815e-01
0.000000000000000000e+00
4.931893911227921423e-01
5.999739870933252783e-01
6.221333392564674103e-01
3.895655593781805481e-01
3.748294227080984919e-01
1.685130796762114302e-01
5.253551106745579097e-02
2.961578934942013519e-01
3.734245282566119872e-01
0.000000000000000000e+00
1.926272220810355262e-01
0.000000000000000000e+00
3.118453018400904608e-01
2.467233296606595461e-01
6.453909247161792040e-01
0.000000000000000000e+00
5.253551106745579097e-02
3.769659132760207476e-01
3.032036008768442259e-01
0.000000000000000000e+00
1.172090072066005184e-01
2.220926598371542326e-01
8.818859538665187181e-02
0.000000000000000000e+00
2.924910944245028843e-01
4.237055668373560513e-01
4.431212813543915496e-01
4.135615990852621326e-01
7.794601311599885785e-01
7.907596797392668631e-01
6.910207911513767121e-01
6.801013893326277593e-01
8.369998059357187659e-01
5.253551106745579097e-02
7.823329360898690910e-01
3.129265350828623893e-01
4.520262946965734607e-01
4.464140356487830696e-01
3.920679752521790684e-01
1.417636984804923617e-01
3.094261196858892338e-01
4.710161515889224604e-01
4.647936327798773415e-01
5.602786801711322484e-01
7.752872287072263280e-01
4.193525857254553624e-01
2.310605682318753740e-01
8.021685999714155413e-01
5.724597376522817527e-01
4.983757925458960347e-01
4.020675565810433727e-01
3.259120696882712997e-01
2.952724776260689521e-01
1.046745453890339100e-01
2.532966756106937445e-01
8.153048360946333339e-01
5.165664400237474085e-01
6.294754318710702456e-01
1.564034260204096027e-01
1.564034260204096027e-01
6.726755351894556645e-01
2.594277726914242521e-01
1.685130796762114302e-01
6.847982723423317042e-01
7.347913516270350165e-01
2.869850689009853517e-01
1.564034260204096027e-01
6.948487747233254019e-01
5.873743409911653668e-01
2.532966756106937445e-01
2.867409370480665243e-01
8.818859538665187181e-02
5.353886049349522169e-01
2.961578934942013519e-01
6.094142297130643593e-01
2.804951320654172076e-01
1.912215484876384763e-01
3.129265350828623893e-01
7.155659475067432940e-01
1.747355984852564381e-01
3.342301094428029029e-01
3.197128370528306007e-01
6.040148994776173286e-01
5.091401118476169829e-01
4.710161515889224604e-01
6.050283984479588595e-01
3.788703350923905977e-01
4.570580876356075128e-01
4.028297607307282369e-01
3.914592065068928095e-01
6.672762049540085227e-01
3.118453018400904608e-01
4.193197355722504960e-01
5.162215211429338479e-01
1.399174760180275923e-01
8.818859538665187181e-02
5.253551106745579097e-02
3.423980196906533657e-01
2.704692766015284189e-01
2.640091820630351416e-01
2.318100870652765322e-01
0.000000000000000000e+00
1.399174760180275923e-01
0.000000000000000000e+00
0.000000000000000000e+00
1.417636984804923617e-01
0.000000000000000000e+00
2.537690370433023923e-01
3.032036008768442259e-01
1.417636984804923617e-01
1.399174760180275923e-01
2.420850720881816964e-01
5.253551106745579097e-02
0.000000000000000000e+00
4.931185441672916725e-01
2.430332444173567141e-01
2.132790682232867663e-01
5.788368649453965453e-01
8.516264499785616282e-01
0.000000000000000000e+00
5.700652024151855457e-01
0.000000000000000000e+00
2.463551246062417321e-01
8.818859538665187181e-02
0.000000000000000000e+00
5.253551106745579097e-02
0.000000000000000000e+00
2.255991220857996304e-01
4.107610018543826902e-01
8.818859538665187181e-02
2.318100870652765322e-01
2.704692766015284189e-01
4.812795827822594630e-01
0.000000000000000000e+00
0.000000000000000000e+00
7.018194516222708845e-01
0.000000000000000000e+00
3.170881888150090533e-01
0.000000000000000000e+00
5.253551106745579097e-02
5.253551106745579097e-02
4.015788039038176160e-01
0.000000000000000000e+00
0.000000000000000000e+00
2.220926598371542326e-01
0.000000000000000000e+00
2.193766032767545948e-01
6.449478829031107807e-01
7.497059549659186306e-01
4.050723515793941965e-01
7.599693861592557997e-01
4.854877131147374847e-01
5.725434991808510121e-01
5.429709023386529720e-01
1.046745453890339100e-01
4.545302015865403389e-01
2.430332444173567141e-01
2.538032479400079144e-01
1.399174760180275645e-01
2.594277726914242521e-01
1.046745453890339100e-01
5.549602886795581558e-01
4.591331451921860096e-01
1.046745453890339100e-01
2.796201991817262034e-01
6.075066952136244369e-01
5.446159187423480486e-01
3.461399177833356933e-01
8.021685999714155413e-01
3.556145015722481650e-01
4.635685657406932170e-01
2.956173965068824572e-01
5.253551106745579097e-02
1.399174760180275645e-01
1.628730458869656061e-01
2.585710220905637624e-01
3.698706166099762216e-01
5.446159187423480486e-01
6.910207911513766010e-01
5.253551106745579097e-02
5.253551106745579097e-02
4.067200894700906955e-01
0.000000000000000000e+00
5.123352172427115825e-01
4.316088039627700712e-01
6.257455712313766405e-01
8.259131861687838416e-01
2.929634558571115321e-01
4.698249516859533959e-01
6.383452173335364410e-01
7.588012787048443730e-01
8.940385926030649522e-01
8.172211016389451244e-01
7.505291435395163857e-01
9.145654549897389574e-01
8.134681485506939369e-01
8.083911187804605492e-01
7.979956975186534018e-01
8.188674787861409676e-01
9.402787187995169660e-01
8.454039311695168424e-01
7.806865589426734697e-01
8.116088425911547333e-01
8.508032614049637621e-01
8.709852049108244287e-01
8.144816475210353568e-01
8.940385926030649522e-01
8.651076049825929815e-01
8.116088425911547333e-01
8.107856540175569782e-01
7.925963672832063711e-01
7.515426425098580276e-01
8.544992549084423628e-01
9.732506188042809869e-01
8.280947925935366882e-01
8.691485173668849207e-01
8.918569861783119945e-01
8.148265664018490284e-01
7.369159984670151653e-01
6.829389663827926116e-01
5.705421113644693065e-01
4.812795827822594630e-01
3.748294227080984919e-01
5.715782287504104220e-01
2.966440709738939474e-01
1.046745453890339100e-01
2.193766032767546226e-01
1.046745453890339100e-01
1.564034260204096027e-01
1.046745453890339100e-01
4.068706731150202871e-01
3.955977677904818912e-01
3.698706166099762216e-01
3.920679752521790684e-01
8.709852049108244287e-01
7.991638049730648286e-01
8.681123999809439162e-01
8.812486361041613758e-01
6.775396361473454698e-01
7.607925747328535548e-01
7.497059549659186306e-01
7.302152099651858519e-01
8.267363747423818188e-01
8.415759475975680415e-01
8.102504247399997528e-01
8.705069352180400122e-01
8.548441737892559233e-01
8.824167435585728025e-01
7.306934796579701574e-01
9.043020237964020103e-01
1.000000000000000000e+00
7.976507786378398412e-01
7.545700559238085470e-01
5.921050911370844272e-01
7.421250183057186423e-01
2.193766032767546226e-01
2.420850720881816964e-01
2.420850720881816964e-01
2.420850720881816964e-01
2.193766032767545948e-01
2.585710220905637624e-01
2.420850720881816964e-01
2.420850720881816964e-01
2.430332444173567141e-01
2.760051444221208183e-01
2.924910944245028843e-01
2.697826256130758105e-01
2.430332444173567141e-01
2.924910944245028843e-01
2.697826256130758105e-01
2.924910944245028843e-01
2.760051444221208183e-01
2.697826256130758105e-01
2.867409370480665243e-01
3.259120696882712997e-01
3.691474008863723788e-01
3.918558696977994527e-01
3.423980196906533657e-01
3.850928539014354945e-01
3.748294227080984919e-01
4.242872727152446899e-01
3.615611965164106656e-01
4.078013227128626239e-01
3.521209538966714736e-01
3.361755008816083024e-01
3.423980196906533657e-01
4.242872727152446899e-01
3.913153727104806134e-01
4.180647539061996820e-01
4.726638894796189039e-01
4.726638894796189039e-01
5.039880515936865368e-01
4.812795827822594630e-01
5.039880515936865368e-01
5.039880515936864258e-01
4.358626451594053708e-01
4.710161515889224604e-01
5.204740015960686028e-01
5.369599515984506688e-01
5.120088919383575243e-01
5.284948419407394793e-01
5.512033107521665531e-01
5.942625881302695534e-01
5.253139931223904657e-01
6.422315212337585955e-01
7.379294974373565852e-01
6.261742516407593495e-01
7.415759016574335893e-01
7.670150935418984517e-01
7.349585695752210990e-01
6.957641507614119591e-01
7.421250183057186423e-01
8.705069352180400122e-01
8.999161925312963994e-01
8.477984664066130494e-01
8.289179811671346654e-01
9.310514049921210233e-01
7.764553361616376437e-01
7.951228925887728893e-01
7.909499901360105278e-01
6.886262559142803941e-01
5.643195925554242987e-01
7.085202401241004200e-01
7.317069786283116883e-01
7.369159984670151653e-01
8.380133049060602968e-01
8.948617811766627073e-01
8.989026935609549795e-01
8.824167435585729136e-01
8.012134213293474749e-01
5.942625881302695534e-01
5.017454607450203552e-01
4.232060394724727059e-01
4.067200894700906955e-01
4.396919894748548274e-01
4.015788039038176160e-01
4.242872727152446899e-01
4.015788039038176160e-01
2.929634558571115321e-01
3.424213058642576746e-01
2.929634558571115321e-01
2.132790682232867663e-01
7.287360507661760911e-01
6.555336145616617038e-01
5.039880515936864258e-01
7.215981559190445260e-01
8.210490852108938142e-01
8.104407351367431955e-01
6.548311673359183960e-01
7.340431935371345418e-01
8.415759475975680415e-01
8.094272361664016646e-01
4.664413706705738960e-01
4.396919894748548274e-01
4.499554206681918300e-01
5.182314107474025322e-01
5.017454607450203552e-01
4.790369919335933924e-01
5.017454607450203552e-01
5.421120118523812259e-01
4.953468881159773796e-01
5.582858931271545977e-01
6.180312837592056852e-01
6.983405704593323993e-01
6.561413566471726577e-01
6.583229630719256154e-01
7.250899516550515234e-01
7.443066247304714889e-01
7.148265204617145763e-01
9.137422664161413133e-01
7.458779713939697187e-01
7.357817581488189651e-01
8.577169787191365469e-01
8.412310287167544809e-01
9.216111623723819424e-01
8.556673623628537895e-01
9.278336811814269502e-01
9.083429361806940605e-01
9.043020237964020103e-01
8.020366099029454521e-01
7.250061901264823749e-01
8.142913371242918030e-01
7.085202401241004200e-01
8.642844164089950043e-01
8.153048360946333339e-01
8.156497549754466725e-01
8.112639237103411727e-01
8.343173114025819181e-01
8.383582237868739684e-01
8.193457484789253842e-01
8.508032614049637621e-01
8.329588935514268266e-01
6.851219335510463360e-01
5.585979618547631809e-01
6.045260193236066115e-01
5.357348845592663222e-01
4.499554206681918300e-01
4.923420931176264448e-01
7.317408457645268038e-01
4.664413706705738405e-01
2.760051444221208183e-01
3.126438434965834179e-01
4.710161515889224604e-01
7.844164195823671859e-01
7.514445195776031650e-01
8.064224411680509519e-01
8.309675975234174228e-01
8.482767360993973549e-01
6.818546204569505553e-01
7.588012787048443730e-01
8.383582237868737463e-01
8.475855375942696890e-01
7.621509925840086463e-01
8.021685999714156523e-01
8.259131861687838416e-01
8.618898811718986863e-01
7.971725089450554247e-01
8.415759475975679305e-01
8.351404999761798953e-01
8.017255581583470070e-01
7.835010435442807397e-01
6.205008494799993946e-01
2.420850720881816964e-01
8.474535475257994888e-01
5.848464549420983039e-01
7.889003737797276594e-01
8.713301237916379893e-01
8.477984664066130494e-01
9.332330114168739810e-01
8.494448435538087816e-01
7.300022811528424915e-01
8.475855375942696890e-01
8.815935549849750474e-01
8.317907860970153999e-01
8.856344673692668756e-01
8.038732974468849601e-01
9.051252123699998764e-01
8.248770687828425041e-01
7.306934796579701574e-01
8.371901163324624306e-01
8.072230113260491224e-01
8.369998059357187659e-01
7.875419559285725679e-01
7.129060713892059198e-01
7.018194516222708845e-01
7.113347247257075789e-01
6.430547098073565726e-01
5.297026761469649792e-01
5.935968598002104857e-01
6.707068575770459562e-01
6.045260193236065005e-01
8.042182163276984097e-01
8.972563164137591363e-01
7.752872287072263280e-01
9.599823926125931051e-01
8.548441737892559233e-01
7.512773016294168604e-01
8.148265664018489174e-01
9.505421499928540241e-01
8.482767360993974659e-01
8.445807425959187542e-01
8.837751614097280051e-01
8.380133049060604078e-01
8.516264499785618503e-01
7.278206747280894229e-01
9.175702499880900032e-01
7.226116548893860569e-01
8.401949113308133654e-01
6.220721961434977354e-01
6.693258213102911691e-01
6.447806649549246982e-01
6.085201941839658568e-01
7.680285925122400936e-01
6.418370130695435494e-01
6.587174712361407725e-01
7.288567921140307604e-01
7.961590099747138938e-01
8.763845351462715705e-01
7.188674328460067375e-01
6.352695753796849809e-01
6.878030673406824169e-01
6.492772286164014695e-01
5.957784662249634433e-01
6.719856974278285433e-01
6.327912786140194035e-01
8.597082747471458397e-01
7.591461975856577116e-01
6.657631786187835354e-01
9.039571049155884497e-01
8.672892114073459391e-01
8.772077237198694366e-01
8.896527613379592303e-01
8.534857559381009429e-01
7.342561223494777911e-01
8.783758311742808633e-01
7.658469860874872470e-01
8.203592474492669151e-01
7.976507786378398412e-01
8.277498737127233497e-01
8.082591287119904599e-01
7.929412861640198207e-01
8.878160737940199443e-01
7.285688328179900086e-01
9.010842999857077151e-01
9.002611114121099600e-01
8.309675975234174228e-01
7.683735113930536542e-01
8.815935549849750474e-01
8.634612278353971382e-01
7.806865589426734697e-01
8.371901163324625417e-01
6.940255861497276468e-01
7.749761769626281049e-01
8.017255581583471180e-01
7.181277006920254724e-01
7.811986957716728908e-01
7.607925747328535548e-01
6.186415435204601909e-01
7.148265204617145763e-01
7.045630892683777402e-01
6.694095828388605396e-01
6.261742516407594605e-01
6.858955328412427166e-01
6.756321016479055475e-01
7.148265204617145763e-01
7.015582942700268054e-01
6.587174712361407725e-01
6.814259400475676243e-01
6.760266098121205935e-01
6.653075273415988145e-01
6.394907063723482832e-01
6.497541375656852303e-01
6.270456687542582674e-01
6.035140113692333275e-01
5.942625881302695534e-01
5.715541193188424796e-01
5.147056430482399580e-01
5.421120118523812259e-01
4.232060394724727059e-01
5.204740015960686028e-01
4.977655327846414735e-01
4.561779394772368379e-01
4.499554206681918300e-01
4.334694706658097085e-01
4.015788039038176160e-01
4.015788039038176160e-01
4.242872727152446899e-01
4.242872727152446899e-01
3.526614508839903683e-01
3.918558696977994527e-01
2.420850720881816964e-01
7.683735113930536542e-01
7.897235623533255255e-01
8.134681485506938259e-01
7.951228925887728893e-01
6.107485381326516194e-01
8.989026935609548685e-01
7.004610337711157930e-01
2.420850720881816964e-01
5.565840474111541925e-01
5.750839118571452468e-01
4.852595107426382892e-01
8.544992549084423628e-01
7.588012787048443730e-01
7.782920237055771517e-01
7.226116548893861680e-01
4.483076827774953310e-01
4.955229419359754028e-01
5.358894930433361070e-01
5.523754430457181730e-01
5.483345306614262338e-01
5.648204806638081887e-01
5.153626306566621018e-01
5.091401118476170939e-01
6.385581461458798014e-01
6.760266098121207046e-01
5.135616450253965848e-01
7.148265204617145763e-01
7.340431935371345418e-01
7.002481049587726547e-01
7.175572435347524758e-01
7.772785247352357318e-01
7.207749673454466599e-01
7.130732893373920023e-01
8.079480769673921259e-01
7.749761769626279939e-01
7.584902269602458169e-01
8.580618975999499964e-01
7.835010435442807397e-01
7.921180975904219546e-01
8.878160737940199443e-01
8.180442902125431015e-01
8.309675975234174228e-01
8.878160737940199443e-01
7.569645911609048650e-01
7.467011599675676958e-01
6.092596212289945745e-01
7.464882311552245575e-01
6.869798787670846618e-01
5.953228149477786113e-01
5.879321886843222877e-01
6.822829957573808279e-01
1.912215484876384763e-01
3.613031518472366033e-01
2.929634558571115321e-01
2.632092796630415843e-01
2.193766032767545948e-01
2.585710220905637624e-01
4.300475490876442541e-01
4.448770301544578976e-01
5.775878187471120695e-01
3.753699196954174422e-01
8.112639237103413947e-01
5.940737687494942465e-01
6.005092163708825037e-01
3.032268870504485347e-01
4.067200894700906955e-01
4.931185441672917280e-01
3.934518632784027581e-01
1.912215484876384763e-01
7.295592393397739572e-01
7.978053871219095150e-01
7.148265204617146873e-01
7.042890173430645939e-01
8.763845351462714595e-01
7.567516623485615046e-01
8.313125164042309834e-01
8.373221064009326309e-01
8.086040475928039095e-01
8.886392623676179214e-01
8.475855375942696890e-01
8.699717059404827868e-01
1.000000000000000000e+00
8.989026935609548685e-01
8.588850861735478626e-01
8.812486361041613758e-01
9.318745935657188895e-01
9.145654549897390684e-01
8.371901163324624306e-01
8.837751614097277830e-01
8.869928852204220782e-01
8.116088425911547333e-01
8.274845328322821825e-01
8.250899975951859755e-01
7.177701723470958362e-01
6.884716474302107203e-01
6.195230524223315216e-01
