5.005180136578709638e-01
6.365652768418369467e-01
6.949929115946372749e-01
7.767785322813868243e-01
7.627232227895330841e-01
6.979805239156733343e-01
8.233200145401993186e-01
8.818738958980821829e-01
7.819180335037484442e-01
7.637477917961643659e-01
7.137153713447264014e-01
9.270274366946793521e-01
8.147985536337543078e-01
8.458967849384978477e-01
7.132430203805999458e-01
8.362480041373585582e-01
8.177861659547904782e-01
1.790082647070887489e-01
1.790082647070887489e-01
2.444820726352965323e-01
2.444820726352965323e-01
2.444820726352965323e-01
2.444820726352965323e-01
3.091412560710796731e-01
3.091412560710796731e-01
3.091412560710796731e-01
3.091412560710796731e-01
3.457733359612319979e-01
3.091412560710796731e-01
2.865644856727810885e-01
3.091412560710796731e-01
3.091412560710796731e-01
3.091412560710796731e-01
2.683942439651968992e-01
3.091412560710796731e-01
3.091412560710796731e-01
3.729429013763848055e-01
4.180964421729820302e-01
4.095749812665370748e-01
4.406732125712806147e-01
4.358393197304449296e-01
4.752004322537233816e-01
4.977772026520219661e-01
4.953727832809539655e-01
4.824447936837946149e-01
5.727518752769890087e-01
4.953727832809539655e-01
5.135430249885380993e-01
5.552056275925096873e-01
5.326288571942111583e-01
5.959526396983924057e-01
6.325847195885446750e-01
6.185294100966910458e-01
5.959526396983924057e-01
6.100079491902462570e-01
6.686765382112268563e-01
6.686765382112267453e-01
6.094676879227759470e-01
6.546212287193731161e-01
8.367203551014850138e-01
7.153150422035471356e-01
7.235449066350080338e-01
8.504840681183546414e-01
8.995717866415398056e-01
9.140994470975198904e-01
9.507315269876721597e-01
8.221926946455049290e-01
8.226650456096312736e-01
8.519029844880331437e-01
8.378476749961794035e-01
8.774673672073677322e-01
8.138519882282023721e-01
9.762959097070069703e-01
9.182143793132503395e-01
8.599520944303515879e-01
1.000000000000000000e+00
8.056221237967414739e-01
8.818738958980821829e-01
6.683012089806084077e-01
8.544182458449428585e-01
5.021176845166918090e-01
6.241096382088040517e-01
7.035143725010822857e-01
6.176138195986022872e-01
1.790082647070887489e-01
5.052505615752389545e-01
0.000000000000000000e+00
6.837718902768537277e-02
2.444820726352965323e-01
1.804889652227122387e-01
1.493907339179687543e-01
2.552251565440560865e-01
9.041590698213968214e-01
1.493907339179687543e-01
0.000000000000000000e+00
1.790082647070887489e-01
6.922659208411220400e-01
5.161729940085454382e-01
5.552056275925096873e-01
6.837718902768537277e-02
5.187852770989629381e-01
4.575044049875648389e-01
6.837718902768537277e-02
2.792711281956473668e-01
6.164864997039077865e-01
0.000000000000000000e+00
2.881696683685992522e-01
5.789097178855027170e-01
7.035143725010822857e-01
0.000000000000000000e+00
6.285161668995183915e-01
3.869982108682384903e-01
6.837718902768537277e-02
2.156403445972410737e-01
1.790082647070887489e-01
3.821643180274028051e-01
2.243680230632941197e-01
2.156403445972410737e-01
4.202483310743076461e-01
5.282223285034967075e-01
0.000000000000000000e+00
6.837718902768537277e-02
4.074701210588276279e-01
6.924466753302646049e-01
0.000000000000000000e+00
0.000000000000000000e+00
2.156403445972410737e-01
5.643141471261787778e-01
1.790082647070887489e-01
0.000000000000000000e+00
2.811141525254488571e-01
2.241618055036859736e-01
2.030657356210108233e-01
2.156403445972410737e-01
6.837718902768537277e-02
2.683942439651968992e-01
1.493907339179687543e-01
0.000000000000000000e+00
6.837718902768537277e-02
1.493907339179687543e-01
0.000000000000000000e+00
0.000000000000000000e+00
1.790082647070887489e-01
0.000000000000000000e+00
6.837718902768537277e-02
3.347891542284909261e-01
0.000000000000000000e+00
1.790082647070887489e-01
0.000000000000000000e+00
4.513465623790511305e-01
1.360756108504282691e-01
2.444820726352965323e-01
5.285603045051847637e-01
7.316249914847895441e-01
4.441022009489799527e-01
3.192678996733426811e-01
5.369555188065471274e-01
5.827759853087468578e-01
8.196774332885951031e-01
7.109085135128326849e-01
6.922659208411220400e-01
2.881696683685992522e-01
2.243680230632941197e-01
3.457733359612319979e-01
6.224635878232791519e-01
2.811141525254488571e-01
2.467385759019845304e-01
0.000000000000000000e+00
0.000000000000000000e+00
8.136712337390600291e-01
1.790082647070887489e-01
2.811141525254488571e-01
9.140994470975200015e-01
0.000000000000000000e+00
5.109967887241654294e-01
4.971704767254573332e-01
5.241073962877661474e-01
6.046858300014429366e-01
6.546212287193731161e-01
6.839252144238195941e-01
6.908779793789069368e-01
6.837718902768537277e-02
4.180964421729819747e-01
4.118766497495420786e-01
1.790082647070887489e-01
2.030657356210108233e-01
2.896356134318937570e-01
2.467385759019845304e-01
7.680453419783364044e-01
7.745238924919980450e-01
7.104361625487062293e-01
4.132625493321463450e-01
4.202483310743076461e-01
2.811141525254488571e-01
5.448238742597231177e-01
6.000985468215861429e-01
6.949929115946372749e-01
5.727518752769890087e-01
5.059835341068861236e-01
8.233200145401994297e-01
7.238365031099920355e-01
7.660024315855532562e-01
7.604685830001444158e-01
7.219762106836503657e-01
7.456803009766433954e-01
7.959733429956022954e-01
9.859446905081462598e-01
8.915226766992214724e-01
8.136712337390599181e-01
8.859888281138125210e-01
7.830453533984429448e-01
9.055779861910752127e-01
9.903512191988604885e-01
9.140994470975200015e-01
3.503661309780862765e-01
3.869982108682384903e-01
4.180964421729820302e-01
4.132625493321462340e-01
4.358393197304449296e-01
4.187963979175551299e-01
4.358393197304449296e-01
5.422776379953504478e-01
8.226650456096312736e-01
8.700732261956173330e-01
8.108643759071663126e-01
7.549347344147354644e-01
7.134547497772054658e-01
5.698479957115875072e-01
7.455149511067418189e-01
4.802929047824689435e-01
3.122123838301923415e-01
5.517438008300480368e-01
5.827759853087467468e-01
4.379152469103023138e-01
3.950923076245621557e-01
6.779499897817475862e-01
2.693153463002830872e-01
7.012597327116933954e-01
7.238365031099919245e-01
6.837718902768537277e-02
5.809817397084499069e-01
6.357840613061864765e-01
1.360756108504282691e-01
5.698479957115876182e-01
3.269536371600772484e-01
5.628114980008658286e-01
2.156403445972410737e-01
3.171630394656332341e-01
8.233200145401990966e-01
3.962196275192564898e-01
6.100543287169503115e-01
7.058952588955536012e-01
5.827759853087468578e-01
4.581575104408336929e-01
6.583608317044848945e-01
8.830012157927766836e-01
6.834838383671562045e-01
5.252347161824605370e-01
8.152709045978807634e-01
5.601992149104483287e-01
4.513465623790511305e-01
7.153150422035471356e-01
7.038059689760661763e-01
7.830453533984430559e-01
4.132625493321463450e-01
7.756512123866923236e-01
4.526236618554248525e-01
5.680537501112905563e-01
3.869982108682384903e-01
3.503661309780861655e-01
4.287697919807525460e-01
5.118325121438755954e-01
4.441022009489799527e-01
4.074701210588276279e-01
2.037350605294138139e-01
4.132625493321463450e-01
3.869982108682384903e-01
5.860432373297324027e-01
5.831336286097755783e-01
5.135430249885380993e-01
3.821643180274028051e-01
3.503661309780862765e-01
5.890308496507683511e-01
5.056455581051980674e-01
5.111794066906069078e-01
3.869982108682384903e-01
5.584049693101513778e-01
7.420067448175761138e-01
4.358393197304449296e-01
5.690003155168426030e-01
5.809817397084499069e-01
1.360756108504282691e-01
6.459850601498305922e-01
6.747970275908100612e-01
3.122123838301923415e-01
6.837718902768537277e-02
4.441022009489799527e-01
6.786829623133948663e-01
2.811141525254488571e-01
5.733758693000938766e-01
6.326310991152489516e-01
6.738040826585540710e-01
3.542947968676768977e-01
7.611235519307122388e-01
6.455127091857041366e-01
7.109085135128326849e-01
3.231965655629333578e-01
5.827759853087467468e-01
6.971448004959628353e-01
5.735875986966993967e-01
2.156403445972410737e-01
8.689459063009227213e-01
6.320444583210744760e-01
8.689459063009229434e-01
8.318414754466442185e-01
7.689900439065892046e-01
8.281988941950401140e-01
7.689900439065893156e-01
9.774232296017012489e-01
8.318414754466442185e-01
6.583608317044848945e-01
5.805093887443234513e-01
6.411061804949896858e-01
9.129721272028257228e-01
8.023429150007215238e-01
9.237482278986595130e-01
9.603803077888114492e-01
9.818297582924156996e-01
9.733082973859709108e-01
8.067494436914358635e-01
7.797661446024228837e-01
9.407911497115490906e-01
9.898788682347340329e-01
5.501751048786904796e-01
8.078767635861302532e-01
8.067494436914358635e-01
8.463691359026243033e-01
9.355488976011243629e-01
8.774673672073678432e-01
8.012155951060271342e-01
7.742322960170139323e-01
7.470682424388586096e-01
7.571893742041242437e-01
3.091412560710796731e-01
8.560179167037635928e-01
8.899230058404008492e-01
8.221926946455049290e-01
8.689459063009229434e-01
8.774673672073678432e-01
7.952093955564917271e-01
8.279072977200561123e-01
7.175696819929359149e-01
7.456803009766433954e-01
7.601769865251604141e-01
8.378476749961794035e-01
7.586082905738026350e-01
7.456803009766432844e-01
6.908779793789068258e-01
7.786388247077283831e-01
8.774673672073677322e-01
8.304535339844287822e-01
8.293262140897345036e-01
8.389749948908736821e-01
8.604244453944779325e-01
7.968090664153126834e-01
9.085655985121112721e-01
9.311423689104098012e-01
8.141435847031863737e-01
7.912752178299038430e-01
8.689459063009227213e-01
9.000441376056662612e-01
7.150234457285631340e-01
2.444820726352965323e-01
2.156403445972410737e-01
5.353558479477262821e-01
2.467385759019845304e-01
2.444820726352965323e-01
3.091412560710796731e-01
2.444820726352965323e-01
0.000000000000000000e+00
2.811141525254488571e-01
3.122123838301923415e-01
2.444820726352965323e-01
2.811141525254488571e-01
2.156403445972410737e-01
6.130265364187453825e-01
3.725155372262636266e-01
3.269536371600772484e-01
2.467385759019845304e-01
3.457733359612319979e-01
2.444820726352965323e-01
2.156403445972410737e-01
2.811141525254488571e-01
2.444820726352965323e-01
1.360756108504282691e-01
6.837718902768537277e-02
5.118325121438757064e-01
3.122123838301923415e-01
2.444820726352965323e-01
3.091412560710796731e-01
6.837718902768537277e-02
2.552251565440560865e-01
1.804889652227122387e-01
4.790002350178731438e-01
2.444820726352965323e-01
2.444820726352965323e-01
2.030657356210108233e-01
1.790082647070887489e-01
2.037350605294138139e-01
2.444820726352965323e-01
4.683894841919409302e-01
2.811141525254488571e-01
2.444820726352965323e-01
4.498946292222985588e-01
5.118325121438757064e-01
3.869982108682385458e-01
2.811141525254488571e-01
3.821643180274028051e-01
5.361197953868367394e-01
3.503661309780862765e-01
2.037350605294138139e-01
0.000000000000000000e+00
0.000000000000000000e+00
2.156403445972410737e-01
2.444820726352965323e-01
2.444820726352965323e-01
1.790082647070887489e-01
2.585373821271502726e-01
6.837718902768537277e-02
2.444820726352965323e-01
6.837718902768537277e-02
2.030657356210108233e-01
1.790082647070887489e-01
2.811141525254488571e-01
2.811141525254488571e-01
2.811141525254488571e-01
2.896356134318937570e-01
2.444820726352965323e-01
2.444820726352965323e-01
2.156403445972410737e-01
3.503661309780862765e-01
4.229443469203597039e-01
6.837718902768537277e-02
2.552251565440560865e-01
2.896356134318937570e-01
2.444820726352965323e-01
3.729429013763848055e-01
6.593073971100368302e-01
2.444820726352965323e-01
0.000000000000000000e+00
1.360756108504282691e-01
6.837718902768537277e-02
1.804889652227122387e-01
2.156403445972410737e-01
2.156403445972410737e-01
2.444820726352965323e-01
2.444820726352965323e-01
2.444820726352965323e-01
5.507990989017953476e-01
4.824447936837946149e-01
2.811141525254488571e-01
2.444820726352965323e-01
1.790082647070887489e-01
3.593289679411943438e-01
2.811141525254488571e-01
2.156403445972410737e-01
0.000000000000000000e+00
2.030657356210108233e-01
2.156403445972410737e-01
6.837718902768537277e-02
2.444820726352965323e-01
2.241618055036859736e-01
6.837718902768537277e-02
0.000000000000000000e+00
0.000000000000000000e+00
2.811141525254488571e-01
1.790082647070887489e-01
0.000000000000000000e+00
0.000000000000000000e+00
6.837718902768537277e-02
5.068818565084348693e-01
5.118325121438757064e-01
2.444820726352965323e-01
0.000000000000000000e+00
4.584160901287434586e-01
2.444820726352965323e-01
4.434490954957110986e-01
0.000000000000000000e+00
3.821643180274028051e-01
2.156403445972410737e-01
2.881696683685992522e-01
0.000000000000000000e+00
3.662507579888184539e-01
3.821643180274028051e-01
2.865644856727810885e-01
4.702497766182825445e-01
2.444820726352965323e-01
2.865644856727810885e-01
6.763503189229267409e-01
5.422776379953504478e-01
3.729429013763848055e-01
7.316249914847896552e-01
8.700732261956172220e-01
7.968090664153126834e-01
6.443055222126313764e-01
6.443055222126313764e-01
6.546212287193731161e-01
5.326288571942111583e-01
5.552056275925096873e-01
5.361197953868367394e-01
4.752004322537233816e-01
4.752004322537233816e-01
4.344534201478406632e-01
4.752004322537233816e-01
4.570301905461391923e-01
4.807342808391321665e-01
4.570301905461391923e-01
4.441022009489799527e-01
4.441022009489799527e-01
4.752004322537233816e-01
4.358393197304449296e-01
3.950923076245621557e-01
3.950923076245621557e-01
4.358393197304449296e-01
3.950923076245621557e-01
4.132625493321463450e-01
3.950923076245621557e-01
3.725155372262636266e-01
4.187963979175551299e-01
4.132625493321463450e-01
3.729429013763848055e-01
3.869982108682385458e-01
3.869982108682384903e-01
3.729429013763848055e-01
3.091412560710796731e-01
7.756512123866924346e-01
7.560620543094298540e-01
8.270715743003457243e-01
8.221926946455049290e-01
9.496042070929781032e-01
9.355488976011243629e-01
7.544623834506091198e-01
8.645393776102083816e-01
7.852999931878317241e-01
8.678185864062286647e-01
9.000441376056662612e-01
2.444820726352965323e-01
8.367203551014850138e-01
9.306700179462833455e-01
6.918399494036998609e-01
6.809376021027835346e-01
5.601992149104483287e-01
5.912974462151917576e-01
6.150015365081847873e-01
6.912533086095253854e-01
5.783694566180325181e-01
6.100079491902462570e-01
4.418494246368903089e-01
5.179495536792525501e-01
5.416536439722454688e-01
5.733758693000938766e-01
5.733758693000938766e-01
5.111794066906070189e-01
5.959526396983924057e-01
5.337561770889055479e-01
6.100079491902462570e-01
5.959526396983924057e-01
5.959526396983924057e-01
5.552056275925096873e-01
5.241073962877661474e-01
5.361197953868367394e-01
4.752004322537233816e-01
4.344534201478406632e-01
4.271701211219317562e-01
5.179495536792525501e-01
4.287697919807525460e-01
4.752004322537233816e-01
4.752004322537233816e-01
3.904271992459378282e-01
5.261464013236392123e-01
5.261464013236392123e-01
3.869982108682385458e-01
3.869982108682384903e-01
3.729429013763848055e-01
3.729429013763848055e-01
3.503661309780862765e-01
3.729429013763848055e-01
3.729429013763848055e-01
4.095749812665370748e-01
3.503661309780861655e-01
2.414164567131812655e-01
3.869982108682385458e-01
3.091412560710796731e-01
3.091412560710796731e-01
3.091412560710796731e-01
3.091412560710796731e-01
3.091412560710796731e-01
7.215038597195240211e-01
7.671297514802476458e-01
7.627232227895330841e-01
7.145820696718997445e-01
7.109085135128326849e-01
8.590055290247996522e-01
9.124997762386992672e-01
9.044506662963807120e-01
8.818738958980821829e-01
7.588689121413235705e-01
8.463691359026243033e-01
7.549347344147354644e-01
8.689459063009229434e-01
9.000441376056662612e-01
7.701173638012835942e-01
7.231035305783446443e-01
3.906857789338477049e-01
8.592971254997836539e-01
6.094676879227759470e-01
4.683894841919409302e-01
4.683894841919409302e-01
7.686984474316052030e-01
6.420508824232424860e-01
7.159700111341151807e-01
3.950923076245621557e-01
