6.969602518702366911e-01
6.969602518702366911e-01
6.480478260928536072e-01
7.916692948301298216e-01
7.783272465934679696e-01
7.916692948301298216e-01
8.399590501894043104e-01
9.092293375121905941e-01
7.081935551309251897e-01
8.087114463215577809e-01
8.101975208794228722e-01
7.804359915694414340e-01
1.670180485779427515e-01
2.189053151518772222e-01
4.634926639832535056e-01
1.779104825812073687e-01
2.189053151518772222e-01
8.410567602361664064e-02
8.410567602361664064e-02
1.670180485779427515e-01
8.410567602361664064e-02
8.410567602361664064e-02
0.000000000000000000e+00
8.410567602361664064e-02
1.670180485779427515e-01
8.410567602361664064e-02
8.410567602361664064e-02
2.486668444618586882e-01
2.189053151518772222e-01
2.543886273367267359e-01
3.289729900905615234e-01
4.554244097179922512e-01
5.866951319767804707e-01
8.682345049415207683e-01
7.282078557380832207e-01
7.692026883087529354e-01
7.989642176187344846e-01
4.603540919482499993e-01
8.882488055486790213e-01
8.174924436680275353e-01
7.433795394708553328e-01
8.882488055486787992e-01
7.959920685030045240e-01
7.916692948301299326e-01
7.081935551309250787e-01
7.692026883087530464e-01
7.804359915694414340e-01
7.060848101549517253e-01
6.650899775842817885e-01
7.002759619242119316e-01
6.763232808449701761e-01
7.783272465934679696e-01
6.890426586635235440e-01
5.833385896602595322e-01
6.359511186924086124e-01
4.859592705046302807e-01
4.620065894253884142e-01
8.080887759034495188e-01
8.399590501894043104e-01
7.783272465934679696e-01
8.399590501894043104e-01
8.384729756315393301e-01
9.219487153307440730e-01
8.697205794993857486e-01
7.670939433327795820e-01
8.101975208794228722e-01
8.882488055486790213e-01
8.272396723708508315e-01
7.373324140227980328e-01
9.107154120700556854e-01
7.619077655201483834e-01
8.399590501894044214e-01
7.136180101608737836e-01
9.219487153307441840e-01
8.511923534500928090e-01
5.752438584345747064e-01
6.462181905967434581e-01
8.214308241401113708e-01
7.804359915694414340e-01
8.199447495822462795e-01
8.511923534500928090e-01
9.702384706900187838e-01
6.838564808508923454e-01
7.597990205441748079e-01
7.023847069001853960e-01
8.399590501894044214e-01
8.399590501894043104e-01
7.789499170115763427e-01
8.087114463215578919e-01
9.814717739507067273e-01
8.384729756315393301e-01
6.838564808508923454e-01
8.199447495822462795e-01
5.013489245189198806e-01
4.144295771473224255e-01
6.052233580260737433e-01
7.506744622594598848e-01
5.569336026667990325e-01
8.326641274007996474e-01
6.784320258209435295e-01
8.272396723708508315e-01
6.650899775842817885e-01
5.864160224969173774e-01
2.486668444618586882e-01
7.209129329494784466e-01
3.780853173270470324e-01
8.497062788922277177e-01
2.189053151518772222e-01
2.189053151518772222e-01
2.189053151518772222e-01
5.706192118417060533e-01
2.189053151518772222e-01
2.486668444618586882e-01
1.670180485779427515e-01
8.410567602361664064e-02
8.410567602361664064e-02
2.486668444618586882e-01
3.845168359758950327e-01
2.888007293971026068e-01
8.410567602361664064e-02
0.000000000000000000e+00
2.189053151518772222e-01
2.992114607805800852e-01
4.078468466370284706e-01
2.992114607805800852e-01
3.289729900905615234e-01
2.189053151518772222e-01
5.569336026667990325e-01
8.384729756315393301e-01
6.653282548015991837e-01
7.300374912341933697e-01
6.872130231674133949e-01
6.838564808508922344e-01
6.462181905967434581e-01
7.300374912341934808e-01
8.794678082022091559e-01
7.491883877015947935e-01
7.974781430608695043e-01
7.916692948301297106e-01
8.399590501894043104e-01
5.566544931869359392e-01
7.783272465934680806e-01
6.799181003788087319e-01
7.959920685030045240e-01
8.087114463215580029e-01
6.407529033042489441e-01
7.901832202722648413e-01
7.023847069001853960e-01
7.619077655201482724e-01
7.209129329494784466e-01
8.029025980908182092e-01
6.711371030323387554e-01
5.169050014524827485e-01
7.433795394708553328e-01
7.321462362101669452e-01
8.029025980908182092e-01
7.506744622594599958e-01
8.624256567107811966e-01
6.769459512630785492e-01
7.209129329494784466e-01
8.511923534500925870e-01
7.060848101549516143e-01
5.833385896602595322e-01
6.131001189702409704e-01
7.433795394708553328e-01
6.540949515409107962e-01
5.739757541582271028e-01
6.174228926431156728e-01
5.281383047131712472e-01
5.578998340231526853e-01
5.876613633331341235e-01
4.759101688818129783e-01
5.578998340231526853e-01
5.339471529439109299e-01
5.651947568117573484e-01
5.041856236339293806e-01
2.888007293971026068e-01
3.483237880170655942e-01
4.554244097179922512e-01
3.661398217880478811e-01
3.846680478373409873e-01
3.661398217880478811e-01
3.124256113988245764e-01
4.256628804080108130e-01
3.124256113988245764e-01
4.554244097179922512e-01
4.418258658989568932e-01
4.603540919482499993e-01
4.120643365889754550e-01
3.710695040183055737e-01
5.013489245189198806e-01
4.120643365889754550e-01
4.603540919482499993e-01
4.418258658989568932e-01
4.418258658989568932e-01
5.157207998146117189e-01
4.859592705046302807e-01
5.342490258639047696e-01
7.194268583916133553e-01
7.506744622594598848e-01
6.058051961816363074e-01
6.799181003788086208e-01
4.901156212582314375e-01
5.329809215875572770e-01
3.370904847563771511e-01
6.349848873360551815e-01
6.726231775902038468e-01
5.044874965539233314e-01
1.779104825812073687e-01
5.706192118417060533e-01
3.436732152666711060e-01
3.845168359758950327e-01
1.372565192679613133e-01
8.410567602361664064e-02
1.670180485779427515e-01
8.410567602361664064e-02
1.670180485779427515e-01
1.670180485779427515e-01
8.410567602361664064e-02
4.840684958101743041e-01
4.543069665001928659e-01
1.670180485779427515e-01
4.144295771473223700e-01
1.670180485779427515e-01
2.486668444618586882e-01
1.670180485779427515e-01
1.372565192679613133e-01
4.078468466370284706e-01
5.342490258639047696e-01
3.846680478373409873e-01
6.799181003788086208e-01
5.217067860643231914e-01
7.916692948301298216e-01
8.087114463215578919e-01
7.433795394708553328e-01
5.329809215875572770e-01
6.349848873360550705e-01
8.624256567107811966e-01
4.144295771473224255e-01
2.582166282099102594e-01
7.433795394708553328e-01
7.096796296887901701e-01
7.188041879735050932e-01
7.877309143580459860e-01
5.833385896602595322e-01
7.506744622594598848e-01
6.247178154317203358e-01
7.692026883087530464e-01
7.670939433327795820e-01
5.760436668716547581e-01
6.355667254916176345e-01
5.833385896602595322e-01
7.433795394708553328e-01
5.833385896602595322e-01
5.706192118417060533e-01
5.159387700961292067e-01
4.322450601154069205e-01
4.859592705046302807e-01
4.901156212582314375e-01
3.881116555097336440e-01
4.039696053632905737e-01
5.342490258639047696e-01
5.640105551738863188e-01
5.157207998146117189e-01
5.342490258639047696e-01
5.157207998146117189e-01
5.752438584345747064e-01
5.157207998146117189e-01
7.002759619242119316e-01
6.763232808449700650e-01
8.080887759034495188e-01
7.485657172834866424e-01
6.480478260928536072e-01
6.890426586635235440e-01
7.358463394649330525e-01
7.506744622594598848e-01
6.389232678081387951e-01
6.686847971181202333e-01
3.661398217880478811e-01
7.060848101549517253e-01
5.739757541582272138e-01
3.289729900905615234e-01
1.670180485779427515e-01
3.289729900905615234e-01
4.715873952089383314e-01
6.349848873360551815e-01
4.144295771473224255e-01
5.044874965539233314e-01
4.078468466370284706e-01
4.919452567543415866e-01
7.433795394708553328e-01
5.876613633331341235e-01
7.783272465934679696e-01
8.497062788922277177e-01
9.092293375121905941e-01
8.682345049415207683e-01
8.697205794993858596e-01
8.624256567107811966e-01
8.087114463215578919e-01
6.061895893824271742e-01
8.326641274007996474e-01
8.921871860207626348e-01
8.272396723708508315e-01
9.404769413800369016e-01
6.799181003788086208e-01
6.462181905967435691e-01
7.974781430608695043e-01
8.384729756315393301e-01
8.682345049415207683e-01
9.404769413800369016e-01
7.506744622594599958e-01
8.511923534500925870e-01
9.404769413800371236e-01
8.193220791641380174e-01
7.549972359323345872e-01
7.895605498541563572e-01
7.692026883087530464e-01
9.927050772113952259e-01
8.101975208794228722e-01
8.570012016808324917e-01
9.092293375121905941e-01
8.584872762386973610e-01
9.277575635614836447e-01
9.629435479014137877e-01
8.979960342515022065e-01
8.438974306614880350e-01
9.517102446407255112e-01
7.692026883087530464e-01
7.916692948301298216e-01
8.214308241401113708e-01
9.219487153307440730e-01
8.624256567107811966e-01
6.462181905967434581e-01
5.764280600724457360e-01
5.578998340231526853e-01
5.339471529439109299e-01
5.876613633331341235e-01
4.461486395718314846e-01
3.845168359758950327e-01
6.471844219530971110e-01
6.061895893824271742e-01
6.061895893824271742e-01
5.876613633331341235e-01
6.471844219530971110e-01
5.339471529439108188e-01
6.052233580260736323e-01
6.276899645474504075e-01
6.969602518702366911e-01
7.140024033616647614e-01
7.959920685030044130e-01
8.199447495822462795e-01
8.199447495822462795e-01
8.087114463215577809e-01
6.353284482743002393e-01
7.379550844409066279e-01
7.789499170115763427e-01
7.847587652423161364e-01
8.087114463215578919e-01
7.379550844409066279e-01
6.486704965109620913e-01
7.789499170115764537e-01
4.554244097179922512e-01
4.603540919482499993e-01
4.418258658989568932e-01
3.881116555097335885e-01
4.603540919482499993e-01
5.281383047131712472e-01
5.578998340231526853e-01
5.876613633331341235e-01
5.833385896602595322e-01
6.950897841115807330e-01
8.199447495822462795e-01
7.373324140227980328e-01
7.506744622594598848e-01
7.209129329494784466e-01
6.686847971181202333e-01
5.169050014524827485e-01
5.578998340231526853e-01
7.394411589987714972e-01
7.843743720415250475e-01
6.574514938574319567e-01
4.851859390279737450e-01
7.282078557380831096e-01
8.921871860207626348e-01
6.061895893824272852e-01
7.433795394708553328e-01
7.843743720415251586e-01
8.272396723708508315e-01
9.814717739507069494e-01
7.300374912341934808e-01
7.916692948301297106e-01
8.570012016808324917e-01
7.804359915694414340e-01
9.389908668221720323e-01
6.872130231674133949e-01
8.438974306614880350e-01
6.784320258209437515e-01
8.101975208794229832e-01
7.506744622594598848e-01
7.959920685030045240e-01
7.081935551309250787e-01
7.549972359323345872e-01
8.399590501894043104e-01
9.702384706900183398e-01
7.321462362101668342e-01
7.959920685030045240e-01
7.485657172834865314e-01
7.895605498541563572e-01
8.624256567107809746e-01
6.182862967828721690e-01
6.799181003788086208e-01
8.160063691101624439e-01
8.624256567107811966e-01
7.604216909622832921e-01
8.326641274007996474e-01
8.326641274007995364e-01
7.549972359323346982e-01
6.784320258209435295e-01
8.257535978129859622e-01
6.540949515409109072e-01
6.540949515409109072e-01
7.546128427315436094e-01
6.037372834682086520e-01
7.300374912341933697e-01
8.511923534500925870e-01
6.131001189702410814e-01
3.124256113988245764e-01
4.418258658989568932e-01
4.256628804080108130e-01
3.289729900905615234e-01
8.410567602361664064e-02
0.000000000000000000e+00
3.289729900905615234e-01
1.670180485779427515e-01
8.410567602361664064e-02
8.410567602361664064e-02
8.410567602361664064e-02
0.000000000000000000e+00
8.410567602361664064e-02
8.410567602361664064e-02
3.370904847563771511e-01
8.410567602361664064e-02
0.000000000000000000e+00
8.410567602361664064e-02
1.779104825812073687e-01
8.410567602361664064e-02
8.410567602361664064e-02
4.193592593775801181e-01
1.779104825812073687e-01
8.410567602361664064e-02
8.410567602361664064e-02
8.410567602361664064e-02
8.410567602361664064e-02
8.410567602361664064e-02
1.670180485779427515e-01
2.582166282099102594e-01
2.992114607805800852e-01
8.410567602361664064e-02
8.199447495822460574e-01
2.189053151518772222e-01
2.582166282099102594e-01
6.769459512630786602e-01
2.486668444618586882e-01
2.486668444618586882e-01
3.780853173270470324e-01
8.087114463215578919e-01
8.410567602361664064e-02
8.410567602361664064e-02
7.506744622594599958e-01
3.370904847563771511e-01
4.120643365889754550e-01
5.739757541582272138e-01
7.789499170115763427e-01
7.252357066223530380e-01
6.076756639402922655e-01
6.778093554028352674e-01
7.136180101608738946e-01
4.603540919482498883e-01
6.872130231674133949e-01
2.189053151518772222e-01
5.442142248482456646e-01
7.491883877015949045e-01
6.061895893824271742e-01
6.116140444123759901e-01
6.969602518702365801e-01
7.379550844409066279e-01
6.161775518068988156e-01
6.037372834682086520e-01
6.759797199067250073e-01
4.620065894253884697e-01
2.888007293971026623e-01
2.888007293971026068e-01
3.370904847563772067e-01
2.350865190078793854e-01
3.370904847563771511e-01
3.370904847563771511e-01
2.888007293971026623e-01
3.370904847563771511e-01
2.888007293971026623e-01
3.124256113988245764e-01
3.661398217880478811e-01
9.277575635614836447e-01
1.000000000000000000e+00
8.199447495822462795e-01
7.670939433327795820e-01
8.087114463215578919e-01
2.992114607805800852e-01
2.189053151518772222e-01
5.329809215875572770e-01
8.994821088093671868e-01
6.359511186924087234e-01
8.410567602361664064e-02
3.881116555097336440e-01
6.799181003788086208e-01
4.759101688818129783e-01
5.217067860643231914e-01
6.653282548015991837e-01
6.353284482743003503e-01
5.764280600724456249e-01
0.000000000000000000e+00
8.399590501894043104e-01
8.921871860207624128e-01
6.061895893824271742e-01
3.423378017673541218e-01
4.142783652858765819e-01
7.075708847128165946e-01
4.971314345669728962e-01
5.833385896602595322e-01
6.969602518702366911e-01
7.023847069001853960e-01
6.070529935221840034e-01
3.881116555097336440e-01
5.311104538289013188e-01
7.916692948301298216e-01
6.109913739942675059e-01
7.789499170115763427e-01
7.209129329494784466e-01
3.073289554463957129e-01
6.592811293535419948e-01
3.895977300675986243e-01
6.189089672009805421e-01
5.578998340231525743e-01
1.372565192679613133e-01
6.182862967828721690e-01
1.372565192679613133e-01
7.549972359323345872e-01
2.189053151518772222e-01
2.189053151518772222e-01
4.603540919482498883e-01
8.101975208794228722e-01
8.214308241401113708e-01
8.272396723708510535e-01
8.682345049415207683e-01
9.219487153307441840e-01
8.921871860207626348e-01
8.399590501894043104e-01
8.697205794993858596e-01
8.399590501894044214e-01
8.809538827600740252e-01
7.549972359323344762e-01
8.214308241401111488e-01
6.480478260928537182e-01
7.506744622594598848e-01
7.023847069001853960e-01
8.399590501894044214e-01
6.763232808449701761e-01
7.188041879735050932e-01
6.763232808449701761e-01
6.653282548015991837e-01
6.413755737223574283e-01
7.023847069001852850e-01
5.833385896602594212e-01
3.881116555097335885e-01
3.881116555097335885e-01
4.418258658989568932e-01
4.603540919482498883e-01
4.620065894253884142e-01
4.039696053632905182e-01
4.759101688818129783e-01
5.339471529439108188e-01
5.281383047131711361e-01
5.169050014524827485e-01
4.631907910632595549e-01
5.876613633331341235e-01
5.339471529439108188e-01
5.578998340231526853e-01
4.142783652858765264e-01
4.859592705046302807e-01
4.901156212582314375e-01
4.305925626382685611e-01
3.124256113988245764e-01
4.144295771473224255e-01
3.846680478373409873e-01
3.124256113988245764e-01
3.661398217880478256e-01
3.661398217880478256e-01
3.661398217880478256e-01
4.144295771473224255e-01
3.846680478373409873e-01
3.370904847563771511e-01
4.554244097179922512e-01
3.846680478373409873e-01
4.144295771473224255e-01
3.661398217880478256e-01
3.661398217880478256e-01
3.661398217880478256e-01
3.846680478373409873e-01
7.506744622594598848e-01
8.199447495822462795e-01
6.763232808449701761e-01
7.252357066223531490e-01
7.662305391930229748e-01
7.959920685030045240e-01
7.549972359323345872e-01
6.969602518702366911e-01
7.604216909622831810e-01
7.901832202722648413e-01
7.549972359323345872e-01
7.662305391930229748e-01
5.739757541582272138e-01
7.549972359323346982e-01
3.495691288532823404e-01
6.070529935221838924e-01
6.131001189702409704e-01
5.159387700961293177e-01
5.159387700961293177e-01
7.604216909622832921e-01
6.353284482743003503e-01
8.570012016808324917e-01
7.959920685030045240e-01
7.662305391930229748e-01
6.799181003788086208e-01
6.799181003788086208e-01
7.267217811802182403e-01
6.784320258209436405e-01
8.399590501894043104e-01
7.804359915694414340e-01
6.799181003788086208e-01
7.804359915694414340e-01
8.214308241401113708e-01
7.916692948301298216e-01
6.969602518702366911e-01
6.540949515409109072e-01
6.705144326142304934e-01
7.300374912341934808e-01
4.807119534936532546e-01
7.248513134215621712e-01
