0.000000000000000000e+00
0.000000000000000000e+00
0.000000000000000000e+00
0.000000000000000000e+00
5.375623280349373090e-02
0.000000000000000000e+00
3.696984372798390872e-01
0.000000000000000000e+00
4.154634292913132465e-01
1.971031324161420517e-01
0.000000000000000000e+00
7.826052541220346326e-01
3.923855046315882222e-01
3.514977185576258489e-01
1.199324904248909029e-01
1.600376356788779098e-01
5.375623280349373090e-02
4.456128012460933707e-01
9.023775666959653330e-02
0.000000000000000000e+00
0.000000000000000000e+00
2.308411716322027740e-01
0.000000000000000000e+00
0.000000000000000000e+00
0.000000000000000000e+00
1.600376356788779098e-01
0.000000000000000000e+00
5.375623280349373090e-02
1.450577375904205935e-01
0.000000000000000000e+00
0.000000000000000000e+00
5.375623280349373090e-02
1.431686160708475763e-01
5.375623280349373090e-02
0.000000000000000000e+00
2.612735049450987668e-01
5.375623280349373090e-02
0.000000000000000000e+00
0.000000000000000000e+00
3.335088307431416932e-01
1.199324904248909029e-01
1.071067762776268806e-01
2.272532327861750412e-01
2.486803954207828515e-01
1.853391245208392268e-01
2.076050459862461006e-01
1.199324904248909029e-01
1.071067762776268806e-01
5.375623280349373090e-02
5.833113090848923710e-01
5.375623280349373090e-02
3.102727050971850753e-01
1.431686160708475763e-01
2.308411716322027740e-01
5.375623280349373090e-02
5.375623280349373090e-02
2.014962316650865670e-01
1.431686160708475763e-01
5.375623280349373090e-02
2.870365794512284019e-01
1.956647964145116214e-01
6.376988496199877954e-01
6.606051857866250820e-01
4.359532039627135869e-01
2.318113758127525181e-01
3.059796965787757173e-01
7.191057822358594143e-01
6.904888577655136084e-01
2.486803954207828515e-01
5.776254003241484414e-01
6.196577242459138102e-01
4.753757595776107459e-01
6.988078220141829000e-01
6.988078220141829000e-01
2.308411716322027740e-01
8.033144309078182888e-01
5.375623280349373090e-02
6.468107809710677003e-01
6.293173215292934275e-01
3.503540230971120550e-01
5.964215985999571368e-01
1.071067762776268806e-01
4.913673237740217026e-01
4.523575103846345646e-01
3.021334660159811780e-01
1.600376356788779098e-01
5.239059948832841540e-01
3.149565709235703226e-01
8.210257668025729982e-01
3.335088307431416932e-01
5.378395750659350494e-01
8.199655740628680745e-01
7.660660239933236859e-01
5.438873611080878856e-01
7.662839004463043446e-01
4.899878110385433860e-01
6.638976770320784704e-01
8.638525933897671649e-01
7.750428983381183468e-01
8.464941909542783582e-01
8.304674876329721789e-01
5.325678008926085782e-01
7.220439476601395734e-01
8.056831787817596569e-01
9.189473932053018324e-01
7.093097355842870044e-01
8.091338710134448053e-01
7.581738787300877913e-01
8.162197464291113258e-01
6.913311740522378734e-01
6.661299755378270460e-01
6.533957634619744770e-01
7.375229850491455963e-01
8.934558250736500673e-01
9.308392889944300252e-01
8.870887190357237273e-01
9.518431161346380120e-01
8.683403343812106101e-01
9.549177309271108527e-01
8.469835737817368315e-01
7.786651790628911218e-01
7.931071676921387370e-01
7.929836207831546524e-01
7.255075423510332078e-01
8.153427760651394962e-01
8.165380258111295531e-01
8.574854873518409359e-01
6.774742053946555265e-01
6.571891476321876091e-01
6.643985699568383252e-01
8.124032182789518997e-01
7.660660239933236859e-01
8.671450846352205533e-01
7.889723601599608616e-01
8.771576153778660734e-01
8.260028906214750277e-01
8.260028906214752498e-01
8.796845642380389796e-01
9.421835188512581727e-01
7.826052541220347436e-01
7.064062242372544098e-01
7.767858140164082270e-01
9.316816052811542903e-01
7.145672996981945468e-01
8.987858823518178886e-01
7.021003132596362883e-01
8.946510748196401241e-01
9.148125856731238459e-01
8.506289984864560116e-01
8.034855343532587568e-01
6.507873875170138156e-01
8.609130356035794573e-01
6.876000415255473230e-01
7.255075423510333188e-01
6.829989951458573794e-01
4.836467670038737676e-01
6.694224667832805453e-01
7.867400616542126190e-01
5.097963884327613160e-01
6.399325404876440304e-01
4.755936360305911825e-01
6.234164543388793778e-01
5.467687690889292407e-01
6.190869143336674707e-01
5.073940270953277709e-01
6.196577242459138102e-01
4.650917224604871336e-01
8.229051318490557820e-01
9.557600472138352288e-01
8.041567471945427759e-01
7.657362345140044102e-01
8.237474481357801581e-01
8.132455345656760537e-01
9.020783735972714990e-01
7.480248986192498117e-01
9.612848369650373037e-01
3.335088307431416932e-01
9.185944597460359295e-01
8.796845642380388686e-01
9.029206898839955420e-01
8.574854873518409359e-01
8.957112675593451590e-01
8.368345936708985189e-01
9.051529883897442286e-01
8.669503521621864106e-01
9.518431161346380120e-01
9.211796917110501859e-01
7.750428983381183468e-01
9.545647974678451719e-01
8.882839687817140062e-01
8.948689512726208939e-01
7.762381480841085146e-01
8.578384208111067277e-01
9.726290668218656732e-01
7.366806687624213312e-01
1.000000000000000000e+00
7.864454112997880664e-01
8.586807370978307707e-01
8.924187763138914375e-01
8.337599788784255672e-01
8.874416524949895191e-01
8.105238532324690048e-01
9.388910276058046733e-01
8.566431710651164488e-01
8.840141042432509977e-01
8.716328256266639984e-01
9.148125856731238459e-01
7.616014269818265348e-01
8.301145541737063871e-01
8.915764600271673945e-01
9.557600472138351178e-01
8.199655740628682965e-01
7.452800733060962468e-01
8.457883240357467747e-01
7.764328805571426573e-01
6.736198381574832750e-01
9.020783735972712769e-01
4.282790684519536817e-01
2.244740655942764340e-01
6.116827595359827230e-01
3.777249562752464929e-01
5.093316752466520159e-01
4.203054961039301429e-01
6.129145407687752733e-01
3.024863994752469143e-01
2.477101912402331074e-01
6.194398477929331515e-01
5.756982117547545519e-01
5.652105082440694872e-01
8.743545069598711583e-01
7.870698511335317837e-01
7.359748018438897477e-01
6.667544153715709854e-01
8.290775054139479794e-01
7.984737564571090518e-01
5.679658030407687130e-01
8.574854873518407139e-01
4.819607420685175225e-01
5.787102627052024273e-01
4.865602627868046426e-01
8.368345936708985189e-01
9.421835188512583947e-01
8.464941909542783582e-01
7.021003132596363994e-01
7.191404363131070898e-01
7.944971499111629365e-01
4.330397081797827119e-01
8.225868524670375548e-01
7.660660239933236859e-01
5.712582942862222124e-01
8.368345936708985189e-01
5.447296773948121507e-01
8.650478431357573328e-01
8.271749963875187905e-01
8.101709197732032131e-01
8.494337487404658438e-01
8.135984680249419565e-01
8.210257668025731093e-01
8.063890457002912404e-01
9.452581336437311244e-01
8.619732283432843811e-01
8.556061223053580411e-01
6.078777414831243453e-01
7.881300438732365965e-01
8.434195761618051845e-01
7.659309669870385529e-01
8.691826506679348752e-01
7.712610242652063741e-01
7.858977453674881319e-01
7.933019001651728797e-01
7.112122446107160822e-01
7.073578773735438308e-01
7.097991184117455887e-01
7.977896411566164359e-01
8.523136310599046528e-01
9.413412025645339076e-01
8.177332755571193879e-01
7.692234582324918302e-01
6.770981279554433296e-01
6.643639158795907607e-01
6.744621544442076511e-01
6.808292604821337690e-01
5.724057205093012746e-01
7.355711268384026447e-01
6.302222016580427688e-01
6.904888577655136084e-01
6.849640680143117555e-01
6.877582425117789722e-01
7.721033405519306392e-01
7.261787551923172268e-01
7.618193034348071935e-01
7.385600338089041150e-01
7.149709747036816498e-01
5.270183415000574412e-01
4.282790684519535707e-01
4.047899272281214600e-01
8.494337487404660658e-01
6.363088674009637069e-01
6.950619943804259293e-01
7.351671396344129361e-01
4.597224076966161532e-01
6.153050402607554981e-01
6.358555310126602356e-01
8.229051318490557820e-01
6.562525018014668809e-01
6.707656759947644431e-01
5.407750144913144874e-01
4.313536832444265223e-01
1.071067762776268806e-01
5.006698692373273696e-01
2.477101912402331074e-01
7.662839004463043446e-01
7.087620696519870700e-01
9.084454796351976169e-01
7.764328805571424352e-01
8.061711692473105817e-01
9.043106721030199635e-01
8.691826506679350972e-01
8.578384208111065057e-01
8.232580653083215738e-01
6.332342526084906442e-01
5.787102627052024273e-01
7.862275348468074077e-01
7.523544386244614968e-01
7.944971499111629365e-01
8.168909592703953448e-01
7.086038686657554209e-01
7.944971499111629365e-01
7.314363193062249913e-01
5.693311057168284339e-01
4.819607420685174670e-01
8.304674876329724009e-01
6.080709482947557198e-01
8.807216129977974983e-01
8.633632105623085806e-01
7.044690611335777675e-01
7.141286584169574958e-01
8.843670377025165674e-01
8.304674876329721789e-01
8.091107270334984003e-01
9.020783735972712769e-01
8.027667649755185764e-01
7.761146011751242080e-01
9.092877959219219930e-01
8.609130356035793463e-01
7.551107740349161102e-01
9.582102221725643521e-01
8.738651241324124630e-01
7.165191579089376095e-01
8.177332755571196099e-01
8.779999316645903384e-01
7.647357172410482740e-01
8.747074404191369501e-01
9.477083086024602476e-01
8.335421024254451305e-01
8.619732283432843811e-01
7.480248986192497007e-01
6.772563289416748677e-01
8.523136310599046528e-01
7.986319574433407009e-01
8.755497567058612152e-01
8.481788235277268884e-01
7.044690611335777675e-01
8.533506798196630605e-01
8.132455345656761647e-01
7.975717647036358882e-01
8.406164677438104915e-01
5.239059948832840430e-01
3.840920623131727774e-01
8.196126406036025047e-01
6.849640680143117555e-01
4.186194711685738978e-01
5.901664055883696358e-01
5.745130537073751542e-01
4.004080258779756374e-01
3.777249562752464929e-01
4.500628104132363139e-01
4.965350617051497162e-01
6.769977250264055391e-01
6.579968098416644207e-01
4.025941602091754334e-01
5.407750144913144874e-01
5.714194132957641781e-01
7.321929277709778860e-01
7.921413044964302763e-01
4.836467670038738231e-01
4.510150847020666376e-01
4.899878110385433860e-01
7.225333304875981577e-01
5.848348226487990464e-01
4.266726021418564274e-01
4.836467670038738231e-01
7.018330876223420889e-01
5.679658030407687130e-01
4.371745157119604763e-01
8.882839687817140062e-01
7.869347941272465397e-01
6.032549434853956560e-01
6.877582425117789722e-01
8.260028906214750277e-01
6.808292604821338800e-01
7.018330876223419779e-01
7.681864094727334225e-01
7.662839004463041226e-01
8.000219396623647894e-01
7.527073720837273996e-01
7.817629378353103675e-01
8.199655740628680745e-01
6.965755235084344354e-01
8.315276803726771027e-01
7.864454112997880664e-01
7.895200260922607960e-01
7.430477748003475602e-01
7.903623423789850611e-01
7.253364389055929617e-01
7.527073720837272885e-01
9.084454796351976169e-01
9.316816052811542903e-01
8.586807370978309928e-01
7.375229850491455963e-01
9.051529883897442286e-01
9.485506248891845127e-01
8.691826506679348752e-01
8.547638060186337761e-01
6.412859912198656254e-01
5.543892746781918790e-01
6.750240304359264032e-01
4.980642192912674293e-01
5.474991723493148887e-01
4.354884907766042312e-01
5.547085946739653828e-01
4.499087277878131008e-01
3.347651483177883636e-01
5.614883096379063021e-01
4.744983041659913692e-01
5.306301527412843333e-01
6.369929827014563228e-01
7.010761669590864775e-01
7.261787551923172268e-01
6.017285118981785530e-01
6.563978850901871498e-01
4.924626556386215714e-01
5.953367362189031509e-01
4.435416217498868163e-01
8.162197464291113258e-01
7.288000335964865961e-01
7.616014269818265348e-01
8.330541119598940947e-01
7.824817072130505480e-01
8.021191811618283429e-01
7.430477748003476712e-01
8.005113224898235957e-01
