7.000736096715761692e-01
7.473985671537638487e-01
9.004346745610635194e-01
7.343770670375454612e-01
6.324683938913028269e-01
8.794989126871852747e-01
9.073472373670584679e-01
6.586915185564006237e-01
9.140310851131039360e-01
7.767060209052010222e-01
8.475388030285221364e-01
8.218920504263879101e-01
9.259396515336307809e-01
7.886145873257278671e-01
7.441467054970715145e-01
7.978704978390287472e-01
6.120557383161110421e-01
7.875016536300363246e-01
7.180761964411433995e-01
8.493072403000061499e-01
6.361533903542500035e-01
7.244656529484518881e-01
7.517390671925033852e-01
7.654529580604663153e-01
9.038909559640609936e-01
8.373986738794793050e-01
7.750808208904255148e-01
4.433101996614315365e-01
5.612894163921093860e-01
4.505536443036742833e-01
4.581217106854615917e-01
4.859700353653348959e-01
4.825137539623373106e-01
4.868542540010767916e-01
4.438697965576289262e-01
5.112462972779525661e-01
4.825137539623373106e-01
4.859700353653348404e-01
4.651803723561704906e-01
4.085995043606819310e-01
4.471016861358233507e-01
4.660645909919123864e-01
4.263076998915122928e-01
3.484832234493669967e-01
4.175461066740628335e-01
4.682618398345045341e-01
5.081648297996184116e-01
5.081648297996184116e-01
5.183049589486612430e-01
5.502650686073243813e-01
5.502650686073243813e-01
5.325568730764941305e-01
5.081648297996183006e-01
5.325568730764941305e-01
5.679732641381546321e-01
5.005967634178309922e-01
5.183049589486613540e-01
4.971404820148335180e-01
4.837727865227426927e-01
4.263076998915122928e-01
4.178295180025086153e-01
5.818899731945932352e-01
7.933012827403397305e-01
6.964755526390116191e-01
7.074756051101520615e-01
6.422380323508291022e-01
7.156428772414058503e-01
7.940437257465144949e-01
5.880248073762909256e-01
3.830139342481442277e-01
5.586367604848835322e-01
6.417243044046037070e-01
6.477035487704621008e-01
6.802264861797452378e-01
6.430168533558502375e-01
7.086249168046899749e-01
6.720592140484915600e-01
6.648859336698652589e-01
4.888056773132266608e-01
5.287653866021022608e-01
5.065138728440569116e-01
5.065138728440569116e-01
4.579326044787810912e-01
5.818899731945932352e-01
4.579326044787810912e-01
5.145134724742694843e-01
4.964347862539224554e-01
5.368973731152336670e-01
4.085995043606819310e-01
4.581217106854615917e-01
4.758299062162919535e-01
4.514378629394163456e-01
5.002219494931675614e-01
3.762645807773555284e-01
4.404135151546313409e-01
4.935381017471223153e-01
7.363742193689787330e-01
7.441467054970715145e-01
7.546573253356310129e-01
7.685387487739472334e-01
6.568604371681785459e-01
8.074114212386054312e-01
8.437120309360079951e-01
8.016117921283020253e-01
8.251196167694356820e-01
8.972071082180155255e-01
8.728150649411398065e-01
6.723243071072874111e-01
7.397008078276113840e-01
7.520852625683756010e-01
8.493072403000061499e-01
8.460553786433137047e-01
8.529679414493088752e-01
4.691460584702464853e-01
5.368973731152335560e-01
5.148486775456637687e-01
5.502650686073243813e-01
5.005967634178309922e-01
5.081648297996183006e-01
5.741190886243303648e-01
6.348117415986086476e-01
5.741190886243303648e-01
5.285625684136266988e-01
5.510686941030960018e-01
6.050774993313289274e-01
5.506982034135793347e-01
6.916213246540469095e-01
8.149794876203927396e-01
7.093295201848771603e-01
7.644269637951573992e-01
9.207149328591494042e-01
7.581136067386285982e-01
8.144657596741673444e-01
8.220338260559547638e-01
9.004346745610635194e-01
4.335679197005211094e-01
4.512761152313513602e-01
4.170211185494306916e-01
3.223768618355322690e-01
3.644771006432382943e-01
3.505288364648488919e-01
3.467689051124079880e-01
3.749208797417246108e-01
3.926290752725549726e-01
3.638965319569397172e-01
2.974042498723579175e-01
3.284801408952789936e-01
2.607331494854385756e-01
3.142282267674462726e-01
7.996389351105126497e-01
7.752225965199924795e-01
8.786146940514432124e-01
6.649516098486524251e-01
9.456207040822501853e-01
8.791284219976684966e-01
6.973597712747536814e-01
8.670154358308364007e-01
7.029549806387518363e-01
8.216633353664382078e-01
8.583344357533575497e-01
7.808178058839909674e-01
7.039139260764337713e-01
5.464735821329326226e-01
7.866174349942942623e-01
5.816871550061176732e-01
6.117613470773743956e-01
7.705359011053808382e-01
8.196904783486490542e-01
3.223768618355322690e-01
5.929143209793781288e-01
5.773466549673782477e-01
7.185363308937834370e-01
7.226972156769679856e-01
3.142282267674462726e-01
3.638965319569397172e-01
2.936443185199170136e-01
3.113525140507473199e-01
2.979848185586565501e-01
3.113525140507473199e-01
3.113525140507473199e-01
3.113525140507473199e-01
3.113525140507473199e-01
3.644771006432382943e-01
3.223768618355322135e-01
3.223768618355322690e-01
2.936443185199169581e-01
2.979848185586564946e-01
2.582529400365602967e-01
2.692772878213452459e-01
2.692772878213452459e-01
2.582529400365602967e-01
2.936693310982209648e-01
2.869854833521756077e-01
2.582529400365602967e-01
2.582529400365603522e-01
2.936693310982209648e-01
2.582529400365602967e-01
2.692772878213452459e-01
2.405447445057299904e-01
2.582529400365603522e-01
2.582529400365602967e-01
2.582529400365602967e-01
2.582529400365602967e-01
2.936693310982209648e-01
2.582529400365602967e-01
2.936693310982209648e-01
2.582529400365602967e-01
5.685222777025024099e-01
2.333535151038716171e-01
2.333535151038716449e-01
5.398534708843492069e-01
6.488164824661537544e-01
6.319925055710654549e-01
5.508399790431462995e-01
4.248854579959005506e-01
5.630947408395454712e-01
5.720044559769742465e-01
5.219656600979640793e-01
5.542962604461438847e-01
5.873693038004986766e-01
6.897674095793216997e-01
5.732363316157298438e-01
6.932236909823192850e-01
6.397286137003116435e-01
6.400991043898283106e-01
5.204822357127557586e-01
6.653753663024460918e-01
6.586915185564006237e-01
6.428372381002954716e-01
5.921992364718189350e-01
6.586915185564006237e-01
7.118161051488914870e-01
6.649516098486523141e-01
7.180761964411432885e-01
6.794322390364347930e-01
7.693175697789684797e-01
8.291260041175049222e-01
6.941442876169077181e-01
8.114178085866744494e-01
6.899334805225333378e-01
7.440413078663506985e-01
6.259371617544271515e-01
8.538521600850507154e-01
6.753110757051838942e-01
8.466545843927804071e-01
6.586915185564007347e-01
7.900737163972917365e-01
6.964755526390116191e-01
8.728150649411400286e-01
8.428278123002660438e-01
5.612894163921093860e-01
8.074114212386054312e-01
8.039551398356078460e-01
8.719308463053978553e-01
7.093295201848771603e-01
6.262176809515124232e-01
7.944142164360312730e-01
7.767060209052010222e-01
8.326876831512229904e-01
6.831199398321227134e-01
8.693587835381425544e-01
8.791284219976684966e-01
9.703832380486429043e-01
8.216633353664382078e-01
7.862469443047774842e-01
8.229180446916967151e-01
8.229180446916968261e-01
6.377921346813688608e-01
7.033011760146241631e-01
5.398156312583614058e-01
7.253498715841938393e-01
6.709705756664443577e-01
7.877303686899860269e-01
8.153499783099095177e-01
7.819307395796823990e-01
6.653753663024460918e-01
7.647974544846740663e-01
7.656816731204160176e-01
7.826852652710594160e-01
8.715603556158811882e-01
7.118161051488915980e-01
6.648859336698653699e-01
7.320337193302393075e-01
5.002219494931676724e-01
8.112381933311195725e-01
8.114178085866743384e-01
9.181428700918937702e-01
8.149794876203927396e-01
8.260038354051777443e-01
3.804433331080300795e-01
4.158597241696907476e-01
8.626749357920968642e-01
7.940437257465144949e-01
8.408549552824767792e-01
7.461438578285051193e-01
9.038909559640612157e-01
9.279125085514199345e-01
5.356383405548282850e-01
9.456207040822504073e-01
7.929307920508227303e-01
8.428278123002660438e-01
9.401915656614637795e-01
9.073472373670584679e-01
7.875016536300363246e-01
8.484230216642640876e-01
8.861827604332307429e-01
9.747237380873822188e-01
8.263743260946943003e-01
8.870669790689728051e-01
8.928666081792762110e-01
8.559910880460518401e-01
8.539939357146180132e-01
7.528277055745504764e-01
9.149153037488457763e-01
8.538521600850507154e-01
8.362857401837877624e-01
7.148486300980954056e-01
9.174873665161012992e-01
7.696516824696387760e-01
7.929550873644672926e-01
8.794989126871852747e-01
9.924319336182126916e-01
8.072070014923001802e-01
8.382828925152213673e-01
7.330169600815656938e-01
6.196238046978984615e-01
7.645169352875889057e-01
8.039794351492521862e-01
7.651067626845940994e-01
7.398305007719764292e-01
5.183049589486613540e-01
5.005967634178309922e-01
5.005967634178309922e-01
4.495062163327259719e-01
4.538467163714653974e-01
5.026308029252168907e-01
2.936693310982209648e-01
2.400373628499170575e-01
8.095503491996061118e-01
7.808178058839908564e-01
6.431465463002155047e-01
9.326234992796762491e-01
7.540824148998090948e-01
6.149128139696422579e-01
5.191891775844033052e-01
5.183049589486612430e-01
5.005967634178309922e-01
5.148486775456637687e-01
5.325568730764941305e-01
5.183049589486613540e-01
4.581217106854615917e-01
5.289544928087829279e-01
5.112462972779524550e-01
3.831771435833505324e-01
4.682618398345045341e-01
4.935381017471223153e-01
5.289544928087828168e-01
4.825137539623373106e-01
3.970585670216665863e-01
4.505536443036742833e-01
5.002219494931676724e-01
5.466626883396131786e-01
4.268840719544756412e-01
4.445922674853058920e-01
3.838996145110276093e-01
4.268840719544755857e-01
3.981515286388603858e-01
3.493674420851090034e-01
3.981515286388604968e-01
2.974042498723579175e-01
3.461883364261093554e-01
2.793924043920841815e-01
3.046686663047018517e-01
2.936443185199170136e-01
3.467689051124079880e-01
3.113525140507473199e-01
3.223768618355322135e-01
3.113525140507473199e-01
2.582529400365602967e-01
2.582529400365602967e-01
2.582529400365602967e-01
2.869854833521756077e-01
2.262928303778972139e-01
2.582529400365602967e-01
1.726608621295933066e-01
2.046209717882563894e-01
2.046209717882563894e-01
2.046209717882563894e-01
2.046209717882563894e-01
2.046209717882563894e-01
2.046209717882563894e-01
2.333535151038716449e-01
2.582529400365603522e-01
3.319364222982765789e-01
3.461883364261093554e-01
6.481794370906994729e-01
6.162193274320363345e-01
5.134264356500520821e-01
5.630947408395454712e-01
5.816871550061176732e-01
6.237873938138237540e-01
5.918272841551606156e-01
5.153976911100115466e-01
4.910056478331357721e-01
5.255378202590543779e-01
5.352464161596721670e-01
6.060791982829933922e-01
9.030067373283189314e-01
9.212286608053746884e-01
8.466545843927801851e-01
8.728150649411398065e-01
6.370376089899919547e-01
2.036025032741866914e-01
2.213106988050169976e-01
3.046686663047019072e-01
3.018744428554626102e-01
0.000000000000000000e+00
1.115685384888829290e-01
3.749208797417246108e-01
0.000000000000000000e+00
1.489680283925280402e-01
0.000000000000000000e+00
0.000000000000000000e+00
7.011622480536234825e-01
0.000000000000000000e+00
3.184532987702527462e-01
0.000000000000000000e+00
5.600455020315922572e-02
5.600455020315922572e-02
0.000000000000000000e+00
1.666762239233583742e-01
2.333535151038716449e-01
5.600455020315922572e-02
1.245759851156523351e-01
2.439204327687571616e-01
2.577455583807473638e-01
0.000000000000000000e+00
1.489680283925280402e-01
0.000000000000000000e+00
0.000000000000000000e+00
5.600455020315922572e-02
0.000000000000000000e+00
0.000000000000000000e+00
1.792104599973109447e-01
5.600455020315922572e-02
1.726608621295933066e-01
0.000000000000000000e+00
0.000000000000000000e+00
0.000000000000000000e+00
0.000000000000000000e+00
0.000000000000000000e+00
0.000000000000000000e+00
0.000000000000000000e+00
0.000000000000000000e+00
2.448602319661655202e-01
1.858943077433563573e-01
9.386034295805259497e-02
0.000000000000000000e+00
0.000000000000000000e+00
0.000000000000000000e+00
5.600455020315922572e-02
5.600455020315922572e-02
5.600455020315922572e-02
1.489680283925280402e-01
1.115685384888829290e-01
5.600455020315922572e-02
2.518313237413057903e-01
4.147667625524969481e-01
5.600455020315922572e-02
2.333535151038716449e-01
4.471016861358233507e-01
0.000000000000000000e+00
4.438697965576288151e-01
5.600455020315922572e-02
1.115685384888829290e-01
5.600455020315922572e-02
2.869854833521756077e-01
0.000000000000000000e+00
2.754537539115776701e-01
1.115685384888829290e-01
2.036025032741866914e-01
1.115685384888829290e-01
5.600455020315922572e-02
5.600455020315922572e-02
5.600455020315922572e-02
5.600455020315922572e-02
1.489680283925280402e-01
5.600455020315922572e-02
2.333535151038716449e-01
2.340910734467757381e-01
1.115685384888829290e-01
5.600455020315922572e-02
5.294576270289714781e-01
6.971404345672651548e-01
4.508523587775576380e-01
5.600455020315922572e-02
5.331058866408417973e-01
3.113525140507473199e-01
1.115685384888829290e-01
4.175461066740628335e-01
5.600455020315922572e-02
6.193294134591617039e-01
2.333535151038716449e-01
6.722252849917029760e-01
5.600455020315922572e-02
2.262928303778972139e-01
5.600455020315922572e-02
0.000000000000000000e+00
1.489680283925280402e-01
3.319364222982765789e-01
5.018898215461834456e-01
1.666762239233583742e-01
2.036025032741866914e-01
6.520076708103552665e-01
5.203389984560471415e-01
5.835182363943398620e-01
3.945763052927988013e-01
6.421326347201082863e-01
5.045624495319072089e-01
7.586273346848539934e-01
8.484230216642640876e-01
8.473100879685725451e-01
8.097790642595555921e-01
8.193199876591322761e-01
1.000000000000000000e+00
9.822918044691697492e-01
9.282829992409367126e-01
9.224833701306333067e-01
9.401915656614637795e-01
9.149153037488459983e-01
2.936443185199170136e-01
3.505288364648488364e-01
3.223768618355322690e-01
3.838996145110276093e-01
3.804433331080300795e-01
4.352543022048930843e-01
3.998379111432324717e-01
4.758299062162919535e-01
4.859700353653348959e-01
5.002219494931676724e-01
5.112462972779525661e-01
4.682618398345045341e-01
5.258730253304486624e-01
5.818899731945931242e-01
6.436453572852574023e-01
6.501765894221330777e-01
8.008693491221270389e-01
9.047751745998030559e-01
8.272585447304363626e-01
7.233527192527602345e-01
8.182313492770849628e-01
8.019822828178188034e-01
9.047751745998030559e-01
7.877303686899858048e-01
7.651067626845940994e-01
7.839035965974716635e-01
8.229180446916968261e-01
8.437120309360079951e-01
8.229180446916968261e-01
8.016117921283020253e-01
8.007275734925599631e-01
9.224833701306333067e-01
8.905232604719700573e-01
7.519434869388085252e-01
7.694472627233337469e-01
8.130066306026035861e-01
8.440825216255245511e-01
7.644269637951572882e-01
7.868461500542439646e-01
7.581136067386285982e-01
8.002138455463346789e-01
7.333510727722362121e-01
7.767060209052010222e-01
8.188062597129069919e-01
7.758218022694589600e-01
7.507251556123961667e-01
7.760014175250137258e-01
6.831199398321227134e-01
7.928253944201021364e-01
7.397008078276112730e-01
8.047339608406289813e-01
7.326464693920490268e-01
7.582932219941834751e-01
7.339011787173078671e-01
7.405850264633531133e-01
7.339011787173078671e-01
7.617495033971809493e-01
6.441054917378975508e-01
7.861415466740566682e-01
3.461883364261093554e-01
3.926290752725549726e-01
3.749208797417246664e-01
3.638965319569397172e-01
3.926290752725549726e-01
5.026308029252168907e-01
5.612894163921093860e-01
5.818899731945932352e-01
5.676380590667603476e-01
5.929143209793781288e-01
4.720427429770466810e-01
5.816871550061176732e-01
6.104196983217329286e-01
5.950548504982084985e-01
5.720044559769742465e-01
6.648859336698652589e-01
6.184451948234197527e-01
5.830288037617591401e-01
6.428372381002954716e-01
6.892779769467409778e-01
6.605454336311258334e-01
7.295243006797218488e-01
6.586915185564006237e-01
6.409833230255703729e-01
5.799201793617753120e-01
6.267314088977375963e-01
6.688316477054435660e-01
5.190231066411917782e-01
6.342994752795249047e-01
6.299589752407854792e-01
6.400991043898283106e-01
6.342994752795249047e-01
6.334152566437829535e-01
6.543510185176610872e-01
7.851583059227301709e-01
6.807765921248168928e-01
7.440413078663506985e-01
8.358098518635501684e-01
7.937096130558441986e-01
7.397008078276112730e-01
7.516093742481381179e-01
7.693175697789684797e-01
7.272173309712623990e-01
6.607250488866805993e-01
7.058732387818796861e-01
7.467187682643269264e-01
7.147586586056638991e-01
7.967575641433372047e-01
8.254901074589524601e-01
8.010980641820767412e-01
7.337215634617528792e-01
7.613411730816765921e-01
8.498821507358279570e-01
7.235814343127099368e-01
7.581136067386285982e-01
7.900737163972917365e-01
8.002138455463346789e-01
7.369491298048007621e-01
7.935299978002892107e-01
7.192409342739704003e-01
8.321739552049977062e-01
7.564257626071150264e-01
7.421738484792822499e-01
7.430580671150242011e-01
7.918421536687756390e-01
7.134413051636669945e-01
8.028665014535606437e-01
7.607662626458544519e-01
7.497419148610695583e-01
6.971404345672651548e-01
4.787265907230922046e-01
5.435812208612790242e-01
5.081648297996184116e-01
5.612894163921093860e-01
8.650182834994027958e-01
8.786146940514432124e-01
8.652469985593524981e-01
8.652469985593524981e-01
9.313687899544174087e-01
9.380526377004628769e-01
9.114590223458485241e-01
8.980913268537575878e-01
8.365144552437372427e-01
8.283471831124834539e-01
7.472688742093985814e-01
9.215991514948914665e-01
9.326234992796762491e-01
8.957479791464516561e-01
7.656816731204161286e-01
8.036701269493321531e-01
9.047751745998030559e-01
7.684333511432264174e-01
8.751584126484457382e-01
7.976417827790792670e-01
8.028665014535606437e-01
6.350145597870840986e-01
8.551068694103095558e-01
8.428278123002660438e-01
9.535592611535542718e-01
8.495116600463114009e-01
9.038909559640609936e-01
9.215991514948912444e-01
4.335679197005209984e-01
3.981515286388603858e-01
4.158597241696907476e-01
4.782387596483411163e-01
4.538467163714653974e-01
4.184303253098047848e-01
4.352543022048930843e-01
5.967058074537698875e-01
5.502650686073243813e-01
5.183049589486613540e-01
5.789976119229396367e-01
5.641817776637629844e-01
6.471777381390350081e-01
7.311495006944972452e-01
8.928666081792759890e-01
7.665658917561580799e-01
9.015476082567550620e-01
8.399707366467348280e-01
8.542226507745677155e-01
8.330581738407397685e-01
7.935299978002892107e-01
8.285758981724331562e-01
8.533384321388256533e-01
8.605360078310961836e-01
8.466545843927801851e-01
7.709063917948976163e-01
7.976417827790790449e-01
8.542226507745674935e-01
8.428278123002660438e-01
8.350553261721733733e-01
7.894988059614699294e-01
8.106632828952975434e-01
7.253498715841939504e-01
7.575386963028067910e-01
7.767060209052010222e-01
6.050774993313289274e-01
5.773466549673782477e-01
5.029158158114924726e-01
6.481794370906994729e-01
5.639789594752874224e-01
5.464735821329326226e-01
5.499298635359300969e-01
5.325568730764940195e-01
5.789976119229396367e-01
5.499298635359300969e-01
5.499298635359302079e-01
5.255378202590544889e-01
5.995981687254234860e-01
5.331058866408417973e-01
6.039386687641630225e-01
5.929143209793781288e-01
5.752061254485478781e-01
6.106225165102084906e-01
5.499298635359300969e-01
6.697158663411855173e-01
6.476671707716157300e-01
6.586915185564006237e-01
5.811748886870340414e-01
6.165912797486946539e-01
7.564257626071150264e-01
7.741339581379453882e-01
7.320337193302393075e-01
7.076416760533635886e-01
7.134413051636669945e-01
7.134413051636669945e-01
6.789091327377484442e-01
7.607662626458544519e-01
7.076416760533635886e-01
7.497419148610696693e-01
7.320337193302393075e-01
7.784744581766849247e-01
6.957331096328367437e-01
7.387175670762847757e-01
6.776544234124898258e-01
7.421738484792822499e-01
6.980246532030071061e-01
7.113923486950979314e-01
6.440158479747741804e-01
6.697158663411855173e-01
7.184999528949369552e-01
6.453238230643099094e-01
6.267314088977375963e-01
6.511234521746133153e-01
7.428919961718126741e-01
6.782536291619560842e-01
6.715697814159107271e-01
6.605454336311257224e-01
6.304712415598691111e-01
6.592037848754843665e-01
5.499298635359302079e-01
4.352543022048931953e-01
3.981515286388603858e-01
3.505288364648488919e-01
3.467689051124079880e-01
