4.711628853783974558e-01
5.811361332150081216e-01
6.093334292297455379e-01
6.093334292297455379e-01
5.866396747622468766e-01
6.334351518084134769e-01
7.706902483623444544e-01
7.637787387039360887e-01
7.637787387039360887e-01
7.692822802511749547e-01
6.953332853851272866e-01
5.557547734226097047e-01
6.559031526474514706e-01
7.531358455257716189e-01
8.377277335699838678e-01
9.047652187776231703e-01
9.047652187776231703e-01
8.765679227628857539e-01
9.329625147923605866e-01
6.947433418403533567e-01
7.960716081547428713e-01
7.004726370160530013e-01
7.410849842364375384e-01
9.436054079705251674e-01
8.095304375552463405e-01
9.154081119557877511e-01
8.132618210750026666e-01
8.363197654588143681e-01
7.799251734293394245e-01
7.568672290455277230e-01
6.550851280810556787e-01
5.169145842297078186e-01
8.483706267481483376e-01
5.184802282542859686e-01
7.318500591694425683e-01
7.180270398526258369e-01
6.939253172739577868e-01
1.719584759380601013e-01
5.169145842297078186e-01
8.075619777518674991e-02
8.075619777518674991e-02
0.000000000000000000e+00
5.198881963654553573e-01
1.322440758204444788e-01
1.604413718351818952e-01
0.000000000000000000e+00
0.000000000000000000e+00
1.322440758204444788e-01
0.000000000000000000e+00
0.000000000000000000e+00
0.000000000000000000e+00
0.000000000000000000e+00
4.265934010097959805e-01
8.075619777518674991e-02
0.000000000000000000e+00
0.000000000000000000e+00
0.000000000000000000e+00
0.000000000000000000e+00
2.493159007802543126e-01
1.322440758204444788e-01
2.796495447387875033e-01
5.750426481229953257e-01
4.323226961854955142e-01
5.584423787475094603e-01
3.163533859878936427e-01
8.075619777518674991e-02
0.000000000000000000e+00
7.511379338698280783e-01
2.107986651309620707e-01
0.000000000000000000e+00
2.107986651309620707e-01
6.213842905190795074e-01
0.000000000000000000e+00
0.000000000000000000e+00
1.604413718351818952e-01
8.075619777518674991e-02
0.000000000000000000e+00
0.000000000000000000e+00
0.000000000000000000e+00
0.000000000000000000e+00
0.000000000000000000e+00
2.633819345533286449e-01
8.075619777518674991e-02
1.604413718351818952e-01
0.000000000000000000e+00
2.389959611456994593e-01
8.075619777518674991e-02
2.035642019289439775e-01
0.000000000000000000e+00
1.322440758204444788e-01
0.000000000000000000e+00
2.107986651309620707e-01
4.634936043359806357e-01
0.000000000000000000e+00
4.748942688981536708e-01
2.107986651309620707e-01
3.994548166245507348e-01
3.924387287977371686e-01
0.000000000000000000e+00
4.452065154758610976e-01
6.148369707769842929e-01
5.869256815730947707e-01
8.075619777518674991e-02
8.075619777518674991e-02
4.107724700370357640e-01
8.067145013329073411e-01
5.305310895436199381e-01
8.075619777518674991e-02
4.558494086540256229e-01
3.485637661423147682e-01
8.075619777518674991e-02
2.819729601473741631e-01
0.000000000000000000e+00
0.000000000000000000e+00
0.000000000000000000e+00
0.000000000000000000e+00
0.000000000000000000e+00
1.604413718351818952e-01
0.000000000000000000e+00
0.000000000000000000e+00
0.000000000000000000e+00
0.000000000000000000e+00
0.000000000000000000e+00
1.322440758204444788e-01
8.308162239115755021e-01
5.111852890540081740e-01
7.180270398526257258e-01
6.052378557936761716e-01
8.201733307334109213e-01
7.212071659912778765e-01
7.675101222236921927e-01
8.081224694440768408e-01
7.393128262089547764e-01
3.719322808441338224e-01
6.657280212592202595e-01
4.840467046687630392e-01
6.657280212592202595e-01
6.052378557936761716e-01
6.366152779470657386e-01
5.587283855583573544e-01
3.360441367682623359e-01
5.411739827217845189e-01
1.322440758204444788e-01
6.602244797119813935e-01
8.075619777518674991e-02
6.947433418403533567e-01
1.604413718351818952e-01
0.000000000000000000e+00
5.869256815730947707e-01
3.217744382387468516e-01
0.000000000000000000e+00
0.000000000000000000e+00
3.254012435900978106e-01
2.389959611456994593e-01
1.719584759380601013e-01
0.000000000000000000e+00
2.107986651309620707e-01
1.322440758204444788e-01
0.000000000000000000e+00
4.993601813931348721e-01
8.075619777518674991e-02
0.000000000000000000e+00
0.000000000000000000e+00
0.000000000000000000e+00
1.604413718351818952e-01
0.000000000000000000e+00
0.000000000000000000e+00
0.000000000000000000e+00
0.000000000000000000e+00
5.451118802444452349e-01
0.000000000000000000e+00
5.860497312174730578e-01
1.604413718351818952e-01
6.334351518084134769e-01
8.075619777518674991e-02
0.000000000000000000e+00
8.075619777518674991e-02
0.000000000000000000e+00
0.000000000000000000e+00
0.000000000000000000e+00
0.000000000000000000e+00
2.633819345533286449e-01
0.000000000000000000e+00
0.000000000000000000e+00
1.719584759380601013e-01
0.000000000000000000e+00
1.322440758204444788e-01
2.493159007802542571e-01
0.000000000000000000e+00
8.075619777518674991e-02
0.000000000000000000e+00
0.000000000000000000e+00
0.000000000000000000e+00
0.000000000000000000e+00
0.000000000000000000e+00
0.000000000000000000e+00
0.000000000000000000e+00
0.000000000000000000e+00
1.322440758204444788e-01
0.000000000000000000e+00
0.000000000000000000e+00
3.437929106186225492e-01
0.000000000000000000e+00
0.000000000000000000e+00
8.075619777518674991e-02
8.075619777518674991e-02
3.994548166245507348e-01
0.000000000000000000e+00
4.849859046952141872e-01
4.001295768588712387e-01
0.000000000000000000e+00
2.799355515496353974e-01
4.732605471585233925e-01
4.849859046952141872e-01
8.075619777518674991e-02
0.000000000000000000e+00
1.719584759380601013e-01
8.075619777518674991e-02
0.000000000000000000e+00
2.737818132752355971e-01
5.523488936554967754e-01
0.000000000000000000e+00
0.000000000000000000e+00
0.000000000000000000e+00
2.799355515496353974e-01
0.000000000000000000e+00
1.322440758204444788e-01
8.075619777518674991e-02
8.075619777518674991e-02
0.000000000000000000e+00
0.000000000000000000e+00
2.599587939584188101e-01
0.000000000000000000e+00
8.075619777518674991e-02
0.000000000000000000e+00
1.322440758204444788e-01
8.075619777518674991e-02
5.681698246282568254e-01
1.719584759380601013e-01
1.322440758204444788e-01
0.000000000000000000e+00
2.737818132752355971e-01
1.604413718351818952e-01
1.719584759380601013e-01
0.000000000000000000e+00
1.604413718351818952e-01
8.075619777518674991e-02
0.000000000000000000e+00
0.000000000000000000e+00
2.485002036070196318e-01
2.287584942565515089e-01
0.000000000000000000e+00
0.000000000000000000e+00
0.000000000000000000e+00
0.000000000000000000e+00
3.330920916512318808e-01
0.000000000000000000e+00
2.796495447387875033e-01
0.000000000000000000e+00
2.035642019289439775e-01
8.075619777518674991e-02
0.000000000000000000e+00
0.000000000000000000e+00
2.287584942565515089e-01
0.000000000000000000e+00
1.322440758204444788e-01
8.075619777518674991e-02
8.075619777518674991e-02
8.075619777518674991e-02
1.322440758204444788e-01
0.000000000000000000e+00
2.485002036070196318e-01
2.633819345533286449e-01
1.322440758204444788e-01
4.107724700370357640e-01
2.287584942565515089e-01
1.719584759380601013e-01
5.587283855583573544e-01
8.075619777518674991e-02
4.514427430466465552e-01
4.452065154758610976e-01
4.558494086540256229e-01
6.268878320663182624e-01
5.869256815730947707e-01
6.722753410013155850e-01
7.678743121400054550e-01
5.770405597789386443e-01
5.587283855583573544e-01
3.034868275253249092e-01
0.000000000000000000e+00
0.000000000000000000e+00
8.075619777518674991e-02
0.000000000000000000e+00
0.000000000000000000e+00
4.323226961854955142e-01
4.188638667849919339e-01
2.035642019289439775e-01
1.322440758204444788e-01
2.881560899731562264e-01
2.389959611456994593e-01
2.107986651309620707e-01
3.719322808441338224e-01
0.000000000000000000e+00
0.000000000000000000e+00
6.056020457099893228e-01
5.695777927394264362e-01
8.075619777518674991e-02
2.881560899731562264e-01
0.000000000000000000e+00
0.000000000000000000e+00
0.000000000000000000e+00
0.000000000000000000e+00
0.000000000000000000e+00
0.000000000000000000e+00
1.322440758204444788e-01
0.000000000000000000e+00
2.493159007802543126e-01
6.265236421500052222e-01
3.837550611118461519e-01
1.322440758204444788e-01
5.198881963654553573e-01
8.075619777518674991e-02
3.163533859878936427e-01
3.860197399530811979e-01
4.323226961854955142e-01
0.000000000000000000e+00
1.604413718351818952e-01
8.075619777518674991e-02
8.075619777518674991e-02
2.389959611456994593e-01
4.711628853783974558e-01
4.711628853783974558e-01
8.075619777518674991e-02
2.799355515496353974e-01
8.075619777518674991e-02
2.633819345533286449e-01
2.737818132752355971e-01
2.107986651309620707e-01
3.652852109778561562e-01
3.034868275253249092e-01
5.908635790957554867e-01
5.008678996284868790e-01
0.000000000000000000e+00
5.819541577814038025e-01
3.217744382387468516e-01
2.493159007802542571e-01
1.322440758204444788e-01
5.034557548292042384e-01
2.287584942565515089e-01
7.114797201105306224e-01
0.000000000000000000e+00
6.823669767983759904e-01
2.107986651309620707e-01
4.450632511437859762e-01
0.000000000000000000e+00
4.484691309108988500e-01
0.000000000000000000e+00
0.000000000000000000e+00
0.000000000000000000e+00
2.035642019289439775e-01
3.261805819928235151e-01
0.000000000000000000e+00
3.837550611118460964e-01
2.107986651309620707e-01
2.493159007802542571e-01
4.979522132819653168e-01
8.075619777518674991e-02
3.480949980575964164e-01
0.000000000000000000e+00
0.000000000000000000e+00
0.000000000000000000e+00
2.796495447387875033e-01
0.000000000000000000e+00
1.322440758204444788e-01
0.000000000000000000e+00
5.488432637642013390e-01
1.322440758204444788e-01
0.000000000000000000e+00
5.584423787475094603e-01
4.170092194611236258e-01
2.796495447387875033e-01
2.493159007802543126e-01
5.413804967246889088e-01
8.006210162408945452e-01
0.000000000000000000e+00
6.826924805510192762e-01
4.840467046687630392e-01
0.000000000000000000e+00
2.493159007802543126e-01
7.286699330307903066e-01
3.254012435900978106e-01
4.780743950368058215e-01
6.038298876825066719e-01
1.604413718351818952e-01
2.881560899731562264e-01
5.557547734226097047e-01
8.075619777518674991e-02
2.796495447387875033e-01
2.819729601473741631e-01
2.485002036070196318e-01
7.637787387039361997e-01
5.663976666007741745e-01
7.180270398526257258e-01
8.132618210750025556e-01
7.623707705927667000e-01
4.840467046687630392e-01
7.919760347186735050e-01
1.604413718351818952e-01
2.493159007802542571e-01
2.493159007802542571e-01
2.389959611456994593e-01
4.001295768588712387e-01
4.276521126392881511e-01
7.335835310332553538e-01
7.531358455257716189e-01
6.930098699765404602e-01
6.564930961922252894e-01
7.678743121400054550e-01
8.377277335699838678e-01
8.026189278968380858e-01
7.799251734293394245e-01
7.229406378550907730e-01
7.053862350185179375e-01
5.880476428734163763e-01
6.375307252444829542e-01
6.268878320663182624e-01
5.866396747622468766e-01
5.411739827217845189e-01
8.201733307334109213e-01
7.617808270479927701e-01
7.706902483623444544e-01
8.645170614735516734e-01
6.084179819323283223e-01
2.107986651309620707e-01
5.693712787365219352e-01
6.334351518084135879e-01
5.975106489620332084e-01
6.366152779470657386e-01
5.575269314500923556e-01
6.093334292297455379e-01
4.902829322395484968e-01
4.646155656363022413e-01
5.129766867070471026e-01
6.648125739618031549e-01
3.767610621570521845e-01
5.584423787475094603e-01
8.469626586369787269e-01
8.187653626222415326e-01
7.128876882217001221e-01
5.986905360515808461e-01
7.393128262089547764e-01
9.154081119557877511e-01
7.036527631547051520e-01
7.160291281966824073e-01
5.169145842297078186e-01
6.268878320663182624e-01
1.604413718351818952e-01
2.881560899731562264e-01
5.811361332150081216e-01
2.107986651309620707e-01
8.858028478298808350e-01
8.308162239115755021e-01
8.858028478298808350e-01
1.000000000000000000e+00
7.462243358673632532e-01
8.659250295847212842e-01
8.414591170897399719e-01
6.093334292297455379e-01
7.318500591694425683e-01
5.695777927394264362e-01
6.930098699765405712e-01
6.823669767983761014e-01
8.187653626222415326e-01
8.201733307334109213e-01
8.463727150922051301e-01
9.154081119557877511e-01
8.308162239115755021e-01
8.576055518151434187e-01
9.824455971634270535e-01
8.469626586369789489e-01
8.696564131044773882e-01
8.187653626222415326e-01
9.930884903415916343e-01
8.941223255994587005e-01
8.256768722806496763e-01
8.377277335699838678e-01
8.067145013329073411e-01
8.576055518151434187e-01
8.645170614735516734e-01
8.765679227628857539e-01
9.033572506664537816e-01
8.696564131044773882e-01
9.315545466811911979e-01
7.229406378550907730e-01
8.802993062826419690e-01
8.858028478298808350e-01
8.294082558004060024e-01
7.793352298845654946e-01
8.081224694440768408e-01
7.494044620060152928e-01
5.584423787475094603e-01
7.617808270479927701e-01
4.051011006505623735e-01
7.511379338698281893e-01
4.389697660517731803e-01
2.493159007802542571e-01
1.604413718351818952e-01
5.492074536805143792e-01
1.604413718351818952e-01
5.422959440221061245e-01
6.754554671399677357e-01
4.484691309108988500e-01
4.051011006505623735e-01
6.939253172739576758e-01
4.840467046687630392e-01
7.111155301942174711e-01
6.826924805510192762e-01
7.724237202261572399e-01
4.514427430466465552e-01
4.671670620665105966e-01
3.437929106186225492e-01
4.734038114905985140e-01
5.393825850687455903e-01
4.840467046687630392e-01
6.151229775878321870e-01
5.869256815730947707e-01
7.424929523476069271e-01
6.151229775878321870e-01
7.180270398526258369e-01
6.947433418403533567e-01
6.369407816997090244e-01
7.724237202261572399e-01
7.497299657586586896e-01
7.335835310332553538e-01
6.754554671399677357e-01
6.754554671399677357e-01
6.550851280810556787e-01
5.869256815730947707e-01
6.151229775878321870e-01
5.184802282542859686e-01
4.993601813931348721e-01
4.711628853783974558e-01
8.483706267481483376e-01
7.637787387039360887e-01
7.531358455257716189e-01
8.765679227628857539e-01
8.414591170897399719e-01
7.730136637709311698e-01
7.919760347186735050e-01
8.187653626222415326e-01
9.260510051339522208e-01
8.576055518151434187e-01
9.154081119557877511e-01
7.899781230627301865e-01
9.542483011486896372e-01
7.706902483623444544e-01
8.576055518151434187e-01
8.570156082703695999e-01
7.036527631547051520e-01
8.576055518151434187e-01
7.410849842364375384e-01
7.286699330307903066e-01
6.038298876825066719e-01
8.802993062826419690e-01
6.596345361672076857e-01
6.472581711252303194e-01
7.905680666075040053e-01
7.899781230627300754e-01
6.438522913581173901e-01
4.323226961854955142e-01
4.732605471585233925e-01
5.451118802444452349e-01
1.719584759380601013e-01
4.849859046952141872e-01
2.035642019289439775e-01
6.722753410013154740e-01
2.107986651309620707e-01
2.881560899731562264e-01
4.001295768588712387e-01
1.604413718351818952e-01
1.604413718351818952e-01
5.184802282542859686e-01
2.389959611456994870e-01
3.163533859878936427e-01
4.498770990220684052e-01
2.107986651309620707e-01
5.695777927394264362e-01
2.881560899731562264e-01
5.770405597789387553e-01
5.693712787365219352e-01
3.924387287977371686e-01
6.257658707659967678e-01
7.531358455257716189e-01
8.081224694440768408e-01
7.568672290455277230e-01
8.696564131044773882e-01
8.349117973476447574e-01
8.696564131044776103e-01
8.872108159410503347e-01
7.706902483623443434e-01
7.229406378550906620e-01
7.517278774146020082e-01
8.696564131044773882e-01
8.181754190774674917e-01
7.730136637709311698e-01
7.678743121400054550e-01
7.974795762659122600e-01
7.905680666075040053e-01
4.202718348961614336e-01
8.751599546517163652e-01
6.444422349028912089e-01
9.033572506664535595e-01
7.905680666075040053e-01
6.884217757267189208e-01
8.308162239115755021e-01
7.919760347186735050e-01
6.277058566327139433e-01
8.570156082703693778e-01
7.335835310332553538e-01
6.032399441377327420e-01
7.111155301942173601e-01
7.568672290455277230e-01
7.004726370160530013e-01
6.472581711252303194e-01
6.093334292297455379e-01
5.811361332150081216e-01
6.939253172739576758e-01
5.866396747622468766e-01
4.902829322395484968e-01
5.975685747512592405e-01
5.411739827217845189e-01
5.129766867070471026e-01
5.693712787365219352e-01
5.184802282542859686e-01
5.129766867070471026e-01
8.751599546517163652e-01
7.617808270479926591e-01
9.366938983121168016e-01
4.887172882149703468e-01
4.840467046687630392e-01
