4.627794088700564190e-01
4.783185207985987675e-01
4.779530408303158118e-01
5.441273048167707405e-01
6.080957914433986478e-01
7.397860953304526976e-01
7.856887240709465869e-01
7.977087638094965127e-01
6.840409570651148075e-01
8.116569617206057519e-01
7.890532158055124645e-01
7.888303333709322240e-01
8.634790752993782847e-01
8.097288035480464385e-01
9.749958414366203252e-01
9.024981401153139293e-01
8.822265048693529454e-01
9.411132524346764727e-01
8.408070274051312465e-01
8.335195109839997896e-01
8.480945438262625924e-01
8.432074400534173009e-01
9.677083250154890903e-01
8.759030675345014227e-01
9.218056962749953120e-01
9.338257360135451268e-01
7.537342932415620478e-01
9.020941876187408281e-01
4.434718527103751473e-01
7.165555144842059576e-01
6.158850005282395790e-01
5.125785726905496276e-01
6.733059763435739198e-01
7.007670305145171641e-01
4.816782988340617133e-01
2.757506409141448622e-01
4.574602693563650235e-01
6.231328533792189761e-01
6.733059763435739198e-01
3.171989836688774989e-01
5.654992205114736104e-01
7.124227813266458265e-01
8.420204785325572372e-01
8.638830277959512749e-01
8.368840027185656671e-01
8.938425921113298811e-01
8.565955113748202621e-01
9.024981401153139293e-01
8.695796301996495670e-01
8.721346233033623330e-01
8.648471068822310981e-01
7.923494055609245912e-01
8.359199236322860660e-01
7.655732629181193349e-01
9.484007688558077076e-01
9.338257360135451268e-01
8.745350359516486094e-01
8.674020999859437531e-01
8.262319945628685547e-01
9.604208085943576334e-01
9.879799602614500742e-01
9.759599205229001484e-01
9.227697753612748022e-01
9.420773315209559629e-01
7.862488506606531979e-01
8.514590355608283589e-01
9.180372520438562223e-01
9.034622192015936415e-01
9.166692204610034089e-01
8.904781003767640035e-01
8.552274797919672267e-01
9.062665843464526860e-01
8.359199236322860660e-01
9.107497356227248764e-01
8.211220083554429117e-01
9.651533319117763243e-01
9.493648479420875308e-01
8.175764465588842844e-01
8.841546630419122588e-01
8.372879552151386573e-01
9.806924438403186173e-01
9.420773315209561849e-01
9.015340610290342171e-01
9.686724041017686915e-01
9.024981401153139293e-01
6.424404095389002478e-01
7.052766713973552815e-01
6.858277087458333199e-01
7.831337309672339320e-01
8.952106236941825834e-01
5.833307795389964800e-01
8.083607719651938472e-01
1.196538020883911174e-01
1.196538020883911174e-01
2.178552440879050756e-01
6.818634268514088825e-01
7.282112652963348420e-01
5.391736452713622452e-01
4.901574904751558881e-01
7.634222223109795591e-01
4.175183826620086913e-01
8.648471068822310981e-01
5.096461166968300205e-01
7.476337383412906545e-01
4.434718527103751473e-01
3.631016124093713882e-01
7.750779731231083325e-01
3.896966849901839502e-01
3.937129076247625203e-01
4.912863753990314164e-01
7.346761091230272767e-01
5.145750328422626918e-01
4.974846704664391828e-01
7.179235460670586599e-01
8.363238761288590561e-01
8.759030675345014227e-01
6.008487592672828032e-02
1.593793684908945962e-01
5.928625345152804815e-01
8.106928826343261507e-01
3.684593770202364560e-01
7.866528031572261881e-01
4.389887014341030125e-01
5.584812014310434058e-01
3.137327490126229357e-01
3.124664603514588634e-01
6.008487592672828032e-02
7.768102936323821872e-01
6.424404095389002478e-01
2.178552440879050756e-01
6.008487592672828032e-02
6.008487592672828032e-02
6.008487592672828032e-02
3.079534796243233452e-01
6.008487592672828032e-02
4.590109646389174403e-01
2.178552440879050756e-01
2.871376764318103736e-01
7.949043986646372462e-01
5.833307795389964800e-01
7.159953878944993466e-01
3.658376755750769593e-01
6.958116247625182327e-01
4.854249671577372527e-01
5.699427082175937409e-01
6.612859366050239940e-01
6.765040686028369610e-01
8.262319945628684437e-01
7.125641878184866274e-01
6.466128062666122167e-01
7.707097387321107940e-01
6.140982488475210666e-01
4.824079449604670167e-01
3.663495936209557047e-01
6.008487592672828032e-02
2.402709686050367999e-01
5.094650466348372708e-01
2.178279724351010471e-01
4.827137999608910324e-01
1.196538020883911174e-01
4.319240674475519071e-01
3.184108411585968024e-01
5.446007503343592848e-01
6.008487592672828032e-02
3.336127089320128358e-01
2.752860879563959751e-01
3.064452325914916453e-01
8.093248510514733374e-01
5.970963137504060603e-01
4.082165184264756608e-01
5.965377807984063585e-01
8.638830277959512749e-01
7.939403195783575340e-01
5.055121924974080860e-01
2.491555683333322446e-01
2.491555683333322446e-01
2.178279724351010471e-01
2.491555683333322446e-01
4.393379285109533794e-01
7.781518356086688515e-01
6.351925566879209617e-01
5.559262083273307509e-01
6.641065659742801941e-01
6.789044812511230154e-01
6.656974799917131369e-01
5.453689917573534274e-01
2.564430847544635905e-01
4.182866240850027229e-01
4.168767801295625852e-01
4.912863753990314164e-01
3.877669331799177277e-01
6.008487592672828032e-02
2.969273484229165705e-01
3.658329618759741941e-01
4.550832262532491512e-01
5.912716204978473167e-01
6.371742492383412060e-01
4.319240674475519071e-01
2.491555683333322446e-01
5.900299335572646298e-01
2.491555683333322446e-01
1.829813043468774270e-01
2.178279724351010471e-01
2.178279724351010471e-01
4.251283756369735323e-01
8.024412871269150926e-01
4.237556303550179537e-01
5.646765479170346991e-01
2.178552440879050756e-01
6.008487592672828032e-02
8.030014137166217036e-01
3.532292734336638373e-01
6.008487592672828032e-02
3.064452325914916453e-01
4.058208194772922606e-01
6.008487592672828032e-02
6.008487592672828032e-02
4.783185207985987120e-01
6.008487592672828032e-02
6.008487592672828032e-02
6.008487592672828032e-02
2.994405291540418457e-01
6.008487592672828032e-02
6.008487592672828032e-02
6.008487592672828032e-02
6.008487592672828032e-02
6.008487592672828032e-02
2.969273484229165705e-01
5.930583721785658291e-01
6.008487592672828032e-02
6.008487592672828032e-02
6.466128062666122167e-01
3.152692318586112208e-01
6.008487592672828032e-02
2.751176366932604478e-01
3.703891288305027341e-01
1.593793684908945962e-01
6.910791014450995418e-01
1.196538020883911174e-01
2.592763151898336837e-01
2.751176366932604478e-01
2.751176366932604478e-01
3.868907262076178855e-01
3.695796301996496780e-01
6.008487592672828032e-02
6.008487592672828032e-02
3.184108411585968024e-01
1.786869246505758679e-01
6.008487592672828032e-02
4.247911314818472728e-01
4.434718527103751473e-01
6.775761132384223728e-01
6.519451197438893564e-01
4.237556303550180647e-01
3.877669331799177277e-01
2.969273484229165705e-01
7.549212547624220004e-01
8.359199236322860660e-01
8.394389958222784331e-01
7.638261748075525492e-01
8.290363597077275992e-01
8.518629880574013491e-01
8.759030675345012007e-01
7.970819288783430601e-01
5.850762740118561345e-01
7.827297784706607198e-01
1.196538020883911174e-01
6.038649607896897642e-01
1.196538020883911174e-01
6.378889562834744176e-01
3.623138896859817160e-01
6.008487592672828032e-02
3.889089622667943891e-01
6.008487592672828032e-02
6.008487592672828032e-02
6.008487592672828032e-02
1.593793684908945962e-01
6.008487592672828032e-02
6.008487592672828032e-02
6.008487592672828032e-02
1.593793684908945962e-01
4.590109646389174403e-01
6.938834665899588083e-01
6.349967190246353921e-01
6.008487592672828032e-02
6.008487592672828032e-02
6.138488768063745660e-01
4.203958523195548969e-01
2.491555683333322446e-01
1.196538020883911174e-01
6.020782091089710297e-01
3.152692318586112763e-01
4.993249565250187372e-01
2.886027372372491073e-01
8.286324072111546091e-01
7.510378936460084809e-01
4.448816966658152849e-01
7.900172948917920657e-01
5.083447934554239378e-01
3.731919003376550914e-01
3.305823412911774728e-01
2.178552440879050756e-01
7.821696518809541088e-01
6.767534406439833505e-01
2.592763151898336837e-01
7.277660555919028829e-01
4.251283756369735323e-01
1.196538020883911174e-01
3.877669331799177832e-01
1.196538020883911174e-01
4.389887014341030125e-01
6.008487592672828032e-02
2.592763151898336837e-01
6.008487592672828032e-02
6.264392685168003183e-01
6.918886000759527644e-01
8.201314396625972725e-01
8.502720740399682953e-01
1.000000000000000000e+00
8.201314396625972725e-01
8.721346233033623330e-01
8.473798367811293808e-01
7.445186186478711665e-01
6.641065659742800831e-01
7.005441480799369236e-01
7.730418494012434305e-01
9.521692130869467974e-01
9.180372520438562223e-01
8.163894850380244428e-01
7.622087711835533463e-01
7.030991411836494676e-01
8.759030675345014227e-01
8.455395507225497154e-01
7.909813739780717778e-01
6.970250758899443344e-01
7.445186186478713886e-01
6.958116247625182327e-01
8.116569617206057519e-01
8.827866314590594454e-01
8.295964862974342102e-01
5.777887575907246775e-01
6.520865262357302683e-01
8.059603593169075708e-01
7.590936514901340804e-01
6.125073348300879017e-01
8.759030675345012007e-01
7.831337309672339320e-01
7.249616904470436163e-01
8.831905839556326576e-01
9.651533319117765464e-01
7.986728428957762249e-01
8.179803990554574966e-01
8.721346233033623330e-01
6.983666178662309987e-01
7.188876251533383721e-01
7.052766713973552815e-01
7.888303333709320020e-01
7.584668165589805167e-01
8.432074400534174119e-01
8.356970411977056035e-01
7.252110624881901169e-01
8.831905839556326576e-01
9.180372520438562223e-01
8.759030675345012007e-01
8.205353921591702626e-01
9.097856565364451642e-01
7.758462145461025861e-01
8.382520343014184805e-01
9.180372520438562223e-01
8.489040424571155929e-01
8.406524469497045349e-01
8.676514720270903647e-01
8.097288035480464385e-01
8.445754716362701142e-01
7.720777703149636073e-01
8.203808117037435510e-01
8.432074400534173009e-01
7.600577305764136815e-01
6.712526759035707391e-01
7.657543329801119736e-01
4.666759439500557383e-01
8.625149962130984616e-01
6.857880451756813711e-01
8.827866314590595564e-01
4.130204637844437920e-01
4.627794088700564190e-01
5.169336331179612554e-01
4.190945290781489252e-01
3.523478613319855346e-01
2.871376764318103736e-01
3.330403051723042629e-01
2.757506409141448622e-01
7.230747894823431610e-01
7.090186260219282222e-01
8.175764465588842844e-01
6.386984549143274181e-01
8.163894850380244428e-01
7.982688903992031237e-01
6.751360370199842587e-01
4.627529192634902144e-01
2.752860879563959751e-01
6.008487592672828032e-02
1.196538020883911174e-01
3.804794167587863818e-01
1.196538020883911174e-01
5.713107398004464432e-01
3.684593770202364560e-01
3.997869729184676535e-01
4.040207521535933433e-01
3.142516183944706332e-01
4.168767801295625852e-01
3.684593770202364560e-01
8.252679154765887315e-01
8.116569617206057519e-01
9.141142273572907540e-01
8.445754716362701142e-01
7.704868562975305535e-01
8.904781003767640035e-01
7.626127236801263365e-01
6.509810406576097552e-01
8.097288035480464385e-01
6.578646045821680000e-01
7.562892863452748138e-01
7.768102936323821872e-01
6.552683542705962649e-01
7.565386583864212033e-01
9.832474369440314943e-01
9.879799602614498522e-01
7.590936514901339693e-01
6.201158311819485736e-01
8.841546630419122588e-01
8.591505044785328060e-01
7.330587054990279627e-01
7.755968425049559745e-01
4.789171199165955239e-01
5.564249524096237520e-01
6.544604492774500626e-01
7.817656993843811186e-01
8.236770014591556777e-01
7.417142535030121220e-01
6.824235534411156046e-01
8.069244384031871720e-01
8.625149962130986836e-01
7.490017699241434679e-01
8.089208985549002362e-01
7.695227772112509523e-01
8.565955113748200400e-01
5.579226684790438151e-01
6.571965124431556893e-01
7.831337309672339320e-01
7.735141038769700605e-01
6.659203624262934884e-01
9.024981401153139293e-01
8.528270671436809502e-01
8.565955113748200400e-01
7.184836726567652709e-01
9.290932126961264359e-01
6.771721607418491606e-01
8.287869876665813207e-01
7.296942137644621962e-01
8.016730457039209501e-01
8.831905839556326576e-01
4.932710165308683559e-01
8.759030675345014227e-01
9.107497356227248764e-01
8.745350359516486094e-01
7.998862940232023266e-01
6.517492820806037868e-01
9.566523643632189877e-01
7.704868562975305535e-01
8.831905839556327686e-01
6.424404095389002478e-01
8.014772080406353805e-01
9.227697753612748022e-01
8.670246370959366899e-01
7.986728428957762249e-01
7.626127236801265585e-01
7.819202798398077192e-01
9.170731729575766211e-01
8.436113925499905131e-01
8.049962802306279697e-01
9.034622192015936415e-01
8.942465446079029823e-01
9.540973712595058887e-01
7.657543329801119736e-01
7.777743727186620104e-01
8.091019686168929859e-01
6.966878317348181859e-01
7.969405223865023702e-01
6.875600292551071746e-01
6.457468246764817010e-01
5.705012411695934427e-01
6.853260160821238456e-01
6.346908640242113764e-01
4.824079449604670167e-01
5.979058123812591719e-01
7.068675854147885573e-01
6.426214796008929975e-01
5.887882352837174871e-01
6.467109037627611912e-01
4.879799602614500742e-01
4.816782988340617133e-01
3.703891288305027341e-01
7.309076648918882979e-01
7.548063378771474596e-01
6.038252972195377044e-01
7.348989915576076282e-01
0.000000000000000000e+00
6.148812578718078070e-01
2.178279724351010471e-01
3.478981509982483900e-01
1.327842959100819786e-01
2.871376764318103736e-01
6.008487592672828032e-02
0.000000000000000000e+00
3.339217172739825101e-01
1.786869246505758679e-01
0.000000000000000000e+00
2.333064839024676096e-01
2.402709686050367999e-01
3.705654851933927740e-01
0.000000000000000000e+00
0.000000000000000000e+00
1.593793684908945962e-01
0.000000000000000000e+00
2.448776387104610874e-01
0.000000000000000000e+00
6.008487592672828032e-02
0.000000000000000000e+00
0.000000000000000000e+00
4.517234482177862054e-01
3.609224885579587205e-01
0.000000000000000000e+00
1.327842959100819786e-01
5.774112947007178365e-01
1.593793684908945962e-01
3.778530016145240644e-01
5.250973565113924435e-01
2.448776387104610874e-01
1.196538020883911174e-01
0.000000000000000000e+00
0.000000000000000000e+00
5.994402434394145995e-01
0.000000000000000000e+00
5.530752282763505834e-01
6.008487592672828032e-02
0.000000000000000000e+00
0.000000000000000000e+00
2.592763151898336837e-01
6.008487592672828032e-02
1.196538020883911174e-01
0.000000000000000000e+00
2.448776387104610874e-01
3.431656276808298656e-01
2.663128659321116753e-01
0.000000000000000000e+00
3.470420374612744330e-01
1.196538020883911174e-01
0.000000000000000000e+00
1.196538020883911174e-01
0.000000000000000000e+00
0.000000000000000000e+00
0.000000000000000000e+00
3.416149323982773378e-01
5.143623757898515558e-01
8.300004387940074224e-01
3.512579290337115023e-01
1.003462459287098596e-01
3.696014061071130619e-01
0.000000000000000000e+00
4.875007544497543810e-01
1.327842959100819786e-01
2.592763151898336837e-01
3.204789091998927475e-01
8.030014137166217036e-01
3.696014061071131174e-01
6.765040686028369610e-01
6.600008775880149559e-01
7.318717439781680101e-01
8.831905839556326576e-01
7.429012150238721857e-01
6.231725169493709249e-01
5.830200249904363696e-01
5.444049126710738262e-01
4.306158247344059609e-01
4.741845965991769440e-01
3.317740165111401351e-01
3.437940562496901165e-01
3.124664603514588634e-01
3.437940562496901165e-01
2.969273484229165150e-01
3.064452325914916453e-01
3.064452325914916453e-01
8.030014137166217036e-01
7.502152210515695696e-01
9.300572917824061481e-01
6.983666178662309987e-01
7.407501744167324098e-01
6.499089960220242324e-01
7.084584994322216112e-01
7.403462219201594197e-01
5.987549745822642322e-01
5.800345897835842424e-01
1.599325756088612605e-01
1.599325756088612605e-01
1.599325756088612605e-01
1.599325756088612605e-01
2.178552440879050756e-01
3.896966849901839502e-01
3.997869729184676535e-01
2.871376764318103736e-01
0.000000000000000000e+00
0.000000000000000000e+00
0.000000000000000000e+00
3.336127089320128358e-01
0.000000000000000000e+00
1.912601715070924580e-01
6.008487592672828032e-02
0.000000000000000000e+00
1.593793684908945962e-01
6.008487592672828032e-02
6.008487592672828032e-02
6.008487592672828032e-02
0.000000000000000000e+00
0.000000000000000000e+00
0.000000000000000000e+00
0.000000000000000000e+00
6.008487592672828032e-02
0.000000000000000000e+00
0.000000000000000000e+00
0.000000000000000000e+00
1.196538020883911174e-01
0.000000000000000000e+00
0.000000000000000000e+00
6.008487592672828032e-02
0.000000000000000000e+00
6.008487592672828032e-02
0.000000000000000000e+00
6.008487592672828032e-02
6.008487592672828032e-02
6.008487592672828032e-02
6.008487592672828032e-02
1.196538020883911174e-01
1.003462459287098596e-01
0.000000000000000000e+00
1.196538020883911174e-01
6.008487592672828032e-02
0.000000000000000000e+00
1.985476879282237761e-01
1.327842959100819786e-01
5.727867369326049563e-01
2.491555683333322446e-01
7.360176510993138299e-01
5.584812014310434058e-01
4.448816966658153960e-01
7.450787452375778885e-01
8.069244384031871720e-01
5.565546368961910018e-01
7.862488506606531979e-01
8.144613268654650184e-01
8.094794315068999380e-01
6.693245177310113148e-01
7.638261748075525492e-01
8.483439158674089819e-01
5.043269771831385695e-01
5.582117040903422645e-01
7.059035063285087341e-01
5.890940902841415028e-01
8.939971725667565927e-01
7.159953878944994576e-01
5.242211495390926013e-01
7.442692466067247770e-01
7.947498182092106456e-01
8.309645178802871346e-01
8.827866314590594454e-01
8.552274797919672267e-01
9.677083250154890903e-01
7.273621030953297817e-01
6.938834665899589194e-01
5.318861288502308993e-01
1.196538020883911174e-01
6.008487592672828032e-02
8.189444781417370978e-01
1.003462459287098596e-01
2.663128659321116753e-01
6.546415193394428123e-01
3.997869729184676535e-01
1.003462459287098596e-01
1.912601715070924580e-01
3.997869729184676535e-01
4.725954287883343263e-01
2.969273484229165150e-01
6.274033476030800305e-01
2.751176366932604478e-01
7.631993398763992076e-01
5.332659794529598374e-01
4.783185207985987675e-01
1.912601715070924580e-01
1.912601715070924580e-01
2.757506409141448622e-01
2.564430847544635905e-01
0.000000000000000000e+00
3.602956536268052679e-01
6.008487592672828032e-02
2.402709686050367999e-01
1.786869246505758679e-01
1.912601715070924580e-01
6.279050402667895048e-01
7.041711858192349904e-01
0.000000000000000000e+00
2.558100805335791761e-01
0.000000000000000000e+00
2.026199353719539131e-01
0.000000000000000000e+00
6.008487592672828032e-02
1.003462459287098596e-01
0.000000000000000000e+00
4.683616495532085811e-01
2.178279724351010471e-01
1.912601715070924580e-01
3.969543719604518572e-01
2.178552440879050756e-01
6.859691152376741208e-01
7.277660555919027718e-01
6.008487592672828032e-02
3.778530016145241199e-01
3.896966849901839502e-01
6.292334082794902583e-01
0.000000000000000000e+00
2.994405291540418457e-01
4.330144911761015791e-01
4.720368958363345691e-01
0.000000000000000000e+00
3.684593770202364560e-01
3.124664603514588634e-01
4.247911314818472728e-01
4.781771143067580221e-01
5.584812014310434058e-01
6.296373607760634705e-01
0.000000000000000000e+00
5.175322322359581229e-01
1.003462459287098596e-01
6.008487592672828032e-02
2.558100805335791761e-01
2.491555683333322446e-01
1.593793684908945962e-01
6.008487592672828032e-02
6.008487592672828032e-02
2.178279724351010471e-01
0.000000000000000000e+00
1.196538020883911174e-01
3.510517432199580234e-01
3.726931562553622013e-01
0.000000000000000000e+00
3.171989836688774989e-01
8.189444781417370978e-01
3.982108265023273086e-01
3.064452325914916453e-01
1.196538020883911174e-01
5.758621930558722735e-01
3.491518208605552398e-01
6.008487592672828032e-02
5.055121924974081971e-01
7.565386583864212033e-01
6.008487592672828032e-02
4.499233808940872326e-01
4.389887014341030125e-01
5.752337644870121336e-01
7.103866576047809245e-01
7.137511493393465800e-01
8.252679154765887315e-01
5.391736452713622452e-01
4.475612768722433410e-01
9.131501482710110418e-01
6.008487592672828032e-02
3.631016124093713882e-01
6.312282747934965244e-01
6.544604492774501736e-01
3.663495936209557047e-01
5.441555406299273256e-01
6.393252898454808708e-01
4.010882961598736252e-01
2.402709686050367999e-01
7.200745866741984358e-01
8.441715191396969020e-01
6.008487592672828032e-02
2.751176366932604478e-01
8.695796301996495670e-01
9.145181798538637441e-01
7.252110624881900058e-01
7.555745793001414912e-01
8.274454456902947674e-01
6.991761164970839992e-01
5.601398622629016888e-01
4.070744893395989994e-01
3.418643044394238939e-01
3.105367085411926964e-01
5.250973565113925545e-01
7.828843589260873204e-01
8.952106236941825834e-01
6.733059763435739198e-01
7.438917837167179359e-01
7.442692466067247770e-01
6.067277598605459454e-01
3.889089622667943891e-01
5.441273048167707405e-01
7.391592603992993560e-01
7.252110624881900058e-01
3.470420374612744330e-01
5.934226611049869815e-01
7.242469834019104047e-01
6.857880451756813711e-01
7.900172948917920657e-01
9.338257360135452378e-01
8.900741478801909023e-01
8.977656167978952384e-01
6.929193875036792072e-01
8.355159711357130758e-01
8.243038363903093524e-01
9.328616569272653036e-01
9.493648479420874198e-01
7.476337383412906545e-01
8.721346233033623330e-01
3.523478613319855346e-01
5.095582445828501506e-01
7.695227772112508413e-01
1.327842959100819786e-01
7.821696518809541088e-01
4.816782988340618243e-01
6.008487592672828032e-02
4.903385605371486933e-01
5.764472156144381243e-01
1.196538020883911174e-01
2.757506409141448622e-01
6.399250800053395416e-01
4.464043087040947544e-01
4.637434879563360202e-01
8.483439158674088709e-01
4.330144911761016902e-01
5.657687178521748628e-01
8.328048039388666890e-01
7.746327634186763733e-01
8.841546630419122588e-01
8.179803990554573856e-01
9.286892601995535568e-01
9.527293396766531863e-01
8.217488432865963643e-01
8.948066711976095933e-01
8.493079949536888051e-01
8.827866314590595564e-01
8.768671466207810239e-01
9.639398807843502226e-01
9.420773315209559629e-01
9.797283647540390161e-01
8.252679154765889535e-01
7.429277046304382237e-01
8.436113925499905131e-01
8.754991150379282105e-01
6.702885968172910269e-01
6.948475456762386315e-01
5.872538042255620594e-01
5.919863275429804172e-01
5.894313344392678733e-01
6.755399895165572488e-01
6.733059763435739198e-01
6.419783804453426113e-01
5.496710729716328681e-01
6.266784151757774923e-01
7.973048113129233005e-01
6.419783804453427223e-01
6.737680054371314453e-01
5.685166000377565032e-01
7.273621030953297817e-01
3.631016124093713882e-01
3.330403051723042629e-01
7.746327634186763733e-01
4.190945290781489252e-01
4.729993812849074830e-01
6.172398581475065926e-01
3.418643044394238939e-01
5.127997089185395430e-01
3.997869729184676535e-01
6.032916602363973535e-01
3.512579290337115023e-01
4.389339760143802782e-01
7.273621030953297817e-01
5.380814753362220815e-01
5.139584232932785657e-01
8.914421794630437157e-01
8.093248510514733374e-01
3.705654851933927740e-01
4.251283756369735323e-01
9.566523643632187657e-01
7.184836726567652709e-01
7.775933026566691497e-01
8.625149962130986836e-01
8.831905839556326576e-01
8.514590355608283589e-01
7.693417071492580916e-01
9.334217835169720257e-01
8.286324072111546091e-01
7.673452469975450274e-01
8.059603593169075708e-01
5.970963137504060603e-01
3.877669331799177277e-01
8.217488432865963643e-01
8.012278359994891019e-01
7.784012076498153521e-01
8.502720740399682953e-01
8.695796301996495670e-01
7.986728428957762249e-01
9.484007688558075966e-01
8.355556347058649136e-01
9.253247684649874572e-01
9.604208085943576334e-01
8.368840027185656671e-01
8.904781003767640035e-01
9.686724041017686915e-01
8.914421794630437157e-01
7.937857391229310444e-01
8.565955113748198180e-01
8.179803990554574966e-01
8.347329621114260023e-01
5.201154611528273630e-01
6.477314658083186405e-01
2.371628002475863473e-01
2.751176366932604478e-01
2.757506409141448622e-01
2.757506409141448622e-01
1.593793684908945962e-01
4.197527531640046217e-01
3.330403051723042629e-01
6.101752241609554872e-01
3.889089622667943336e-01
5.069497171012764536e-01
2.371628002475863473e-01
1.599325756088612605e-01
5.043269771831385695e-01
1.003462459287098596e-01
0.000000000000000000e+00
2.871376764318103736e-01
0.000000000000000000e+00
1.599325756088612605e-01
1.003462459287098596e-01
6.008487592672828032e-02
6.008487592672828032e-02
0.000000000000000000e+00
8.034053662131946938e-01
8.455395507225497154e-01
9.097856565364451642e-01
8.869590281867715253e-01
7.819202798398077192e-01
8.591505044785328060e-01
8.942465446079029823e-01
8.445754716362701142e-01
6.307094054116487714e-01
9.290932126961265469e-01
6.544604492774501736e-01
8.759030675345012007e-01
8.952106236941825834e-01
7.827297784706608308e-01
9.385582593309635957e-01
8.473798367811293808e-01
9.290932126961265469e-01
9.214017437784220999e-01
8.552274797919673377e-01
8.356970411977056035e-01
8.565955113748198180e-01
7.850618891397931343e-01
8.205353921591702626e-01
8.363238761288590561e-01
8.201314396625972725e-01
4.130204637844437920e-01
6.628052427328742224e-01
4.550832262532491512e-01
5.845177410598563217e-01
6.023275811501175303e-01
3.684593770202364560e-01
3.124664603514588634e-01
1.599325756088612605e-01
2.178279724351010471e-01
2.192931712876183548e-01
3.851452317347582310e-01
4.203958523195548969e-01
2.026199353719539131e-01
4.237556303550179537e-01
4.044480741953366820e-01
3.877669331799177277e-01
7.748821354598228739e-01
5.802156598455771030e-01
2.752860879563959196e-01
1.196538020883911174e-01
5.502296059236324588e-01
2.178279724351010471e-01
6.008487592672828032e-02
3.491518208605551843e-01
4.669665731990611524e-01
2.994405291540418457e-01
3.997869729184676535e-01
3.804794167587863818e-01
1.003462459287098596e-01
4.266928000478404370e-01
0.000000000000000000e+00
0.000000000000000000e+00
6.008487592672828032e-02
0.000000000000000000e+00
0.000000000000000000e+00
4.739634603711870842e-01
1.786869246505758679e-01
0.000000000000000000e+00
0.000000000000000000e+00
3.184108411585968024e-01
0.000000000000000000e+00
1.829813043468774270e-01
5.315086659602239472e-01
4.322348219961120730e-01
5.136374433625491287e-01
6.008487592672828032e-02
3.244865000900088448e-01
5.914674581611327753e-01
5.732491233551750831e-01
4.706655244091844659e-01
7.214426182570511381e-01
6.307094054116487714e-01
5.349398660362364444e-01
7.417142535030121220e-01
3.305823412911774173e-01
1.599325756088612605e-01
8.591505044785328060e-01
5.652101849001751610e-01
4.306158247344059609e-01
5.890940902841415028e-01
8.831905839556326576e-01
5.068254873275738204e-01
5.965377807984063585e-01
6.931152251669646658e-01
5.890940902841415028e-01
3.437940562496901165e-01
7.634222223109795591e-01
8.189444781417370978e-01
5.175604680491147080e-01
6.071317123571190466e-01
5.309220497639511871e-01
2.950581970738261339e-01
2.751176366932604478e-01
6.008487592672828032e-02
7.224066973433309613e-01
6.231328533792188651e-01
2.757506409141448622e-01
3.244865000900088448e-01
1.912601715070924580e-01
5.653912549621679107e-01
4.513579682495032497e-01
1.985476879282237761e-01
0.000000000000000000e+00
6.008487592672828032e-02
2.558100805335791761e-01
0.000000000000000000e+00
1.327842959100819786e-01
1.985476879282237761e-01
5.299595643153783842e-01
5.053858478551381817e-01
2.969273484229165705e-01
3.238580715211485384e-01
6.848636296595537187e-01
5.506748156280644180e-01
3.309862937877505185e-01
4.058208194772922606e-01
3.330403051723042629e-01
2.333064839024676096e-01
0.000000000000000000e+00
5.115580106449922893e-01
7.161912255577850273e-01
5.139584232932785657e-01
6.968836693981035335e-01
4.284881536724365891e-01
6.158453369580875192e-01
4.903385605371486378e-01
7.695227772112508413e-01
7.590936514901339693e-01
6.178666930786599343e-01
7.793652867360949532e-01
