6.010260670664869798e-01
7.386343019444676639e-01
5.801524305294408768e-01
7.814405622314685163e-01
7.372119029631036824e-01
6.698301845054772663e-01
7.491272483350603917e-01
7.849387633519971930e-01
6.556783133055950064e-01
6.845644424723172916e-01
7.577067732462428040e-01
8.340880227222546850e-01
7.509850079090790720e-01
6.420311621182167583e-01
6.023621960416490895e-01
6.331511149352958556e-01
5.778471225093807506e-01
6.054991187223383031e-01
6.532259791112318137e-01
6.255739828982742612e-01
6.456488470742102193e-01
4.725522015278080801e-01
4.975476658056367518e-01
5.491927334222622692e-01
8.748894972609336795e-01
8.920485470832987263e-01
5.032789201799299228e-01
5.583529881294089225e-01
4.959904285033565619e-01
4.957017881429083839e-01
4.397754074721921813e-01
5.692675975981982273e-01
5.233537843558658809e-01
3.427110216854417635e-01
6.741408555015742099e-01
4.321813648488179727e-01
6.810662413517887259e-01
6.777410526435001525e-01
3.427110216854417635e-01
5.151542640740432999e-01
6.532259791112318137e-01
7.412908338795964891e-01
1.873469281660432306e-01
1.640403728793463356e-01
1.841152370552823214e-01
8.015154264074044743e-01
4.545496669168755388e-01
2.949841612965482529e-01
2.235784492901832232e-01
8.156672976072867343e-01
1.032405880453504399e-01
0.000000000000000000e+00
4.950793998981072863e-01
7.988588944722755381e-01
5.729265224074879814e-01
0.000000000000000000e+00
0.000000000000000000e+00
1.032405880453504399e-01
6.193627468498227179e-02
0.000000000000000000e+00
0.000000000000000000e+00
4.186706080832570120e-01
0.000000000000000000e+00
1.640120174147103038e-01
5.086229989631871895e-01
5.407152045324771228e-01
1.640120174147103038e-01
7.398684348982325076e-01
7.853587694592002455e-01
5.539509528644005476e-01
2.824864291576338338e-01
2.838030418179911529e-01
7.965948263055117051e-01
0.000000000000000000e+00
4.009291714939344775e-01
4.707063238650795456e-01
6.193627468498227179e-02
0.000000000000000000e+00
4.760504026483367568e-01
0.000000000000000000e+00
0.000000000000000000e+00
1.032405880453504399e-01
0.000000000000000000e+00
0.000000000000000000e+00
6.193627468498227179e-02
1.233154522212863979e-01
2.561510456050336559e-01
5.081426082176266901e-01
3.407045789661266033e-01
2.685921834052003021e-01
1.640403728793463356e-01
7.077158446905853495e-01
0.000000000000000000e+00
6.193627468498227179e-02
6.780590627293059391e-01
6.810662413517887259e-01
5.307009919164513700e-01
5.924465421553045674e-01
3.418919938110923651e-01
3.127933003347267982e-01
0.000000000000000000e+00
3.318239545554907965e-01
0.000000000000000000e+00
1.873469281660432306e-01
0.000000000000000000e+00
0.000000000000000000e+00
0.000000000000000000e+00
2.242366099425182335e-01
0.000000000000000000e+00
4.268976707039178753e-01
2.624115649816978757e-01
3.379786876111483540e-01
7.577067732462428040e-01
1.640403728793463356e-01
7.755175692554148181e-01
7.299077508589821850e-01
8.433192938202442868e-01
7.630198371165004545e-01
1.233154522212863979e-01
7.780133775017826769e-01
6.933757074631037298e-01
5.647945459423470149e-01
3.939050682818643345e-01
6.300141922546066420e-01
6.534142451388310624e-01
3.532023111050409114e-01
2.443114741184541638e-01
7.462114339814892583e-01
5.637921530681860860e-01
1.233154522212863979e-01
5.170401432146151111e-01
1.841152370552823214e-01
3.047943465873341751e-01
3.044730578419865274e-01
1.965846137295606810e-01
8.031695654683723706e-01
7.466038977498542506e-01
7.564450979536397890e-01
5.697895997267987678e-01
4.182732432871043016e-01
7.184124115942286393e-01
7.064541693979822234e-01
5.045699534145390297e-01
5.453157660478266111e-01
6.618330463612527303e-01
7.060617056296172311e-01
5.889636955202272040e-01
6.028838266405056601e-01
6.540659913256381408e-01
7.785957642687403313e-01
8.758918901350946085e-01
8.633941579961802448e-01
8.482398939221369449e-01
8.869672232926449906e-01
8.504764197500627176e-01
8.693171509722339430e-01
7.187911778481356206e-01
8.267426307648368944e-01
8.808124902369873777e-01
8.265108906852330906e-01
7.875952952871260182e-01
8.742377510741267121e-01
8.883896222740089721e-01
8.242468225184691466e-01
9.848457359259569222e-01
8.693171509722339430e-01
9.397754074721923478e-01
9.321982754351705314e-01
9.321982754351705314e-01
4.907811880410155037e-01
5.108560522169515172e-01
5.510057805688235444e-01
5.510057805688234334e-01
4.756269239669723148e-01
4.197005432962562232e-01
4.957017881429083284e-01
5.507758560923873281e-01
5.307009919164513700e-01
4.895488706904185250e-01
6.125214063312405255e-01
5.522968138034325403e-01
6.380717150371886248e-01
6.255739828982742612e-01
6.652433205045857889e-01
6.962205054258318038e-01
7.363702337777038309e-01
7.661392719831222609e-01
7.184124115942286393e-01
7.184124115942286393e-01
7.499826150349182541e-01
7.499826150349182541e-01
7.460644078071861918e-01
7.309101437331430029e-01
7.544403122053179311e-01
7.192111839553387842e-01
6.915591877423812317e-01
6.724867164406062026e-01
7.353678409035429020e-01
9.762662110147743988e-01
8.394010865925124465e-01
7.800181632501044238e-01
7.765199621295757471e-01
4.746245310928114414e-01
3.986232862461593363e-01
1.640403728793463356e-01
2.443114741184541638e-01
2.360761814290976424e-01
4.354771956151003987e-01
4.618968744774609725e-01
5.182032597775370064e-01
2.242366099425181780e-01
2.943307581387477057e-01
3.206297147901905897e-01
4.201640234554639974e-01
6.247598560517125810e-01
5.400027021775688496e-01
4.813910088574327450e-01
5.799488100163900928e-01
4.704763993886434958e-01
6.506106870293991706e-01
6.907604153812710868e-01
6.733008432871676607e-01
6.346010562554982304e-01
8.643965508703409517e-01
8.367445546573835102e-01
8.433192938202441757e-01
7.187911778481356206e-01
7.945900405571897362e-01
7.392860481312747423e-01
6.886433733888103204e-01
4.348548073702994121e-01
4.348548073702994121e-01
3.228195225093172249e-01
3.044730578419865830e-01
2.824864291576338338e-01
2.824864291576338338e-01
2.824864291576338338e-01
2.235784492901832787e-01
8.553970198519554868e-01
7.704362454647610825e-01
7.939382943703828799e-01
9.598502716481279728e-01
9.637684788758601462e-01
9.799251358240639309e-01
8.629741518889769702e-01
8.070877726961042109e-01
6.000236741923260508e-01
7.299077508589821850e-01
6.456488470742102193e-01
7.919335086220611331e-01
1.841152370552823214e-01
2.443114741184542194e-01
7.376319090703069570e-01
3.427110216854417635e-01
6.089369352045097550e-01
3.427110216854417635e-01
5.296985990422905521e-01
7.849387633519971930e-01
8.015154264074042523e-01
4.929275879754825285e-01
6.733008432871677718e-01
6.511501769720672295e-01
6.049442742942189311e-01
6.978159168194362216e-01
8.844714150462770208e-01
8.758918901350946085e-01
6.401734025441980780e-01
6.631084191683136453e-01
5.382781239534729645e-01
7.447890350001252768e-01
5.330773163273545556e-01
6.657237112501461773e-01
7.862141361590581079e-01
6.099393280786706839e-01
6.399141201257558809e-01
4.750045357221713282e-01
5.510057805688234334e-01
8.433192938202442868e-01
4.704763993886434958e-01
5.898644639027346148e-01
7.501296412092212096e-01
7.299077508589821850e-01
1.233154522212863979e-01
3.407045789661266033e-01
3.427110216854417635e-01
3.226361575095057499e-01
5.969195938111557798e-01
4.106961112500826516e-01
9.436936146999240771e-01
7.777816374221787621e-01
6.194192498426167592e-01
5.598739458404542457e-01
6.595689781944886754e-01
5.928819027479591552e-01
8.187867324739085406e-01
4.950793998981072863e-01
8.189337586482116071e-01
7.995106406590825054e-01
7.780133775017825659e-01
8.267426307648368944e-01
7.138705777462429625e-01
8.205878977091795035e-01
7.267883159923604897e-01
8.215902905833403214e-01
8.844714150462772428e-01
9.107010122778705918e-01
8.478198878149338924e-01
8.705512839259985647e-01
8.152472915000834597e-01
8.668923591167090326e-01
8.668923591167090326e-01
7.660980321298259677e-01
7.183711717409324571e-01
7.660980321298259677e-01
7.550226989722755855e-01
8.277450236389979343e-01
5.704582564999584049e-01
6.354564229553559818e-01
6.831832833442496034e-01
6.845644424723172916e-01
7.630198371165004545e-01
7.916742262036189359e-01
8.140131585463188379e-01
7.613656980555324472e-01
7.916742262036187139e-01
7.794357764831466584e-01
6.506106870293991706e-01
4.655557992867506156e-01
5.182032597775370064e-01
6.255739828982742612e-01
7.376319090703068460e-01
9.121234112592346843e-01
8.468174949407729635e-01
9.160416184869665246e-01
8.910461542091376863e-01
8.482398939221371670e-01
6.777410526435001525e-01
5.182032597775370064e-01
5.257803918145586008e-01
7.507813873960283990e-01
4.072028111573418041e-01
3.732771752809769805e-01
2.637281776420551949e-01
7.261365698055533002e-01
3.532023111050409114e-01
4.210040356698704356e-01
6.169944579870918488e-01
1.233154522212863979e-01
6.831832833442496034e-01
3.427110216854417635e-01
3.427110216854417635e-01
2.242366099425181780e-01
0.000000000000000000e+00
4.549296715462354257e-01
1.363883766663887831e-01
6.193627468498227179e-02
1.841152370552823214e-01
1.032405880453504399e-01
1.640403728793463356e-01
6.356034491296590483e-01
6.776390566221028866e-01
7.550226989722756965e-01
6.665637234645525044e-01
5.522968138034326513e-01
5.160652926792925754e-01
8.482398939221371670e-01
6.788021731850246709e-01
6.139162629737663357e-01
6.130762507593597865e-01
4.704763993886434958e-01
2.235784492901832787e-01
2.235784492901832787e-01
2.637281776420551949e-01
2.235784492901832787e-01
2.235784492901832787e-01
2.637281776420551949e-01
2.235784492901832787e-01
1.873469281660432306e-01
2.637281776420551949e-01
2.235784492901832787e-01
7.425249668333613329e-01
6.188368630756591049e-01
6.375913242916282364e-01
8.758918901350946085e-01
8.666606190371051177e-01
9.197005432962561677e-01
9.973434680648713968e-01
9.637684788758601462e-01
9.799251358240641530e-01
9.236187505239883411e-01
1.000000000000000000e+00
9.723480037870425585e-01
9.637684788758601462e-01
9.219646114630203337e-01
8.396603690109546436e-01
8.347397689090617634e-01
8.205878977091795035e-01
8.758918901350946085e-01
8.883896222740089721e-01
7.784333836089858405e-01
9.035438863480522720e-01
8.185831119608577566e-01
9.121234112592344623e-01
9.045462792222130899e-01
8.758918901350946085e-01
8.879696161668058085e-01
7.906718333294580070e-01
8.041719583425331885e-01
8.617400189352123485e-01
4.307709754260186652e-01
3.981983791111683435e-01
3.206297147901905897e-01
2.824864291576338338e-01
3.150590254724842110e-01
3.532023111050409669e-01
3.027446583333812669e-01
3.981983791111683435e-01
4.307709754260186652e-01
3.619668579870283232e-01
4.383481074630402041e-01
4.704763993886434958e-01
5.160652926792925754e-01
4.969928213775174353e-01
9.522731396111064894e-01
8.568194188333195793e-01
8.548146330849978325e-01
8.879696161668058085e-01
6.060798485183024331e-01
2.838030418179911529e-01
3.206297147901905897e-01
1.233154522212863979e-01
2.462549080334938134e-01
1.965846137295606810e-01
1.233154522212863979e-01
1.233154522212863979e-01
1.233154522212863979e-01
4.391067506990324887e-01
5.784278523053448806e-01
3.206297147901905897e-01
1.233154522212863979e-01
1.965846137295606810e-01
5.917672536296590957e-01
5.583529881294089225e-01
1.841152370552823214e-01
2.242366099425181780e-01
4.674274036851497338e-01
7.784333836089858405e-01
5.898644639027346148e-01
8.478198878149338924e-01
8.318239545554908521e-01
7.787840302963396910e-01
8.808124902369873777e-01
8.668923591167089215e-01
8.416651547592762794e-01
7.106316590441563719e-01
8.482398939221371670e-01
8.482398939221371670e-01
8.607376260610514196e-01
7.906718333294580070e-01
8.646558332887833709e-01
8.232444296443084397e-01
8.120083727979970911e-01
3.407045789661266033e-01
3.206297147901905897e-01
4.704763993886434958e-01
5.437172888922501279e-01
5.236424247163141699e-01
4.830726902572390347e-01
5.522968138034326513e-01
5.637921530681860860e-01
5.637921530681860860e-01
5.848694101182829730e-01
5.799488100163902038e-01
5.848694101182829730e-01
5.577722583334446815e-01
6.532259791112318137e-01
5.729265224074878704e-01
6.099393280786706839e-01
6.902387847824146272e-01
6.777410526435001525e-01
6.054991187223383031e-01
6.625867885694570747e-01
6.853181846805217470e-01
6.524118522646702445e-01
7.343654480293819731e-01
7.669380443442324058e-01
7.870129085201683639e-01
8.117490903795547830e-01
8.594759507684482935e-01
9.084644864499450412e-01
8.722329653258049653e-01
9.571937397129993697e-01
9.246211433981490480e-01
9.107010122778705918e-01
7.902518272222548434e-01
9.963410751907104679e-01
9.008873544129234467e-01
8.504764197500627176e-01
8.998849615387625178e-01
5.928819027479591552e-01
6.198392559498198118e-01
5.647945459423470149e-01
5.591946573148087740e-01
3.532023111050409114e-01
1.233154522212863979e-01
7.863611623333611744e-01
1.841152370552823214e-01
1.233154522212863979e-01
3.228195225093172249e-01
3.781235149352323299e-01
6.193627468498227179e-02
2.561510456050336559e-01
4.106961112500826516e-01
