5.618789352998767583e-01
7.626971423439855569e-01
7.194142805684127229e-01
6.528490378536651040e-01
7.951690637296285891e-01
7.837236981482312848e-01
8.657470356706385983e-01
8.369377968289554159e-01
8.861391662834170457e-01
9.467859013192756468e-01
9.696766324820703664e-01
9.393532649641407328e-01
8.975845318648141280e-01
8.254924312475581116e-01
8.975845318648141280e-01
7.330082000175235368e-01
9.279078993827435395e-01
2.230378101152315218e-01
7.101174688547287062e-01
8.569342313846380066e-02
0.000000000000000000e+00
0.000000000000000000e+00
3.488004554520663381e-01
0.000000000000000000e+00
0.000000000000000000e+00
0.000000000000000000e+00
2.828696379287861662e-01
0.000000000000000000e+00
0.000000000000000000e+00
8.569342313846380066e-02
2.138898727628401053e-01
0.000000000000000000e+00
6.191473663009404715e-01
2.395244827689626821e-01
3.969525567702832380e-01
7.877364273744936751e-01
8.569342313846380066e-02
7.512517767625883636e-01
0.000000000000000000e+00
8.110188083136682380e-01
4.198432879330777912e-01
0.000000000000000000e+00
8.180597948924231977e-01
4.198432879330779022e-01
4.198432879330777912e-01
5.443345800087538988e-01
5.315555677819472358e-01
8.483831624103527203e-01
0.000000000000000000e+00
8.428563045078437677e-01
0.000000000000000000e+00
3.048599753166284509e-01
0.000000000000000000e+00
0.000000000000000000e+00
8.569342313846380066e-02
1.398476481045035080e-01
0.000000000000000000e+00
0.000000000000000000e+00
2.230378101152315218e-01
1.812690770159047504e-01
2.138898727628401053e-01
1.398476481045035080e-01
1.812690770159047504e-01
4.951332105542922690e-01
5.625133604913440388e-01
1.398476481045035080e-01
7.648456962116990665e-01
4.222531795072657079e-01
3.048599753166284509e-01
1.701710156224329473e-01
1.398476481045035080e-01
6.776455474690857850e-01
7.837236981482312848e-01
1.701710156224329473e-01
8.975845318648142390e-01
4.336985450886630122e-01
2.874961020563425729e-01
8.066144293110258934e-01
5.848112695567485586e-01
6.151346370746780812e-01
6.887408663681804377e-01
7.082116904021026338e-01
5.618789352998768694e-01
6.927535955944429391e-01
7.215628344361261215e-01
7.215628344361261215e-01
7.951690637296285891e-01
7.815751442805177751e-01
7.822095694719850556e-01
8.369377968289554159e-01
8.846250376071707056e-01
8.483831624103524982e-01
8.975845318648142390e-01
7.574130598565642636e-01
7.574130598565642636e-01
6.395394969137188079e-01
8.254924312475581116e-01
9.467859013192756468e-01
5.557799455901512031e-01
8.672611643468848275e-01
8.233438773798444910e-01
8.044658754433124948e-01
9.467859013192756468e-01
7.156443267572375477e-01
6.738755936579107209e-01
6.887408663681804377e-01
5.861033131080808367e-01
5.977707638143920921e-01
7.518862019540556441e-01
6.853209592393080252e-01
8.051003006347796642e-01
9.149484051251001171e-01
7.822095694719851666e-01
9.204752630276088476e-01
8.044658754433124948e-01
8.254924312475581116e-01
9.811219980634676707e-01
9.771092688372050583e-01
9.050171682199489309e-01
8.140470656661606963e-01
7.534003306303018732e-01
7.648456962116990665e-01
7.345223286937696550e-01
5.256786631971359647e-01
5.977707638143920921e-01
6.151346370746779701e-01
6.395394969137186969e-01
6.092161293957893964e-01
6.361195897848465064e-01
5.315555677819472358e-01
6.278097528231569857e-01
7.209284092446587300e-01
6.473221799511562624e-01
7.134957728895240381e-01
5.974863853052274631e-01
5.618789352998767583e-01
5.974863853052274631e-01
8.044658754433122727e-01
7.270896923386348520e-01
5.315555677819473468e-01
4.545710344536496028e-01
5.943508566855197905e-01
5.560020307150653762e-01
4.115957443556387818e-01
3.363058217344243594e-01
4.848944019715791254e-01
4.545710344536496028e-01
6.321068605585840050e-01
4.220991130680065706e-01
6.528490378536649930e-01
5.974863853052274631e-01
6.176332376246941314e-01
7.082116904021026338e-01
7.648456962116991775e-01
6.176332376246942424e-01
8.483831624103524982e-01
8.657470356706385983e-01
8.543016700892412940e-01
9.164625338013464573e-01
6.602816742088000179e-01
9.035030395437027018e-01
8.651126104791712068e-01
8.651126104791712068e-01
7.190642338861099603e-01
8.295051604738205020e-01
8.558157987654874121e-01
7.156443267572376588e-01
8.239783025713117715e-01
7.692500752143415221e-01
8.731796720257734012e-01
8.354236681527090758e-01
7.762910617930963708e-01
8.066144293110258934e-01
6.890909130504832003e-01
7.270896923386349631e-01
6.698628644316482195e-01
6.469721332688537219e-01
6.151346370746780812e-01
5.848112695567485586e-01
5.987552356881620241e-01
5.254565780722217916e-01
6.528490378536652150e-01
5.861033131080807257e-01
8.672611643468848275e-01
7.877364273744937861e-01
5.861033131080807257e-01
8.125329369899144671e-01
5.256786631971359647e-01
7.534003306303017622e-01
7.822095694719851666e-01
8.672611643468848275e-01
7.512517767625882525e-01
7.722783325668339804e-01
8.672611643468848275e-01
7.270896923386349631e-01
6.906050417267294295e-01
7.438191404074535606e-01
7.574130598565643746e-01
8.428563045078437677e-01
7.762910617930963708e-01
8.975845318648141280e-01
9.164625338013462352e-01
8.558157987654874121e-01
9.696766324820703664e-01
8.443704331840901078e-01
9.279078993827436506e-01
8.558157987654875232e-01
6.853209592393080252e-01
7.936549350533822489e-01
4.222531795072657079e-01
8.066144293110258934e-01
9.149484051251001171e-01
8.960704031885680099e-01
8.657470356706385983e-01
8.140470656661608073e-01
8.861391662834168237e-01
8.536672448977740135e-01
7.209284092446588410e-01
8.846250376071707056e-01
9.467859013192758688e-01
8.428563045078439897e-01
7.936549350533823599e-01
9.050171682199491530e-01
8.066144293110258934e-01
7.688584254379616789e-01
7.385350579200321564e-01
7.991817929558909794e-01
7.101174688547287062e-01
6.906050417267294295e-01
9.999999999999997780e-01
7.385350579200320453e-01
6.890909130504832003e-01
5.443345800087538988e-01
7.270896923386348520e-01
8.140470656661608073e-01
8.443704331840901078e-01
9.567171382244268329e-01
6.164266806260102483e-01
6.475649553662438107e-01
8.536672448977737915e-01
6.185129411094733021e-01
6.299583066908704954e-01
8.066144293110260044e-01
8.672611643468848275e-01
8.558157987654874121e-01
8.066144293110257824e-01
7.648456962116991775e-01
7.648456962116990665e-01
7.209284092446588410e-01
6.967663248207054405e-01
7.270896923386349631e-01
6.778883228841732222e-01
7.082116904021027448e-01
7.082116904021026338e-01
6.967663248207054405e-01
6.887408663681804377e-01
6.290786032060914357e-01
8.569342313846380066e-02
4.517880553944688127e-01
8.569342313846380066e-02
2.735105328308519157e-01
7.020504073081266228e-01
3.548994451617918933e-01
3.048599753166284509e-01
3.183235826958337733e-01
1.398476481045035080e-01
3.561682955447263987e-01
7.194142805684126118e-01
1.701710156224329473e-01
3.954384280940369534e-01
4.897868346826205199e-01
6.231600955272029729e-01
6.395394969137188079e-01
5.266631350709057857e-01
8.569342313846380066e-02
8.569342313846380066e-02
0.000000000000000000e+00
2.230378101152315218e-01
4.155461801976507163e-01
6.594019707240209582e-01
1.701710156224329473e-01
4.220991130680065706e-01
3.730518100528040781e-01
6.664429573027759179e-01
8.975845318648141280e-01
7.512517767625882525e-01
4.690446573875393654e-01
3.351833428345578625e-01
6.897253382419504808e-01
5.560020307150653762e-01
3.048599753166284509e-01
6.738755936579107209e-01
1.701710156224329473e-01
4.220991130680066816e-01
1.398476481045035080e-01
4.501666554510073137e-01
0.000000000000000000e+00
3.586037307998288237e-01
8.569342313846380066e-02
1.812690770159047504e-01
0.000000000000000000e+00
1.398476481045035080e-01
8.569342313846380066e-02
0.000000000000000000e+00
1.398476481045035080e-01
0.000000000000000000e+00
4.640219126065924238e-01
0.000000000000000000e+00
0.000000000000000000e+00
0.000000000000000000e+00
1.812690770159047504e-01
4.211146411942366941e-01
2.395244827689626821e-01
1.398476481045035080e-01
3.183235826958337733e-01
3.730518100528040781e-01
2.395244827689626821e-01
0.000000000000000000e+00
3.434540795803945334e-01
4.707283507152514868e-01
0.000000000000000000e+00
8.569342313846380066e-02
2.533611776331609611e-01
6.534834630451323845e-01
3.730518100528040781e-01
2.138898727628401053e-01
2.230378101152315218e-01
1.701710156224329473e-01
6.151346370746780812e-01
3.351833428345578625e-01
1.701710156224329473e-01
4.938411670029602130e-01
1.000000000000000000e+00
5.315555677819473468e-01
4.993680249054688880e-01
4.690446573875393654e-01
6.813082300130456348e-01
7.330082000175234258e-01
7.345223286937696550e-01
4.707283507152513757e-01
6.061878720432969381e-01
6.584174988502510262e-01
6.797941013367994056e-01
8.569342313846380066e-02
3.488004554520663381e-01
0.000000000000000000e+00
4.128023013543228315e-01
4.545710344536496028e-01
2.630912422173016796e-01
0.000000000000000000e+00
3.131307120624651774e-01
0.000000000000000000e+00
8.569342313846380066e-02
0.000000000000000000e+00
0.000000000000000000e+00
0.000000000000000000e+00
0.000000000000000000e+00
0.000000000000000000e+00
0.000000000000000000e+00
3.780745548337511308e-01
0.000000000000000000e+00
0.000000000000000000e+00
1.701710156224329473e-01
4.222531795072657079e-01
2.138898727628401053e-01
7.020504073081267338e-01
6.838068305630617960e-01
3.651150605761075418e-01
2.230378101152315218e-01
2.230378101152315218e-01
7.762910617930963708e-01
8.569342313846380066e-02
1.701710156224329473e-01
8.569342313846380066e-02
0.000000000000000000e+00
2.874961020563425729e-01
2.138898727628401053e-01
2.828696379287861662e-01
3.048599753166284509e-01
8.569342313846380066e-02
0.000000000000000000e+00
2.630912422173016796e-01
2.942527101259329592e-01
0.000000000000000000e+00
5.065162827514391175e-01
8.428563045078439897e-01
1.398476481045035080e-01
5.012322002640178242e-01
7.741425079253827501e-01
4.222531795072657079e-01
0.000000000000000000e+00
2.395244827689626821e-01
4.722424793914977159e-01
3.048599753166284509e-01
0.000000000000000000e+00
3.969525567702832380e-01
4.656247502586670639e-01
0.000000000000000000e+00
8.569342313846380066e-02
8.569342313846380066e-02
0.000000000000000000e+00
0.000000000000000000e+00
0.000000000000000000e+00
8.569342313846380066e-02
1.398476481045035080e-01
1.398476481045035080e-01
1.398476481045035080e-01
0.000000000000000000e+00
0.000000000000000000e+00
0.000000000000000000e+00
3.131307120624651219e-01
0.000000000000000000e+00
4.932067418114928770e-01
0.000000000000000000e+00
8.569342313846380066e-02
0.000000000000000000e+00
0.000000000000000000e+00
0.000000000000000000e+00
0.000000000000000000e+00
0.000000000000000000e+00
3.561682955447263987e-01
3.048599753166284509e-01
0.000000000000000000e+00
0.000000000000000000e+00
1.701710156224329473e-01
5.266631350709057857e-01
0.000000000000000000e+00
4.501666554510072582e-01
8.569342313846380066e-02
0.000000000000000000e+00
8.569342313846380066e-02
1.812690770159047504e-01
8.569342313846380066e-02
5.987552356881620241e-01
1.701710156224329473e-01
4.640219126065924238e-01
6.778883228841732222e-01
4.222531795072657079e-01
3.048599753166284509e-01
4.848944019715791254e-01
5.861033131080807257e-01
8.413421758315976495e-01
4.155461801976507163e-01
3.919298119893362409e-01
3.917757455500771591e-01
7.274813421150146953e-01
1.812690770159047504e-01
5.254565780722217916e-01
0.000000000000000000e+00
5.881895735915437795e-01
0.000000000000000000e+00
3.427284425348746111e-01
0.000000000000000000e+00
3.651150605761075418e-01
0.000000000000000000e+00
0.000000000000000000e+00
8.569342313846380066e-02
2.395244827689626821e-01
0.000000000000000000e+00
2.630912422173016796e-01
1.398476481045035080e-01
0.000000000000000000e+00
0.000000000000000000e+00
8.569342313846380066e-02
8.569342313846380066e-02
5.145833442980413119e-01
8.569342313846380066e-02
1.812690770159047504e-01
0.000000000000000000e+00
0.000000000000000000e+00
8.569342313846380066e-02
5.684318681702326126e-01
0.000000000000000000e+00
3.730518100528040781e-01
8.569342313846380066e-02
3.131307120624651774e-01
0.000000000000000000e+00
3.363058217344243594e-01
3.363058217344243039e-01
0.000000000000000000e+00
5.557176522059007473e-01
3.183235826958337733e-01
1.701710156224329473e-01
3.852228126797213048e-01
0.000000000000000000e+00
2.745366077986989839e-01
3.363058217344243594e-01
8.569342313846380066e-02
2.533611776331609611e-01
8.066144293110258934e-01
4.719349077139355364e-01
0.000000000000000000e+00
5.848112695567485586e-01
3.917757455500771591e-01
1.398476481045035080e-01
2.735105328308519157e-01
1.398476481045035080e-01
2.138898727628401053e-01
8.569342313846380066e-02
6.479566051426236539e-01
4.227335382594738511e-01
2.630912422173016796e-01
8.569342313846380066e-02
4.222531795072657079e-01
0.000000000000000000e+00
0.000000000000000000e+00
2.828696379287861662e-01
5.137036408132623633e-01
4.041631080005039789e-01
0.000000000000000000e+00
3.919298119893362409e-01
0.000000000000000000e+00
8.569342313846380066e-02
1.701710156224329473e-01
4.959481177765965310e-01
1.398476481045035080e-01
0.000000000000000000e+00
8.569342313846380066e-02
2.533611776331609611e-01
3.730518100528040781e-01
2.395244827689626821e-01
4.336985450886630677e-01
2.828696379287861662e-01
4.545710344536496028e-01
5.266631350709057857e-01
4.222531795072657079e-01
4.848944019715791254e-01
7.020504073081266228e-01
4.640219126065924238e-01
4.220991130680065706e-01
1.812690770159047504e-01
4.993680249054688880e-01
8.558157987654875232e-01
1.701710156224329473e-01
8.569342313846380066e-02
8.558157987654874121e-01
7.230769631123723507e-01
0.000000000000000000e+00
8.569342313846380066e-02
7.020504073081266228e-01
1.812690770159047504e-01
3.363058217344243594e-01
0.000000000000000000e+00
5.544879020388191471e-01
4.533644774549655532e-01
8.569342313846380066e-02
7.762910617930964818e-01
7.626971423439855569e-01
1.701710156224329473e-01
6.609160994002672984e-01
6.602816742088000179e-01
2.942527101259329592e-01
4.938411670029602130e-01
8.354236681527090758e-01
7.722783325668339804e-01
5.674473962964625695e-01
4.951332105542923245e-01
7.930205098619151904e-01
8.254924312475581116e-01
8.598285279917500246e-01
8.598285279917500246e-01
7.722783325668338694e-01
6.092161293957893964e-01
6.395394969137189189e-01
6.698628644316482195e-01
6.395394969137188079e-01
6.151346370746780812e-01
8.543016700892412940e-01
7.688584254379617899e-01
8.672611643468848275e-01
8.846250376071707056e-01
5.981208104966948547e-01
7.936549350533823599e-01
8.569342313846380066e-02
8.569342313846380066e-02
1.398476481045035080e-01
8.569342313846380066e-02
5.443345800087538988e-01
8.569342313846380066e-02
4.951332105542923245e-01
4.690446573875393654e-01
0.000000000000000000e+00
0.000000000000000000e+00
4.690446573875394765e-01
0.000000000000000000e+00
0.000000000000000000e+00
1.398476481045035080e-01
4.272759242882127051e-01
0.000000000000000000e+00
1.398476481045035080e-01
1.398476481045035080e-01
0.000000000000000000e+00
2.874961020563425729e-01
8.569342313846380066e-02
8.569342313846380066e-02
0.000000000000000000e+00
0.000000000000000000e+00
0.000000000000000000e+00
4.501666554510073137e-01
0.000000000000000000e+00
2.630912422173016796e-01
0.000000000000000000e+00
0.000000000000000000e+00
0.000000000000000000e+00
3.183235826958337733e-01
5.848112695567485586e-01
3.586037307998288237e-01
2.230378101152315218e-01
8.569342313846380066e-02
4.959481177765965310e-01
6.361195897848465064e-01
0.000000000000000000e+00
0.000000000000000000e+00
5.443345800087538988e-01
3.852228126797213048e-01
0.000000000000000000e+00
0.000000000000000000e+00
5.977707638143920921e-01
1.398476481045035080e-01
2.874961020563425729e-01
1.812690770159047504e-01
2.230378101152315218e-01
0.000000000000000000e+00
0.000000000000000000e+00
4.943452801245219463e-01
0.000000000000000000e+00
0.000000000000000000e+00
2.630912422173016796e-01
1.398476481045035080e-01
2.395244827689626821e-01
1.398476481045035080e-01
1.398476481045035080e-01
0.000000000000000000e+00
0.000000000000000000e+00
0.000000000000000000e+00
0.000000000000000000e+00
0.000000000000000000e+00
0.000000000000000000e+00
0.000000000000000000e+00
0.000000000000000000e+00
0.000000000000000000e+00
2.745366077986989839e-01
0.000000000000000000e+00
8.569342313846380066e-02
0.000000000000000000e+00
0.000000000000000000e+00
0.000000000000000000e+00
8.569342313846380066e-02
2.874961020563425729e-01
0.000000000000000000e+00
8.569342313846380066e-02
0.000000000000000000e+00
0.000000000000000000e+00
8.569342313846380066e-02
1.398476481045035080e-01
0.000000000000000000e+00
1.701710156224329473e-01
0.000000000000000000e+00
0.000000000000000000e+00
1.812690770159047504e-01
4.198432879330779022e-01
8.569342313846380066e-02
0.000000000000000000e+00
3.048599753166284509e-01
2.630912422173016796e-01
0.000000000000000000e+00
0.000000000000000000e+00
8.569342313846380066e-02
0.000000000000000000e+00
8.569342313846380066e-02
8.569342313846380066e-02
1.398476481045035080e-01
8.569342313846380066e-02
0.000000000000000000e+00
3.363058217344243594e-01
0.000000000000000000e+00
0.000000000000000000e+00
0.000000000000000000e+00
2.230378101152315218e-01
2.942527101259329592e-01
0.000000000000000000e+00
2.735105328308519157e-01
0.000000000000000000e+00
8.569342313846380066e-02
7.026848324995940143e-01
4.115957443556387818e-01
0.000000000000000000e+00
0.000000000000000000e+00
4.220991130680065706e-01
8.569342313846380066e-02
0.000000000000000000e+00
8.569342313846380066e-02
4.222531795072657079e-01
1.701710156224329473e-01
1.701710156224329473e-01
3.048599753166284509e-01
2.942527101259329592e-01
0.000000000000000000e+00
1.701710156224329473e-01
2.138898727628401053e-01
0.000000000000000000e+00
0.000000000000000000e+00
0.000000000000000000e+00
8.569342313846380066e-02
6.534834630451324955e-01
0.000000000000000000e+00
3.586037307998288237e-01
1.701710156224329473e-01
8.569342313846380066e-02
0.000000000000000000e+00
1.701710156224329473e-01
1.812690770159047504e-01
3.730518100528040781e-01
0.000000000000000000e+00
0.000000000000000000e+00
3.351833428345578625e-01
0.000000000000000000e+00
0.000000000000000000e+00
0.000000000000000000e+00
0.000000000000000000e+00
0.000000000000000000e+00
1.701710156224329473e-01
2.735105328308519157e-01
5.033807541317314449e-01
0.000000000000000000e+00
3.548994451617918933e-01
2.395244827689626821e-01
8.569342313846380066e-02
0.000000000000000000e+00
2.533611776331609611e-01
1.398476481045035080e-01
0.000000000000000000e+00
8.569342313846380066e-02
0.000000000000000000e+00
8.569342313846380066e-02
3.488004554520663381e-01
2.533611776331609611e-01
0.000000000000000000e+00
4.690446573875394765e-01
0.000000000000000000e+00
4.932067418114928770e-01
3.434540795803945334e-01
7.991817929558910905e-01
