3.177020921004891640e-01
5.436235599765026905e-01
6.469169718315639361e-01
8.206216227381788464e-01
8.823695543543639275e-01
7.914459121608240499e-01
8.220699000292994718e-01
8.642066755283608348e-01
5.274369577491792027e-01
4.979673554545106517e-01
5.375330113447963631e-01
6.789892369911598724e-01
4.276773478474414913e-01
6.303940615282088711e-01
5.816071948337304676e-01
9.065351422589497110e-01
8.287642562186436912e-01
9.105246350975805258e-01
8.210492701951611627e-01
7.787208034645721755e-01
7.470038773397067455e-01
8.736339384967432009e-01
8.210492701951611627e-01
7.515863525554938862e-01
6.224873842731987184e-01
4.570871660150421234e-01
7.951714053456754305e-01
7.465762298827245402e-01
5.534521140905136471e-01
5.816071948337303565e-01
6.381090475516913996e-01
5.401620664454309662e-01
3.955327742655938561e-01
3.832600533773497520e-01
3.628199586576155711e-01
4.364129637050622179e-01
2.259032836095629937e-01
5.274369577491792027e-01
4.979673554545106517e-01
1.856932290191588841e-01
4.698421667748278741e-01
3.170052580449292945e-01
1.652531342994246755e-01
3.063230961339257208e-01
1.977482028663463121e-01
1.244018162076227507e-01
1.244018162076227507e-01
4.762725233103923261e-01
1.652531342994246755e-01
1.039617214878885282e-01
1.652531342994246755e-01
4.287983295321570187e-01
1.652531342994246755e-01
1.039617214878885282e-01
2.654429066944573035e-01
3.042801493486775311e-01
2.259032836095629937e-01
1.039617214878885282e-01
3.585064732898792239e-01
1.244018162076227507e-01
1.244018162076227507e-01
1.244018162076227507e-01
1.244018162076227507e-01
1.856932290191588841e-01
1.244018162076227507e-01
2.858830014141915399e-01
5.109863558680759477e-01
6.110888952123556539e-01
5.197219717256967852e-01
1.244018162076227507e-01
1.244018162076227507e-01
3.803369098088746347e-01
1.244018162076227507e-01
6.249587502391885929e-02
2.054631888898287850e-01
2.259032836095629937e-01
1.039617214878885282e-01
3.247202440684117120e-01
2.858830014141915399e-01
2.654429066944573035e-01
2.850490726173097178e-01
1.039617214878885282e-01
3.042801493486775311e-01
1.039617214878885282e-01
1.039617214878885282e-01
1.039617214878885282e-01
1.039617214878885282e-01
1.652531342994246755e-01
1.652531342994246755e-01
2.633999599092090582e-01
4.205833876294405860e-01
1.652531342994246755e-01
5.995341174342792012e-01
1.039617214878885282e-01
2.654429066944573590e-01
1.652531342994246755e-01
3.423798639378813347e-01
4.037001480970839329e-01
1.244018162076227507e-01
1.244018162076227507e-01
1.244018162076227507e-01
7.005642601147749060e-01
3.647451385939159962e-01
4.916426992325584888e-01
5.651565929526272125e-01
3.585064732898792239e-01
1.244018162076227507e-01
6.249587502391885929e-02
6.249587502391885929e-02
6.249587502391885929e-02
6.249587502391885929e-02
6.249587502391885929e-02
1.856932290191588841e-01
6.249587502391885929e-02
6.249587502391885929e-02
1.244018162076227507e-01
6.249587502391885929e-02
6.249587502391885929e-02
2.858830014141915399e-01
6.249587502391885929e-02
6.249587502391885929e-02
1.652531342994246755e-01
6.249587502391885929e-02
5.034086613364422425e-01
1.244018162076227507e-01
6.249587502391885929e-02
2.858830014141915399e-01
6.249587502391885929e-02
6.249587502391885929e-02
4.570871660150421234e-01
6.249587502391885929e-02
1.244018162076227507e-01
6.249587502391885929e-02
4.416571939680772885e-01
1.244018162076227507e-01
6.249587502391885929e-02
5.651565929526271015e-01
1.244018162076227507e-01
6.249587502391885929e-02
2.469493580281059142e-01
3.684528258014592716e-01
6.249587502391885929e-02
4.905462611483418223e-01
0.000000000000000000e+00
6.249587502391885929e-02
0.000000000000000000e+00
0.000000000000000000e+00
6.249587502391885929e-02
0.000000000000000000e+00
0.000000000000000000e+00
0.000000000000000000e+00
0.000000000000000000e+00
6.249587502391885929e-02
0.000000000000000000e+00
1.039617214878885282e-01
0.000000000000000000e+00
0.000000000000000000e+00
1.244018162076227507e-01
6.249587502391885929e-02
2.245627172549888584e-01
6.249587502391885929e-02
6.249587502391885929e-02
1.039617214878885282e-01
1.652531342994247032e-01
6.249587502391885929e-02
3.451603387881458929e-01
6.249587502391885929e-02
0.000000000000000000e+00
0.000000000000000000e+00
0.000000000000000000e+00
6.249587502391885929e-02
0.000000000000000000e+00
1.039617214878885282e-01
1.039617214878885282e-01
6.249587502391885929e-02
1.652531342994247032e-01
6.928492740912924885e-01
6.809374701615144021e-01
5.880655947976199949e-01
1.652531342994246755e-01
5.884932422546022002e-01
4.084919905520913441e-01
6.249587502391885929e-02
0.000000000000000000e+00
5.001528057560636897e-01
3.922366156546961413e-01
3.793162799747363811e-01
7.101131807388691985e-01
1.370980535562079938e-01
0.000000000000000000e+00
6.249587502391885929e-02
3.247202440684117675e-01
1.370980535562079938e-01
0.000000000000000000e+00
7.090925509047310005e-01
2.838400546289432391e-01
2.810645699729499847e-01
7.288690419420287281e-01
9.038302789082365285e-01
4.037001480970839884e-01
6.779686071570214523e-01
7.499727403441993623e-01
4.098065121035432412e-01
2.259032836095629937e-01
4.205833876294406415e-01
3.585064732898792239e-01
6.249587502391885929e-02
3.170052580449292945e-01
7.674439720594409264e-01
7.493091366617630200e-01
3.233930367035388609e-01
6.533753717954539075e-01
6.890094823366985644e-01
5.447164982328929206e-01
6.637952211696492855e-01
4.333084963256922939e-01
8.823695543543639275e-01
8.143549140058169433e-01
7.017345910329503278e-01
6.802738664790777268e-01
7.791484509215543808e-01
8.287642562186436912e-01
7.838945739405440705e-01
8.646343229853429291e-01
9.065351422589494890e-01
8.374998720762643067e-01
7.889046966133135275e-01
7.684646018935793466e-01
9.524254543711874188e-01
8.360515947851439034e-01
8.542144736111469960e-01
8.068758842077888849e-01
7.580447525193836356e-01
7.791484509215543808e-01
9.474153316984179618e-01
8.492043509383777611e-01
8.066399279823347479e-01
9.182396211210629433e-01
8.873796770271333845e-01
9.028096490740982194e-01
9.055145124248112909e-01
8.531938437770089090e-01
9.232497437938325113e-01
7.811897105898308880e-01
8.093447913330478194e-01
8.696444456581120530e-01
9.269752369786837809e-01
9.017890192399600213e-01
8.425099947490336527e-01
8.414893649148955657e-01
9.601404403946698363e-01
9.182396211210631654e-01
9.028096490740981084e-01
8.425099947490336527e-01
1.000000000000000000e+00
9.178119736640807380e-01
9.436898385135665812e-01
9.591198105605315272e-01
6.789892369911598724e-01
7.838945739405440705e-01
6.994293317108940533e-01
8.564916895048781953e-01
8.609088298004915485e-01
6.888597812526615627e-01
5.492374902069098175e-01
4.493721799915598170e-01
6.971240723888378898e-01
7.098491810850895423e-01
7.637184788745895458e-01
2.858830014141915399e-01
5.388475448939789025e-01
7.928941894519444533e-01
4.698122747112939979e-01
7.101131807388691985e-01
6.339559069098579247e-01
6.952761910690605784e-01
5.943323035299822310e-01
7.787208034645721755e-01
7.136750261205181411e-01
6.352124929694505928e-01
6.615180052759184193e-01
8.283366087616614859e-01
7.092998759723956326e-01
7.801690807556928009e-01
6.381090475516913996e-01
7.966196826367960560e-01
7.557394931973273611e-01
8.492043509383777611e-01
9.065351422589493779e-01
8.283366087616614859e-01
8.210492701951611627e-01
8.143549140058169433e-01
9.668347965840139446e-01
8.481837211042394520e-01
8.006091754754268708e-01
8.564916895048781953e-01
8.619294596346296355e-01
8.056192981481962168e-01
6.565078826031489623e-01
8.629500894687680557e-01
8.783800615157327796e-01
8.220699000292994718e-01
6.519690846518241267e-01
5.394704193346692156e-01
1.856932290191588841e-01
1.652531342994247032e-01
2.259032836095629937e-01
1.652531342994246755e-01
2.259032836095629937e-01
2.463433783292972301e-01
2.858830014141915399e-01
1.856932290191588841e-01
4.287983295321570187e-01
5.001528057560638008e-01
2.611664212799404416e-01
1.652531342994246755e-01
1.244018162076227507e-01
2.858830014141915399e-01
7.376046577996493436e-01
7.361563805085288292e-01
6.682123614652625276e-01
6.677847140082803223e-01
7.248795491033975802e-01
7.138386739237208012e-01
6.175053050287546696e-01
6.152000457066985062e-01
5.978326656698607078e-01
7.098491810850895423e-01
7.991608981843066895e-01
7.831379437601855287e-01
9.065351422589494890e-01
8.900845403778463449e-01
8.773594316815944705e-01
4.333084963256923494e-01
8.604811823435090101e-01
8.681961683669916496e-01
7.019705472584046868e-01
8.133342841716786342e-01
7.797414332987104846e-01
6.216584456705882555e-01
8.669395823073990925e-01
8.327537490572748391e-01
7.989249419588522194e-01
7.580447525193835245e-01
7.315739052927416886e-01
9.319853596514532379e-01
8.529298441232292527e-01
8.579399667959984876e-01
7.674439720594409264e-01
9.182396211210629433e-01
7.582807087448379946e-01
6.562438829493694170e-01
3.063230961339257208e-01
7.582807087448379946e-01
6.473446192885461414e-01
8.404687350807572566e-01
9.319853596514531269e-01
9.065351422589494890e-01
8.988201562354670715e-01
9.105246350975805258e-01
5.242764035131587397e-01
3.922366156546961968e-01
4.126767103744303222e-01
4.865567683097107299e-01
4.711267962627458949e-01
7.724540947322103834e-01
7.724540947322103834e-01
8.210492701951610517e-01
6.477722667455283467e-01
8.327537490572746171e-01
8.404687350807570345e-01
7.374549567156123420e-01
8.579399667959984876e-01
5.606021611651652581e-01
8.900845403778462339e-01
3.832600533773497520e-01
6.748360963493263975e-01
6.615180052759184193e-01
6.224873842731987184e-01
7.505657227213554661e-01
3.423798639378813347e-01
4.410234823491748224e-01
5.611671001139961756e-01
6.014823506046335089e-01
4.128684016059581685e-01
6.607047005094448533e-01
6.064644298490776686e-01
5.274369577491793137e-01
4.410234823491748779e-01
6.877971612710325200e-01
7.013775648812484720e-01
6.508341562479432740e-01
9.678554264181522537e-01
8.629500894687679446e-01
8.414893649148953436e-01
8.860950475392154191e-01
7.419937546669373996e-01
8.414893649148953436e-01
9.755704124416345602e-01
8.078965140419273050e-01
7.684646018935793466e-01
8.656549528194811272e-01
7.051030580660999636e-01
9.115452649317191680e-01
9.678554264181524758e-01
8.170597773565302369e-01
7.951714053456754305e-01
9.028096490740982194e-01
8.374998720762643067e-01
9.222291139596940912e-01
9.038302789082365285e-01
9.397003456749356554e-01
7.841585735943237268e-01
9.386797158407972352e-01
9.805805351144040172e-01
6.662641282949081090e-01
9.038302789082365285e-01
5.979361390591217962e-01
8.078965140419271940e-01
7.801690807556928009e-01
8.619294596346296355e-01
7.914459121608240499e-01
7.916095599640265990e-01
7.914459121608240499e-01
7.924665419949623590e-01
9.601404403946698363e-01
8.579399667959984876e-01
8.696444456581122751e-01
8.681961683669916496e-01
8.170597773565300148e-01
8.823695543543638165e-01
8.619294596346296355e-01
9.182396211210629433e-01
7.791484509215543808e-01
7.011135652274689267e-01
8.193650366785862893e-01
8.564916895048781953e-01
8.746545683308815100e-01
9.463947018642798747e-01
7.711694652442923070e-01
7.824462966494235561e-01
6.994293317108940533e-01
9.641299332333008731e-01
8.783800615157327796e-01
9.259546071445453608e-01
9.115452649317188349e-01
8.260593928679305087e-01
8.083241614989092882e-01
7.501800654118642164e-01
7.955990528026576358e-01
8.001815280184447765e-01
5.463284233272156509e-01
6.224873842731988294e-01
8.016298053095650689e-01
5.978326656698607078e-01
6.811447952291790342e-01
6.917143456874115248e-01
7.298896717761668151e-01
8.118860068805581198e-01
9.115452649317189460e-01
7.791484509215543808e-01
5.861281868077471424e-01
7.697492313814969789e-01
8.988201562354670715e-01
8.206216227381790684e-01
6.121095250464939630e-01
7.916095599640265990e-01
6.099539668084748012e-01
7.916095599640265990e-01
8.043346686602783624e-01
7.382682614820859079e-01
6.809374701615142911e-01
6.585491422714256915e-01
8.170597773565300148e-01
6.812944963132160359e-01
7.507293705245581261e-01
8.692167982011299587e-01
8.656549528194811272e-01
8.374998720762643067e-01
6.392439759555723633e-01
5.258883286074815810e-01
8.374998720762643067e-01
4.366470712953079980e-01
6.875612050455781610e-01
7.415661072099551943e-01
5.839544443032773646e-01
7.161439332457769646e-01
7.864357894880548150e-01
8.045986683140579077e-01
5.680531475348680193e-01
7.928941894519444533e-01
7.761795879170616530e-01
6.347233622706980327e-01
8.247747633800124323e-01
8.773594316815944705e-01
7.161439332457768536e-01
8.337743788914129262e-01
7.493091366617629090e-01
7.418301068637348505e-01
5.943323035299821200e-01
7.724540947322101614e-01
8.502249807725161812e-01
8.237541335458742342e-01
7.864357894880548150e-01
5.258883286074815810e-01
8.078965140419271940e-01
7.430143845010754866e-01
7.044394543836633993e-01
5.866173175064997025e-01
4.828312751248592938e-01
5.810422558848993280e-01
7.161439332457769646e-01
6.519690846518241267e-01
6.498135264138049649e-01
5.685244722563124187e-01
7.006859177704866104e-01
5.830835155531760572e-01
6.739791143183905264e-01
7.019705472584046868e-01
7.724540947322101614e-01
8.487767034813956668e-01
6.402646057897106724e-01
6.678885656866839771e-01
5.495612859854881460e-01
5.109863558680759477e-01
4.614635770689090033e-01
7.505657227213554661e-01
6.182727603895947777e-01
5.866173175064997025e-01
6.965747672761439802e-01
4.201964694142047985e-01
5.184074501742448327e-01
8.900845403778463449e-01
5.935033649273715461e-01
7.342787686434547600e-01
7.355633981313729475e-01
7.342787686434548711e-01
4.128684016059581685e-01
4.711267962627458949e-01
7.751589580829233439e-01
7.515863525554938862e-01
8.016298053095654019e-01
5.197219717256966742e-01
4.162069765755737616e-01
3.797031981899721131e-01
4.333084963256922939e-01
3.183829140307694594e-01
4.001432929097063496e-01
3.797031981899721131e-01
4.205833876294405860e-01
4.001432929097063496e-01
1.652531342994247032e-01
4.276773478474414913e-01
4.037001480970839884e-01
3.233930367035388609e-01
8.552351034452855272e-01
7.987752408748151067e-01
7.838945739405440705e-01
5.824624897476944341e-01
7.430143845010754866e-01
6.142832675509638518e-01
7.684646018935791245e-01
6.293734316940706730e-01
7.418301068637348505e-01
5.314264505878101286e-01
6.936625788577660545e-01
6.236066788409426742e-01
6.585491422714255805e-01
8.773594316815946925e-01
7.092578858249051210e-01
3.175683483585516331e-01
7.637184788745894348e-01
5.042919996787318393e-01
7.801690807556928009e-01
7.570241226852454375e-01
8.404687350807572566e-01
7.784848472391179275e-01
6.896730860191350176e-01
8.337743788914129262e-01
8.988201562354670715e-01
8.938100335626978366e-01
9.182396211210631654e-01
4.698122747112939979e-01
5.274369577491792027e-01
8.237541335458743452e-01
7.774642174049796184e-01
8.196009929040409814e-01
7.874564193221929020e-01
7.824462966494235561e-01
7.288690419420287281e-01
6.333629245327015989e-01
5.170929166250619602e-01
5.120827939522926142e-01
8.425099947490336527e-01
6.846629633463656717e-01
7.704128350639337652e-01
5.651565929526271015e-01
7.298896717761669262e-01
7.225742897813414167e-01
7.157162857887947593e-01
9.678554264181522537e-01
7.918735596178061442e-01
7.501800654118641054e-01
7.878840667791752184e-01
5.606021611651651471e-01
8.900845403778463449e-01
6.280888022061527076e-01
4.128684016059581685e-01
4.494020720550937487e-01
7.751589580829233439e-01
3.832600533773497520e-01
5.054482338877472891e-01
7.724540947322101614e-01
6.498135264138048539e-01
6.875612050455780500e-01
6.065682815274813233e-01
8.129066367146966510e-01
7.797414332987104846e-01
7.580447525193836356e-01
8.360515947851441254e-01
7.013775648812484720e-01
6.682123614652624166e-01
6.682123614652625276e-01
8.609088298004913264e-01
7.501800654118641054e-01
8.283366087616614859e-01
8.886362630867258305e-01
8.911051702119846540e-01
8.297848860527818893e-01
8.337743788914129262e-01
4.905462611483418223e-01
8.696444456581120530e-01
7.861998332626003450e-01
9.269752369786837809e-01
8.297848860527821113e-01
8.833901841885022366e-01
9.601404403946696142e-01
8.833901841885022366e-01
9.142501282824319064e-01
8.196009929040406483e-01
8.696444456581120530e-01
6.678885656866839771e-01
6.474484709669499072e-01
6.508341562479432740e-01
6.702536211335390348e-01
5.884932422546022002e-01
7.275844124541107627e-01
6.789892369911599834e-01
6.253839388554395251e-01
6.867042230146421788e-01
5.676255000778858140e-01
5.784132007842647250e-01
5.120827939522926142e-01
5.676255000778859250e-01
5.570559496196533233e-01
6.692329912994007257e-01
5.214062052422714366e-01
5.987494438255952511e-01
7.178281667623516160e-01
6.191895385453295431e-01
7.090925509047310005e-01
7.918735596178061442e-01
6.896730860191350176e-01
6.896730860191350176e-01
6.604973754417799992e-01
7.382682614820859079e-01
7.092998759723957436e-01
6.811447952291791452e-01
6.121095250464939630e-01
6.216584456705881445e-01
6.867042230146421788e-01
6.049438441357054552e-01
4.762725233103923261e-01
8.900845403778465670e-01
7.751589580829233439e-01
7.171645630799152737e-01
7.438713665320113577e-01
9.436898385135665812e-01
9.397003456749355443e-01
8.270800227020688178e-01
8.681961683669916496e-01
7.221746857526846197e-01
6.812944963132161469e-01
6.729584844842522173e-01
8.475201174218031097e-01
7.090925509047310005e-01
7.432783841548552539e-01
6.801241653950408361e-01
