3.733919219187153971e-01
4.768205334471116719e-01
7.040472799997118392e-01
7.301162229840412188e-01
6.558997068910307204e-01
3.733919219187154526e-01
5.033925126710784292e-01
7.903102362544360826e-01
5.909360571169163245e-01
7.350193198588369503e-01
5.093381560679749454e-01
6.268224758662729323e-01
5.971563102332534401e-01
7.818352027659425385e-01
7.301162229840412188e-01
6.820197518858220898e-01
8.373388747955623490e-01
8.591283612404392311e-01
5.669598035473917275e-01
7.115383605215238605e-01
7.267570420043640844e-01
7.968810412164729629e-01
7.083267365391643366e-01
4.701291243893690464e-01
5.552337634153051704e-01
7.083267365391643366e-01
6.184013589990468018e-01
5.083639638869320576e-01
6.609124993317077035e-01
8.410836544415699612e-01
3.630270766735536614e-01
5.080575678768612935e-01
6.964672360360013581e-01
6.285693866097735727e-01
7.510107199041349268e-01
7.105528863250455407e-01
6.940661920475359459e-01
8.186958136963420340e-01
7.256240108105680431e-01
8.002655082311421753e-01
8.706022630772716209e-01
9.189367758445036172e-01
9.271990536989763720e-01
8.307680698335255798e-01
9.341554573273436191e-01
9.640596646293758676e-01
9.193223745108339839e-01
1.000000000000000000e+00
8.000926651988324867e-01
7.634048973007429018e-01
9.939638719314080051e-01
9.640596646293759786e-01
8.604342354665447390e-01
8.788645409317443757e-01
9.229195971595242076e-01
8.117394100679747870e-01
8.132580399281011951e-01
7.718799307892364459e-01
9.746132909064331162e-01
9.860871927432656170e-01
9.964027773513101094e-01
9.150429179713813754e-01
9.386729555358089838e-01
8.017841380912685834e-01
4.439015197971546978e-01
3.503514976048967555e-01
2.772345190287048844e-01
7.604060289524038341e-01
7.754771534379263365e-01
6.974764750376750699e-01
4.557655198296012289e-01
7.231851053906662719e-01
5.336823186394410445e-01
8.709878617436020987e-01
6.710805269424344743e-01
2.956648244939046877e-01
8.431622472301334437e-01
7.566612493063962219e-01
8.243463430986033291e-01
6.611505410007205708e-01
5.530328996644161554e-01
4.198251844589771520e-01
6.496766391638880700e-01
3.762846029411372473e-01
3.947149084063368840e-01
5.219703751335956765e-01
5.816995870814005709e-01
5.281555814293020790e-01
7.935218602367957175e-01
5.935590875845634384e-01
8.352855680419907225e-01
5.217323334645828092e-01
7.182820085158705403e-01
6.491419622704429626e-01
4.464086021532460147e-01
7.301415090190334078e-01
5.258895190417099963e-01
6.940661920475359459e-01
7.773177045574770627e-01
8.156969453480028553e-01
8.087405417196358304e-01
6.107627214799171700e-01
6.184013589990468018e-01
4.965567131384170940e-01
9.307962763476664847e-01
7.116859175188413600e-01
9.114456953226914848e-01
7.391512194009719483e-01
8.341272508132024921e-01
6.406669287819494185e-01
6.024099589537489363e-01
8.781823070409819909e-01
9.132862464422421001e-01
7.860307797149834741e-01
8.878995373486753273e-01
8.186958136963418120e-01
7.406951352960905455e-01
8.709878617436019876e-01
8.087405417196358304e-01
8.409360974442522396e-01
8.521719576120719841e-01
7.640032516010938357e-01
8.935500667509366224e-01
7.869510552747589482e-01
9.640596646293758676e-01
8.706022630772716209e-01
4.198251844589771520e-01
7.790743760866163381e-01
6.549016572981082307e-01
5.258895190417099963e-01
8.156969453480028553e-01
4.991924361927538301e-01
7.015178899081147001e-01
8.004782638651628535e-01
7.292212334592581557e-01
7.380181882071759070e-01
7.162034157273068358e-01
8.833820391402100736e-01
8.869792617889000752e-01
6.496766391638879590e-01
8.153113466816725996e-01
7.370979126474005438e-01
8.869792617889000752e-01
7.869510552747589482e-01
7.890043620283303527e-01
8.235736245361453545e-01
6.763692224835606837e-01
7.788363344176034708e-01
7.355792827872741357e-01
6.850186202341610464e-01
6.710805269424345854e-01
4.781264076732174018e-01
4.095479912228465746e-01
8.280911227446107192e-01
7.308889415464990824e-01
7.703613009291100377e-01
8.232133119048071768e-01
6.116829970396924221e-01
8.222930363450319247e-01
2.558960464598697970e-01
2.558960464598697970e-01
0.000000000000000000e+00
0.000000000000000000e+00
5.782979271873044808e-02
0.000000000000000000e+00
1.845809524390231160e-01
5.782979271873044808e-02
6.763692224835606837e-01
0.000000000000000000e+00
2.687535965559553208e-01
1.536167452184043769e-01
1.536167452184043769e-01
5.782979271873044808e-02
0.000000000000000000e+00
0.000000000000000000e+00
0.000000000000000000e+00
0.000000000000000000e+00
0.000000000000000000e+00
5.782979271873044808e-02
5.782979271873044808e-02
0.000000000000000000e+00
0.000000000000000000e+00
5.782979271873044808e-02
4.536616410060454463e-01
3.925979242458595420e-01
0.000000000000000000e+00
0.000000000000000000e+00
1.546767451369908952e-01
3.860033544786276027e-01
0.000000000000000000e+00
0.000000000000000000e+00
1.282300361248374931e-01
2.512435666505309917e-01
3.762846029411371918e-01
8.202144435564682201e-01
8.119521657019954652e-01
7.373106682814212220e-01
3.762846029411372473e-01
5.825262222651258481e-01
4.075340671305085483e-01
4.991924361927537745e-01
1.845809524390231438e-01
0.000000000000000000e+00
0.000000000000000000e+00
4.336541121252999176e-01
3.004463969198608586e-01
0.000000000000000000e+00
0.000000000000000000e+00
0.000000000000000000e+00
0.000000000000000000e+00
0.000000000000000000e+00
5.782979271873044808e-02
0.000000000000000000e+00
5.782979271873044808e-02
9.675436987097477126e-02
0.000000000000000000e+00
2.099676615325900275e-01
0.000000000000000000e+00
9.675436987097477126e-02
2.130770814940258495e-01
5.297931377004707620e-01
5.782979271873044808e-02
0.000000000000000000e+00
3.737775205850458193e-01
6.210783060879614403e-01
2.219696351815838020e-01
9.675436987097477126e-02
5.402531236014778138e-01
1.151846753361744774e-01
2.104957333447512735e-01
2.512435666505309917e-01
5.005028099481431125e-01
4.922360325643866941e-01
3.854034789484794832e-01
1.282300361248374931e-01
5.518476295340162263e-01
2.657866497403504336e-01
5.782979271873044808e-02
5.697065336004766278e-01
0.000000000000000000e+00
5.219434222319839778e-01
0.000000000000000000e+00
4.267815880873441770e-01
3.854034789484794832e-01
0.000000000000000000e+00
2.657866497403504336e-01
4.299887125404203703e-01
6.110846427393414881e-01
1.720470506836040969e-01
7.551426194462698138e-01
5.650540537911378225e-01
6.713564300428837006e-01
5.001808886887187944e-01
8.337416521468722364e-01
2.104957333447512735e-01
3.004463969198608586e-01
3.204472903028645070e-01
7.863527009744079033e-01
0.000000000000000000e+00
2.104957333447512735e-01
1.151846753361744774e-01
4.918281261625506717e-01
9.675436987097477126e-02
7.645379284945388321e-01
0.000000000000000000e+00
5.646290724635741887e-01
3.433431359188521270e-01
9.675436987097477126e-02
1.151846753361744774e-01
6.343927590443447784e-01
4.484190180056200070e-01
3.403442675705131149e-01
7.948277344629014474e-01
8.820761649141042327e-01
4.452118935525439802e-01
8.410836544415699612e-01
6.686794829539689511e-01
3.932107162660007371e-01
4.254757138612385581e-01
6.972384333686622027e-01
3.931281016100208747e-01
1.536167452184043769e-01
3.228357588948859158e-01
3.148893815407566299e-01
3.947149084063368840e-01
2.283979669977897475e-01
3.394818390526712637e-01
1.720470506836040969e-01
2.099676615325900275e-01
4.887069868518862936e-01
1.720470506836040969e-01
4.918281261625506717e-01
4.290684369806449516e-01
1.151846753361744774e-01
1.845809524390231438e-01
1.845809524390231438e-01
2.099676615325900275e-01
3.412660643600856081e-01
7.739585235777999284e-01
4.965567131384170940e-01
3.210515335874715159e-01
4.140654894313120504e-01
5.005028099481432236e-01
2.871839020211550686e-01
2.842169552055501258e-01
5.655493480233494408e-01
4.553754216339871985e-01
3.573079012332639470e-01
5.657604367907506093e-01
2.473563442751506858e-01
4.807621307275540268e-01
4.519954541486014277e-01
3.573079012332639470e-01
7.053531542258175691e-01
1.915373560673903075e-01
2.956648244939046877e-01
4.820725044829434203e-01
5.640959167999261004e-01
2.956648244939046877e-01
4.298203690373942343e-01
5.288998258603511138e-01
7.194529011411028296e-01
7.301415090190334078e-01
5.861613063452522088e-01
8.303824711671951020e-01
7.350193198588369503e-01
7.415901248208737195e-01
7.747438175367019619e-01
6.861895128593933357e-01
6.419475169730629593e-01
5.467587299268115153e-01
5.258895190417099963e-01
6.713564300428837006e-01
6.347530716756829561e-01
7.335006899987105422e-01
3.816586993024719265e-01
6.964672360360013581e-01
4.640677102857850289e-01
7.588873990922775370e-01
4.824980157509847212e-01
7.141501089737354313e-01
4.886800339502745394e-01
7.824335570662935835e-01
7.194529011411027186e-01
4.959853117396777478e-01
8.706022630772716209e-01
6.821133922618720646e-01
9.044892916943242378e-01
8.247319417649335849e-01
7.923888290429995651e-01
8.316883453933008319e-01
5.490247923144034869e-01
8.044610851801833329e-01
8.570750544868677157e-01
8.267852485185052114e-01
9.411118609557108661e-01
9.005064703793038694e-01
8.301697155331744238e-01
8.667084052041493791e-01
8.294621956074198499e-01
9.307962763476664847e-01
9.035690161345488747e-01
9.193223745108340950e-01
9.447090836044007567e-01
9.640596646293759786e-01
8.930153898574918481e-01
7.611787475148616977e-01
9.894463737229426403e-01
7.658438027206446730e-01
7.220267881618780414e-01
7.543699008838121722e-01
8.046480248387342105e-01
8.369911375606682302e-01
7.247037352507925689e-01
8.192941679966929680e-01
8.491983752987252165e-01
8.307680698335253577e-01
7.561265724129514476e-01
8.072219118595094223e-01
8.521719576120719841e-01
6.417999599757454599e-01
8.000926651988325977e-01
9.271990536989763720e-01
8.566894558205373489e-01
7.862177193735345737e-01
8.046480248387342105e-01
7.677874139083347149e-01
8.386447490216678569e-01
7.194529011411027186e-01
7.493571084431350782e-01
8.350475263729779662e-01
9.074628740076710054e-01
7.845121498548570660e-01
4.623318252623543900e-01
4.113900635721944310e-01
9.008920690456343472e-01
7.939074589031259732e-01
8.570750544868677157e-01
7.525293497642613350e-01
8.256522173247088370e-01
7.304479050291040609e-01
8.484650393975008420e-01
7.493571084431350782e-01
6.842459016717031828e-01
8.431622472301334437e-01
6.079129313586927319e-01
7.431340407159923167e-01
4.623318252623543900e-01
6.959578451775485508e-01
9.447090836044007567e-01
5.586834290666775615e-01
5.324970485090412264e-01
7.887916063943097855e-01
8.141783154878766693e-01
9.087687482337766243e-01
9.742276922401028605e-01
9.640596646293759786e-01
9.247601482790747118e-01
8.676286807639249643e-01
8.561547789270924635e-01
8.939356654172671002e-01
9.123659708824668479e-01
9.054095672540997120e-01
7.562756506400659662e-01
8.501186508585005797e-01
6.998517030506707925e-01
8.119521657019954652e-01
7.887916063943095635e-01
7.485718144842330446e-01
7.993452326713669231e-01
7.310617845788086600e-01
7.192659614825518410e-01
7.152831401675314726e-01
6.563950011232423387e-01
7.972666398828032186e-01
8.374864317928798485e-01
5.074592135765103595e-01
5.839796534885491885e-01
6.088332069184680950e-01
8.446808770902598518e-01
6.842459016717031828e-01
7.415901248208737195e-01
6.865372500942874545e-01
9.386729555358092059e-01
8.114174888085503579e-01
8.386447490216680789e-01
5.782979271873044808e-02
1.151846753361744774e-01
1.151846753361744774e-01
8.049957620736282182e-01
2.104957333447512735e-01
5.782979271873044808e-02
5.930146499054799181e-01
6.641619847455035863e-01
7.899246375881056048e-01
9.571032610010086206e-01
3.745294526417950465e-01
3.956351839661122471e-01
4.738057270991868908e-01
6.026210477211501049e-01
6.263432368238924797e-01
6.225430193268203238e-01
7.105528863250454297e-01
6.792331092310261997e-01
8.307680698335253577e-01
7.903102362544360826e-01
9.123659708824667369e-01
9.373670813097032539e-01
8.694692318834754685e-01
8.128724412617707173e-01
9.894463737229426403e-01
8.820761649141040106e-01
9.307962763476663737e-01
8.673906390949119860e-01
8.903384427685769875e-01
8.824617635804347104e-01
8.755053599520674634e-01
7.551426194462700359e-01
9.561829854412333685e-01
8.775586667056388679e-01
7.681351511432288337e-01
7.865654566084284705e-01
6.277966680473158201e-01
6.509825133899937999e-01
8.326086209530763060e-01
7.303542646530539750e-01
4.965567131384170940e-01
7.728002063490116980e-01
7.993452326713669231e-01
5.772343386275831101e-01
5.451562204762736563e-01
5.511412465344034395e-01
7.075001013554388374e-01
8.407233418102315614e-01
8.440825227899086958e-01
4.412657967428179617e-01
5.677310008800524610e-01
5.102584316277503085e-01
7.068081066790378175e-01
5.089525574016445786e-01
5.286887370929499452e-01
4.023535459254666269e-01
3.757382066984636948e-01
5.288998258603511138e-01
5.426015443496844393e-01
5.485154014559507907e-01
2.842169552055501258e-01
4.044336599438272950e-01
5.725057516517165768e-01
4.115584070752206225e-01
1.151846753361744774e-01
4.623318252623543900e-01
7.239703993495680834e-01
8.280911227446107192e-01
4.738057270991870018e-01
5.959296386634073128e-01
6.710805269424344743e-01
7.718799307892364459e-01
5.538181936233180780e-01
