3.733919219187154526e-01
4.768205334471117274e-01
7.040472799997119502e-01
7.301162229840413298e-01
6.558997068910308315e-01
3.733919219187154526e-01
5.033925126710785403e-01
7.903102362544361936e-01
5.909360571169164356e-01
7.350193198588371724e-01
7.818352027659425385e-01
7.301162229840413298e-01
6.820197518858222008e-01
8.373388747955624600e-01
8.591283612404393422e-01
5.669598035473918385e-01
7.115383605215239715e-01
7.267570420043641954e-01
7.968810412164730739e-01
7.083267365391643366e-01
4.701291243893691019e-01
5.552337634153052814e-01
7.083267365391644477e-01
6.184013589990469129e-01
5.083639638869320576e-01
6.609124993317078145e-01
8.410836544415700722e-01
3.630270766735537169e-01
5.080575678768614045e-01
6.964672360360014691e-01
4.688803224888855592e-01
5.839796534885492996e-01
5.443198245069098551e-01
4.185148107035878695e-01
4.623318252623545010e-01
4.439015197971546978e-01
4.623318252623545010e-01
4.106381315154453704e-01
4.922360325643866941e-01
4.290684369806451182e-01
5.264609204404494536e-01
6.285693866097737947e-01
7.510107199041350379e-01
7.105528863250455407e-01
6.940661920475360569e-01
8.186958136963422561e-01
7.256240108105682651e-01
8.002655082311425083e-01
8.706022630772717319e-01
9.189367758445036172e-01
9.271990536989767051e-01
8.307680698335255798e-01
9.341554573273441742e-01
9.640596646293762007e-01
9.193223745108340950e-01
1.000000000000000000e+00
8.000926651988325977e-01
7.634048973007430128e-01
9.939638719314083382e-01
9.640596646293759786e-01
8.604342354665449610e-01
8.788645409317447088e-01
9.229195971595239856e-01
8.117394100679748981e-01
8.132580399281013062e-01
7.718799307892365569e-01
9.746132909064333383e-01
9.860871927432657280e-01
9.964027773513101094e-01
9.150429179713815975e-01
9.386729555358090948e-01
8.017841380912688054e-01
4.439015197971548088e-01
3.503514976048968110e-01
2.772345190287049399e-01
7.604060289524039451e-01
7.754771534379264475e-01
6.974764750376750699e-01
4.557655198296012844e-01
7.231851053906663829e-01
5.336823186394411556e-01
8.709878617436020987e-01
6.710805269424345854e-01
2.956648244939046877e-01
8.431622472301335547e-01
7.566612493063964440e-01
8.243463430986034401e-01
6.611505410007206818e-01
5.530328996644162665e-01
4.198251844589772075e-01
6.496766391638880700e-01
3.762846029411372473e-01
3.947149084063369395e-01
5.219703751335957875e-01
5.816995870814006819e-01
5.281555814293021900e-01
7.935218602367958285e-01
5.935590875845635495e-01
8.352855680419909445e-01
5.217323334645829203e-01
7.182820085158706513e-01
6.491419622704430736e-01
4.464086021532460702e-01
7.301415090190335189e-01
5.258895190417101073e-01
6.940661920475360569e-01
7.773177045574771737e-01
8.156969453480030774e-01
8.087405417196359414e-01
6.107627214799172810e-01
6.184013589990469129e-01
4.965567131384172050e-01
9.307962763476668178e-01
7.116859175188415820e-01
9.114456953226915958e-01
7.391512194009720593e-01
8.341272508132027141e-01
6.406669287819495295e-01
6.024099589537490473e-01
8.781823070409821019e-01
9.132862464422423221e-01
2.657866497403504336e-01
2.842169552055501813e-01
2.104957333447513013e-01
2.657866497403504336e-01
2.473563442751507413e-01
2.403999406467835498e-01
2.403999406467835498e-01
3.210515335874716270e-01
3.210515335874716270e-01
2.956648244939046877e-01
2.772345190287049954e-01
3.560991471765953542e-01
3.929597581069947942e-01
3.745294526417951020e-01
3.675730490134279105e-01
3.745294526417951020e-01
3.675730490134279105e-01
3.745294526417951020e-01
4.095479912228466302e-01
4.210218930596792419e-01
4.279782966880464334e-01
3.841612821292798019e-01
3.762846029411373028e-01
4.553754216339872540e-01
4.623318252623545010e-01
5.176227416579537444e-01
4.623318252623545010e-01
4.623318252623545010e-01
4.115584070752207335e-01
4.738057270991870018e-01
6.163227662104833193e-01
7.860307797149836961e-01
8.878995373486754383e-01
8.186958136963419230e-01
7.406951352960907675e-01
8.709878617436020987e-01
8.087405417196359414e-01
8.409360974442524617e-01
8.521719576120722062e-01
7.640032516010939467e-01
8.935500667509367334e-01
7.869510552747590593e-01
9.640596646293759786e-01
8.706022630772717319e-01
4.198251844589772075e-01
7.790743760866164491e-01
6.549016572981082307e-01
5.258895190417101073e-01
8.156969453480031884e-01
4.991924361927539411e-01
7.015178899081147001e-01
8.004782638651630755e-01
7.292212334592581557e-01
7.380181882071761290e-01
7.162034157273069468e-01
8.833820391402100736e-01
8.869792617889000752e-01
6.496766391638880700e-01
8.153113466816727106e-01
7.370979126474006549e-01
8.869792617889000752e-01
7.869510552747592813e-01
7.890043620283304637e-01
8.235736245361456875e-01
6.763692224835607947e-01
7.788363344176035818e-01
7.355792827872742468e-01
6.850186202341611574e-01
6.710805269424345854e-01
4.781264076732174573e-01
3.745294526417951020e-01
3.560991471765953542e-01
3.860033544786276583e-01
3.860033544786276583e-01
3.745294526417951020e-01
3.412660643600856636e-01
8.280911227446110523e-01
7.308889415464991934e-01
7.703613009291100377e-01
8.232133119048072878e-01
6.116829970396925331e-01
8.222930363450320357e-01
2.558960464598698525e-01
2.558960464598698525e-01
0.000000000000000000e+00
0.000000000000000000e+00
5.782979271873045501e-02
0.000000000000000000e+00
1.845809524390231438e-01
5.782979271873045501e-02
6.763692224835607947e-01
0.000000000000000000e+00
2.687535965559553763e-01
1.536167452184044047e-01
1.536167452184044047e-01
5.782979271873045501e-02
0.000000000000000000e+00
0.000000000000000000e+00
0.000000000000000000e+00
0.000000000000000000e+00
0.000000000000000000e+00
5.782979271873045501e-02
5.782979271873045501e-02
0.000000000000000000e+00
0.000000000000000000e+00
5.782979271873045501e-02
4.536616410060455018e-01
3.925979242458595975e-01
0.000000000000000000e+00
0.000000000000000000e+00
1.546767451369909230e-01
3.860033544786275472e-01
0.000000000000000000e+00
0.000000000000000000e+00
1.282300361248375209e-01
2.512435666505310472e-01
3.762846029411372473e-01
8.202144435564684422e-01
8.119521657019955763e-01
7.373106682814213331e-01
3.762846029411372473e-01
5.825262222651259592e-01
4.075340671305086593e-01
4.991924361927539411e-01
1.845809524390231715e-01
0.000000000000000000e+00
0.000000000000000000e+00
4.336541121252999731e-01
3.004463969198609141e-01
0.000000000000000000e+00
0.000000000000000000e+00
0.000000000000000000e+00
0.000000000000000000e+00
0.000000000000000000e+00
5.782979271873045501e-02
0.000000000000000000e+00
5.782979271873045501e-02
9.675436987097478514e-02
0.000000000000000000e+00
2.099676615325900553e-01
0.000000000000000000e+00
9.675436987097478514e-02
2.130770814940259050e-01
5.297931377004707620e-01
5.782979271873045501e-02
0.000000000000000000e+00
3.737775205850458748e-01
6.210783060879615514e-01
2.219696351815838575e-01
9.675436987097478514e-02
5.402531236014780358e-01
1.151846753361744913e-01
2.104957333447513013e-01
2.512435666505310472e-01
5.005028099481432236e-01
4.922360325643868051e-01
3.854034789484795387e-01
1.282300361248375209e-01
5.518476295340164484e-01
2.657866497403504336e-01
5.782979271873045501e-02
5.697065336004767389e-01
0.000000000000000000e+00
5.219434222319840888e-01
0.000000000000000000e+00
4.267815880873443435e-01
3.854034789484795387e-01
0.000000000000000000e+00
2.657866497403504336e-01
4.299887125404204258e-01
6.110846427393415992e-01
1.720470506836041247e-01
7.551426194462699248e-01
5.650540537911379335e-01
6.713564300428838116e-01
5.001808886887189054e-01
8.337416521468723474e-01
2.104957333447513013e-01
3.004463969198609141e-01
3.204472903028645625e-01
7.863527009744080143e-01
0.000000000000000000e+00
2.104957333447513013e-01
1.151846753361744913e-01
4.918281261625507272e-01
9.675436987097478514e-02
7.645379284945389431e-01
0.000000000000000000e+00
5.646290724635742997e-01
3.433431359188521825e-01
9.675436987097478514e-02
1.151846753361744913e-01
6.343927590443448894e-01
4.484190180056200625e-01
3.403442675705132259e-01
7.948277344629016694e-01
8.820761649141042327e-01
8.706022630772717319e-01
6.469996920749735425e-01
4.452118935525440357e-01
8.410836544415698501e-01
6.686794829539690621e-01
3.932107162660007926e-01
4.254757138612386136e-01
6.972384333686623137e-01
3.931281016100209302e-01
1.536167452184044047e-01
3.228357588948859713e-01
3.148893815407566299e-01
3.947149084063369395e-01
2.283979669977897753e-01
3.394818390526713192e-01
1.720470506836041247e-01
2.099676615325900553e-01
4.887069868518863491e-01
1.720470506836041247e-01
4.918281261625507272e-01
4.290684369806450071e-01
1.151846753361744913e-01
1.845809524390231715e-01
1.845809524390231715e-01
2.099676615325900553e-01
3.412660643600856636e-01
7.739585235778000394e-01
4.965567131384172050e-01
3.210515335874715714e-01
4.140654894313121059e-01
5.005028099481432236e-01
2.871839020211551241e-01
2.842169552055501813e-01
4.553754216339872540e-01
3.573079012332640025e-01
5.657604367907507203e-01
2.473563442751507413e-01
4.807621307275541378e-01
4.519954541486014832e-01
3.573079012332640025e-01
7.053531542258176801e-01
1.915373560673903630e-01
2.956648244939046877e-01
4.820725044829434758e-01
5.640959167999263224e-01
2.956648244939046877e-01
4.298203690373942898e-01
5.288998258603512248e-01
7.194529011411029407e-01
7.301415090190335189e-01
5.861613063452523198e-01
8.303824711671952130e-01
7.350193198588370613e-01
7.415901248208738306e-01
4.627219234579684204e-01
7.747438175367020730e-01
6.861895128593934468e-01
6.419475169730630704e-01
5.467587299268116263e-01
5.258895190417101073e-01
6.713564300428838116e-01
6.347530716756830671e-01
7.335006899987106532e-01
3.816586993024719821e-01
6.964672360360014691e-01
4.640677102857850289e-01
7.588873990922776480e-01
4.824980157509848322e-01
7.141501089737355423e-01
4.886800339502746504e-01
7.824335570662936945e-01
7.194529011411029407e-01
4.959853117396778033e-01
8.706022630772717319e-01
6.821133922618721757e-01
9.044892916943244598e-01
8.247319417649339179e-01
7.923888290429998982e-01
8.316883453933009429e-01
5.490247923144037090e-01
8.044610851801834439e-01
8.570750544868679377e-01
8.267852485185051004e-01
9.411118609557111991e-01
9.005064703793039804e-01
8.301697155331745348e-01
8.667084052041497122e-01
8.294621956074198499e-01
9.307962763476667067e-01
9.035690161345489857e-01
9.193223745108343170e-01
9.447090836044009787e-01
9.640596646293759786e-01
8.930153898574918481e-01
7.611787475148618087e-01
9.894463737229429734e-01
9.271990536989767051e-01
8.566894558205375709e-01
7.862177193735344627e-01
8.046480248387343215e-01
7.677874139083348259e-01
8.386447490216679679e-01
7.194529011411028296e-01
7.493571084431351892e-01
8.350475263729780773e-01
9.074628740076712274e-01
7.845121498548573991e-01
4.623318252623543900e-01
4.113900635721944865e-01
9.008920690456344582e-01
7.939074589031263063e-01
8.570750544868678267e-01
7.525293497642615570e-01
8.256522173247091700e-01
7.304479050291041720e-01
8.484650393975007310e-01
7.493571084431351892e-01
6.842459016717032938e-01
8.431622472301335547e-01
6.079129313586928429e-01
7.431340407159924277e-01
4.623318252623545010e-01
6.959578451775486618e-01
9.447090836044009787e-01
5.586834290666776726e-01
5.324970485090412264e-01
7.887916063943097855e-01
8.141783154878765583e-01
9.087687482337767353e-01
9.742276922401029715e-01
9.640596646293762007e-01
9.247601482790749339e-01
8.676286807639251863e-01
8.561547789270923525e-01
8.939356654172674332e-01
9.123659708824670700e-01
9.054095672540998230e-01
7.562756506400660772e-01
8.501186508585008017e-01
6.998517030506709036e-01
8.119521657019955763e-01
7.887916063943097855e-01
7.485718144842332666e-01
7.993452326713670342e-01
7.310617845788088820e-01
7.192659614825519521e-01
7.152831401675315837e-01
6.563950011232424497e-01
7.972666398828034406e-01
8.374864317928799595e-01
8.446808770902598518e-01
6.842459016717032938e-01
7.415901248208738306e-01
6.865372500942874545e-01
9.386729555358090948e-01
8.114174888085506909e-01
8.386447490216681899e-01
5.782979271873045501e-02
1.151846753361744913e-01
1.151846753361744913e-01
8.049957620736284403e-01
2.104957333447513013e-01
5.782979271873045501e-02
5.930146499054800291e-01
6.641619847455036973e-01
7.899246375881059379e-01
9.571032610010087316e-01
6.792331092310263108e-01
8.307680698335255798e-01
7.903102362544361936e-01
9.123659708824670700e-01
9.373670813097034760e-01
8.694692318834756906e-01
8.128724412617708284e-01
9.894463737229428624e-01
8.820761649141043437e-01
9.307962763476667067e-01
8.673906390949120970e-01
8.903384427685770985e-01
8.824617635804348215e-01
8.755053599520675744e-01
7.551426194462701469e-01
9.561829854412334795e-01
8.775586667056392010e-01
7.681351511432290557e-01
7.865654566084285815e-01
6.277966680473159311e-01
6.509825133899939109e-01
8.326086209530764171e-01
7.303542646530540861e-01
4.965567131384172606e-01
7.728002063490118090e-01
7.993452326713669231e-01
5.772343386275832211e-01
5.451562204762736563e-01
5.511412465344035505e-01
7.075001013554390594e-01
8.407233418102316724e-01
8.440825227899088068e-01
4.412657967428180172e-01
5.677310008800525720e-01
5.102584316277504195e-01
7.068081066790380396e-01
5.089525574016446896e-01
5.286887370929500563e-01
4.023535459254666824e-01
3.757382066984637503e-01
5.288998258603511138e-01
5.426015443496844393e-01
5.485154014559509017e-01
2.842169552055501813e-01
4.044336599438273505e-01
5.725057516517166878e-01
4.115584070752207335e-01
1.151846753361744913e-01
4.623318252623545010e-01
7.239703993495683054e-01
8.280911227446108303e-01
4.738057270991870573e-01
5.959296386634074238e-01
6.710805269424345854e-01
7.718799307892365569e-01
5.538181936233181890e-01
