9.011184127233503594e-01
6.361765811187741759e-01
7.362124904247751012e-01
8.145450109226347601e-01
7.073546898245366421e-01
5.944073091033507117e-01
7.285119778522839429e-01
7.082427631425498582e-01
7.553639196910570952e-01
7.362124904247749901e-01
5.610720939303236454e-01
5.502953609744630770e-01
5.957548066722422320e-01
3.305203457333413808e-01
1.496174429092718416e-01
3.305203457333413808e-01
2.949495596734095781e-01
2.588691800668559972e-01
2.044900925287294891e-01
2.766545730968218986e-01
2.987007605350317507e-01
4.703031908526197347e-01
3.482806171446163335e-01
3.155980802469843804e-01
6.792045642680399897e-01
3.981096245811520662e-01
3.127349527033755350e-01
4.558252257816290953e-01
7.505265346621747824e-01
6.539619741487400217e-01
6.252709684650549216e-01
8.149551213223450441e-01
7.792039369881420541e-01
8.909340784710909622e-01
7.876930690838618299e-01
8.406771423589389780e-01
7.371005637427883173e-01
7.975052975213008377e-01
8.710004329902779618e-01
7.896745266181551814e-01
8.267352039363596861e-01
8.859162951679373510e-01
7.885811424018749349e-01
8.087200987809547437e-01
5.680807540044289228e-01
7.200228457565642781e-01
7.325607433579376382e-01
7.506567929928292804e-01
7.252703411851568749e-01
7.935179812255417353e-01
6.657785933486535246e-01
6.788324584532196004e-01
6.868056230457464384e-01
7.969893300181078999e-01
7.327411416322089366e-01
6.930406455871368498e-01
7.031255260446116484e-01
6.920531184743390352e-01
8.510038703005796679e-01
9.011184127233501373e-01
5.788574869602896023e-01
8.020071133212616221e-01
8.798616709008182379e-01
7.793843352624134635e-01
8.040129720827269288e-01
6.893274493104047940e-01
6.573704057324205596e-01
7.864328899510281135e-01
5.930047362811360356e-01
7.473907550985302572e-01
7.432610451133897511e-01
8.931452481308232993e-01
9.145443836427366024e-01
8.753598551008574535e-01
8.434028115228733302e-01
8.323304039526006060e-01
6.567120445398463291e-01
8.087200987809547437e-01
6.389266515098803723e-01
7.745627727788871875e-01
8.798616709008182379e-01
6.654968512499780386e-01
7.015297776828565146e-01
7.117141119351159118e-01
8.786014917679846326e-01
9.332178499907157754e-01
9.510032430206817322e-01
8.900460051530776351e-01
8.646595533454054516e-01
8.150853796529994311e-01
1.000000000000000000e+00
8.360314648706057561e-01
9.054778348339295180e-01
9.354290196504482235e-01
8.935173539456437997e-01
7.255660157995689197e-01
9.687886360506476890e-01
8.530097290620451966e-01
7.902763445584146673e-01
8.118193417587005190e-01
9.265048645310225428e-01
8.228917493289731322e-01
7.001795639918965142e-01
8.510038703005796679e-01
7.184270973948092553e-01
8.833330196933842915e-01
7.389919867189554958e-01
8.575744620708914967e-01
7.717832764847067928e-01
8.477622336334527109e-01
7.614185439581760972e-01
6.694303404154909876e-01
7.608411272450886775e-01
8.477622336334524888e-01
8.731486854411248943e-01
8.078320254629414165e-01
8.352243360320793508e-01
8.256174184929072624e-01
9.045897615159163019e-01
8.419373214917724724e-01
7.896745266181551814e-01
8.252453126780869841e-01
9.212573691024300571e-01
9.976464366508860371e-01
9.069433248650303758e-01
7.681315294178693298e-01
8.221460697003412088e-01
7.438135492024815498e-01
9.533568063697956951e-01
8.366898260631799866e-01
8.681309021379713942e-01
7.793843352624132415e-01
8.731486854411251164e-01
5.167564538823647968e-01
6.690582346006704872e-01
7.386963121045435621e-01
2.222754855586953626e-01
5.486521887911597339e-01
5.624869767760792838e-02
2.231997663045888480e-01
5.624869767760792838e-02
9.426951981245049184e-02
3.031904409762655184e-01
0.000000000000000000e+00
1.674028359392377430e-01
3.476975175143500185e-01
0.000000000000000000e+00
6.211412584799146375e-01
3.619628898071239331e-01
3.333834732769502818e-01
2.090967158826350925e-01
9.426951981245049184e-02
0.000000000000000000e+00
5.624869767760792838e-02
2.449837848965913945e-01
0.000000000000000000e+00
0.000000000000000000e+00
1.120549128424163932e-01
3.091826594313226706e-01
1.496174429092718416e-01
0.000000000000000000e+00
1.120549128424163932e-01
4.532434183060672916e-01
1.674028359392377430e-01
1.496174429092718416e-01
4.703031908526196792e-01
1.734135637095927385e-01
0.000000000000000000e+00
1.511339134388318128e-01
2.593787736134778310e-01
0.000000000000000000e+00
4.091820321514246794e-01
2.866901397031289545e-01
0.000000000000000000e+00
7.786265202750546344e-01
2.410837870368901514e-01
5.624869767760792838e-02
0.000000000000000000e+00
3.304952241146504877e-01
0.000000000000000000e+00
2.593787736134778310e-01
9.426951981245049184e-02
0.000000000000000000e+00
1.496174429092718416e-01
3.701028493162041300e-01
0.000000000000000000e+00
0.000000000000000000e+00
2.704511811837504442e-01
0.000000000000000000e+00
2.588691800668559972e-01
0.000000000000000000e+00
9.426951981245049184e-02
2.044900925287294891e-01
1.496174429092718416e-01
4.287450398164082133e-01
4.827151722052921423e-01
8.285113505723862293e-01
8.528429341454918378e-01
8.375778993811933137e-01
8.967589906127707566e-01
9.299762133235887074e-01
9.078313981830434809e-01
9.121908202936228616e-01
9.130788936116361887e-01
8.232638551437935215e-01
8.976470639307840838e-01
8.512335824260186534e-01
8.833330196933842915e-01
9.011184127233501373e-01
8.792033097082440074e-01
8.378076115066321883e-01
8.614179166782780506e-01
8.214877085077669783e-01
8.343362627140660237e-01
8.228917493289731322e-01
5.909359603107847692e-01
5.664375818211255798e-01
5.473920096583260175e-01
5.588365230434191311e-01
6.812104230295054075e-01
6.539619741487400217e-01
6.611374291393987690e-01
6.409984727603189603e-01
6.175934784869400174e-01
6.856358076290578474e-01
6.393123606824188121e-01
7.108260386171028067e-01
7.362124904247751012e-01
8.185323272183938625e-01
7.899042387435942780e-01
7.532400684673821178e-01
7.940339487287345621e-01
7.710254614973480747e-01
7.716028782104356054e-01
6.328720272427613702e-01
4.202544397216972927e-01
5.624869767760792838e-02
3.998872392161696432e-01
3.998872392161696987e-01
5.624869767760792838e-02
2.055130009769583765e-01
6.818687842220796380e-01
2.882365742137163456e-01
3.476975175143500185e-01
1.674028359392377430e-01
3.878882423461700313e-01
2.090967158826350925e-01
2.949244380547187405e-01
0.000000000000000000e+00
0.000000000000000000e+00
2.590310690258294524e-01
9.426951981245049184e-02
3.059968456249912983e-01
5.343381445537599417e-01
1.120549128424163932e-01
1.120549128424163932e-01
6.224150409704661824e-01
1.674028359392377430e-01
5.624869767760792838e-02
2.272793363461122207e-01
3.508904822368513754e-01
6.185335817781897338e-01
1.674028359392377430e-01
2.410837870368901514e-01
6.628232120592800758e-01
1.674028359392377430e-01
7.971697282923793093e-01
5.713758886437835249e-01
7.432610451133898621e-01
2.949495596734095781e-01
6.456396369695737159e-01
1.674028359392377430e-01
4.287450398164081578e-01
3.987895129179357956e-01
5.477641154731465178e-01
3.415676316849231564e-01
0.000000000000000000e+00
0.000000000000000000e+00
5.532153132603098156e-01
1.496174429092718416e-01
0.000000000000000000e+00
3.333834732769503373e-01
0.000000000000000000e+00
1.120549128424163932e-01
0.000000000000000000e+00
2.044900925287294891e-01
0.000000000000000000e+00
0.000000000000000000e+00
2.809153675050659049e-01
9.426951981245049184e-02
0.000000000000000000e+00
0.000000000000000000e+00
0.000000000000000000e+00
1.251190644196127078e-01
5.624869767760792838e-02
9.426951981245049184e-02
0.000000000000000000e+00
0.000000000000000000e+00
2.222754855586953626e-01
0.000000000000000000e+00
1.120549128424163932e-01
2.882365742137163456e-01
3.140595170440860784e-01
5.624869767760792838e-02
2.343708015771968911e-01
1.799917140390703274e-01
6.032794342495404472e-01
3.987895129179357956e-01
1.120549128424163932e-01
6.788324584532196004e-01
8.147747230480736347e-01
2.949495596734095781e-01
4.035210408433355100e-01
0.000000000000000000e+00
4.439456893728299103e-01
0.000000000000000000e+00
1.799917140390703274e-01
2.222754855586953626e-01
0.000000000000000000e+00
9.426951981245049184e-02
6.646988124900911066e-01
6.154343388004438475e-01
5.624869767760792838e-02
5.960410620499959622e-01
9.426951981245049184e-02
1.674028359392377430e-01
3.765553181145885886e-01
5.477641154731464068e-01
0.000000000000000000e+00
1.674028359392377430e-01
4.601188566003603375e-01
6.125662759471283136e-01
0.000000000000000000e+00
1.251190644196127078e-01
1.120549128424163932e-01
1.120549128424163932e-01
8.182460718406399103e-01
0.000000000000000000e+00
0.000000000000000000e+00
2.044900925287294891e-01
8.766200342336910589e-01
9.426951981245049184e-02
2.044900925287294891e-01
