3.803127830449874458e-01
4.201853930961418904e-01
4.339390855892428789e-01
4.643699708495543921e-01
3.151390448221064733e-01
4.560313744659491020e-01
4.560313744659491020e-01
3.980931042194356673e-01
3.803127830449874458e-01
3.803127830449875013e-01
3.803127830449874458e-01
4.797974697917143927e-01
5.239820475451267834e-01
5.156434511615214378e-01
5.018897586684205603e-01
4.577051809150081696e-01
4.797974697917143927e-01
4.178325708638536695e-01
3.968434103943851432e-01
4.577051809150081696e-01
5.156434511615215488e-01
5.156434511615214378e-01
4.577051809150080586e-01
4.577051809150080586e-01
6.236132997096666131e-01
7.829268642886106910e-01
8.275736566886078283e-01
8.634196380584148178e-01
8.359122530722131739e-01
8.634196380584150399e-01
8.329887527981034712e-01
9.021891197023317321e-01
8.275736566886078283e-01
8.275736566886078283e-01
8.717582344420202745e-01
8.938505233187263865e-01
9.159428121954328317e-01
8.623165096511771210e-01
8.402242207744712310e-01
8.496659455653142734e-01
8.895385556164685514e-01
8.895385556164685514e-01
8.246501564144981256e-01
1.000000000000000000e+00
8.359122530722130628e-01
8.119995923286349448e-01
7.569848223562311018e-01
9.032922481095696510e-01
9.242814085790381773e-01
8.811999592328632058e-01
8.757848631233677850e-01
8.895385556164686625e-01
8.895385556164685514e-01
8.884354272092308547e-01
7.004350195378661326e-01
8.442508494558186305e-01
7.529581936748837023e-01
9.021891197023319542e-01
8.359122530722130628e-01
7.829268642886105800e-01
7.152918404382045958e-01
7.750504825515898144e-01
6.848609551778930271e-01
6.310274668001026876e-01
7.348925334795247677e-01
2.980299476161724082e-01
3.117836401092733412e-01
3.338759289859796198e-01
3.338759289859796198e-01
3.338759289859796198e-01
3.338759289859796198e-01
3.643068142462910775e-01
3.117836401092733412e-01
3.643068142462911330e-01
3.422145253695849099e-01
3.643068142462910775e-01
3.422145253695849099e-01
2.980299476161724082e-01
3.338759289859796198e-01
3.338759289859796198e-01
3.338759289859796198e-01
3.338759289859796198e-01
3.733303458193504287e-01
3.954226346960566518e-01
4.935511622848153812e-01
4.714588734081091581e-01
5.825309213444321843e-01
5.899735751543347950e-01
6.321759794622109352e-01
6.405145758458163918e-01
6.405145758458163918e-01
7.645056293535094083e-01
6.587117274119785870e-01
8.275736566886078283e-01
8.097933355141595513e-01
5.552307221917655022e-01
7.750504825515901475e-01
8.938505233187264976e-01
7.707385148493318683e-01
5.507418788638335228e-01
8.895385556164685514e-01
8.036609959450293772e-01
6.066507679215453752e-01
7.290455329313055843e-01
7.254508086886817253e-01
6.185840885477744688e-01
7.182153407123144095e-01
8.591076703561568717e-01
7.294774373700290138e-01
5.564573880412494455e-01
4.356128920383019465e-01
6.236132997096667241e-01
7.736620151234415710e-01
5.374504010173172253e-01
7.815687070683235982e-01
6.413936208841148900e-01
6.330550245005096555e-01
2.386026640148177225e-01
8.271114420420232483e-01
7.569848223562313239e-01
7.554194793024087140e-01
6.763605572156234924e-01
8.043782394046637974e-01
4.051820067779903778e-01
6.641268235214742299e-01
6.931995515614983727e-01
6.100836905855048231e-01
3.816689422029557743e-01
6.077538963287830720e-01
8.496659455653139403e-01
5.748314152330854521e-01
6.227342546713680038e-01
4.258535199563681650e-01
7.376391581279604370e-01
3.595766533262494402e-01
5.337910472668130346e-01
3.239665959916774862e-01
1.966261665642752843e-01
1.966261665642752843e-01
5.515713684412612006e-01
4.422776819728481690e-01
1.317982256641851424e-01
1.966261665642752843e-01
4.935511622848153812e-01
2.606949528915240011e-01
2.386026640148177225e-01
4.282156224832699420e-01
2.386026640148177225e-01
5.070195157570055455e-01
4.096423633864558211e-01
3.954226346960566518e-01
1.966261665642752843e-01
1.317982256641851424e-01
4.892391945825572686e-01
2.386026640148177225e-01
2.797820182382649845e-01
6.624566158133318727e-02
7.960396430210584517e-01
6.542682683389172693e-01
4.577051809150081696e-01
1.745338776875690334e-01
6.999728048912813305e-01
5.559951733946646435e-01
5.899735751543347950e-01
7.707385148493319793e-01
4.201853930961419459e-01
3.422145253695849099e-01
5.785496769179555576e-01
7.044616482192131990e-01
5.559951733946646435e-01
5.604386324677260722e-01
7.815687070683233761e-01
8.712960197954356945e-01
5.653250609343621891e-01
8.800968308256253980e-01
6.017450942018993665e-01
8.275736566886078283e-01
7.211388409864241122e-01
7.667118861679848019e-01
9.159428121954328317e-01
7.612967900584889369e-01
7.612967900584889369e-01
6.855781986375273362e-01
6.945577087817855766e-01
7.691731717955095915e-01
8.658809236859398295e-01
8.663431383325245205e-01
7.160090838978389050e-01
7.076704875142334483e-01
6.616655378939492183e-01
5.113314834592636027e-01
7.236304368218100525e-01
7.376391581279604370e-01
8.496659455653141624e-01
8.370153814794507596e-01
8.149230926027444255e-01
8.442508494558182974e-01
8.054813678119013831e-01
7.554194793024086030e-01
8.221585605791120743e-01
7.592692323580820801e-01
6.217929278427947182e-01
7.457227256985161645e-01
6.395732490172429952e-01
2.081717787545062370e-01
2.386026640148177225e-01
1.966261665642752843e-01
1.966261665642752843e-01
2.386026640148177225e-01
2.386026640148177225e-01
4.858231694540020018e-01
2.606949528915240011e-01
5.211404831809498539e-01
7.612967900584891590e-01
4.201853930961418904e-01
4.118467967125366558e-01
3.803127830449874458e-01
4.201853930961418904e-01
4.201853930961418904e-01
4.201853930961418904e-01
3.582204941682812227e-01
3.980931042194356673e-01
4.339390855892428789e-01
3.582204941682812227e-01
3.747511215176789201e-01
4.858231694540020018e-01
4.858231694540020573e-01
4.178325708638537250e-01
4.935511622848152702e-01
4.399248597405598926e-01
4.941617658376072919e-01
4.637308805772958342e-01
6.488077879745508536e-01
9.116308444931747745e-01
9.062157483836791316e-01
8.728613628492579712e-01
7.211388409864237792e-01
7.265539370959194221e-01
7.540613220821213991e-01
7.775117681791148261e-01
8.645227664656527367e-01
6.459296719553120347e-01
7.337894050722872930e-01
7.116971161955807368e-01
6.448265435480742269e-01
7.608345754119044679e-01
7.569848223562309908e-01
1.966261665642752843e-01
1.317982256641851424e-01
7.160090838978389050e-01
6.375910755717065781e-01
6.449580349188774875e-01
5.383463435910197381e-01
6.100836905855049341e-01
5.568742184329633638e-01
4.752001630685456779e-01
3.018743071149712631e-01
3.863991031229973561e-01
3.803127830449875013e-01
2.581573375650179081e-01
3.980931042194356673e-01
1.966261665642752843e-01
7.249885940420972563e-01
4.178325708638536695e-01
2.714434218546597499e-01
8.580045419489195080e-01
7.899073034519286107e-01
6.366194385352722529e-01
8.591076703561569827e-01
7.667118861679848019e-01
8.674462667397624394e-01
7.486462259726258672e-01
8.884354272092308547e-01
7.446195972912784677e-01
2.714434218546597499e-01
1.723257973846989977e-01
1.723257973846989977e-01
1.723257973846989977e-01
1.723257973846989977e-01
1.723257973846989977e-01
2.355974404848525383e-01
2.355974404848525383e-01
2.355974404848525383e-01
2.714434218546596944e-01
2.797820182382649845e-01
2.355974404848525383e-01
3.018743071149712631e-01
2.355974404848525383e-01
3.018743071149712631e-01
2.355974404848525383e-01
3.422145253695848544e-01
2.980299476161724082e-01
3.422145253695848544e-01
3.595766533262494957e-01
3.595766533262494957e-01
3.197040432750950512e-01
4.037612310796619419e-01
3.595766533262494957e-01
4.560313744659491020e-01
4.577051809150081696e-01
6.077538963287830720e-01
6.321759794622110462e-01
6.855781986375274473e-01
7.373841293149109299e-01
5.910767035615724918e-01
7.500346934007739996e-01
7.899073034519284997e-01
6.767773876073374106e-01
5.689844146848662687e-01
8.097933355141593292e-01
8.811999592328632058e-01
8.591076703561569827e-01
7.750504825515900365e-01
7.033585198119758353e-01
8.575423273023348170e-01
7.734851394977676486e-01
7.376391581279605481e-01
7.833890789351953821e-01
8.095079964932488936e-01
8.507690739725516371e-01
7.955774283744738717e-01
9.116308444931747745e-01
8.413273491817087057e-01
6.855781986375272252e-01
7.279424045240678876e-01
5.569864645507569545e-01
4.800215531606534802e-01
3.748134033079537075e-01
2.606949528915240011e-01
1.317982256641851424e-01
2.606949528915240011e-01
1.966261665642752843e-01
3.239665959916774862e-01
1.966261665642752843e-01
4.686173090439320066e-01
4.339390855892428789e-01
6.435998776985902836e-01
5.468921258081600456e-01
6.531197556768090218e-01
4.676260178878399731e-01
6.287430567982515983e-01
5.782492638500353888e-01
4.806152591780413763e-01
5.374504010173171142e-01
5.856616074520768489e-01
5.457889974009224598e-01
6.077538963287830720e-01
5.653250609343623001e-01
6.095096386877746353e-01
5.116987583901068115e-01
5.736636573179674237e-01
5.073867906878488654e-01
5.736636573179674237e-01
6.178482350713799809e-01
5.337910472668130346e-01
6.095096386877746353e-01
5.736636573179675347e-01
5.162540547143136260e-01
5.162540547143136260e-01
4.332999953169842655e-01
4.096423633864558211e-01
4.720694769609012353e-01
4.577051809150081696e-01
5.239820475451268944e-01
4.399248597405598926e-01
3.968434103943851432e-01
4.797974697917143927e-01
4.178325708638536695e-01
3.874016856035421563e-01
4.577051809150081696e-01
4.399248597405598926e-01
4.201853930961418904e-01
4.201853930961418904e-01
3.980931042194356673e-01
4.201853930961418904e-01
4.201853930961418904e-01
3.595766533262494402e-01
1.957248304336980382e-01
1.957248304336980382e-01
2.355974404848525383e-01
2.355974404848525383e-01
2.355974404848525383e-01
1.957248304336980382e-01
3.018743071149712631e-01
2.355974404848525383e-01
2.355974404848525383e-01
2.355974404848525383e-01
2.714434218546597499e-01
2.714434218546596944e-01
7.612967900584891590e-01
8.800968308256256201e-01
8.054813678119014941e-01
8.359122530722130628e-01
8.757848631233674519e-01
8.232616889863496601e-01
8.811999592328632058e-01
7.403076295890204106e-01
9.116308444931746635e-01
6.763605572156236034e-01
8.329887527981033601e-01
8.097933355141593292e-01
7.362810009076732332e-01
9.242814085790378442e-01
8.095079964932487826e-01
8.216963459325276053e-01
9.199694408767802312e-01
9.337231333698811087e-01
9.242814085790380663e-01
7.912654606722161477e-01
9.032922481095694289e-01
8.895385556164685514e-01
8.949536517259641943e-01
6.632005707399103445e-01
7.214241800073343258e-01
8.717582344420202745e-01
8.149230926027446476e-01
9.253845369862757630e-01
8.623165096511773431e-01
9.242814085790380663e-01
8.728613628492579712e-01
9.021891197023316211e-01
8.938505233187264976e-01
8.575423273023348170e-01
7.612967900584890479e-01
8.275736566886076062e-01
8.591076703561569827e-01
9.062157483836791316e-01
8.095079964932487826e-01
8.370153814794507596e-01
7.833890789351952710e-01
8.329887527981033601e-01
9.199694408767800091e-01
7.667118861679846908e-01
7.511378218080118074e-01
8.674462667397624394e-01
8.674462667397622173e-01
9.116308444931749966e-01
8.119995923286349448e-01
7.348925334795247677e-01
7.044616482192134210e-01
8.800968308256256201e-01
7.304036901515928992e-01
8.536925742466611178e-01
7.475430975653879484e-01
8.437886348092336064e-01
6.846991535992286160e-01
5.216691508238092689e-01
6.178482350713799809e-01
6.227342546713681148e-01
6.542682683389172693e-01
6.276399283910139015e-01
7.601936616512512401e-01
7.076704875142335593e-01
7.518550652676458945e-01
6.909932947470229792e-01
7.160090838978387939e-01
7.214241800073343258e-01
8.275736566886079393e-01
8.634196380584150399e-01
6.988696764840436337e-01
8.811999592328633168e-01
8.580045419489192859e-01
9.558154222465872207e-01
9.021891197023317321e-01
7.691731717955098135e-01
8.043782394046636863e-01
7.829268642886106910e-01
8.507690739725518592e-01
8.095079964932488936e-01
8.275736566886078283e-01
9.116308444931747745e-01
7.966805567817116795e-01
8.413273491817087057e-01
8.138199641955067287e-01
7.558816939489932940e-01
9.199694408767800091e-01
7.982458998355338453e-01
7.678150145752223876e-01
8.507690739725518592e-01
9.380351010721389438e-01
8.203381887122402905e-01
9.032922481095694289e-01
8.437886348092337174e-01
7.612967900584890479e-01
8.811999592328632058e-01
8.507690739725516371e-01
7.739473541443521176e-01
8.370153814794507596e-01
9.021891197023317321e-01
8.050191531653168031e-01
7.304036901515928992e-01
7.524959790282989003e-01
9.021891197023319542e-01
7.594764181916171530e-01
8.316002853699552277e-01
7.833890789351952710e-01
8.232616889863496601e-01
6.729276345516641555e-01
7.470808829188034794e-01
6.794458590683974952e-01
6.999728048912814415e-01
6.546850987306311875e-01
7.612967900584890479e-01
7.833890789351952710e-01
8.192350603050024827e-01
7.293005617443552024e-01
7.166499976584917997e-01
7.069532440545992502e-01
4.797974697917143927e-01
4.577051809150080586e-01
4.797974697917143927e-01
3.747511215176789756e-01
4.763814446631591260e-01
5.162540547143135150e-01
4.101045780330403456e-01
4.763814446631590704e-01
4.941617658376072919e-01
5.383463435910197381e-01
4.907095979206383962e-01
6.321759794622110462e-01
6.227342546713680038e-01
6.017450942018993665e-01
5.923033694110565461e-01
7.387422865351982448e-01
6.756742592000998249e-01
7.304036901515928992e-01
6.587117274119784760e-01
7.734851394977677597e-01
6.336959382611627722e-01
5.116987583901068115e-01
5.856616074520768489e-01
4.422776819728481690e-01
7.150846546046697449e-01
3.422145253695848544e-01
1.317982256641851424e-01
4.449596771134035067e-01
4.602787126603267720e-01
4.037612310796619419e-01
2.386026640148177225e-01
3.018743071149712631e-01
6.616655378939491072e-01
2.797820182382649845e-01
2.797820182382649845e-01
4.118467967125366558e-01
3.018743071149712631e-01
2.606949528915240011e-01
3.239665959916774862e-01
5.631374141366470853e-01
4.907095979206382297e-01
1.966261665642752843e-01
2.386026640148177225e-01
4.752001630685456779e-01
3.018743071149712631e-01
2.797820182382649845e-01
5.678812862776287940e-01
4.935511622848152702e-01
3.954226346960566518e-01
3.239665959916774862e-01
5.216691508238091579e-01
2.606949528915240011e-01
3.018743071149712631e-01
3.643068142462911330e-01
2.386026640148177225e-01
3.018743071149712631e-01
4.037612310796619419e-01
6.227342546713680038e-01
2.386026640148177225e-01
2.386026640148177225e-01
6.837578267706555524e-01
3.018743071149712631e-01
3.201222364928786313e-01
4.332999953169843765e-01
4.339390855892428789e-01
3.733303458193504842e-01
1.441029924272575202e-01
2.797820182382649845e-01
4.332999953169842655e-01
4.201853930961419459e-01
2.766225939289202462e-01
2.980299476161724082e-01
5.521000360841207266e-01
5.559951733946648655e-01
7.076704875142334483e-01
7.971427714282963706e-01
7.457227256985161645e-01
6.587117274119784760e-01
6.409314062375303100e-01
8.275736566886078283e-01
8.623165096511773431e-01
6.239991846572701117e-01
5.678812862776286829e-01
5.116987583901068115e-01
5.736636573179674237e-01
5.736636573179674237e-01
5.874173498110685232e-01
5.337910472668130346e-01
4.332999953169843765e-01
5.736636573179675347e-01
7.076704875142335593e-01
6.772396022539219906e-01
6.616655378939492183e-01
7.373841293149109299e-01
6.754192303870500957e-01
7.207069365477003497e-01
7.457227256985161645e-01
6.754192303870503178e-01
6.413936208841148900e-01
7.160090838978387939e-01
4.797974697917143927e-01
4.797974697917143927e-01
5.239820475451267834e-01
4.797974697917143927e-01
4.714588734081091581e-01
4.577051809150081696e-01
4.935511622848152702e-01
8.437886348092337174e-01
7.524959790282990113e-01
7.515697262467351258e-01
9.159428121954328317e-01
8.938505233187264976e-01
8.717582344420202745e-01
9.504003261370915778e-01
8.192350603050024827e-01
7.155468692512542139e-01
7.513928506210615366e-01
8.424304775889464025e-01
8.054813678119014941e-01
6.178482350713799809e-01
8.370153814794507596e-01
8.496659455653141624e-01
8.796346161790409290e-01
9.105277160859370778e-01
6.907079557261123215e-01
9.253845369862757630e-01
8.938505233187264976e-01
7.608345754119044679e-01
7.982458998355338453e-01
7.822859505279575743e-01
6.366194385352722529e-01
8.496659455653139403e-01
7.960396430210584517e-01
9.021891197023319542e-01
9.253845369862758741e-01
8.192350603050025937e-01
9.337231333698811087e-01
8.591076703561569827e-01
6.616655378939492183e-01
8.359122530722128408e-01
7.513928506210615366e-01
7.083114012748867871e-01
7.982458998355340674e-01
7.899073034519288328e-01
8.485628171580764656e-01
6.975115192637564299e-01
8.663431383325245205e-01
8.354500384256283718e-01
7.348925334795247677e-01
9.779077111232936659e-01
7.236304368218100525e-01
8.216963459325273833e-01
7.899073034519286107e-01
8.884354272092309657e-01
7.608345754119043569e-01
8.800968308256256201e-01
8.149230926027444255e-01
7.254508086886817253e-01
7.236304368218099414e-01
8.149230926027446476e-01
8.370153814794508706e-01
7.971427714282963706e-01
7.912654606722161477e-01
8.370153814794507596e-01
8.232616889863496601e-01
7.554194793024087140e-01
9.021891197023319542e-01
8.192350603050022606e-01
7.745882679050053454e-01
7.957543040001477941e-01
6.120658640310410181e-01
5.856616074520768489e-01
5.635693185753706258e-01
6.330550245005095444e-01
7.430542542374561910e-01
7.971427714282963706e-01
7.888041750446909139e-01
7.209619653607499679e-01
9.337231333698809976e-01
8.286767850958453030e-01
9.062157483836793537e-01
7.928308037260382024e-01
7.957543040001476831e-01
8.591076703561569827e-01
8.674462667397624394e-01
6.794458590683973842e-01
7.815687070683232651e-01
7.373841293149109299e-01
7.736620151234415710e-01
8.260083136347854404e-01
8.575423273023348170e-01
7.608345754119044679e-01
8.260083136347854404e-01
8.370153814794507596e-01
6.700041342775545639e-01
8.039160247580793284e-01
7.960396430210585628e-01
7.960396430210584517e-01
7.667118861679846908e-01
6.449883451267386381e-01
7.874157076165424485e-01
8.232616889863498821e-01
9.032922481095694289e-01
8.634196380584150399e-01
9.032922481095696510e-01
8.014547391305540947e-01
7.430542542374561910e-01
8.536925742466611178e-01
8.149230926027444255e-01
9.779077111232935549e-01
8.938505233187264976e-01
9.242814085790381773e-01
8.938505233187264976e-01
8.866150553423590708e-01
8.674462667397624394e-01
8.221585605791120743e-01
7.196038081404625419e-01
8.133577495489220377e-01
7.594764181916169310e-01
8.591076703561568717e-01
8.728613628492579712e-01
5.825309213444321843e-01
9.474768258629819861e-01
9.087073442190651829e-01
9.474768258629819861e-01
8.949536517259641943e-01
9.170459406026705285e-01
7.844922073424330788e-01
9.021891197023317321e-01
8.949536517259641943e-01
9.021891197023317321e-01
8.413273491817087057e-01
8.706551060347826887e-01
8.800968308256256201e-01
8.800968308256256201e-01
9.032922481095694289e-01
9.641540186301926774e-01
9.159428121954328317e-01
7.844922073424330788e-01
7.486462259726258672e-01
9.326200049626433008e-01
9.724926150137978009e-01
9.021891197023316211e-01
7.917276753188003946e-01
8.800968308256253980e-01
8.507690739725518592e-01
9.032922481095694289e-01
8.796346161790407070e-01
9.032922481095694289e-01
8.811999592328633168e-01
8.591076703561572048e-01
9.170459406026705285e-01
8.496659455653141624e-01
8.192350603050025937e-01
8.811999592328633168e-01
8.271114420420231372e-01
8.286767850958453030e-01
5.604386324677260722e-01
5.825309213444321843e-01
6.095096386877747463e-01
8.800968308256256201e-01
7.815687070683233761e-01
8.507690739725518592e-01
6.680219608320182578e-01
7.225273084145722446e-01
8.895385556164685514e-01
6.627686663011870261e-01
7.196038081404626530e-01
7.362810009076733442e-01
8.402242207744712310e-01
8.359122530722130628e-01
8.442508494558184085e-01
8.399388817535602403e-01
6.713622914978418788e-01
7.608345754119043569e-01
6.341581529077473522e-01
8.496659455653139403e-01
7.304036901515930102e-01
8.370153814794508706e-01
8.054813678119017162e-01
6.950199234283703786e-01
8.011694001096435480e-01
8.133577495489220377e-01
7.707385148493319793e-01
6.587117274119784760e-01
6.680219608320182578e-01
9.159428121954328317e-01
7.511378218080118074e-01
7.829268642886106910e-01
7.833890789351952710e-01
7.225273084145722446e-01
6.077538963287830720e-01
6.131689924382789370e-01
5.994152999451778374e-01
5.348941756740508424e-01
4.493665845314029350e-01
4.797974697917143927e-01
4.339390855892428789e-01
4.560313744659491020e-01
5.392707728841891202e-01
7.608345754119045790e-01
7.403076295890204106e-01
7.376391581279604370e-01
6.846537693443580652e-01
3.733303458193504842e-01
4.935511622848153812e-01
7.430542542374561910e-01
6.131689924382786039e-01
6.227342546713682259e-01
2.386026640148177225e-01
3.954226346960566518e-01
6.624566158133318727e-02
6.624566158133318727e-02
5.446858689936846520e-01
3.863991031229973561e-01
4.449596771134035067e-01
5.923033694110565461e-01
1.745338776875690334e-01
4.935511622848153812e-01
3.239665959916774862e-01
1.317982256641851424e-01
5.300077472074146145e-01
4.577051809150080586e-01
6.330550245005094334e-01
7.569848223562309908e-01
5.736636573179674237e-01
8.232616889863498821e-01
6.931995515614984837e-01
3.338759289859796198e-01
2.714434218546596944e-01
2.386026640148177225e-01
4.118467967125366558e-01
2.606949528915240011e-01
5.787114784966200798e-01
1.745338776875690334e-01
2.606949528915240011e-01
5.552307221917655022e-01
4.714588734081091581e-01
2.081717787545061815e-01
2.581573375650179081e-01
4.560313744659491020e-01
8.275736566886078283e-01
3.018743071149712631e-01
2.714434218546596944e-01
5.309321765005836635e-01
3.733303458193504287e-01
2.714434218546596944e-01
5.796528053251933654e-01
6.591739420585631670e-01
6.542228840840467186e-01
7.171122123050764907e-01
6.616655378939493293e-01
8.187728456584179026e-01
7.069532440545993612e-01
7.297627763909397824e-01
6.046232102211385184e-01
6.215075888218840605e-01
6.077538963287830720e-01
7.513928506210615366e-01
7.371769434813758570e-01
5.899735751543347950e-01
4.449596771134035067e-01
6.323377810408754574e-01
3.468937680026860093e-01
4.178325708638537250e-01
6.106773966028926637e-01
3.239665959916774862e-01
3.643068142462910775e-01
5.334237723359698258e-01
5.460743364218331175e-01
4.943689516711424758e-01
4.037612310796619419e-01
5.515713684412613116e-01
5.337910472668130346e-01
2.714434218546597499e-01
6.546850987306312986e-01
8.370153814794508706e-01
6.624566158133318727e-02
4.258535199563681650e-01
5.825309213444321843e-01
7.558816939489932940e-01
1.745338776875690334e-01
6.227342546713680038e-01
8.591076703561569827e-01
3.510934895871504202e-01
1.097059367874789054e-01
3.980931042194356673e-01
3.616080325773700088e-01
4.459505594028475572e-01
5.116987583901068115e-01
2.493511329779534991e-01
2.386026640148177225e-01
2.714434218546596944e-01
4.339390855892428789e-01
1.745338776875690334e-01
2.714434218546597499e-01
2.493511329779534991e-01
2.386026640148177225e-01
1.745338776875690334e-01
1.317982256641851424e-01
2.355974404848525383e-01
6.624566158133318727e-02
3.117836401092733412e-01
2.797820182382649845e-01
1.317982256641851424e-01
1.966261665642752843e-01
3.643068142462910775e-01
1.317982256641851424e-01
1.966261665642752843e-01
2.606949528915240011e-01
4.449596771134035622e-01
1.745338776875690334e-01
2.980299476161724082e-01
6.215075888218840605e-01
2.386026640148177225e-01
1.317982256641851424e-01
1.966261665642752843e-01
2.386026640148177225e-01
2.386026640148177225e-01
3.422145253695849099e-01
2.714434218546597499e-01
1.966261665642752843e-01
3.239665959916774862e-01
2.386026640148177225e-01
2.606949528915240011e-01
1.745338776875690334e-01
3.018743071149712631e-01
2.797820182382649845e-01
2.386026640148177225e-01
1.966261665642752843e-01
3.018743071149712631e-01
1.317982256641851424e-01
3.018743071149712631e-01
4.858231694540020018e-01
1.317982256641851424e-01
2.714434218546596944e-01
2.714434218546596944e-01
1.966261665642752843e-01
6.624566158133318727e-02
1.097059367874789054e-01
1.317982256641851424e-01
5.128018867973445083e-01
2.386026640148177225e-01
2.386026640148177225e-01
4.907095979206382852e-01
3.018743071149712631e-01
6.624566158133318727e-02
5.016044196475100136e-01
3.338759289859796198e-01
6.406763774244805809e-01
5.604386324677259612e-01
3.199604349142142201e-01
2.081717787545061815e-01
3.874016856035421563e-01
2.714434218546596944e-01
1.317982256641851424e-01
2.081717787545061815e-01
2.606949528915240011e-01
1.317982256641851424e-01
6.624566158133318727e-02
2.355974404848525383e-01
6.624566158133318727e-02
3.018743071149712631e-01
1.745338776875690334e-01
6.624566158133318727e-02
3.117836401092733412e-01
2.386026640148177225e-01
2.386026640148177225e-01
2.386026640148177225e-01
2.714434218546597499e-01
1.966261665642752843e-01
1.966261665642752843e-01
1.745338776875690334e-01
1.097059367874789054e-01
2.165103751381114716e-01
1.745338776875690334e-01
3.018743071149712631e-01
1.745338776875690334e-01
2.165103751381114716e-01
3.018743071149712631e-01
2.386026640148177225e-01
3.018743071149712631e-01
1.966261665642752843e-01
3.018743071149712631e-01
3.422145253695849099e-01
1.317982256641851424e-01
4.907095979206382297e-01
3.018743071149712631e-01
3.239665959916774862e-01
3.239665959916774862e-01
3.018743071149712631e-01
3.239665959916774862e-01
5.827381071779672572e-01
6.542682683389172693e-01
3.954226346960566518e-01
3.980931042194356673e-01
3.643068142462910775e-01
3.018743071149712631e-01
2.386026640148177225e-01
1.317982256641851424e-01
2.606949528915240011e-01
2.081717787545061815e-01
4.560313744659491020e-01
5.924348607818598067e-01
6.007734571654652633e-01
6.920964231542606759e-01
6.837578267706553303e-01
4.035082003289313657e-01
0.000000000000000000e+00
7.166499976584919107e-01
5.773230110684716143e-01
4.339390855892428789e-01
8.949536517259640833e-01
6.457055885863728362e-01
3.512380569426442056e-01
5.113314834592636027e-01
5.923033694110565461e-01
6.740307629589017413e-01
7.955774283744738717e-01
2.386026640148177225e-01
3.510934895871504202e-01
1.966261665642752843e-01
5.604386324677259612e-01
6.982287627233904059e-01
3.374843644495432726e-01
2.386026640148177225e-01
5.789665073096695869e-01
6.366194385352723639e-01
1.317982256641851424e-01
6.634859097608210021e-01
4.858685537088727746e-01
3.018743071149712631e-01
3.422145253695849099e-01
3.239665959916774862e-01
5.559951733946646435e-01
3.239665959916774862e-01
3.643068142462910775e-01
4.579292642839472571e-01
6.178482350713799809e-01
4.258535199563681650e-01
7.155468692512542139e-01
7.294774373700290138e-01
7.069532440545993612e-01
3.954226346960566518e-01
5.736636573179674237e-01
3.863991031229973561e-01
7.667118861679848019e-01
6.862191123981804530e-01
7.475430975653880594e-01
7.558816939489932940e-01
5.899735751543347950e-01
8.138199641955069508e-01
8.492037309187294714e-01
7.196038081404626530e-01
