6.344732744352057363e-01
7.761304286186314627e-01
7.597734009376152509e-01
3.741852068336034565e-01
3.475091221860600599e-01
6.453127813275276736e-01
3.628556931493540083e-01
8.656525609651138931e-01
6.076693280838275230e-02
7.275251985254709286e-01
4.150721887716560810e-01
8.217676997765098745e-01
4.858133781931219808e-01
1.210348351195396910e-01
1.210348351195396910e-01
2.792584377149635588e-01
6.076693280838275230e-02
6.076693280838275230e-02
1.210348351195396910e-01
6.076693280838275230e-02
7.087206618349671805e-01
5.609177993664068440e-01
7.947262165308673909e-01
8.869529620584574170e-01
9.669812160010874402e-01
9.063193315574618047e-01
9.235015378011529608e-01
8.838017830059745616e-01
9.225345220039831151e-01
8.713665159642096647e-01
8.446904313166662126e-01
8.262910776148318925e-01
8.529671622623752336e-01
8.101162284147138681e-01
8.186430910213962076e-01
9.069480759097350298e-01
8.342295371156441819e-01
6.986649506226142448e-01
8.535959066146484586e-01
7.480821451852489590e-01
7.567640591196271860e-01
8.134909688308009645e-01
9.043852999631221135e-01
6.992267834311148844e-01
9.466478307049136509e-01
8.033683460746752214e-01
9.697941236086738970e-01
9.780708545543830290e-01
1.000000000000000000e+00
7.567640591196270750e-01
8.951415532202436909e-01
8.580927141556009552e-01
8.932956614098268577e-01
8.727121444526789729e-01
8.326337769662012223e-01
7.597734009376152509e-01
7.481805414991915537e-01
9.974372240533871947e-01
7.792550373737447966e-01
8.028065132661748038e-01
8.774590836546051209e-01
9.079150917069048754e-01
7.903446759270403854e-01
6.259180900053898933e-01
8.482202230604490856e-01
7.199653517159582128e-01
4.945000201851463273e-01
7.408708263506523783e-01
8.774590836546051209e-01
5.525991286821591020e-01
5.789086200616725408e-01
6.883872765387931691e-01
6.784882151462715560e-01
8.723335317613793993e-01
7.826297777898320041e-01
7.879369513081229126e-01
8.760868848687660693e-01
9.776656715657134900e-01
9.006053765583658111e-01
7.480821451852489590e-01
7.868148841832576235e-01
7.513883755654277019e-01
8.796432469099184637e-01
7.790999860460492421e-01
7.407724300367100057e-01
6.117071927148804988e-01
8.324521553411359243e-01
5.962757979483283011e-01
7.865913228196534934e-01
9.355581921516178401e-01
6.719605441519375111e-01
8.178725094346279700e-01
7.675469109981958304e-01
8.488489674127223106e-01
8.387263446565965674e-01
8.932956614098266357e-01
8.725570931249834183e-01
9.187545985992267017e-01
9.466478307049134289e-01
9.926902848514610467e-01
8.988279947838573314e-01
7.748566261467348948e-01
8.399434921147402866e-01
8.932956614098268577e-01
9.190047302602003532e-01
8.097110454260446621e-01
9.383710997592046299e-01
8.923286456126570121e-01
8.796432469099184637e-01
9.936573006486307813e-01
9.539575458534524932e-01
9.573322862695394786e-01
9.891604931076782847e-01
8.241069143595185498e-01
8.058158550841628687e-01
9.061377099323965068e-01
9.513947699068395769e-01
8.409105079119099102e-01
7.792550373737449076e-01
7.612608666605795715e-01
9.282484770030788868e-01
9.237516694621263902e-01
8.725570931249833073e-01
9.853805697029219823e-01
9.355581921516180621e-01
9.656090172152482776e-01
9.329954162050050348e-01
8.484437844240531046e-01
9.079150917069048754e-01
8.735241089221531530e-01
9.389329325677051585e-01
8.529671622623752336e-01
8.920785139516835827e-01
8.920785139516833606e-01
8.656525609651135600e-01
8.650238166128404460e-01
8.294825979137180338e-01
8.259528061699353829e-01
8.531907236259792526e-01
8.593098616137442303e-01
7.716336210776789661e-01
6.330059953160888098e-01
6.658962982846754475e-01
9.164419543135873258e-01
8.932956614098268577e-01
8.968254531536095087e-01
8.057760706935925832e-01
8.182379080327270016e-01
8.798668082735223717e-01
9.355581921516180621e-01
8.148631676166399052e-01
1.614188465162141872e-01
0.000000000000000000e+00
0.000000000000000000e+00
0.000000000000000000e+00
7.395818528759361410e-01
0.000000000000000000e+00
6.076693280838275230e-02
0.000000000000000000e+00
0.000000000000000000e+00
6.076693280838275230e-02
7.615109983215533340e-01
0.000000000000000000e+00
0.000000000000000000e+00
6.324457609997238272e-01
1.210348351195396910e-01
0.000000000000000000e+00
1.614188465162141872e-01
1.347427618686708461e-01
0.000000000000000000e+00
2.805714499348378466e-01
6.076693280838275230e-02
6.433787497331880934e-01
3.368915781652067620e-01
7.240672327982611289e-01
3.696584789773817437e-01
4.976632186608990205e-01
6.702114842005626461e-01
2.399981611836322082e-01
2.526097077932427659e-01
8.294825979137181449e-01
8.193599751575924017e-01
4.837422374219336185e-01
6.103599657342754226e-01
8.219227511042054291e-01
6.542596395082156402e-01
5.769094284493240243e-01
3.789321460355296045e-01
7.097545891759097225e-01
6.462797971246975193e-01
6.076693280838275230e-02
2.211866839437733046e-01
5.502333438017805722e-01
7.948680537653624034e-01
5.290862425103685096e-01
6.065800423295192312e-01
8.138961518194700595e-01
8.796432469099184637e-01
4.314723508611421066e-01
4.976632186608990205e-01
9.031681525049787274e-01
9.513947699068395769e-01
8.304496137108878795e-01
8.304496137108878795e-01
8.923286456126570121e-01
9.462426477162440008e-01
7.881870829690966751e-01
8.593098616137444523e-01
8.993882291002224250e-01
6.591218456472672793e-01
8.110832442118837138e-01
8.605004387745182060e-01
5.524175070570938040e-01
3.948217222745221133e-01
9.126620309088310234e-01
6.126726100199146874e-01
6.377529345180149578e-01
9.268762782172398351e-01
8.425062680613530919e-01
9.466478307049134289e-01
8.446638610192966912e-01
9.379659167705353129e-01
9.075099087182355584e-01
8.067430864907623178e-01
7.830349607785012100e-01
3.463138169676400202e-01
4.290030567556715191e-01
1.347427618686708461e-01
6.076693280838275230e-02
4.757623950384153866e-01
0.000000000000000000e+00
0.000000000000000000e+00
3.566094332023081459e-01
4.131816500032697848e-01
5.531995512112989344e-01
1.625326831876151568e-01
6.744949869079307492e-01
3.392323912403513164e-01
0.000000000000000000e+00
6.163958784109179190e-01
2.792584377149635588e-01
0.000000000000000000e+00
9.268762782172398351e-01
2.609767910145833758e-01
4.314723508611421066e-01
7.383647054177927549e-01
7.599152381721102634e-01
9.549245616506223389e-01
6.330059953160888098e-01
7.438970387918234506e-01
6.112437562203225649e-01
6.973911481507177879e-01
7.240672327982610179e-01
7.320220060664234252e-01
8.120502600090533374e-01
7.520171199177010379e-01
7.452692375776625022e-01
8.958584373564396630e-01
8.073033208071271893e-01
0.000000000000000000e+00
6.858377146853809059e-01
6.076693280838275230e-02
6.076693280838275230e-02
2.792584377149635588e-01
0.000000000000000000e+00
1.614188465162141872e-01
6.076693280838275230e-02
1.862338683505211090e-01
3.759758027013124781e-01
0.000000000000000000e+00
2.443056221217113910e-01
3.487792681279744955e-01
4.357558535685102097e-01
3.475091221860600599e-01
6.232020142568452936e-01
4.508605625998697297e-01
3.368915781652067620e-01
8.928904784211574297e-01
7.393317212149624895e-01
5.884308202886583405e-01
7.210406619396066974e-01
5.541683185342326512e-01
8.992331777725267594e-01
3.923562711141876380e-01
7.688207134700923984e-01
3.017697981842570876e-01
6.939593943033941503e-01
4.363127719042106389e-01
6.103599657342755336e-01
3.681456376269787167e-01
5.424601921586835740e-01
8.580927141556009552e-01
1.016684656205354281e-01
1.210348351195396910e-01
8.146130359556662537e-01
7.565139274586535345e-01
7.921634405842544746e-01
5.439124866901348110e-01
6.190169078634195632e-01
