3.017697981842570321e-01
3.862418611840685578e-01
4.303486852441410493e-01
5.525991286821589910e-01
6.344732744352057363e-01
7.761304286186312407e-01
7.597734009376151398e-01
3.741852068336034010e-01
3.475091221860601154e-01
6.453127813275275626e-01
3.628556931493539528e-01
8.656525609651135600e-01
6.076693280838273842e-02
7.275251985254708176e-01
4.150721887716560254e-01
8.217676997765095415e-01
4.858133781931218698e-01
1.210348351195396632e-01
1.210348351195396632e-01
2.792584377149635033e-01
6.076693280838273842e-02
6.076693280838273842e-02
1.210348351195396632e-01
6.076693280838273842e-02
7.087206618349670695e-01
5.609177993664067330e-01
7.947262165308672799e-01
8.869529620584574170e-01
9.669812160010872182e-01
9.063193315574614717e-01
9.235015378011526277e-01
8.838017830059742286e-01
9.225345220039830041e-01
9.043852999631218914e-01
6.992267834311146624e-01
9.466478307049132068e-01
8.033683460746751104e-01
9.697941236086738970e-01
9.780708545543824739e-01
1.000000000000000000e+00
7.567640591196270750e-01
8.951415532202434688e-01
8.580927141556008442e-01
8.932956614098267467e-01
8.727121444526788618e-01
8.326337769662010002e-01
7.597734009376151398e-01
7.481805414991914427e-01
7.903446759270401634e-01
6.259180900053897822e-01
8.482202230604488635e-01
7.199653517159581018e-01
4.945000201851462718e-01
7.408708263506522673e-01
8.774590836546050099e-01
5.525991286821589910e-01
5.789086200616723188e-01
6.883872765387930581e-01
6.784882151462714450e-01
8.723335317613791773e-01
7.826297777898317820e-01
7.879369513081229126e-01
8.760868848687659582e-01
9.776656715657134900e-01
9.006053765583658111e-01
7.386148370787662953e-01
7.119387524312228432e-01
6.784882151462714450e-01
7.865913228196533824e-01
9.355581921516178401e-01
6.719605441519374001e-01
8.178725094346278590e-01
7.675469109981956084e-01
8.488489674127221996e-01
8.387263446565964564e-01
8.932956614098265247e-01
8.725570931249833073e-01
9.187545985992264796e-01
9.466478307049130958e-01
9.926902848514609357e-01
8.988279947838574424e-01
7.748566261467347838e-01
8.399434921147401756e-01
8.932956614098268577e-01
9.190047302602001311e-01
8.097110454260444401e-01
9.383710997592045189e-01
8.923286456126569011e-01
8.796432469099184637e-01
9.936573006486305593e-01
9.539575458534523822e-01
9.573322862695392566e-01
9.891604931076782847e-01
8.241069143595184388e-01
8.058158550841626466e-01
9.061377099323962847e-01
9.513947699068393549e-01
8.409105079119097992e-01
7.792550373737446856e-01
7.612608666605794605e-01
9.282484770030787757e-01
9.237516694621262792e-01
8.725570931249830853e-01
9.853805697029217603e-01
9.355581921516178401e-01
9.656090172152482776e-01
9.329954162050047017e-01
8.484437844240529936e-01
9.079150917069047644e-01
8.735241089221531530e-01
9.389329325677048255e-01
8.529671622623750116e-01
8.920785139516832496e-01
8.920785139516830275e-01
8.656525609651135600e-01
8.650238166128401129e-01
8.294825979137178118e-01
8.259528061699351609e-01
8.531907236259791416e-01
8.593098616137443413e-01
7.716336210776788551e-01
6.330059953160886987e-01
6.658962982846752254e-01
9.164419543135871038e-01
8.932956614098267467e-01
8.968254531536092866e-01
8.057760706935924722e-01
8.182379080327268905e-01
8.798668082735223717e-01
9.355581921516177291e-01
8.148631676166397941e-01
1.614188465162141595e-01
0.000000000000000000e+00
0.000000000000000000e+00
0.000000000000000000e+00
7.395818528759360300e-01
0.000000000000000000e+00
6.076693280838273842e-02
0.000000000000000000e+00
0.000000000000000000e+00
6.076693280838273842e-02
7.615109983215531120e-01
0.000000000000000000e+00
0.000000000000000000e+00
6.324457609997238272e-01
1.210348351195396632e-01
0.000000000000000000e+00
1.614188465162141595e-01
1.347427618686708461e-01
0.000000000000000000e+00
2.805714499348377911e-01
6.076693280838273842e-02
6.433787497331879823e-01
3.368915781652067065e-01
7.240672327982610179e-01
3.696584789773817437e-01
4.976632186608988540e-01
6.702114842005625350e-01
2.399981611836321804e-01
2.526097077932427104e-01
8.294825979137180338e-01
8.193599751575922907e-01
4.837422374219334520e-01
6.103599657342753115e-01
8.219227511042053180e-01
6.542596395082156402e-01
5.769094284493239133e-01
3.789321460355295490e-01
7.097545891759096115e-01
6.462797971246972972e-01
6.076693280838273842e-02
2.211866839437732490e-01
5.502333438017804612e-01
7.948680537653622924e-01
5.290862425103682876e-01
6.065800423295190091e-01
8.138961518194699485e-01
8.796432469099184637e-01
4.314723508611420510e-01
4.976632186608988540e-01
9.031681525049786163e-01
9.513947699068392438e-01
8.304496137108876574e-01
8.304496137108876574e-01
8.923286456126569011e-01
9.462426477162438898e-01
7.881870829690965641e-01
8.593098616137441192e-01
8.993882291002223139e-01
8.605004387745180949e-01
5.524175070570938040e-01
3.948217222745220023e-01
6.126726100199146874e-01
6.377529345180148468e-01
9.268762782172395021e-01
8.425062680613529809e-01
9.466478307049134289e-01
8.446638610192965801e-01
9.379659167705350908e-01
3.463138169676399647e-01
4.290030567556714636e-01
1.347427618686708461e-01
6.076693280838273842e-02
4.757623950384152756e-01
0.000000000000000000e+00
0.000000000000000000e+00
3.566094332023080904e-01
4.131816500032696737e-01
5.531995512112988234e-01
1.625326831876151290e-01
6.744949869079306382e-01
3.392323912403512054e-01
0.000000000000000000e+00
6.163958784109178080e-01
2.792584377149635588e-01
0.000000000000000000e+00
9.268762782172397241e-01
2.609767910145833203e-01
4.314723508611419400e-01
7.383647054177926439e-01
7.599152381721100413e-01
7.520171199177009269e-01
7.452692375776623912e-01
8.958584373564394410e-01
8.073033208071270783e-01
0.000000000000000000e+00
6.858377146853807949e-01
6.076693280838273842e-02
6.076693280838273842e-02
2.792584377149635033e-01
0.000000000000000000e+00
1.614188465162141595e-01
6.076693280838273842e-02
1.862338683505210812e-01
3.759758027013123671e-01
0.000000000000000000e+00
2.443056221217113633e-01
3.487792681279744400e-01
4.357558535685101542e-01
3.475091221860601154e-01
6.232020142568451826e-01
4.508605625998697297e-01
3.368915781652067065e-01
8.928904784211573187e-01
7.393317212149623785e-01
5.884308202886582295e-01
7.210406619396065864e-01
5.541683185342325402e-01
8.992331777725265374e-01
3.923562711141875825e-01
7.688207134700922873e-01
3.017697981842570321e-01
6.939593943033939283e-01
4.363127719042105834e-01
6.103599657342753115e-01
3.681456376269787167e-01
5.424601921586834630e-01
8.580927141556008442e-01
1.016684656205354004e-01
1.210348351195396632e-01
8.146130359556661427e-01
7.565139274586534235e-01
7.921634405842542526e-01
5.439124866901347000e-01
6.190169078634194522e-01
3.769965159490543116e-01
3.935515763326076777e-01
2.792584377149635033e-01
