6.016490963687561866e-01
7.300932159576679625e-01
7.746517933423370250e-01
8.215522382147806280e-01
8.638756742349467110e-01
7.361118630710076216e-01
8.169752293625032191e-01
8.492765917187535818e-01
8.738977478988625425e-01
7.746517933423371360e-01
8.169752293625032191e-01
9.119470528512774177e-01
7.841832416873383282e-01
7.315348542187301017e-01
6.611841869100648639e-01
8.650466079788340368e-01
8.450024606510023739e-01
8.638756742349467110e-01
7.846738670062528564e-01
7.784352990911737047e-01
8.561954680588051980e-01
8.415963855426120688e-01
7.592913809900542210e-01
7.377734221338094756e-01
7.097461908453103208e-01
7.669715871661957340e-01
7.361118630710073996e-01
6.774448284890598471e-01
6.150772451410622121e-01
5.927979564487276809e-01
6.150772451410621011e-01
6.239283850610908289e-01
4.724436469437548469e-01
8.638756742349467110e-01
6.958184448820881052e-02
3.842189528551210875e-01
6.958184448820881052e-02
0.000000000000000000e+00
2.178105287631668385e-01
0.000000000000000000e+00
6.958184448820881052e-02
0.000000000000000000e+00
2.663585038702599994e-01
4.100110427791172629e-01
3.274681812586731633e-01
6.958184448820881052e-02
0.000000000000000000e+00
6.958184448820881052e-02
0.000000000000000000e+00
0.000000000000000000e+00
0.000000000000000000e+00
4.962837193802001612e-01
2.233080459219677072e-01
6.958184448820881052e-02
6.185900463727238563e-01
6.958184448820881052e-02
3.731976923872294405e-01
5.198526533012596262e-01
2.929316775379198212e-01
6.958184448820881052e-02
0.000000000000000000e+00
0.000000000000000000e+00
6.958184448820881052e-02
4.155211284073956346e-01
7.946959406701689099e-01
1.797612238107519356e-01
1.506498052689045353e-01
0.000000000000000000e+00
3.259943697302597476e-01
0.000000000000000000e+00
2.178105287631668385e-01
0.000000000000000000e+00
0.000000000000000000e+00
1.506498052689045353e-01
6.958184448820881052e-02
0.000000000000000000e+00
3.832197660511452719e-01
1.506498052689045353e-01
5.482393790640585074e-01
6.958184448820881052e-02
2.037077966453102185e-01
0.000000000000000000e+00
2.936587132306329728e-01
3.834576230190315238e-01
0.000000000000000000e+00
0.000000000000000000e+00
6.958184448820881052e-02
3.023563997596495634e-01
6.958184448820881052e-02
0.000000000000000000e+00
2.501118911194171734e-01
0.000000000000000000e+00
2.178105287631668385e-01
6.476164644651987157e-01
5.324693628039781634e-01
4.454156024592316188e-01
6.961302945386158569e-01
0.000000000000000000e+00
0.000000000000000000e+00
0.000000000000000000e+00
2.513695713538433574e-01
0.000000000000000000e+00
0.000000000000000000e+00
0.000000000000000000e+00
0.000000000000000000e+00
0.000000000000000000e+00
0.000000000000000000e+00
0.000000000000000000e+00
0.000000000000000000e+00
0.000000000000000000e+00
0.000000000000000000e+00
0.000000000000000000e+00
1.149443033759334626e-01
0.000000000000000000e+00
6.958184448820881052e-02
6.250993188049779326e-01
5.626667146403403486e-01
1.149443033759334626e-01
4.535704333598105653e-01
8.092950231863618171e-01
2.606303151816695141e-01
2.929316775379198212e-01
7.477954957977251960e-01
6.958184448820881052e-02
0.000000000000000000e+00
6.243379889688883688e-01
1.506498052689045353e-01
8.123982205102258103e-01
2.840805376178912600e-01
3.494102980231050259e-01
1.149443033759334626e-01
1.829511676251548424e-01
6.703382046146196815e-01
5.386071554003662998e-01
2.460312326654763571e-01
3.099214756856532582e-01
6.574006811612284062e-01
6.958184448820881052e-02
6.428015986450352770e-01
4.398394068029783388e-01
1.506498052689045353e-01
6.958184448820881052e-02
6.889407136813890942e-01
6.958184448820881052e-02
3.522449117058193968e-01
0.000000000000000000e+00
5.480194582623189037e-01
2.663585038702599994e-01
0.000000000000000000e+00
3.494102980231050259e-01
0.000000000000000000e+00
6.958184448820881052e-02
0.000000000000000000e+00
3.842189528551210875e-01
2.233080459219677072e-01
2.663585038702599994e-01
2.390801830580733534e-01
5.772657971565335888e-01
1.383945258121552224e-01
6.958184448820881052e-02
4.212690710035602026e-01
5.245692358260970467e-01
3.509184036948949093e-01
6.958184448820881052e-02
4.624215732798391265e-01
0.000000000000000000e+00
0.000000000000000000e+00
0.000000000000000000e+00
6.958184448820881052e-02
0.000000000000000000e+00
1.797612238107519356e-01
6.958184448820881052e-02
0.000000000000000000e+00
0.000000000000000000e+00
2.460312326654763571e-01
1.149443033759334626e-01
5.157180959060685410e-01
6.920439110052529763e-01
9.019249791873618083e-01
7.549850766549519587e-01
6.997241171813944893e-01
6.305443836166164662e-01
8.550245343149182053e-01
7.372827968148947253e-01
8.258263692825319469e-01
6.564194305233990168e-01
7.592913809900544431e-01
6.528236723089509974e-01
7.039982482491456972e-01
8.561954680588054201e-01
8.796456904950271660e-01
5.236182228839496577e-01
3.348112155069118412e-01
7.512015709061153901e-01
3.582614379431335871e-01
4.225955790144846902e-01
8.164846040435885799e-01
5.063057930441159371e-01
8.092950231863618171e-01
8.081240894424746024e-01
8.696236168311113346e-01
5.620573778365880457e-01
6.903823519424511224e-01
2.876421869933187270e-01
6.958184448820881052e-02
6.958184448820881052e-02
6.958184448820881052e-02
0.000000000000000000e+00
2.840805376178912600e-01
1.383945258121552224e-01
3.582614379431335871e-01
4.542185685174318643e-01
1.829511676251548424e-01
2.064013900613766439e-01
6.958184448820881052e-02
6.958184448820881052e-02
1.383945258121552224e-01
2.840805376178912600e-01
6.508914087289741079e-01
6.566393513251387315e-01
9.119470528512774177e-01
8.004438832663333114e-01
6.387653245451702100e-01
6.789186400174732627e-01
8.884968304150556717e-01
7.189002085498651384e-01
7.992729495224459857e-01
7.858448007501401822e-01
7.612236445700312215e-01
7.284316568948661086e-01
8.415963855426120688e-01
8.212493604302544270e-01
7.274484706853674432e-01
8.315743118786964594e-01
7.592913809900542210e-01
9.019249791873618083e-01
7.946959406701685769e-01
7.758227270862243508e-01
8.873258966711684570e-01
7.008950509252815930e-01
7.435213647299739881e-01
8.164846040435885799e-01
5.386071554003661888e-01
7.185973307653388265e-01
7.935250069262814732e-01
5.906939459288395033e-01
9.061991102551130162e-01
6.320181951450297708e-01
7.377734221338094756e-01
7.612236445700312215e-01
8.327452456225835631e-01
7.669715871661956230e-01
8.487859663998389426e-01
6.669321295062294874e-01
6.611841869100648639e-01
6.977918536014175999e-01
5.247891566278368725e-01
7.212420760376394568e-01
6.141441683650612493e-01
5.559195852401999094e-01
4.639823570239497985e-01
5.766564603527811750e-01
4.353453549334874717e-01
4.776687909536535548e-01
4.776687909536535548e-01
3.896158438049311390e-01
4.301202109235887638e-01
3.113609930706900952e-01
2.690375570505239566e-01
2.690375570505239566e-01
6.528236723089509974e-01
9.061991102551127941e-01
6.992334918624798501e-01
7.915927433463046947e-01
7.039982482491456972e-01
6.958184448820881052e-02
4.353453549334874717e-01
2.390801830580733534e-01
2.178105287631668385e-01
6.958184448820881052e-02
0.000000000000000000e+00
0.000000000000000000e+00
0.000000000000000000e+00
0.000000000000000000e+00
0.000000000000000000e+00
3.259943697302597476e-01
2.606303151816695141e-01
6.008877665326667339e-01
6.958184448820881052e-02
4.155211284073955791e-01
6.566393513251387315e-01
6.428015986450351660e-01
6.865988461936147758e-01
6.147743673565360112e-01
8.550245343149182053e-01
7.049814344586443626e-01
6.685936885690312304e-01
6.362923262127809787e-01
6.451434661328095954e-01
5.236182228839496577e-01
6.128421037765592327e-01
6.799178268214490783e-01
4.688658248954533647e-01
5.672437234926178684e-01
5.198526533012596262e-01
6.153151021089484640e-01
5.747927988241442465e-01
4.850782926126199768e-01
4.962837193802001612e-01
5.386071554003661888e-01
5.532062379165594290e-01
4.740044306878655744e-01
4.353453549334874717e-01
4.599665111135964324e-01
4.834167335498181228e-01
4.587955773697091622e-01
5.157180959060685410e-01
4.542185685174318643e-01
4.834167335498181228e-01
5.157180959060685410e-01
4.155211284073955791e-01
3.163818999741415672e-01
1.506498052689045353e-01
2.064013900613765884e-01
2.064013900613765884e-01
2.501118911194171734e-01
2.735621135556389194e-01
7.535434383938898195e-01
7.669715871661957340e-01
7.669715871661957340e-01
5.386071554003661888e-01
6.153151021089484640e-01
7.743489155578108241e-01
4.964024308650378248e-01
6.080773473898933856e-01
4.728334969439783597e-01
5.970720875164788888e-01
4.776687909536535548e-01
5.198526533012596262e-01
7.841832416873383282e-01
6.611841869100648639e-01
6.662518210812569119e-01
5.906939459288395033e-01
5.818428060088109977e-01
5.906939459288395033e-01
4.460458014507063806e-01
4.460458014507063806e-01
3.902942166582343275e-01
5.151569329641444428e-01
5.747927988241442465e-01
6.339504587250066603e-01
6.662518210812569119e-01
6.897020435174786579e-01
6.662518210812569119e-01
5.490007089001481821e-01
5.765373148697325867e-01
6.897020435174786579e-01
6.708288299335343208e-01
7.189002085498649164e-01
6.574006811612282952e-01
6.339504587250065493e-01
6.574006811612284062e-01
6.420402688089456023e-01
6.549777922623368775e-01
7.592913809900542210e-01
8.561954680588051980e-01
6.897020435174786579e-01
8.081240894424746024e-01
7.446922984738610918e-01
8.092950231863618171e-01
8.415963855426120688e-01
5.772657971565335888e-01
7.366024883899222608e-01
8.238941057025549464e-01
6.539946060528381011e-01
8.150429657825264407e-01
8.258263692825317248e-01
5.620573778365880457e-01
5.391683183422901759e-01
4.834167335498182339e-01
4.776687909536535548e-01
4.219172061611813906e-01
4.542185685174317533e-01
4.776687909536535548e-01
8.561954680588054201e-01
8.461733943948895886e-01
8.884968304150556717e-01
8.873258966711684570e-01
7.212420760376394568e-01
8.827488878188911592e-01
6.095671595127839515e-01
7.700747844900597272e-01
5.893918813403375978e-01
7.758227270862243508e-01
6.831927710852244706e-01
6.799178268214491894e-01
5.893918813403373758e-01
7.323283573221710530e-01
6.954499861136432814e-01
4.535704333598105653e-01
7.033680492576709353e-01
7.331964132815319557e-01
8.561954680588054201e-01
8.081240894424746024e-01
8.164846040435885799e-01
6.897020435174786579e-01
8.064625303796727485e-01
8.315743118786963484e-01
8.404254517987248541e-01
8.696236168311113346e-01
9.176949954474419302e-01
7.231743396176161243e-01
7.889479980740041754e-01
8.181461631063904338e-01
7.977991379940326810e-01
7.123909361176108401e-01
8.315743118786963484e-01
8.492765917187534708e-01
9.676986376437495263e-01
7.274484706853674432e-01
7.784352990911737047e-01
7.930343816073668339e-01
7.746517933423370250e-01
7.331964132815319557e-01
6.480589159222851503e-01
6.628457459728667178e-01
3.817116603793553331e-01
3.817116603793553331e-01
5.827758827848118495e-01
6.774448284890599581e-01
7.477954957977250849e-01
8.796456904950269440e-01
5.093220181522826184e-01
5.861169370765620945e-01
6.128421037765592327e-01
4.137444390944560735e-01
5.093220181522826184e-01
5.674154704325290455e-01
5.151569329641444428e-01
7.523725046500026048e-01
6.001066827890029209e-01
4.460458014507063806e-01
5.916270227048403552e-01
8.358484429464475562e-01
5.757759850336430230e-01
6.128421037765592327e-01
5.906939459288395033e-01
5.770279401886472259e-01
5.324693628039781634e-01
8.561954680588051980e-01
3.756951341420411428e-01
3.494102980231050259e-01
4.353453549334874717e-01
3.817116603793553331e-01
5.480194582623189037e-01
3.398321224103633686e-01
8.069531556985874987e-01
4.587955773697091622e-01
1.383945258121552224e-01
8.650466079788340368e-01
6.946886562775536067e-01
8.169752293625033301e-01
8.169752293625032191e-01
9.019249791873615862e-01
9.442484152075276693e-01
8.123982205102258103e-01
8.315743118786963484e-01
8.227231719586679537e-01
7.435213647299739881e-01
7.085752571014229950e-01
6.935177225336665030e-01
6.662518210812569119e-01
7.612236445700312215e-01
8.961770365911970737e-01
6.346307671499791248e-01
5.570905189840871241e-01
7.712457182339468309e-01
6.193513762088134200e-01
4.694960238869281821e-01
0.000000000000000000e+00
1.383945258121552224e-01
5.862886840164733826e-01
5.377266800812281478e-01
3.113609930706900952e-01
6.958184448820881052e-02
5.659416589041157408e-01
3.522449117058193413e-01
0.000000000000000000e+00
1.797612238107519356e-01
2.840805376178912600e-01
1.506498052689045353e-01
7.846738670062528564e-01
8.399348264798104369e-01
5.532062379165594290e-01
6.007160195927553348e-01
8.315743118786963484e-01
6.851250346652012491e-01
6.528236723089509974e-01
6.865988461936146647e-01
6.958184448820881052e-02
3.099214756856532582e-01
6.523330469900362472e-01
7.043011260336718982e-01
1.506498052689045353e-01
2.064013900613765884e-01
5.513425763879226116e-01
2.929316775379198212e-01
0.000000000000000000e+00
7.477954957977250849e-01
4.867398516754218307e-01
2.604103943799297993e-01
2.876421869933187270e-01
2.178105287631668385e-01
6.958184448820881052e-02
2.064013900613765884e-01
6.473786074973125748e-01
2.690375570505239566e-01
0.000000000000000000e+00
4.212690710035602026e-01
0.000000000000000000e+00
1.383945258121552224e-01
0.000000000000000000e+00
1.506498052689045353e-01
5.303653522840900969e-01
0.000000000000000000e+00
0.000000000000000000e+00
0.000000000000000000e+00
6.958184448820881052e-02
4.454156024592316188e-01
0.000000000000000000e+00
0.000000000000000000e+00
2.178105287631668385e-01
0.000000000000000000e+00
3.522449117058193968e-01
6.958184448820881052e-02
6.958184448820881052e-02
4.073181236449882614e-01
1.149443033759334626e-01
5.303653522840900969e-01
1.149443033759334626e-01
3.259943697302597476e-01
6.320181951450297708e-01
2.064013900613765884e-01
3.582614379431335871e-01
4.624215732798391265e-01
2.876421869933187270e-01
4.544384893191715791e-01
2.178105287631668385e-01
6.554684175812516278e-01
3.582614379431335871e-01
0.000000000000000000e+00
7.435213647299739881e-01
5.674154704325290455e-01
0.000000000000000000e+00
0.000000000000000000e+00
0.000000000000000000e+00
3.163818999741415672e-01
3.099214756856532582e-01
1.149443033759334626e-01
0.000000000000000000e+00
4.271039858154220825e-01
5.021002640277046902e-01
0.000000000000000000e+00
0.000000000000000000e+00
0.000000000000000000e+00
0.000000000000000000e+00
1.829511676251548424e-01
2.178105287631668385e-01
1.829511676251548424e-01
4.828555706078941911e-01
4.389713508436173250e-01
6.185900463727238563e-01
6.958184448820881052e-02
7.946959406701686879e-01
4.225955790144845792e-01
2.936587132306329728e-01
3.696908419601481754e-01
3.494102980231050259e-01
4.724436469437548469e-01
0.000000000000000000e+00
3.213487588266424888e-01
4.219172061611813906e-01
0.000000000000000000e+00
2.840805376178912600e-01
3.023563997596495634e-01
1.383945258121552224e-01
2.064013900613765884e-01
0.000000000000000000e+00
8.076334641235599632e-01
0.000000000000000000e+00
2.501118911194171734e-01
0.000000000000000000e+00
6.958184448820881052e-02
0.000000000000000000e+00
3.333716981218750042e-01
0.000000000000000000e+00
0.000000000000000000e+00
0.000000000000000000e+00
2.233080459219677072e-01
0.000000000000000000e+00
0.000000000000000000e+00
1.149443033759334626e-01
6.958184448820881052e-02
0.000000000000000000e+00
2.064013900613765884e-01
1.506498052689045353e-01
0.000000000000000000e+00
2.460312326654763571e-01
1.383945258121552224e-01
8.315743118786964594e-01
2.233080459219677072e-01
1.829511676251548424e-01
5.424914364678939949e-01
4.932491241076761290e-01
0.000000000000000000e+00
5.101900741116436322e-01
2.840805376178912600e-01
6.652705704434276335e-01
2.178105287631668385e-01
3.809846246866422925e-01
7.289222822137808588e-01
7.066429935214463276e-01
6.958184448820881052e-02
5.490007089001480711e-01
5.482393790640585074e-01
5.861169370765620945e-01
1.829511676251548424e-01
6.216932436965878495e-01
6.241662420289770807e-01
2.735621135556389194e-01
0.000000000000000000e+00
4.724436469437548469e-01
3.522449117058193968e-01
2.266616686831954275e-01
6.958184448820881052e-02
1.383945258121552224e-01
4.639823570239497985e-01
0.000000000000000000e+00
0.000000000000000000e+00
4.259330520715348678e-01
6.862959684090885748e-01
0.000000000000000000e+00
0.000000000000000000e+00
0.000000000000000000e+00
3.809846246866422925e-01
6.958184448820881052e-02
0.000000000000000000e+00
6.958184448820881052e-02
1.797612238107519356e-01
0.000000000000000000e+00
0.000000000000000000e+00
0.000000000000000000e+00
4.770206557960322558e-01
0.000000000000000000e+00
3.731976923872294405e-01
5.011190133898754118e-01
2.936587132306329728e-01
4.697989016714543276e-01
1.149443033759334626e-01
2.460312326654763571e-01
6.958184448820881052e-02
5.583925835725892517e-01
4.922678734698466840e-01
3.259600755868832800e-01
0.000000000000000000e+00
3.575344022504205466e-01
6.958184448820881052e-02
6.708288299335343208e-01
3.494102980231050259e-01
2.929316775379198212e-01
6.889407136813890942e-01
0.000000000000000000e+00
7.743489155578108241e-01
5.061866475610673488e-01
4.858717957160608170e-01
3.113609930706900952e-01
2.390801830580733534e-01
2.936587132306329728e-01
5.659416589041157408e-01
6.216932436965877384e-01
1.383945258121552224e-01
2.460312326654763571e-01
5.209734776116490274e-01
2.690375570505239566e-01
4.137444390944560735e-01
2.064013900613765884e-01
6.095671595127839515e-01
7.446922984738610918e-01
6.564676043852273324e-01
5.532062379165594290e-01
7.420475532015605724e-01
6.089578227090314266e-01
5.386071554003661888e-01
7.889479980740041754e-01
7.554757019738664869e-01
8.884968304150558938e-01
8.473443281387766923e-01
8.415963855426122908e-01
7.695841591711450880e-01
8.784747567511398403e-01
7.930343816073668339e-01
7.477954957977250849e-01
9.442484152075278914e-01
8.258263692825317248e-01
8.561954680588054201e-01
8.738977478988625425e-01
8.973479703350842884e-01
8.884968304150556717e-01
7.889479980740041754e-01
8.738977478988625425e-01
9.107761191073903140e-01
7.800968581539755586e-01
8.973479703350842884e-01
8.684526830872240089e-01
8.415963855426120688e-01
8.650466079788338147e-01
6.846344093462866098e-01
7.846738670062528564e-01
8.373222544748610829e-01
6.652705704434277445e-01
8.884968304150556717e-01
8.561954680588054201e-01
8.638756742349467110e-01
7.892508758585301543e-01
7.277513484698935331e-01
8.327452456225835631e-01
6.023294047937288731e-01
6.700675000974447570e-01
7.946959406701686879e-01
6.007160195927553348e-01
6.089578227090314266e-01
8.446995828664761730e-01
8.961770365911970737e-01
7.507109455872006398e-01
8.315743118786964594e-01
7.654977756377823184e-01
8.181461631063904338e-01
8.650466079788338147e-01
7.423504309860867734e-01
6.961302945386157459e-01
7.992729495224459857e-01
7.300932159576679625e-01
8.415963855426120688e-01
6.892114181985639076e-01
8.633850489160321828e-01
8.473443281387768033e-01
8.238941057025549464e-01
8.973479703350843995e-01
8.238941057025549464e-01
6.966209198575304962e-01
8.238941057025549464e-01
8.561954680588054201e-01
8.638756742349467110e-01
7.023688624536950087e-01
4.535704333598105653e-01
4.453674285974033031e-01
5.011190133898754118e-01
5.391683183422902870e-01
4.587955773697091622e-01
5.982430212603659925e-01
6.095671595127839515e-01
6.564676043852273324e-01
4.880419162639239583e-01
6.708288299335343208e-01
6.466172776612230111e-01
6.700675000974446460e-01
6.243379889688883688e-01
6.528236723089509974e-01
6.523330469900362472e-01
6.097389064526952396e-01
6.708288299335343208e-01
7.612236445700309995e-01
6.865988461936146647e-01
6.574006811612284062e-01
7.592913809900542210e-01
5.424914364678939949e-01
6.007160195927553348e-01
4.724436469437549579e-01
3.333716981218750042e-01
5.443550979965309233e-01
2.501118911194171734e-01
7.272607231509788939e-01
6.708288299335343208e-01
5.827758827848118495e-01
5.157180959060685410e-01
6.477882114051101148e-01
5.157180959060685410e-01
3.163818999741415672e-01
1.506498052689045353e-01
4.460458014507063806e-01
4.922678734698466840e-01
6.566393513251387315e-01
5.151569329641444428e-01
5.324693628039781634e-01
8.492765917187535818e-01
6.324080451452532836e-01
8.638756742349467110e-01
5.151569329641444428e-01
5.245692358260971577e-01
7.277513484698935331e-01
7.189002085498650274e-01
5.778959961480083507e-01
3.817116603793553331e-01
8.358484429464475562e-01
8.473443281387768033e-01
3.333716981218750042e-01
1.829511676251548424e-01
6.903823519424512334e-01
3.163818999741415672e-01
6.954499861136431704e-01
6.004781626248690829e-01
7.038105007147571479e-01
7.930343816073668339e-01
7.623945783139182142e-01
8.827488878188911592e-01
9.119470528512774177e-01
8.916000277389196649e-01
8.327452456225836741e-01
8.561954680588051980e-01
8.327452456225835631e-01
7.269900186338039694e-01
7.123909361176108401e-01
6.387653245451702100e-01
4.225955790144845792e-01
8.035470805901973046e-01
8.327452456225836741e-01
8.930738392673329695e-01
8.035470805901973046e-01
7.334992910660582677e-01
9.019249791873618083e-01
1.000000000000000000e+00
9.207981927713059234e-01
8.884968304150556717e-01
9.296493326913345401e-01
9.499963578036921819e-01
7.800968581539755586e-01
9.676986376437495263e-01
8.633850489160321828e-01
8.181461631063904338e-01
8.399348264798102148e-01
4.858717957160608170e-01
8.784747567511398403e-01
9.765497775637781430e-01
6.945169093376423186e-01
5.424914364678939949e-01
8.315743118786964594e-01
8.404254517987250761e-01
6.623872939213033550e-01
7.992729495224459857e-01
7.300932159576680736e-01
8.399348264798104369e-01
7.915927433463046947e-01
8.916000277389196649e-01
7.858448007501401822e-01
7.654977756377823184e-01
7.123909361176108401e-01
6.473786074973125748e-01
5.916270227048403552e-01
6.324080451452531726e-01
5.044421315154790086e-01
5.747927988241442465e-01
6.992334918624798501e-01
8.973479703350842884e-01
5.570905189840871241e-01
7.274484706853674432e-01
5.719603060174552889e-01
8.310836865597817091e-01
5.377266800812281478e-01
3.832197660511452719e-01
6.800895737613604775e-01
8.127010982947521223e-01
6.016490963687561866e-01
5.312984290600909487e-01
7.992729495224462077e-01
7.372827968148948363e-01
6.958184448820881052e-02
6.851250346652013601e-01
7.935250069262814732e-01
7.507109455872006398e-01
3.896158438049311390e-01
2.501118911194171734e-01
2.178105287631668385e-01
2.501118911194171734e-01
1.797612238107519356e-01
2.178105287631668385e-01
2.501118911194171734e-01
1.797612238107519356e-01
7.226837142987015961e-01
7.358411585538325861e-01
6.185900463727238563e-01
6.710666869014205727e-01
8.884968304150556717e-01
8.076334641235599632e-01
4.922678734698466840e-01
8.446995828664761730e-01
7.746517933423370250e-01
2.840805376178912600e-01
5.324693628039781634e-01
8.310836865597817091e-01
7.420475532015605724e-01
7.231743396176161243e-01
5.424914364678939949e-01
5.490007089001481821e-01
7.946959406701686879e-01
3.274681812586731633e-01
8.550245343149179833e-01
8.450024606510023739e-01
6.153151021089484640e-01
7.712457182339469419e-01
7.277513484698935331e-01
7.858448007501401822e-01
3.756951341420410873e-01
7.607330192511164713e-01
8.550245343149182053e-01
6.157575535660347876e-01
8.315743118786964594e-01
8.081240894424746024e-01
3.579928543019839648e-01
6.382245897927577571e-01
6.997241171813944893e-01
7.372827968148947253e-01
4.551998191552610873e-01
5.805407414203088701e-01
9.342263415436120599e-01
7.331964132815319557e-01
7.669715871661957340e-01
7.418598056671721341e-01
7.038105007147571479e-01
8.064625303796727485e-01
3.398321224103633686e-01
7.038105007147571479e-01
4.855689179315346715e-01
8.123982205102258103e-01
4.353453549334874717e-01
7.097461908453103208e-01
6.288828245538146122e-01
6.774448284890598471e-01
3.522449117058193413e-01
7.389443558776965792e-01
8.415963855426122908e-01
8.650466079788340368e-01
7.272607231509790049e-01
8.169752293625032191e-01
7.523725046500024938e-01
5.424914364678939949e-01
6.508914087289741079e-01
6.246086934860632933e-01
8.258263692825317248e-01
4.923160473316751107e-01
6.889407136813890942e-01
7.654977756377823184e-01
7.977991379940326810e-01
5.245692358260970467e-01
7.654977756377823184e-01
9.107761191073902030e-01
3.509184036948949093e-01
7.607330192511163602e-01
6.700675000974446460e-01
6.897020435174786579e-01
5.061866475610673488e-01
1.149443033759334626e-01
2.840805376178912600e-01
4.051618828155771346e-01
1.829511676251548424e-01
3.163818999741415672e-01
2.735621135556389194e-01
7.038105007147573700e-01
2.501118911194171734e-01
3.398321224103633686e-01
4.624215732798391265e-01
5.197339418164219627e-01
3.902942166582343275e-01
4.453674285974031921e-01
4.724436469437548469e-01
2.064013900613766439e-01
3.398321224103633686e-01
6.089578227090315377e-01
5.855076002728096807e-01
6.719997636774214245e-01
6.808509035974500412e-01
9.019249791873615862e-01
6.977918536014177109e-01
8.018855215273954506e-01
8.722361888360606885e-01
7.123909361176107291e-01
8.738977478988624314e-01
8.796456904950269440e-01
8.873258966711684570e-01
8.315743118786963484e-01
7.181388787137753527e-01
1.829511676251548424e-01
1.829511676251548424e-01
2.178105287631668385e-01
2.178105287631668385e-01
2.266616686831954275e-01
2.178105287631668385e-01
2.178105287631668385e-01
2.501118911194171734e-01
1.797612238107519356e-01
2.501118911194171734e-01
2.178105287631668385e-01
2.178105287631668385e-01
1.797612238107519356e-01
2.735621135556389194e-01
2.178105287631668385e-01
1.797612238107519356e-01
1.797612238107519356e-01
1.797612238107519356e-01
2.501118911194171734e-01
1.797612238107519356e-01
2.501118911194171734e-01
2.178105287631668385e-01
2.178105287631668385e-01
2.501118911194171734e-01
2.178105287631668385e-01
2.840805376178912600e-01
2.929316775379198212e-01
3.582614379431335871e-01
3.099214756856532582e-01
3.579928543019839648e-01
4.225955790144845792e-01
3.522449117058193968e-01
5.480194582623189037e-01
7.023688624536950087e-01
8.415963855426120688e-01
8.473443281387768033e-01
8.473443281387766923e-01
7.435213647299739881e-01
6.250993188049779326e-01
7.992729495224459857e-01
6.451434661328095954e-01
5.442359525134823350e-01
2.929316775379198212e-01
6.808509035974500412e-01
7.054720597775590019e-01
3.163818999741415672e-01
2.735621135556389194e-01
7.358411585538325861e-01
6.762738947451727434e-01
1.383945258121552224e-01
2.840805376178912600e-01
5.151569329641444428e-01
3.163818999741415672e-01
1.829511676251548424e-01
4.505542082516438285e-01
8.492765917187535818e-01
8.315743118786964594e-01
4.398394068029783388e-01
8.592986653826693022e-01
5.805407414203088701e-01
3.451704610987303412e-01
7.243452733615034500e-01
6.700675000974447570e-01
5.855076002728096807e-01
4.958938693799766484e-01
6.420402688089456023e-01
6.889407136813890942e-01
7.841832416873383282e-01
5.982430212603661035e-01
4.776687909536535548e-01
4.740044306878655744e-01
8.550245343149182053e-01
1.383945258121552224e-01
3.509184036948949093e-01
9.119470528512774177e-01
0.000000000000000000e+00
6.958184448820881052e-02
2.233080459219677072e-01
5.870500138525630573e-01
0.000000000000000000e+00
1.829511676251548424e-01
0.000000000000000000e+00
6.097389064526952396e-01
3.896158438049311390e-01
5.209048755603090664e-01
4.130660662411529405e-01
4.182528458953935213e-01
2.735621135556389749e-01
2.606303151816695141e-01
4.182528458953935213e-01
1.383945258121552224e-01
6.958184448820881052e-02
3.259600755868832800e-01
2.390801830580733534e-01
1.829511676251548424e-01
6.958184448820881052e-02
7.033680492576709353e-01
2.690375570505239566e-01
0.000000000000000000e+00
5.766564603527811750e-01
7.712457182339468309e-01
6.574006811612282952e-01
7.435213647299739881e-01
