8.881435534579641689e-02
5.704107747339887124e-01
6.144458828317095334e-01
8.965272778916986152e-01
6.104978954312983985e-01
7.136806149703159852e-01
8.881435534579641689e-02
7.775478797331262237e-01
7.912576196211709156e-01
3.878253578886879382e-01
2.716969226266678361e-01
2.447577358034661310e-01
6.493558361637459253e-01
5.456443938588817488e-01
6.493558361637458143e-01
5.244343534724822398e-01
7.631648157107292496e-01
4.729660043749632226e-01
7.391188183840028403e-01
8.044870665563278456e-01
8.434779339193883008e-01
7.900812236248029308e-01
6.523819522908340662e-01
9.251245240630863176e-01
9.210549385702430092e-01
8.200693054842207452e-01
8.919186652940461757e-01
8.708987840944081293e-01
8.180638798137598311e-01
8.932867220729482360e-01
8.210899959408479720e-01
7.971997041538623208e-01
8.866726838048352155e-01
8.210899959408479720e-01
8.210899959408477500e-01
7.740401002542195430e-01
9.447535695746944739e-01
9.398549544077583473e-01
8.410664077747310730e-01
8.775128223625213719e-01
8.734432368696780635e-01
8.078605490056908200e-01
7.261653881067630101e-01
8.139942943209163007e-01
7.874024738199896234e-01
7.453854903298411383e-01
8.159997199913774368e-01
9.210549385702430092e-01
7.235706869034183031e-01
7.331995127604391538e-01
6.896573965527172945e-01
7.181330446316730454e-01
6.659587655482658297e-01
7.304979840464980168e-01
5.422136788533702401e-01
6.022257978149990754e-01
7.462145200039340676e-01
4.286191389980488764e-01
4.428119126368423308e-01
7.176172738325463651e-01
6.161626763318169830e-01
6.769096129693785713e-01
3.776339548481207342e-01
7.247129754524778145e-01
5.542667297921592962e-01
3.317498977892894829e-01
6.202811398538043974e-01
6.493558361637459253e-01
3.717667606968353411e-01
4.136756393606454973e-01
6.092226802516261808e-01
3.282480958944576366e-01
2.550939932421478207e-01
3.796407509175123707e-01
3.774891004500063318e-01
2.438028355263590075e-01
5.289328183486493584e-01
6.903307206870697987e-01
2.650769341751276209e-01
8.143416606431912452e-01
7.243656091302029809e-01
8.097330480455389168e-01
9.842261002895731359e-01
8.265276382125933408e-01
7.524811919497725876e-01
9.063017293164432608e-01
7.778952460554010573e-01
8.026373464256076895e-01
7.567424382251498605e-01
8.775128223625213719e-01
7.631420368016013089e-01
7.704521781131945524e-01
7.536575879461403504e-01
6.193905332134558295e-01
5.053056968236220303e-01
7.495880024532971531e-01
8.214373622631228056e-01
7.856870507188126185e-01
2.716969226266678361e-01
6.741595135002078631e-01
8.771654560402464273e-01
7.568981437648906185e-01
7.867077411754398453e-01
7.401736162879384295e-01
5.749392446695225090e-01
6.310147047689211863e-01
6.799944632483881923e-01
6.825616949327859562e-01
5.588166082378902555e-01
4.909612710432858518e-01
5.625616063175863379e-01
5.625616063175864490e-01
4.680916697129274273e-01
5.459586769330663225e-01
6.334603383608865546e-01
3.774891004500063318e-01
4.365452406910040328e-01
3.551638313123152702e-01
3.546194991196479074e-01
4.302785687451656238e-01
3.815586859428496402e-01
3.815586859428496402e-01
4.531481700755240483e-01
8.099247088280733253e-01
5.907131443799494841e-01
3.940920298345264028e-01
3.551638313123152702e-01
3.733740789716738506e-01
6.538843060992794998e-01
4.044282872732080647e-01
4.743583416587658363e-01
4.993904445982563223e-01
4.524707925429736766e-01
6.795971557719531209e-01
8.617389226520942858e-01
6.310147047689210753e-01
6.964057318503740213e-01
6.873387120072901313e-01
6.837507898662650296e-01
6.036782104692843820e-01
5.413846491792770887e-01
8.139942943209165227e-01
7.455184169604538447e-01
8.538141913580697961e-01
5.879528815140869780e-01
7.405712310382880359e-01
7.985677609327642701e-01
9.066490956387182054e-01
9.240810546973313722e-01
8.443069635934811190e-01
8.339707061547996236e-01
6.140630386631957816e-01
5.816862095682486800e-01
5.473039548028406642e-01
6.493558361637459253e-01
5.974115385234459730e-01
6.534869986228445393e-01
7.621213463449739711e-01
6.957096288068937984e-01
6.997792142997369957e-01
6.366080525804070911e-01
8.192402758101275939e-01
8.824114375294577206e-01
9.003824236928796854e-01
8.617389226520942858e-01
8.277040342089612146e-01
7.416632711592726634e-01
8.181968064443725375e-01
6.507238929426478746e-01
8.680055945979326948e-01
8.170204104480046636e-01
4.990390248777836768e-01
5.423795477898025741e-01
6.459008406533337521e-01
6.738607179331626007e-01
2.481031870629886449e-01
3.219814239486192275e-01
3.317498977892894829e-01
1.409102886792654163e-01
5.290828737844106150e-02
3.764001950987621581e-01
3.116451665099375656e-01
0.000000000000000000e+00
4.106949592190464182e-01
6.172550237267161455e-01
1.939940473727988224e-01
0.000000000000000000e+00
4.443930387084759071e-01
5.372517223493683547e-01
0.000000000000000000e+00
4.507352735319363757e-01
2.091813289235280870e-01
5.295474083310806046e-01
0.000000000000000000e+00
6.334262309135781921e-01
4.056881205165017712e-01
5.290828737844106150e-02
1.054172847303164601e-01
6.332345701310440056e-01
2.327001050801805748e-01
0.000000000000000000e+00
5.624400082251542754e-01
6.989501846256440665e-01
3.427224999203117295e-01
3.954132802290087900e-01
5.590067674246516072e-01
2.973676430238814117e-01
0.000000000000000000e+00
4.492342901224214424e-01
5.264840499869433144e-01
5.290828737844106150e-02
4.033393819219637799e-01
6.610601503813295921e-01
5.978088459998810444e-01
2.091813289235280870e-01
7.716285741095625372e-01
7.302349735996064295e-01
5.012975284819675137e-01
5.642056797544058311e-01
9.066490956387178723e-01
6.823472552411240510e-01
5.368347707335462404e-01
5.121382281815951565e-01
8.132981912774362998e-01
7.697075043144848694e-01
8.078605490056909311e-01
7.231392719796750912e-01
8.546432210321628364e-01
6.986028183033692329e-01
7.028640645787466168e-01
5.385115555926621722e-01
6.563801881193198628e-01
5.522253488789047315e-01
5.921039800679793741e-01
5.322448836468238742e-01
5.053056968236221413e-01
7.604632869967878905e-01
6.468227119266565239e-01
3.608861710654862609e-01
6.128380719115980035e-01
3.475237974997164025e-01
6.808234929224812326e-01
4.743583416587658363e-01
3.641267268842364735e-01
4.670136155033093872e-01
5.183578407134051824e-01
7.675589886167193399e-01
6.359934625979760670e-01
6.230899734748964747e-01
3.804697805916054665e-01
4.366968928325467569e-01
3.614305032581536792e-01
7.265626955831980816e-01
2.438028355263590075e-01
6.327529067792257989e-01
5.388629753131349842e-01
5.012975284819675137e-01
6.542316724215544443e-01
3.804697805916054665e-01
1.575132180637854595e-01
5.290828737844106150e-02
0.000000000000000000e+00
7.294059439255133892e-01
2.824854418283966884e-01
4.313206677119900689e-01
9.003824236928796854e-01
8.143416606431913563e-01
5.984792981395301581e-01
8.704171207425898116e-01
7.977387312586713408e-01
7.514605014931452498e-01
8.067069319184509979e-01
6.654197384434569207e-01
7.302835443548361116e-01
8.771654560402464273e-01
8.181968064443725375e-01
9.273216105160815292e-01
8.443069635934811190e-01
9.303477266431697812e-01
8.712461504166829629e-01
8.597334969816333716e-01
9.667941412309599691e-01
8.930722823812862199e-01
9.074781253128111347e-01
8.244634783902109465e-01
9.738898428508914185e-01
8.617389226520942858e-01
9.098896514574682515e-01
8.542958547098880029e-01
8.720751800907760032e-01
7.162264381445165862e-01
7.969097015845780785e-01
7.841619180012392443e-01
9.344173121360129786e-01
7.734782942402830264e-01
9.107186811315612918e-01
8.236344487161179062e-01
9.368288382806699843e-01
8.380402916476429320e-01
7.475825767828362389e-01
8.194319365926618914e-01
7.862260778236216385e-01
7.871880341283276072e-01
8.720751800907760032e-01
8.846085239824528212e-01
6.543645990521672617e-01
8.222663919372158459e-01
8.609098929780012455e-01
8.908751959282912303e-01
7.993967906068575324e-01
7.621213463449741932e-01
8.339707061547996236e-01
9.003824236928799074e-01
8.542958547098880029e-01
8.210899959408479720e-01
9.156172962984977515e-01
7.841619180012394663e-01
9.344173121360129786e-01
8.600808633039082052e-01
7.084574123902326326e-01
6.108224828444454024e-01
6.262717951417254847e-01
6.704872354837996262e-01
6.472203266770061303e-01
8.139942943209165227e-01
8.336233398325246791e-01
7.733794750569784604e-01
7.472352104605614054e-01
9.210549385702431202e-01
5.554659046976549996e-01
8.143416606431913563e-01
6.359934625979759559e-01
6.073160737644696106e-01
7.242313121006596077e-01
3.614539546634977785e-01
7.775478797331262237e-01
8.807533781812715290e-01
4.428119126368423863e-01
4.909612710432858518e-01
6.160786277303483827e-01
4.215234373781173716e-01
4.595664941629051814e-01
4.428119126368423863e-01
6.933568368141580507e-01
5.851169245737602997e-01
9.052810388598162561e-01
8.858436541307419532e-01
6.264862348333875008e-01
5.522253488789047315e-01
8.542958547098880029e-01
8.439595972712062855e-01
8.461566837242014971e-01
8.089040183714459875e-01
8.129508249551614663e-01
7.335241001735862687e-01
8.132981912774361888e-01
8.295765332488093113e-01
7.683880182908123802e-01
6.017198539582803152e-01
5.756096968091717336e-01
8.834321279860848364e-01
7.799594058777832295e-01
5.882027990519880234e-01
2.973676430238814117e-01
2.481031870629886449e-01
2.973676430238814117e-01
4.222951032992197096e-01
6.564515377836773746e-01
7.912576196211709156e-01
8.704171207425898116e-01
7.874024738199896234e-01
8.475475194122313871e-01
8.932867220729482360e-01
8.064169293491667556e-01
8.376929253253678764e-01
8.568403074851579371e-01
8.040054032045095278e-01
6.898490573352515920e-01
7.176172738325463651e-01
7.724576037836555775e-01
4.365452406910039218e-01
2.950422371254175502e-01
8.324469438361568052e-01
6.144117753844009489e-01
6.760805832952856420e-01
6.193905332134559405e-01
5.400753265522962865e-01
6.413850696549112662e-01
5.755010506834593587e-01
5.090078200843300982e-01
3.680880888414714280e-01
1.054172847303164601e-01
4.836165448878295137e-01
1.575132180637854595e-01
2.945665239570263161e-01
2.438028355263590075e-01
2.091813289235280870e-01
7.457328566521158608e-01
6.267622514913048226e-01
3.780334326426737501e-01
2.147924328531762017e-01
1.054172847303164601e-01
7.558546743991355621e-01
6.431507411841629329e-01
7.568753648557627889e-01
7.185792301372522228e-01
6.325384670875638937e-01
6.903648281343782722e-01
7.073653722692480050e-01
3.942368842326408607e-01
6.306659680477157970e-01
4.743583416587658363e-01
6.597536705686830594e-01
8.314262533795294674e-01
4.577554122742457099e-01
3.385609019277951992e-01
5.717174143617023141e-01
2.447577358034661310e-01
1.054172847303164601e-01
6.969447589551830413e-01
4.182828815593672145e-01
8.941157517470414984e-01
7.805967747693421943e-01
8.463711234158635133e-01
8.538141913580697961e-01
8.973563075657915444e-01
7.977387312586713408e-01
7.473909160003019414e-01
8.932867220729482360e-01
8.331416764807063613e-01
7.849909476753325066e-01
6.493558361637459253e-01
7.298032514019483497e-01
7.169566486353052825e-01
8.305972237054364271e-01
8.111011048244410881e-01
8.941157517470412763e-01
1.000000000000000000e+00
9.698202573580482211e-01
7.198987161609247121e-01
5.796792823020149310e-01
8.129736038642892959e-01
5.322448836468238742e-01
5.625616063175863379e-01
3.796407509175123707e-01
3.282480958944576366e-01
8.598664236122461890e-01
9.376578679547632467e-01
9.842261002895729138e-01
5.322448836468238742e-01
5.132675647639346472e-01
4.903979634335762228e-01
4.595664941629052369e-01
5.522253488789048426e-01
4.724512577750547559e-01
4.690737219274937475e-01
5.219086262081421568e-01
4.743583416587658363e-01
4.096060538678023000e-01
4.262089832523223154e-01
4.033393819219638909e-01
4.128466096865524571e-01
4.210312166577281356e-01
3.774891004500063318e-01
3.940920298345264028e-01
4.272978886035665447e-01
4.044282872732080647e-01
3.940920298345264028e-01
3.551638313123152702e-01
1.925783995390080161e-01
6.767880148769465087e-01
7.868634467151806033e-01
9.273216105160813072e-01
9.036229795116299535e-01
8.837794943083597810e-01
9.210549385702431202e-01
7.438603576122677641e-01
7.963706744797692805e-01
7.582662005437926789e-01
6.866928573918845702e-01
6.401246250570747920e-01
6.767539074296379242e-01
8.033447780072685562e-01
8.660001689274718917e-01
6.045558108986071044e-01
8.326026493758973412e-01
9.368288382806699843e-01
6.819998889188491065e-01
8.295765332488093113e-01
6.045558108986071044e-01
5.222600459286148578e-01
2.716969226266678361e-01
1.925783995390080161e-01
5.863530789212677563e-01
4.760177714058825282e-01
5.879528815140870890e-01
5.522253488789047315e-01
5.486705099859700008e-01
8.443069635934813411e-01
7.358782625652525722e-01
7.230549161042917339e-01
6.250953991453574998e-01
6.527079101029116259e-01
8.546432210321628364e-01
7.863104336990049958e-01
3.878253578886879382e-01
7.787242757294940976e-01
8.775128223625211499e-01
7.965623352623033560e-01
7.934547060741659052e-01
4.120162096135288610e-01
5.791645357021064644e-01
6.870901648683196417e-01
6.741595135002078631e-01
7.136320442150864141e-01
7.787242757294940976e-01
6.837507898662651407e-01
8.443069635934811190e-01
8.807533781812716400e-01
8.973563075657915444e-01
7.111361621950460510e-01
1.939940473727988224e-01
0.000000000000000000e+00
6.749041872989176571e-01
2.481031870629886449e-01
2.438028355263590075e-01
2.438028355263590075e-01
3.205378042920950521e-01
5.290828737844106150e-02
3.821950306351902249e-01
1.939940473727988224e-01
1.054172847303164601e-01
0.000000000000000000e+00
0.000000000000000000e+00
3.193381519900447829e-01
5.290828737844106150e-02
5.140980960338005223e-01
0.000000000000000000e+00
0.000000000000000000e+00
5.732224511694150593e-01
5.290828737844106150e-02
1.180406873489069502e-01
1.925783995390080161e-01
5.290828737844106150e-02
2.484740047906075777e-01
2.604057649108790784e-01
2.091813289235280870e-01
1.640287444225089208e-01
6.730544671681972790e-01
8.881435534579641689e-02
2.950422371254175502e-01
0.000000000000000000e+00
2.438028355263590075e-01
2.281548064189460601e-01
2.779635945725062451e-01
6.110724003823464479e-01
0.000000000000000000e+00
7.874024738199896234e-01
0.000000000000000000e+00
6.778314842427015652e-01
0.000000000000000000e+00
2.281548064189460601e-01
0.000000000000000000e+00
0.000000000000000000e+00
0.000000000000000000e+00
0.000000000000000000e+00
2.650769341751276209e-01
5.290828737844106150e-02
8.881435534579641689e-02
0.000000000000000000e+00
0.000000000000000000e+00
0.000000000000000000e+00
0.000000000000000000e+00
0.000000000000000000e+00
0.000000000000000000e+00
2.824854418283966884e-01
0.000000000000000000e+00
8.881435534579641689e-02
0.000000000000000000e+00
5.290828737844106150e-02
7.941508091176462392e-01
0.000000000000000000e+00
5.290828737844106150e-02
4.421345351042921257e-01
4.512743006367453957e-01
2.438028355263590075e-01
0.000000000000000000e+00
5.918895403763173579e-01
0.000000000000000000e+00
1.409102886792654163e-01
0.000000000000000000e+00
0.000000000000000000e+00
0.000000000000000000e+00
0.000000000000000000e+00
0.000000000000000000e+00
0.000000000000000000e+00
0.000000000000000000e+00
3.936265074634743844e-01
0.000000000000000000e+00
0.000000000000000000e+00
5.290828737844106150e-02
1.427696113854478588e-01
4.721038914527798669e-01
0.000000000000000000e+00
7.567765456724585560e-01
4.215234373781173716e-01
1.180406873489069502e-01
7.438603576122677641e-01
5.017549113288851670e-01
6.839297517116880165e-01
1.054172847303164601e-01
2.779635945725062451e-01
8.881435534579641689e-02
1.409102886792654163e-01
1.054172847303164601e-01
3.415349065826053798e-01
1.575132180637854595e-01
4.824360954932636614e-01
4.106949592190464182e-01
1.925783995390080161e-01
3.448510252789777075e-01
3.448275738736336082e-01
2.550939932421478207e-01
6.768340500917565672e-01
4.760177714058825282e-01
8.881435534579641689e-02
2.982593415388236635e-01
3.878253578886879382e-01
2.550939932421478207e-01
4.272978886035665447e-01
3.614305032581536792e-01
1.409102886792654163e-01
7.870551074977146788e-01
1.409102886792654163e-01
3.780334326426737501e-01
3.946363620271937656e-01
4.365452406910039218e-01
6.002203721445380502e-01
5.605334017379975942e-01
4.887027674391019594e-01
6.040755179457193424e-01
4.429635647783851660e-01
4.961498887795062207e-01
2.438028355263590075e-01
4.587187389778821789e-01
1.054172847303164601e-01
1.054172847303164601e-01
4.761694235474252523e-01
2.650769341751276209e-01
4.887027674391019594e-01
5.259782117009854652e-01
5.127528181640261806e-01
4.784279271516090337e-01
5.547470227450469471e-01
4.690737219274937475e-01
6.405219325335097524e-01
6.563801881193198628e-01
7.230549161042917339e-01
7.462145200039341786e-01
5.410372828570022552e-01
6.311704103086618334e-01
7.587478638956109966e-01
6.979067152598890100e-01
1.180406873489069502e-01
1.575132180637854595e-01
3.776339548481208452e-01
2.271999061418389365e-01
4.743583416587658363e-01
6.532109819649272175e-01
5.633766500803129018e-01
8.846085239824528212e-01
4.577554122742458209e-01
4.618249977670890183e-01
7.995884513893914969e-01
6.896573965527175165e-01
2.945665239570263161e-01
8.139942943209163007e-01
5.241671298123259382e-01
7.911246929905579872e-01
7.185792301372524449e-01
4.577554122742457099e-01
4.277901093239557806e-01
3.551638313123152702e-01
6.741595135002078631e-01
3.448510252789777075e-01
4.044282872732080647e-01
4.680916697129273163e-01
8.443069635934811190e-01
6.799944632483883034e-01
7.471009134310181432e-01
7.860344170410875630e-01
8.307301503360493555e-01
7.816174652259695321e-01
5.854312076479448734e-01
6.866928573918846812e-01
7.007010855730598786e-01
7.066203911966234541e-01
9.098896514574683625e-01
8.742722665437711038e-01
7.414488314676107583e-01
8.576693371592510884e-01
6.264862348333873898e-01
5.293557475485463071e-01
8.502262692170448055e-01
7.765271892764988859e-01
8.192402758101275939e-01
7.145096446444090255e-01
7.580517608521308848e-01
8.368638956512748361e-01
