8.259523351904231037e-01
9.503240195383764188e-01
9.122146642350322798e-01
9.077978645192050777e-01
8.835648837915266451e-01
8.005093354564780661e-01
9.503240195383764188e-01
6.793444318180853481e-01
7.806931544446267246e-01
6.783802093425087554e-01
7.901527293044651179e-01
6.897010379700982963e-01
5.939791340656507268e-01
5.178461495099864198e-01
3.944530306550657617e-01
7.361702377221613913e-01
8.061361541785717622e-01
4.536240248435909339e-01
3.766710503937867327e-01
8.286521137199359677e-01
8.012123522826968269e-01
1.187810945521339950e-01
0.000000000000000000e+00
8.120759606147576193e-01
6.241519212295151275e-01
3.269425910782516320e-01
3.869547644074154413e-01
2.132909792700996288e-01
5.323526487734865364e-01
3.239823036885581820e-01
5.480687185583698051e-01
2.542436488952160567e-01
2.250809500915635641e-01
5.377121124063568569e-01
2.584605179649884232e-01
0.000000000000000000e+00
2.542436488952160567e-01
2.935630232048267452e-01
3.384672443935249353e-01
1.890579985424210574e-01
2.584605179649884232e-01
1.430140752798125525e-01
2.342275372373099074e-01
0.000000000000000000e+00
3.269425910782516875e-01
4.882136117232823702e-01
1.556784306689961705e-01
6.498746614804398192e-01
7.027906698487365045e-01
4.124686560995294293e-01
6.305654826486363218e-01
7.517303862870288178e-01
7.186638061276960920e-01
5.565856295011650801e-01
8.005093354564780661e-01
7.119372569944828477e-01
5.605995661922259510e-01
6.241519212295151275e-01
6.498746614804398192e-01
5.999189405018364729e-01
7.334372119955361313e-01
5.329325430919187312e-01
8.593319030638481015e-01
8.939214899435395933e-01
7.564601737169480700e-01
7.025634081856682034e-01
6.934666029244410668e-01
7.846361991775183675e-01
6.843200157786946125e-01
6.692336221967624121e-01
3.882356753718508302e-01
5.939791340656507268e-01
4.995529752184936778e-01
6.503816636604875523e-01
7.190445638906108050e-02
3.524380696661081891e-01
6.299142478871517792e-01
0.000000000000000000e+00
4.026210523077796144e-01
6.934666029244410668e-01
3.217540884720301864e-01
1.187810945521339950e-01
4.033220689537830861e-01
5.959050038107758240e-01
5.272199983188009531e-01
5.297755442668771186e-01
7.801861522645787694e-01
4.164974268834452098e-01
7.190445638906108050e-02
7.274974055593502742e-01
6.924340636967236673e-01
6.022286899192227372e-01
8.180157670509433654e-01
4.609346175548865721e-01
2.584605179649884232e-01
1.556784306689961705e-01
5.962888834830368801e-01
7.190445638906108050e-02
6.332985083752614708e-01
1.890579985424210574e-01
3.444995013464130507e-01
3.882356753718508302e-01
2.132909792700995733e-01
1.430140752798125525e-01
4.051580633882339022e-01
0.000000000000000000e+00
5.605995661922259510e-01
4.367016368272079174e-01
5.410963728944665485e-01
6.332985083752614708e-01
6.182121147933291594e-01
5.959050038107758240e-01
1.890579985424210574e-01
6.773476701147914669e-01
3.239823036885581820e-01
2.342275372373099074e-01
3.937017268251014057e-01
4.936131687823079317e-01
4.602336009088829893e-01
2.826934986926669668e-01
7.754896120317720243e-01
4.882136117232824812e-01
2.250809500915635641e-01
4.322139451532119869e-01
5.410963728944665485e-01
3.239823036885581820e-01
2.935630232048267452e-01
1.187810945521339950e-01
7.190445638906108050e-02
6.392383148114473279e-01
0.000000000000000000e+00
2.780179144465923513e-01
4.498769947568700966e-01
5.329325430919186202e-01
3.124489257273911913e-01
3.856548700904746108e-01
0.000000000000000000e+00
2.342275372373099074e-01
7.278103932734424353e-01
4.033220689537830861e-01
3.627217836797368977e-01
4.778570055712694775e-01
4.882136117232823702e-01
6.217318832169819176e-01
3.610734627816409303e-01
2.132909792700996288e-01
2.693300424771482016e-01
5.883523153435571418e-01
6.241519212295151275e-01
7.190445638906108050e-02
4.753199944908151897e-01
6.390110531483791378e-01
8.398287097660888101e-01
1.430140752798125525e-01
3.522753022170497239e-01
2.542436488952160567e-01
3.124489257273911913e-01
1.187810945521339950e-01
1.430140752798125525e-01
1.430140752798125525e-01
4.293910441159124458e-01
4.536240248435909339e-01
7.861259587007647376e-01
7.468065843911539936e-01
7.969895670328253079e-01
7.819031734508931075e-01
9.169444516649514210e-01
8.971282706530999684e-01
7.074872100815431386e-01
8.303691349062503058e-01
6.758246633944327009e-01
7.421100441583472485e-01
6.305654826486363218e-01
3.459870691997087300e-01
2.975211077443516983e-01
2.752494356288612831e-01
7.190445638906108050e-02
1.890579985424210574e-01
5.230829391199535161e-01
1.857615757819528757e-01
5.086995623642400766e-01
4.313878058192063270e-01
1.187810945521339950e-01
1.890579985424210574e-01
7.190445638906108050e-02
3.960114762424875590e-01
1.890579985424210574e-01
7.190445638906108050e-02
7.190445638906108050e-02
2.542436488952160567e-01
3.269425910782516320e-01
3.239823036885581820e-01
1.430140752798125525e-01
5.614380909539876674e-01
6.217318832169819176e-01
3.640026946441723421e-01
5.514529790464794967e-01
8.017193544627446711e-01
8.152827413243181054e-01
7.866329608808123597e-01
7.030704103657161586e-01
7.727565863051467643e-01
8.108659416084910143e-01
6.924340636967235563e-01
8.244293284700644486e-01
6.332985083752614708e-01
7.166670444244020999e-01
9.181544706712180259e-01
9.320308452468837324e-01
7.604032184498399349e-01
5.490329410339462868e-01
7.801861522645787694e-01
6.201379845384542566e-01
4.845163635210805175e-01
0.000000000000000000e+00
3.444995013464130507e-01
8.847749027977930281e-01
3.960114762424875590e-01
0.000000000000000000e+00
3.640026946441723421e-01
8.155957290384103775e-01
6.217318832169819176e-01
5.297755442668771186e-01
7.026131900701874100e-01
7.695498055955862782e-01
8.879816835073536252e-01
2.584605179649884232e-01
6.793444318180853481e-01
8.437385073018680570e-01
3.239823036885581820e-01
5.020899862989479656e-01
6.600870350510160689e-01
5.430931345977605407e-01
8.927114709372729884e-01
8.259523351904231037e-01
8.593319030638478795e-01
8.679714880295464896e-01
9.320308452468835103e-01
8.286521137199359677e-01
8.588249008838001464e-01
4.322139451532119869e-01
4.275550496814616297e-01
3.944530306550657617e-01
3.269425910782516320e-01
1.187810945521339950e-01
6.498746614804398192e-01
3.626319083690626166e-01
7.190445638906108050e-02
3.970440154702049029e-01
6.692336221967625232e-01
1.187810945521339950e-01
2.584605179649884232e-01
8.271623541966897086e-01
3.856548700904745552e-01
7.190445638906108050e-02
2.782991498443453948e-01
3.702200499273872736e-01
6.207676607414054359e-01
7.190445638906108050e-02
7.861259587007645155e-01
8.546021156339286273e-01
6.956408444062841534e-01
5.873880928679805491e-01
5.668191131453913512e-01
4.296368406466024581e-01
7.668167798689610182e-01
7.819031734508933296e-01
1.556784306689961705e-01
8.593319030638481015e-01
7.952725458465110808e-01
7.030704103657161586e-01
1.430140752798125525e-01
5.707621578782831051e-01
2.584605179649884232e-01
8.259523351904231037e-01
6.622612765328592666e-01
1.890579985424210574e-01
5.665393726284116971e-01
3.626319083690626166e-01
3.269425910782516320e-01
3.368404820539623867e-01
3.444995013464130507e-01
6.884910189638318023e-01
1.556784306689961705e-01
4.929433991532016224e-01
5.939791340656507268e-01
2.542436488952160567e-01
2.826934986926669668e-01
5.168633921667880049e-01
3.882356753718508302e-01
4.033220689537830861e-01
3.124489257273911913e-01
3.524380696661081891e-01
3.368404820539623867e-01
0.000000000000000000e+00
5.038255423528841259e-01
3.217540884720301864e-01
2.935630232048267452e-01
3.610734627816409303e-01
5.086995623642400766e-01
4.293910441159124458e-01
4.033220689537830861e-01
3.027096103505730884e-01
4.609346175548864610e-01
5.873880928679804381e-01
7.683397865893196732e-01
6.934666029244409557e-01
5.086995623642400766e-01
9.181544706712180259e-01
7.666227654030053351e-01
5.038255423528841259e-01
5.263229670266265092e-01
5.625254359373510482e-01
8.088691799051970222e-01
5.663121109653435070e-01
6.785576891210579609e-01
5.086995623642400766e-01
7.376599972454076504e-01
6.598412385203260566e-01
6.547984633763147544e-01
6.182121147933291594e-01
7.230806058435231831e-01
1.000000000000000000e+00
8.927114709372729884e-01
8.259523351904231037e-01
8.212225477605039625e-01
8.200125287542373576e-01
8.776250773553407880e-01
8.528850944476144003e-01
8.593319030638481015e-01
9.030680770892859366e-01
8.259523351904231037e-01
9.515340385446429128e-01
7.591931994435733300e-01
9.908534128542536568e-01
8.879816835073537362e-01
7.230806058435231831e-01
7.618929779730860830e-01
7.030704103657161586e-01
8.120759606147576193e-01
8.696885092158610497e-01
8.788350963616073930e-01
7.866329608808124707e-01
7.636099991594004210e-01
7.866329608808124707e-01
7.564601737169480700e-01
7.866329608808123597e-01
8.879816835073537362e-01
9.364476449627107124e-01
8.247423161841564987e-01
9.030680770892859366e-01
9.515340385446429128e-01
9.181544706712182480e-01
7.861259587007645155e-01
8.442455094819157901e-01
8.271623541966897086e-01
9.077978645192052998e-01
9.181544706712180259e-01
8.029293734690111650e-01
7.606829589668194780e-01
9.260910388106977642e-01
7.423897846753267915e-01
8.454555284881823951e-01
9.030680770892859366e-01
8.974412583671922405e-01
8.303691349062503058e-01
8.879816835073536252e-01
8.546021156339287383e-01
8.696885092158610497e-01
8.986512773734587345e-01
8.152827413243181054e-01
8.333819011498551088e-01
7.819031734508931075e-01
8.333819011498551088e-01
9.181544706712180259e-01
8.501853159181017583e-01
6.642580382361531477e-01
9.757670192723213454e-01
7.846361991775183675e-01
8.679714880295467117e-01
9.169444516649516430e-01
7.861259587007645155e-01
7.952725458465110808e-01
9.030680770892859366e-01
6.575314891029400144e-01
7.861259587007646266e-01
8.454555284881823951e-01
8.005093354564780661e-01
7.361702377221613913e-01
7.193668229539148529e-01
8.879816835073537362e-01
7.952725458465110808e-01
7.901527293044650069e-01
7.273033910933947022e-01
8.108659416084910143e-01
8.696885092158609387e-01
7.285134100996613071e-01
5.605995661922259510e-01
5.987089214955699790e-01
4.655935130266368738e-01
4.794698876023024137e-01
6.305654826486362108e-01
7.079942122615910938e-01
3.124489257273911913e-01
1.187810945521339950e-01
4.485812496995795762e-01
3.944530306550657617e-01
6.622612765328592666e-01
7.190445638906108050e-02
2.250809500915635641e-01
7.178770634306687048e-01
0.000000000000000000e+00
4.655935130266368738e-01
1.430140752798125525e-01
5.959050038107758240e-01
0.000000000000000000e+00
7.190445638906108050e-02
5.949951386059616487e-01
4.293910441159123348e-01
0.000000000000000000e+00
5.999189405018364729e-01
5.232060616277401932e-01
2.105074748697782216e-01
7.190445638906108050e-02
3.368404820539623867e-01
6.066454896350498283e-01
5.965346800137268923e-01
0.000000000000000000e+00
1.430140752798125525e-01
2.780179144465923513e-01
0.000000000000000000e+00
2.250809500915635641e-01
7.190445638906108050e-02
0.000000000000000000e+00
0.000000000000000000e+00
4.098878508181531544e-01
1.890579985424210574e-01
2.307619719975019523e-01
0.000000000000000000e+00
2.972435588973226239e-01
7.190445638906108050e-02
0.000000000000000000e+00
3.856548700904745552e-01
4.845163635210805175e-01
4.362278818442726913e-01
7.190445638906108050e-02
7.544634120136540778e-01
0.000000000000000000e+00
0.000000000000000000e+00
7.190445638906108050e-02
0.000000000000000000e+00
2.105074748697782216e-01
0.000000000000000000e+00
7.190445638906108050e-02
0.000000000000000000e+00
0.000000000000000000e+00
0.000000000000000000e+00
0.000000000000000000e+00
0.000000000000000000e+00
0.000000000000000000e+00
0.000000000000000000e+00
0.000000000000000000e+00
0.000000000000000000e+00
0.000000000000000000e+00
3.383989276413840730e-01
6.356082577926475130e-01
2.935630232048267452e-01
0.000000000000000000e+00
7.190445638906108050e-02
6.498746614804398192e-01
4.536240248435909339e-01
7.334372119955361313e-01
3.610734627816409303e-01
2.307619719975019523e-01
0.000000000000000000e+00
5.450394176273584135e-01
0.000000000000000000e+00
0.000000000000000000e+00
8.259523351904231037e-01
1.187810945521339950e-01
0.000000000000000000e+00
0.000000000000000000e+00
0.000000000000000000e+00
4.936131687823079317e-01
2.470605762556511709e-01
4.033220689537830861e-01
3.728110347425263593e-01
8.454555284881826172e-01
7.564601737169480700e-01
4.033220689537830861e-01
7.270236505764149371e-01
3.269425910782516320e-01
4.033220689537830861e-01
4.268540330354581580e-01
9.090078835254716827e-01
7.334372119955361313e-01
7.866329608808124707e-01
8.501853159181017583e-01
8.756283156520466848e-01
8.442455094819157901e-01
7.861259587007646266e-01
6.346440353170709203e-01
6.207676607414054359e-01
6.450006414690838685e-01
6.600870350510160689e-01
6.056812671594732356e-01
6.692336221967625232e-01
5.939791340656507268e-01
4.293910441159123348e-01
4.098878508181531544e-01
4.098878508181531544e-01
4.778570055712694775e-01
4.936131687823079317e-01
4.268540330354581580e-01
7.270236505764150481e-01
6.531146893871129233e-01
7.119372569944829587e-01
7.846361991775185896e-01
8.395157220519966490e-01
7.806931544446266136e-01
8.152827413243179944e-01
7.576701927232146749e-01
8.637487027796750816e-01
6.988476251158447505e-01
7.819031734508933296e-01
8.001963477423859050e-01
7.473135865712017267e-01
6.988476251158447505e-01
7.759633670147073614e-01
7.668167798689610182e-01
6.837612315339124391e-01
6.800474486443042199e-01
7.757693525487516784e-01
7.861259587007645155e-01
6.256416807527613866e-01
7.849159396944981326e-01
8.489752969118351533e-01
8.533920966276621334e-01
7.564601737169480700e-01
7.079942122615910938e-01
6.924340636967236673e-01
7.000576441221112445e-01
5.514529790464794967e-01
5.272199983188009531e-01
6.451781212476330740e-01
8.254453330103753705e-01
7.285134100996611961e-01
6.696908424922912717e-01
8.000023332764302220e-01
5.668191131453912401e-01
6.741076422081183628e-01
5.952748791229413028e-01
5.883523153435570308e-01
5.631551121403018945e-01
2.972435588973226239e-01
2.307619719975019523e-01
6.170020957870627765e-01
2.470605762556511709e-01
6.241519212295151275e-01
6.093785153616750883e-01
6.531146893871128123e-01
4.511367956476556862e-01
