2.212107029516159895e-01
4.730598523199600058e-01
4.532131329168551659e-01
5.932045862203157993e-01
5.627980431545966944e-01
6.259555435969950121e-01
7.280016083049520859e-01
6.808171492805676905e-01
6.733261290623931972e-01
7.120285668869380524e-01
6.218632701141938446e-01
6.417099895172988511e-01
6.143722498960194622e-01
6.863261675354123126e-01
6.225243278049250595e-01
7.972711244477783676e-01
7.292489450386241412e-01
7.452219864566381746e-01
7.689423838448340431e-01
7.328662872717079946e-01
8.161268428692183274e-01
7.363247323922473830e-01
8.096268236327087697e-01
6.534794096592881907e-01
8.768871084837356333e-01
7.904244435176926986e-01
8.570403890806307379e-01
8.177621831389720874e-01
7.614513636266595498e-01
8.896580405332172869e-01
7.292489450386241412e-01
8.098559300562462315e-01
8.688203201484473448e-01
8.698113211301122805e-01
9.254778013543362158e-01
8.100148271687903634e-01
7.354926285231265792e-01
8.112621639024625297e-01
8.460909237419165230e-01
8.027801427026231007e-01
7.575776856415685767e-01
7.574323303753643932e-01
9.339598225541757559e-01
8.853691296835750624e-01
8.782933423299517095e-01
8.059822520711554805e-01
8.620639651599306674e-01
8.381846706591906671e-01
4.702215675187401134e-01
6.940735235055941477e-01
7.741950663476713235e-01
7.676950471111617658e-01
8.063974849357067320e-01
7.976591279838599613e-01
8.857843625481262029e-01
8.708023221117772161e-01
8.059822520711553695e-01
9.056310819512312094e-01
8.531667110955397648e-01
7.260196063416222145e-01
8.376089025420768719e-01
8.298615465718951478e-01
1.000000000000000000e+00
8.497082659750000433e-01
8.063974849357067320e-01
7.490956644417290367e-01
8.027801427026231007e-01
8.734286633631959118e-01
8.470819247235813476e-01
7.452219864566381746e-01
7.490956644417290367e-01
8.655224102804702779e-01
9.651712401605458957e-01
7.468573267263920457e-01
8.063974849357067320e-01
8.770460055962795431e-01
8.659376431450214184e-01
7.107812301532659971e-01
8.381846706591906671e-01
7.089869927709679942e-01
8.059822520711553695e-01
8.112621639024625297e-01
9.066220829328961450e-01
7.616804700501970116e-01
9.179867811361616114e-01
8.499646017270073850e-01
8.059822520711553695e-01
8.333199916924348694e-01
8.337352245569860099e-01
8.809196835813704052e-01
6.996728677020076503e-01
8.847933615664612672e-01
8.499646017270073850e-01
8.385999035237420296e-01
8.623203009119377871e-01
7.839244242811829189e-01
8.703870892472260756e-01
9.141131031510708604e-01
8.148795061355461611e-01
1.621761035484214075e-01
3.345528946918631119e-01
0.000000000000000000e+00
3.491882734346362094e-01
6.343194388591000266e-01
2.623103756040420786e-01
0.000000000000000000e+00
0.000000000000000000e+00
1.621761035484214075e-01
5.386027145166835117e-01
0.000000000000000000e+00
0.000000000000000000e+00
1.621480703350833830e-01
6.123238761535289287e-02
0.000000000000000000e+00
1.219140093229922617e-01
2.612643452977418401e-01
0.000000000000000000e+00
4.442918567130625940e-01
5.694841888321200418e-01
4.936565932076361074e-01
4.775827149222259260e-01
4.696062525285065736e-01
8.857843625481262029e-01
6.055602854052462014e-01
4.674788952989726298e-01
2.018415091412932016e-01
0.000000000000000000e+00
5.520074749284267224e-01
1.020672899198873523e-01
0.000000000000000000e+00
6.187616303056373557e-01
0.000000000000000000e+00
4.975883314378749533e-01
6.427009904989637867e-01
7.233932650902034078e-01
8.173469502744209469e-01
0.000000000000000000e+00
1.820228229515263307e-01
0.000000000000000000e+00
7.216125695542455754e-01
6.283800077533457928e-01
5.345701394190485178e-01
6.215333268232602348e-01
5.520074749284267224e-01
6.816492531496884943e-01
7.904244435176926986e-01
5.692278530801128111e-01
5.386027145166835117e-01
5.667124923144972737e-01
6.514974076959583194e-01
8.809196835813704052e-01
8.594376239085118607e-01
8.297026494593512380e-01
8.649466421633564828e-01
8.054064839540419074e-01
7.904244435176926986e-01
9.095047599363220714e-01
8.456756908773651604e-01
8.112621639024625297e-01
8.450999227602515873e-01
8.320998842872322498e-01
8.734286633631959118e-01
6.966312935860375921e-01
8.470819247235814586e-01
8.896580405332172869e-01
8.059822520711553695e-01
9.056310819512312094e-01
9.489418629905247426e-01
8.698113211301122805e-01
9.216041233692452428e-01
4.849762965009374871e-01
5.520074749284267224e-01
5.718541943315316178e-01
5.321607555253217159e-01
4.839852955192724404e-01
3.936729747075403685e-01
4.139397723042827493e-01
4.497595331254017337e-01
4.025750741010172828e-01
5.793452145497061112e-01
6.190386533559160132e-01
5.520074749284267224e-01
5.321607555253217159e-01
5.396517757434963203e-01
5.991919339528110067e-01
4.839852955192724404e-01
5.396517757434963203e-01
4.849762965009374871e-01
5.901357827758761943e-01
5.986178039757156233e-01
8.092801619391327694e-01
7.565866846599036410e-01
7.751860673293364812e-01
7.826770875475109746e-01
7.354926285231265792e-01
7.701624912500365516e-01
8.773023413482867738e-01
9.378335005392666179e-01
8.867753635297913606e-01
8.991310627147216517e-01
8.981400617330567160e-01
8.333199916924347583e-01
8.570403890806307379e-01
9.042248481050151332e-01
8.381846706591906671e-01
7.176981203943449961e-01
8.906490415148822226e-01
8.782933423299519315e-01
7.553393479262314747e-01
9.339598225541757559e-01
8.857843625481264249e-01
8.499646017270076070e-01
8.252532033571465808e-01
9.095047599363220714e-01
8.311088833055675362e-01
8.906490415148822226e-01
8.063974849357067320e-01
8.216358611240629495e-01
8.450999227602515873e-01
7.819424223178530475e-01
8.108469310379112782e-01
8.262442043388115165e-01
7.414592889573504708e-01
6.829101317297006091e-01
7.979154637358671920e-01
6.827088253023286812e-01
6.940735235055941477e-01
7.587977930467710852e-01
8.703870892472260756e-01
7.415774148950847744e-01
7.217579248204496478e-01
7.582220249296575121e-01
4.566475558979929961e-01
5.473991317136780443e-01
3.114784747317744795e-01
2.792760561437391820e-01
2.792760561437391820e-01
2.594293367406342310e-01
2.792760561437391820e-01
4.333664135137502149e-01
4.055894188885177387e-01
4.726205973160070295e-01
4.100660943191918872e-01
1.020672899198873523e-01
5.464505400468409047e-01
6.733261290623931972e-01
8.272352053204766742e-01
5.619931686139454374e-01
7.855597645509369009e-01
4.007247399217620520e-01
8.371936696775257314e-01
7.428247516287570518e-01
5.821698313079841647e-01
4.476922415884542761e-01
6.198707572250367059e-01
5.939392514499735043e-01
6.625477099020687932e-01
6.823944293051736887e-01
6.218632701141939556e-01
7.507310047114829077e-01
5.321607555253217159e-01
6.904011519478752135e-01
7.292489450386242522e-01
6.788351473172378192e-01
7.300945907540851154e-01
7.701624912500364406e-01
7.154870120074775519e-01
9.189777821178265471e-01
7.972711244477783676e-01
8.659376431450214184e-01
9.017574039661403473e-01
7.865507655326018366e-01
8.778781094654005690e-01
8.183379512560858826e-01
9.404598417906850916e-01
8.497082659750001543e-01
7.780687443327621855e-01
6.460993699269167445e-01
3.690349928377411604e-01
6.261416700380088018e-01
6.326416892745183596e-01
1.820228229515263307e-01
7.429836487413010726e-01
0.000000000000000000e+00
5.198050563403914248e-01
2.594293367406342310e-01
6.863261675354124236e-01
2.792760561437391820e-01
2.532399662772815141e-01
2.210375476892462165e-01
7.573915592005548980e-01
4.714979285502675643e-01
3.963727324590206047e-01
4.392955099622323223e-01
9.056310819512312094e-01
4.135196941106453195e-01
6.992576348374562878e-01
5.068752271783656393e-01
7.786445124498759807e-01
6.030075516927539958e-01
4.179451180734481408e-01
6.950645244872590833e-01
7.300945907540850044e-01
8.574556219451819894e-01
8.531667110955397648e-01
6.219637396741696245e-01
7.500866654233939723e-01
6.123797370068622126e-01
4.422685129072271293e-01
2.805777058985609029e-01
5.836765347141761318e-01
7.772790497784692887e-01
6.123238761535289287e-02
3.148171557745613192e-01
7.357489642751338099e-01
6.856818282473234882e-01
5.476554674656852750e-01
4.975883314378749533e-01
7.288337121740728897e-01
6.083879330840368249e-01
5.418901134588334223e-01
6.073969321023720003e-01
1.943504889231186805e-01
3.191507760618765843e-01
4.299128137222967827e-01
6.118039688897484174e-01
6.401327094926929639e-01
1.820228229515263307e-01
7.543483469445665390e-01
1.820228229515263307e-01
4.333664135137502149e-01
7.110375659052732278e-01
6.262526505238118490e-01
4.258753932955756105e-01
4.452828576947275852e-01
2.607309864954560630e-01
7.582220249296575121e-01
3.169858548466009673e-01
3.169858548466009673e-01
5.396517757434963203e-01
8.385999035237420296e-01
8.385999035237420296e-01
8.594376239085118607e-01
7.414592889573504708e-01
7.057576540739660675e-01
8.320998842872322498e-01
8.197441851023019588e-01
7.089869927709679942e-01
3.388162143530539239e-01
4.692305665370751777e-01
5.619078790403279067e-01
1.943504889231186805e-01
6.123238761535289287e-02
5.787710845726107278e-01
5.305956245665613968e-01
6.819191307480356734e-01
6.061088241938901167e-01
4.651295770978325361e-01
6.458022630001000186e-01
3.586629337561588748e-01
2.623103756040420786e-01
3.588442148680863752e-01
3.491882734346362094e-01
4.702215675187402244e-01
4.839852955192724404e-01
6.780454527629447004e-01
7.217306954919799900e-01
7.972711244477783676e-01
6.829101317297007201e-01
3.218505338133567650e-01
6.342189692991243577e-01
4.621152323103320247e-01
7.142396752738054966e-01
6.127949698714134641e-01
7.270106073232871502e-01
6.501920107171383911e-01
5.301803917020101453e-01
7.614241342981898919e-01
7.403573074898824879e-01
6.785788115652305885e-01
4.578658683338098223e-01
4.696062525285065736e-01
6.383112427819255252e-01
8.122531648841274654e-01
4.240299044454065025e-01
6.449973884594487616e-01
4.222764382379181614e-01
4.493838471339703378e-01
1.621480703350833830e-01
3.010128134285869339e-01
5.861439788530508066e-01
8.027801427026231007e-01
8.708023221117773272e-01
8.499646017270073850e-01
6.259555435969950121e-01
7.292489450386242522e-01
2.210375476892462165e-01
4.420823864662134506e-01
5.980692651870717080e-01
4.438766238485113425e-01
2.792760561437391265e-01
5.779662100319594709e-01
3.181373910808282246e-01
6.123238761535289287e-02
1.943504889231186805e-01
1.020672899198873523e-01
4.189890392957683063e-01
5.321607555253217159e-01
3.553906150766329985e-01
2.216882285443981249e-01
5.948399264900696704e-01
1.348383639271419632e-01
3.491882734346362649e-01
5.826447625577017009e-01
7.025555447054336877e-01
5.375381059960919750e-01
6.609704298774627951e-01
8.610729641782656207e-01
9.003511701199240491e-01
8.669286441266863541e-01
8.450999227602515873e-01
8.857843625481262029e-01
5.195280332901128784e-01
2.210375476892461888e-01
7.539331140800152875e-01
8.059822520711553695e-01
7.318752862900428369e-01
6.061088241938901167e-01
4.975593071400195577e-01
4.299128137222967827e-01
3.940930529011777983e-01
6.904011519478752135e-01
7.622970093421203019e-01
8.047621446659528610e-01
4.839852955192724404e-01
6.771998070474839482e-01
5.584494339197884072e-01
8.535819439600910163e-01
3.189694949499489729e-01
3.004244253016658539e-01
7.308842853083780122e-01
8.291268813422376649e-01
3.380064944833164886e-01
2.792760561437391820e-01
5.619078790403279067e-01
7.936265528862250784e-01
6.029067148253577368e-01
3.808780205186571011e-01
2.415349479475030203e-01
0.000000000000000000e+00
3.991423198926633553e-01
5.463500704868652358e-01
4.258753932955756105e-01
2.216882285443980694e-01
1.621761035484214075e-01
3.191507760618765843e-01
2.532399662772814586e-01
4.978446671898820730e-01
4.702215675187401134e-01
6.474648325983233255e-01
8.177621831389720874e-01
6.904011519478752135e-01
6.326416892745183596e-01
5.354603035333173056e-01
6.337028995671768472e-01
6.221090949403738080e-01
5.418901134588334223e-01
3.511412511001106296e-01
3.341376618273118049e-01
3.695817366569993934e-01
1.621761035484214075e-01
1.219140093229922617e-01
2.594293367406342310e-01
2.216882285443980694e-01
8.649466421633564828e-01
7.676950471111619878e-01
2.210375476892462165e-01
6.754191115115262267e-01
5.782225457839667015e-01
9.264688023360008184e-01
6.073969321023720003e-01
6.859109346708610611e-01
4.244451373099577540e-01
6.819191307480356734e-01
1.621480703350833830e-01
5.981428727259981981e-01
1.943504889231186805e-01
7.159022448720289145e-01
8.148795061355461611e-01
3.697115978222508814e-01
3.010128134285869339e-01
7.772790497784692887e-01
4.839852955192724404e-01
1.219140093229922617e-01
3.808780205186571011e-01
4.295371277308654423e-01
6.012713745556038658e-01
2.216882285443981249e-01
5.947713553190944191e-01
4.422685129072271293e-01
3.991423198926632443e-01
5.686944942778270340e-01
1.621761035484214075e-01
3.752373344797378940e-01
6.869019356525259967e-01
8.337352245569862319e-01
4.973319956858677782e-01
6.745734657960652525e-01
1.820228229515263307e-01
7.363247323922473830e-01
7.106223330407217542e-01
2.607309864954560630e-01
7.513067728285965918e-01
6.827088253023286812e-01
7.035465456870986234e-01
3.963727324590206047e-01
7.592130259113224477e-01
7.107812301532659971e-01
7.751860673293362591e-01
5.092996913347164201e-01
3.578532138864214396e-01
7.096313320590569296e-01
4.233224685442182889e-01
6.123238761535289287e-02
5.932045862203157993e-01
6.383520139567350205e-01
1.219140093229922617e-01
5.345701394190484068e-01
6.303452913140333846e-01
8.376089025420770939e-01
0.000000000000000000e+00
4.422685129072271293e-01
7.887891032479389386e-01
4.706402334926953479e-01
1.852177868681272876e-01
5.870345102747399624e-01
7.116133340223866899e-01
1.621761035484214075e-01
4.578658683338098223e-01
2.792760561437391820e-01
4.060286738924707706e-01
1.219140093229922617e-01
5.187559951135785052e-01
4.348204726715764190e-01
7.975002308713159405e-01
5.793452145497061112e-01
6.470903709085816802e-01
5.301803917020101453e-01
4.471164734713406474e-01
3.491882734346362649e-01
5.429920949263014052e-01
3.464885156831560287e-01
5.336644280110011129e-01
4.258753932955756105e-01
5.911267837575411299e-01
7.539331140800152875e-01
2.434562953226202253e-01
6.486147306925323930e-01
6.048887167886877192e-01
7.403573074898824879e-01
4.452828576947275852e-01
4.493838471339702823e-01
8.744196643448606254e-01
8.371936696775257314e-01
5.375381059960919750e-01
3.765260130559157092e-01
6.254070048083510969e-01
8.059822520711553695e-01
8.246088640690577565e-01
9.329688215725108202e-01
8.928601499017495557e-01
8.297026494593512380e-01
2.594293367406342310e-01
3.264298527302499919e-01
8.298615465718953699e-01
7.705777241145879142e-01
8.272352053204764522e-01
6.879201659626605903e-01
7.416046442235545433e-01
7.205105880867775925e-01
5.945255304929145668e-01
7.464420938618406831e-01
4.937146534527840913e-01
6.221090949403738080e-01
8.301178823239023785e-01
6.767845741829325856e-01
4.839852955192724404e-01
4.295371277308654423e-01
6.061088241938901167e-01
8.177621831389720874e-01
5.711195291018738018e-01
7.741950663476715455e-01
5.174060265431245087e-01
7.092160991945055670e-01
6.705544325447703180e-01
6.073969321023720003e-01
7.100465649236081811e-01
6.413800462263650193e-01
4.305281287125303780e-01
7.270106073232871502e-01
5.463500704868652358e-01
6.053039496532389707e-01
3.491882734346362094e-01
6.123238761535289287e-02
3.013304508243075941e-01
8.173469502744209469e-01
5.779662100319594709e-01
6.342189692991242467e-01
0.000000000000000000e+00
7.253752670535332792e-01
7.314600534254915853e-01
3.491882734346362649e-01
2.916317553286695285e-01
6.527447444296305967e-01
7.308842853083780122e-01
3.566792936528108138e-01
5.198050563403913138e-01
7.383753055265525056e-01
7.904244435176926986e-01
3.114784747317744795e-01
1.621761035484214075e-01
3.991423198926633553e-01
6.053039496532389707e-01
5.102003663748123641e-01
5.050503273581942176e-01
5.174060265431245087e-01
7.602040268929873834e-01
7.027568511328056156e-01
9.066220829328961450e-01
4.663188535863566631e-01
2.210375476892461888e-01
1.820228229515263307e-01
6.143722498960194622e-01
5.864482312317988999e-01
3.955422667299179351e-01
4.870285077752607439e-01
5.627980431545966944e-01
4.341164349983214210e-01
5.246697353071472225e-01
6.433620481896948906e-01
4.845882929648556714e-01
7.628303681444060791e-01
7.314600534254915853e-01
6.158789533022113183e-01
0.000000000000000000e+00
7.573915592005548980e-01
7.826770875475109746e-01
2.210375476892462165e-01
7.265953744587358987e-01
6.808171492805676905e-01
7.081548889018471904e-01
6.123238761535289287e-02
3.697115978222509369e-01
6.303452913140333846e-01
7.503157718469315451e-01
3.429445899501337713e-01
5.300470857779174816e-01
2.333932468741765909e-01
4.706402334926953479e-01
5.301803917020101453e-01
2.792760561437391820e-01
3.703726555129819853e-01
4.924673167191119805e-01
4.220461075126908934e-01
4.779979477867772331e-01
5.038320149223773914e-01
6.827088253023286812e-01
1.943504889231186805e-01
6.501920107171383911e-01
8.620639651599305564e-01
4.975593071400196687e-01
8.337352245569862319e-01
4.900682869218451754e-01
6.153632508776843979e-01
4.894529719316114691e-01
8.977248288685053534e-01
1.621761035484214075e-01
3.861819544893658751e-01
5.429513237514917989e-01
6.625477099020687932e-01
2.594293367406342310e-01
7.176981203943449961e-01
6.576830309353128845e-01
4.055894188885177387e-01
3.010128134285869339e-01
9.017574039661403473e-01
5.112649748954040119e-01
1.348383639271419632e-01
4.714979285502676754e-01
4.428838278974607801e-01
7.500866654233939723e-01
4.591422293653372733e-01
3.578532138864213841e-01
5.274943520654252760e-01
7.507310047114829077e-01
5.042488859269468326e-01
6.553710856810492924e-01
2.210375476892462165e-01
4.696062525285065736e-01
5.890745724832177066e-01
3.936729747075403685e-01
6.583440886260439884e-01
7.468573267263919346e-01
3.169858548466009673e-01
5.284853530470902117e-01
4.790448999296100241e-01
8.778781094654005690e-01
6.123238761535289287e-02
0.000000000000000000e+00
6.767845741829325856e-01
7.650687058597431811e-01
5.826447625577017009e-01
8.086358226510438341e-01
9.528155409756156047e-01
7.751860673293364812e-01
2.216882285443980694e-01
6.527447444296305967e-01
5.038320149223773914e-01
4.438766238485113425e-01
3.936729747075403685e-01
6.228542710958588913e-01
8.499646017270073850e-01
4.471164734713406474e-01
7.910002116348062717e-01
7.657130451478321165e-01
7.861355326680504740e-01
3.738262553044354730e-01
8.570403890806306269e-01
8.177621831389720874e-01
5.429513237514917989e-01
7.298932843267130766e-01
4.775827149222259260e-01
8.183379512560858826e-01
7.103932266171841814e-01
4.663188535863567741e-01
5.146225831485473634e-01
5.476554674656852750e-01
4.764942753010979470e-01
2.607309864954560630e-01
7.243842660718683435e-01
5.028426520807306455e-01
3.742463334980729028e-01
6.185052945536302360e-01
7.493247708652667205e-01
5.990330368402668748e-01
5.343990932406588179e-01
4.692305665370752887e-01
6.829101317297006091e-01
5.198050563403914248e-01
7.288337121740728897e-01
6.225243278049249485e-01
6.973764697415226754e-01
6.534794096592883017e-01
4.025750741010173384e-01
6.062949506349037954e-01
6.391417085110280283e-01
1.348383639271419632e-01
7.800507462960920568e-01
3.511412511001106296e-01
5.627980431545966944e-01
1.219140093229922617e-01
5.222144402341181157e-01
3.752373344797378940e-01
2.594293367406342310e-01
5.170198179764284863e-01
4.100660943191918872e-01
5.619931686139454374e-01
3.894847096864292313e-01
5.627980431545966944e-01
5.345701394190485178e-01
4.781992542141491609e-01
5.876683386370014084e-01
7.205105880867775925e-01
5.463500704868652358e-01
5.911675549323507362e-01
6.664794481323075281e-01
5.658668465990362995e-01
7.061728869385173191e-01
8.209642925075043562e-01
7.464420938618406831e-01
8.778781094654005690e-01
4.924673167191119805e-01
7.176981203943449961e-01
8.337352245569860099e-01
5.195280332901127673e-01
5.934058926476877271e-01
1.943504889231186805e-01
7.357489642751339209e-01
2.916317553286695285e-01
1.943504889231186805e-01
7.819424223178532696e-01
7.270106073232871502e-01
5.831608322896491003e-01
3.380064944833165441e-01
9.066220829328961450e-01
5.712800643544361234e-01
4.978446671898821840e-01
6.409648133618137678e-01
3.388162143530539239e-01
7.141215493360710820e-01
6.501920107171383911e-01
7.676950471111619878e-01
6.417099895172988511e-01
8.412262447751607253e-01
4.333664135137501594e-01
7.998974656991970633e-01
8.456756908773651604e-01
6.931728484654980926e-01
1.820228229515263307e-01
5.678488485623661708e-01
1.020672899198873523e-01
6.123238761535289287e-02
4.299128137222967827e-01
3.808780205186571011e-01
6.104985719109284892e-01
5.591104916105195111e-01
4.299128137222967827e-01
4.653568885519843157e-01
3.013304508243075941e-01
3.191507760618765843e-01
4.256634497457744692e-01
5.468657729113922672e-01
1.348383639271419632e-01
7.575776856415685767e-01
8.932753827663009183e-01
6.638531068808887214e-01
6.077713937921136456e-01
7.914154444993575233e-01
7.019112054173447524e-01
4.988356681715470087e-01
5.390776457664008259e-01
8.100148271687903634e-01
8.730134304986447713e-01
6.762088060658191235e-01
8.942663837479658540e-01
8.311088833055673142e-01
7.027568511328055045e-01
7.689423838448339321e-01
9.290951435874199582e-01
7.292489450386241412e-01
7.429836487413010726e-01
4.422685129072271293e-01
5.831608322896491003e-01
8.086358226510438341e-01
9.095047599363220714e-01
8.442694570311490843e-01
1.621761035484214075e-01
6.785788115652305885e-01
8.594376239085118607e-01
6.867838097147915821e-01
3.380064944833165441e-01
9.141131031510707494e-01
6.780046815881353162e-01
4.706402334926953479e-01
7.383753055265526166e-01
8.991310627147216517e-01
7.697880295602949063e-01
5.731015310652036732e-01
7.976591279838599613e-01
8.456756908773651604e-01
6.555723921084212202e-01
2.415349479475030203e-01
6.829101317297007201e-01
6.856818282473234882e-01
7.924064454810225699e-01
5.857135660021413059e-01
6.172444159736178992e-01
7.778124085807549548e-01
3.004244253016658539e-01
7.910002116348062717e-01
8.258289714742603760e-01
7.979154637358671920e-01
4.493838471339703378e-01
6.501920107171383911e-01
8.470819247235814586e-01
1.621480703350833830e-01
2.532399662772815141e-01
1.852177868681272876e-01
2.594293367406342310e-01
3.491882734346362094e-01
3.940930529011777983e-01
7.587977930467710852e-01
6.073969321023718893e-01
6.942748299329660755e-01
8.213795253720559408e-01
9.092484241843148407e-01
8.688203201484473448e-01
9.007664029844753006e-01
9.528155409756154937e-01
8.337352245569862319e-01
6.459883894411136973e-01
9.131221021694058138e-01
9.538065419572805403e-01
7.861355326680504740e-01
9.254778013543361048e-01
8.161268428692183274e-01
7.019112054173447524e-01
7.017658501511405689e-01
5.817545984434329132e-01
4.532131329168551659e-01
7.602040268929872724e-01
5.514333449513312280e-01
6.267860093260976262e-01
7.573915592005548980e-01
8.258289714742603760e-01
7.975002308713159405e-01
7.464420938618406831e-01
3.388162143530539239e-01
7.094022256355192457e-01
8.620639651599306674e-01
2.532399662772815141e-01
6.347346717236513891e-01
6.501920107171383911e-01
6.432166929234908181e-01
7.780687443327624075e-01
6.470903709085816802e-01
8.594376239085118607e-01
9.339598225541757559e-01
8.262442043388115165e-01
7.750271702167923493e-01
8.977248288685053534e-01
9.264688023360011515e-01
9.661622411422110535e-01
9.189777821178266581e-01
9.528155409756154937e-01
9.131221021694058138e-01
8.262442043388117385e-01
6.123238761535289287e-02
6.123238761535289287e-02
6.123238761535289287e-02
6.123238761535289287e-02
6.123238761535289287e-02
6.123238761535289287e-02
6.123238761535289287e-02
6.123238761535289287e-02
6.123238761535289287e-02
6.123238761535289287e-02
6.123238761535289287e-02
6.123238761535289287e-02
6.123238761535289287e-02
6.123238761535289287e-02
6.123238761535289287e-02
6.123238761535289287e-02
6.123238761535289287e-02
6.123238761535289287e-02
6.123238761535289287e-02
6.123238761535289287e-02
6.123238761535289287e-02
9.736532613603854358e-01
8.395909045054069653e-01
8.223705263537208765e-01
7.962801234661134320e-01
5.702890633727711878e-01
5.447437661644040086e-01
4.777125877369147178e-01
5.174060265431246197e-01
4.696062525285065736e-01
4.894529719316114691e-01
4.025750741010173384e-01
4.696062525285065736e-01
4.060286738924707706e-01
6.184645233788205188e-01
5.261734077928265085e-01
1.219140093229922617e-01
1.219140093229922617e-01
9.775269393454764089e-01
5.583758263808618061e-01
9.290951435874199582e-01
4.819619517134369757e-01
5.594984951466012157e-01
7.096313320590569296e-01
7.130195678686030991e-01
8.301178823239026006e-01
8.991310627147216517e-01
7.464420938618406831e-01
8.655224102804702779e-01
8.669286441266863541e-01
8.734286633631961339e-01
7.582220249296575121e-01
1.621761035484214075e-01
9.131221021694058138e-01
7.106223330407217542e-01
6.950645244872590833e-01
7.094022256355192457e-01
7.517220056931478434e-01
8.187531841206371341e-01
8.371936696775257314e-01
2.216882285443980694e-01
2.216882285443980694e-01
1.820228229515263307e-01
2.792760561437391820e-01
1.219140093229922617e-01
1.219140093229922617e-01
1.219140093229922617e-01
1.219140093229922617e-01
1.219140093229922617e-01
4.438766238485113980e-01
5.733578668172109039e-01
5.906518525078237047e-01
5.850419973855827127e-01
7.741950663476715455e-01
8.792843433116168672e-01
6.632087675927998971e-01
8.792843433116168672e-01
6.609704298774629061e-01
8.470819247235814586e-01
7.914154444993576343e-01
7.517220056931478434e-01
7.711534922317014873e-01
7.270106073232871502e-01
8.991310627147216517e-01
8.138885051538813364e-01
7.989064647175321277e-01
8.297026494593512380e-01
8.613292999302728514e-01
6.771998070474838372e-01
1.219140093229922617e-01
1.219140093229922617e-01
1.219140093229922617e-01
1.020672899198873523e-01
1.219140093229922617e-01
1.219140093229922617e-01
1.020672899198873523e-01
1.219140093229922617e-01
1.020672899198873523e-01
1.219140093229922617e-01
1.219140093229922617e-01
1.621761035484214075e-01
1.348383639271419632e-01
1.621761035484214075e-01
1.348383639271419632e-01
1.348383639271419632e-01
1.621480703350833830e-01
1.621480703350833830e-01
1.621480703350833830e-01
1.621480703350833830e-01
1.621480703350833830e-01
1.621480703350833830e-01
1.621480703350833830e-01
2.018415091412932016e-01
2.532399662772815141e-01
2.532399662772815141e-01
2.805777058985609029e-01
2.333932468741765909e-01
6.616571784803795264e-01
7.280016083049520859e-01
7.772790497784692887e-01
6.754191115115261157e-01
7.697880295602949063e-01
6.282346524871417204e-01
5.733578668172107928e-01
7.414592889573504708e-01
6.616571784803795264e-01
6.343194388591000266e-01
7.102478713509801089e-01
2.216882285443980694e-01
3.004244253016658539e-01
2.210375476892461888e-01
2.210375476892461888e-01
2.532399662772815141e-01
2.532399662772814586e-01
2.805777058985609029e-01
2.210375476892461888e-01
2.333932468741765909e-01
1.852177868681272876e-01
1.852177868681272876e-01
2.210375476892461888e-01
2.532399662772815141e-01
2.792760561437391820e-01
6.365153672596093326e-01
8.620639651599305564e-01
8.197441851023019588e-01
7.910002116348064938e-01
4.179451180734481408e-01
7.972711244477783676e-01
8.138885051538812254e-01
6.383112427819255252e-01
8.187531841206370231e-01
5.468657729113923782e-01
5.528395787975474152e-01
4.139397723042827493e-01
1.820228229515263307e-01
1.820228229515263307e-01
3.578532138864214951e-01
5.573848253991968704e-01
6.931728484654980926e-01
2.805777058985609029e-01
8.819106845630353408e-01
7.141215493360710820e-01
8.092801619391326584e-01
7.205105880867775925e-01
8.049912510894904338e-01
7.270106073232871502e-01
8.112621639024625297e-01
