6.472302389319281035e-01
7.055816191659921577e-01
6.741776177056393315e-01
7.084637568132980956e-01
6.670960651777335659e-01
7.432639001325601624e-01
6.630558255522236433e-01
7.376624841080526851e-01
7.331609012338954345e-01
7.608887071937082691e-01
8.236967101144136993e-01
7.095573253829321470e-01
7.626263735299430024e-01
8.236967101144134773e-01
8.215949996532091459e-01
8.638315244568907092e-01
9.399993594117173057e-01
8.781994983825823775e-01
8.924281635848207994e-01
9.197919254196634808e-01
8.368318067470179589e-01
8.847670466988843962e-01
8.533630452385317922e-01
8.567591870974412549e-01
7.797225189744972917e-01
9.643310235126205665e-01
8.325668317199912405e-01
9.023918537600325029e-01
8.572639761405886905e-01
6.237659718044177293e-01
8.247664061106017019e-01
7.415262337963256511e-01
6.693986384670089773e-01
8.293954252625983514e-01
8.629626912887733425e-01
7.976273796772758162e-01
8.393591154378100549e-01
7.649289468192181918e-01
8.293954252625985735e-01
9.089594020763346327e-01
8.185629019192695033e-01
6.802311618103378255e-01
7.697588287992856992e-01
6.429652639049012741e-01
1.096272379242160533e-01
5.503006701635884679e-02
5.503006701635884679e-02
2.174598767867666760e-01
5.503006701635884679e-02
5.503006701635884679e-02
1.096272379242160533e-01
5.650836351872862151e-01
1.096272379242160533e-01
5.503006701635884679e-02
5.503006701635884679e-02
1.760921851512022851e-01
1.760921851512022851e-01
5.503006701635884679e-02
0.000000000000000000e+00
0.000000000000000000e+00
2.819919153765738651e-01
1.826597334675044426e-01
0.000000000000000000e+00
4.281002085214486996e-01
3.457888497892989688e-01
0.000000000000000000e+00
1.224083540475708470e-01
5.503006701635884679e-02
1.096272379242160533e-01
5.503006701635884679e-02
2.745309565345053215e-01
0.000000000000000000e+00
2.819919153765738651e-01
0.000000000000000000e+00
0.000000000000000000e+00
0.000000000000000000e+00
9.222716626458493661e-02
0.000000000000000000e+00
0.000000000000000000e+00
1.826597334675044426e-01
2.885348863352268922e-01
2.396761997593325755e-01
0.000000000000000000e+00
0.000000000000000000e+00
4.075497911620503122e-01
0.000000000000000000e+00
5.503006701635884679e-02
0.000000000000000000e+00
1.884240087621161241e-01
1.463759740235041074e-01
0.000000000000000000e+00
4.519285197739288940e-01
1.096272379242160533e-01
0.000000000000000000e+00
0.000000000000000000e+00
5.503006701635884679e-02
0.000000000000000000e+00
0.000000000000000000e+00
0.000000000000000000e+00
0.000000000000000000e+00
1.696565507557246943e-01
0.000000000000000000e+00
0.000000000000000000e+00
9.222716626458493661e-02
5.503006701635884679e-02
0.000000000000000000e+00
5.503006701635884679e-02
5.503006701635884679e-02
5.597980178234687187e-01
5.503006701635884679e-02
0.000000000000000000e+00
0.000000000000000000e+00
5.175614930197871555e-01
4.861729713086067606e-01
2.537593203736137615e-01
5.848746861182084755e-01
5.378591820758964470e-01
6.889619746924624533e-01
7.354634745231708459e-01
7.528635461828020459e-01
8.932969967529380551e-01
8.607994267229511776e-01
7.974265168492050693e-01
9.412322367048044924e-01
7.903303069163094552e-01
7.439934245772245047e-01
7.768311661587352646e-01
9.087346666748177260e-01
7.759623329906180089e-01
7.690664855684054002e-01
7.740238038263125286e-01
8.316979985518737628e-01
7.617575403618254137e-01
5.470947840011682883e-01
6.844961368373647659e-01
3.496298002773467473e-01
1.224083540475708470e-01
2.561963740003506129e-01
4.542295193725955360e-01
3.523174784492172917e-01
8.185629019192695033e-01
0.000000000000000000e+00
0.000000000000000000e+00
1.096272379242160533e-01
5.622280273905836401e-01
1.760921851512022851e-01
3.589493926859581574e-01
0.000000000000000000e+00
5.503006701635884679e-02
2.358606955353396428e-01
2.745309565345053215e-01
8.703990727731928390e-01
3.683972295675266850e-01
4.242847042974557392e-01
5.446514657937155945e-01
5.529328078728060758e-01
5.999976409659465437e-01
4.525172993004158428e-01
7.449223756552351139e-01
5.476835635276551262e-01
4.673646160051998510e-01
3.059595353525070838e-01
5.760300209900132140e-01
6.011166557996355797e-01
7.432639001325601624e-01
7.498314484488624032e-01
7.268299607647238370e-01
7.691939218462450212e-01
8.641955685818606403e-01
7.445583315302651828e-01
8.105616134818093288e-01
8.881631885577940810e-01
7.867948563339468571e-01
7.311984994961440165e-01
8.812315961165219091e-01
7.214595447224492197e-01
7.587015700544398333e-01
7.968978552326115850e-01
8.911952862917333906e-01
7.342663422491432224e-01
7.837627586000074364e-01
8.319227339533905585e-01
9.206607585877808475e-01
8.858606152685185586e-01
8.567591870974411439e-01
8.781994983825822665e-01
8.476643300903469180e-01
9.577634751963183257e-01
8.327915671215079252e-01
8.979021433314886558e-01
8.410967817740447883e-01
8.707631168981626590e-01
8.194317350873868699e-01
9.859960701992783738e-01
8.572639761405886905e-01
8.119953536029673735e-01
8.393591154378102770e-01
8.205253036570210323e-01
8.425305218952026109e-01
5.830242409091241917e-01
8.002939970915211587e-01
8.111265204348501179e-01
7.763263771155878290e-01
6.504856358726601728e-01
8.519293051173737474e-01
7.626263735299427804e-01
8.561942801444004658e-01
7.377899203858923061e-01
7.763263771155878290e-01
5.974957785392092102e-01
7.507618357215973814e-01
7.445583315302652938e-01
7.193578342612447774e-01
7.864308122089769260e-01
7.276630489137814184e-01
8.391343800362931482e-01
8.213941368251382880e-01
7.540964234758893436e-01
7.733314605954322296e-01
6.712336039269208854e-01
7.550625557676838850e-01
4.426943540433816437e-01
7.662233782169231011e-01
5.339596873685639178e-01
6.328099260700750239e-01
2.292931472190374298e-01
1.096272379242160533e-01
1.637760456831352240e-01
1.637760456831352240e-01
5.503006701635884679e-02
5.503006701635884679e-02
1.096272379242160533e-01
1.637760456831352240e-01
3.087606331042138663e-01
4.022151201388353692e-01
4.459497509841137131e-01
5.781333051418265923e-01
2.537593203736137615e-01
1.637760456831352240e-01
7.867948563339470791e-01
6.065906355463035471e-01
7.385313172761700518e-01
6.402463075544944093e-01
4.501503600907019176e-01
5.089181233858973696e-01
7.498314484488624032e-01
8.215949996532091459e-01
7.343937785269828433e-01
7.733314605954322296e-01
7.260885638744459802e-01
8.194317350873868699e-01
8.955995700422134664e-01
7.831186608334069765e-01
6.573332378305928314e-01
7.805913521426146584e-01
6.195009967773908999e-01
7.366963518162580327e-01
6.916657733204916170e-01
8.595665494298639908e-01
7.697588287992858103e-01
6.088423060941419163e-01
5.945252349098874012e-01
1.637760456831352240e-01
1.637760456831352240e-01
2.174598767867666760e-01
1.637760456831352240e-01
1.224083540475708470e-01
1.096272379242160533e-01
2.000598051271355593e-01
1.096272379242160533e-01
5.503006701635884679e-02
1.637760456831352240e-01
3.772197337084309821e-01
3.589493926859582129e-01
3.167674813381869403e-01
4.261827401147686989e-01
4.177171559811536650e-01
2.000598051271355593e-01
6.296894223541196212e-01
3.763494643455893018e-01
4.231548903913742721e-01
4.279593261073869614e-01
7.759623329906180089e-01
4.915180517262662252e-01
5.232903453221341428e-01
2.922293946127000885e-01
5.950300239530348367e-01
5.951932052499337988e-01
4.402255895718739653e-01
6.502980816849273094e-01
6.317925690100484326e-01
8.943666927491261687e-01
4.824621143755555841e-01
7.258638284729290735e-01
5.263181950455284586e-01
1.096272379242160533e-01
4.938849909359801504e-01
7.102987222732101147e-01
5.541656851658932625e-01
7.276987939328410926e-01
3.772197337084310931e-01
4.679187238858481535e-01
6.356920637173809618e-01
7.550625557676838850e-01
4.102807744967341685e-01
4.416847759570868281e-01
5.580904886413962096e-01
5.232903453221341428e-01
5.266864871810436055e-01
6.359167991188977576e-01
5.654476793122562572e-01
6.076842041159378205e-01
6.924465225333878982e-01
7.597951386240739957e-01
7.132936387933656031e-01
8.741592587570723438e-01
8.011628302596384144e-01
9.012982851903981185e-01
8.572639761405886905e-01
8.153914954618768363e-01
7.907315322550633185e-01
8.519293051173736364e-01
7.954641151114536513e-01
8.947307368740959888e-01
7.865939935058759991e-01
8.693293767770047253e-01
9.172646167288713848e-01
7.583613985029161730e-01
8.324275229965381051e-01
9.477997850211066222e-01
8.824644734096092069e-01
8.398639044809576015e-01
7.839874940015242322e-01
9.220944987089388922e-01
7.979914238022457473e-01
9.412322367048044924e-01
8.693293767770048364e-01
8.584968534336759882e-01
8.041949279935779460e-01
9.098282352444517773e-01
8.535877806400485879e-01
7.631912804829836805e-01
8.758969250933068551e-01
8.955995700422134664e-01
9.403634035366872368e-01
8.141586181687896495e-01
8.327915671215079252e-01
7.814601853107320251e-01
6.813247303799719878e-01
7.392236605070502398e-01
7.411621896713556090e-01
8.989957119011228182e-01
8.567591870974412549e-01
8.393591154378100549e-01
7.654938537722588698e-01
5.551199450120745116e-01
7.200859225111845285e-01
7.349586854800235214e-01
7.688899956311684436e-01
7.102987222732101147e-01
6.854622691291594183e-01
6.084256010062155662e-01
1.696565507557246943e-01
6.052541945488230102e-01
1.463759740235041074e-01
4.963131514210554762e-01
2.922293946127000885e-01
5.552083509940903827e-01
2.174598767867666760e-01
2.292931472190374853e-01
2.927998613622537216e-01
5.023505750695951289e-01
3.912236635091525527e-01
4.361464302899802359e-01
8.219590437781789660e-01
4.231548903913742721e-01
1.760921851512022851e-01
7.024982966638205761e-01
3.780885668765482932e-01
1.463759740235041074e-01
3.523174784492173472e-01
8.219590437781789660e-01
6.924974252748249404e-01
7.028623407887905072e-01
8.368318067470179589e-01
7.901909981928564308e-01
7.771952102837051957e-01
6.356920637173809618e-01
7.383548273389329841e-01
4.219177650877418140e-01
2.174598767867666760e-01
5.232903453221341428e-01
5.543649743033554067e-01
1.096272379242160533e-01
4.853187955454791869e-01
4.915180517262661142e-01
7.010273753288784881e-01
7.118598986722074473e-01
7.324313767892312033e-01
6.713610402047603953e-01
6.662272320096164213e-01
7.714964951355202105e-01
8.020316634277557810e-01
6.454310184910756476e-01
8.146991522309965372e-01
8.038666288876676891e-01
7.898626990869461739e-01
7.550625557676838850e-01
6.539609685451293064e-01
8.629626912887734536e-01
8.398639044809573795e-01
7.392236605070503508e-01
8.627618284607024846e-01
7.268299607647237259e-01
8.867294484366360363e-01
9.172646167288713848e-01
9.446283785637139552e-01
7.697588287992856992e-01
8.781994983825823775e-01
8.716319500662800257e-01
7.616301040839859038e-01
9.577634751963183257e-01
8.359629735789005922e-01
8.641955685818606403e-01
6.683904965754385863e-01
8.433993550633200886e-01
8.673669750392534183e-01
8.584968534336757662e-01
8.236967101144136993e-01
8.207261664850918903e-01
8.572639761405886905e-01
8.039940651655070880e-01
6.675216634073213307e-01
8.002939970915211587e-01
7.268299607647238370e-01
7.018962084969958548e-01
6.324458819451052038e-01
7.810961411857620940e-01
8.877991444328241499e-01
9.568946420282009591e-01
1.000000000000000000e+00
8.020316634277556700e-01
8.224638328213265126e-01
9.055632602174249479e-01
8.824644734096090959e-01
8.739345233555554371e-01
8.315586898284207384e-01
8.033260948254608014e-01
8.050637611616953127e-01
7.802273080176447273e-01
8.455626196291422536e-01
7.988602569703631140e-01
8.703990727731928390e-01
5.541656851658932625e-01
3.444296095915934108e-01
3.575647062241977259e-01
3.683972295675266850e-01
3.598196620487998931e-01
3.928807028371030241e-01
4.409566877071470214e-01
7.292599703318386473e-01
1.637760456831352240e-01
3.407351013141202700e-01
6.110803459748472832e-01
5.524652000434429056e-01
2.118930755594063686e-01
4.014898437047163537e-01
7.166897806522751768e-01
5.907650489260078963e-01
5.818949273204305772e-01
8.153914954618769473e-01
7.867948563339468571e-01
5.452955635603159434e-01
8.293954252625985735e-01
6.084256010062155662e-01
5.167227970058319020e-01
4.097649212030911037e-01
5.350651283838117056e-01
5.193655418466309737e-01
7.729302352566783663e-01
6.730195157274352358e-01
4.582952052621602768e-01
2.745309565345053215e-01
1.096272379242160533e-01
4.673646160051998510e-01
1.826597334675044426e-01
1.463759740235041074e-01
9.222716626458493661e-02
4.941650445776105682e-01
6.596596836933141805e-01
9.051992160924551278e-01
8.219590437781789660e-01
7.342663422491433334e-01
7.089777610249016204e-01
7.757614701625471509e-01
6.928986506135789147e-01
7.090658449801227059e-01
6.106308751718134697e-01
8.212309555282392148e-01
6.427736162452866164e-01
6.567775460460083536e-01
7.833987144750376164e-01
6.537977872482303443e-01
6.537977872482303443e-01
9.501023583103820336e-01
8.327915671215079252e-01
6.011166557996355797e-01
5.760300209900133250e-01
5.955333768014575702e-01
6.850101410489684017e-01
7.358275186481407770e-01
7.825298813069200277e-01
8.847670466988843962e-01
8.572639761405884684e-01
7.755982888656480778e-01
8.572639761405886905e-01
7.311984994961440165e-01
7.432639001325601624e-01
8.841229489322840474e-01
7.828939254318900698e-01
7.802273080176448383e-01
8.858606152685185586e-01
7.597951386240739957e-01
7.193578342612447774e-01
8.212309555282392148e-01
7.672315201084934921e-01
8.259992834036888887e-01
9.346646883885024737e-01
9.346646883885024737e-01
8.716319500662802477e-01
8.519293051173737474e-01
9.089594020763345217e-01
8.215949996532091459e-01
8.464314527972596203e-01
8.572639761405886905e-01
9.369672616777777741e-01
7.871589004589168992e-01
8.947307368740960998e-01
8.529990011135618611e-01
8.716319500662802477e-01
8.107624763098801868e-01
7.516306688897147481e-01
8.858606152685185586e-01
8.336604002896251808e-01
7.691939218462450212e-01
9.403634035366872368e-01
7.192962801566268327e-01
6.850982250041894872e-01
7.114958545472377383e-01
8.707631168981628811e-01
8.741592587570723438e-01
8.693293767770048364e-01
7.791337394480105649e-01
7.693947846743158792e-01
8.769666210894950797e-01
8.293954252625985735e-01
7.269335244691171871e-01
7.865939935058759991e-01
6.129334484610886591e-01
8.459266637541122957e-01
8.142979268922428959e-01
8.716319500662802477e-01
8.259992834036888887e-01
7.965576836810877026e-01
8.355989294539307721e-01
8.181988577942995722e-01
7.509250170184964546e-01
8.455626196291422536e-01
6.923581165513720270e-01
7.203659761528150574e-01
7.379907832139631640e-01
8.576280202655585105e-01
6.623634823213434553e-01
6.162786875785611906e-01
3.059349579948580367e-01
4.086237351687836972e-01
4.285496793244825686e-01
4.416847759570868281e-01
3.198842743396690946e-01
4.435828117743996768e-01
4.741179800666350808e-01
4.261827401147685324e-01
3.871218697790247965e-01
3.401646345645666369e-01
6.499207289196194948e-01
3.754323857131920961e-01
9.222716626458493661e-02
5.927631956828190996e-01
3.912236635091525527e-01
9.222716626458493661e-02
9.222716626458493661e-02
7.443574687021944358e-01
2.532607671949707040e-01
3.432884235572861154e-01
5.163934245267005618e-01
5.586299493303821251e-01
7.264659166397539058e-01
7.802273080176447273e-01
5.412298776707511472e-01
5.955333768014575702e-01
6.298301672722970146e-01
5.941611907849174701e-01
7.024982966638205761e-01
7.798990089117342484e-01
7.376624841080526851e-01
7.029659044931839684e-01
7.828939254318900698e-01
6.854265241100998551e-01
7.814601853107320251e-01
8.746640478002196684e-01
9.394945703685699812e-01
8.293954252625985735e-01
9.055632602174251700e-01
6.148958501988402992e-01
7.571285212098287642e-01
7.067260904770633623e-01
7.853611162127889234e-01
7.498314484488624032e-01
7.691939218462450212e-01
8.007987861346684832e-01
7.512142858285832947e-01
7.974265168492049582e-01
8.607994267229511776e-01
8.631020000122263669e-01
9.155269503926366514e-01
7.528635461828020459e-01
9.435348099940800148e-01
8.425305218952028330e-01
8.641955685818606403e-01
7.876636895020642237e-01
8.572639761405884684e-01
7.484950074513816443e-01
5.641293753411048550e-01
5.403610445026338915e-01
4.783829550936619102e-01
4.764849192763491170e-01
4.741179800666350808e-01
5.369649026437242068e-01
8.079551139774574509e-01
8.398639044809573795e-01
6.995936352077205544e-01
4.525172993004157873e-01
1.000000000000000000e+00
4.775141219255446545e-01
0.000000000000000000e+00
3.739825251358753211e-01
5.058902736625030538e-01
5.823982801688534217e-01
3.863131545208009499e-01
5.503006701635884679e-02
6.689310306376456960e-01
8.421664777702330129e-01
1.224083540475708470e-01
3.386818407840109790e-01
8.758969250933068551e-01
6.011811892082055131e-01
1.637760456831352240e-01
4.525172993004157873e-01
2.010605522160773817e-01
6.465245870607099210e-01
5.825975693063154548e-01
6.958935671337344031e-01
7.309184458545135987e-01
5.503006701635884679e-02
0.000000000000000000e+00
2.358606955353396428e-01
4.897607608271308810e-01
8.270928519733231621e-01
2.010605522160773817e-01
0.000000000000000000e+00
0.000000000000000000e+00
7.528635461828019348e-01
1.096272379242160533e-01
3.598196620487999486e-01
6.537977872482302333e-01
2.819919153765738651e-01
9.222716626458493661e-02
4.918863438617813721e-01
8.750280919251897105e-01
3.923648495434599592e-01
0.000000000000000000e+00
1.637760456831352240e-01
6.131581838626056769e-01
3.072554029449366952e-01
1.096272379242160533e-01
3.937495360052203908e-01
9.222716626458493661e-02
2.118930755594063686e-01
0.000000000000000000e+00
1.826597334675044426e-01
6.509904249158074974e-01
1.224083540475708470e-01
3.580805595178409018e-01
8.054278052866652438e-01
2.819919153765738651e-01
4.936616917291877238e-01
7.888965667951514105e-01
5.137132230806866762e-01
4.075497911620503122e-01
2.532607671949707595e-01
3.059595353525071393e-01
2.748293229530689441e-01
3.589493926859581574e-01
1.696565507557246943e-01
9.222716626458493661e-02
3.672560435332193896e-01
4.955717545307776750e-01
3.928807028371031351e-01
2.000598051271355593e-01
0.000000000000000000e+00
9.222716626458493661e-02
1.826597334675044426e-01
1.760921851512022851e-01
3.901497195024191678e-01
1.826597334675044426e-01
1.637760456831352240e-01
5.503006701635884679e-02
4.252942823837504993e-01
5.503006701635884679e-02
3.432884235572861154e-01
5.478228722511080395e-01
4.057548187317431831e-01
5.503006701635884679e-02
4.741568997230188320e-01
4.977004951599731664e-01
3.072554029449366952e-01
4.941650445776106793e-01
6.742657016608606391e-01
7.853611162127889234e-01
6.743931379387000380e-01
4.343275852862270026e-01
3.523309416282189299e-01
7.855619790408597813e-01
7.485985711557752165e-01
2.819919153765738096e-01
4.601140502659135101e-01
8.915593304167034328e-01
7.164141425093212279e-01
6.770597553529452695e-01
8.858606152685185586e-01
5.673007817984975221e-01
6.793623286422205698e-01
6.232626189559948848e-01
8.073663344509707240e-01
2.885594636928759948e-01
2.000598051271355593e-01
1.760921851512022851e-01
1.096272379242160533e-01
4.677555425889490248e-01
3.167674813381869958e-01
5.503006701635884679e-02
4.691892827101071251e-01
5.035730429682377940e-01
3.390234485302592304e-01
1.096272379242160533e-01
1.463759740235041074e-01
3.577165153928709151e-01
1.096272379242160533e-01
7.880277336270342659e-01
4.570862005425191943e-01
2.174598767867666760e-01
1.637760456831352240e-01
3.984157363710011390e-01
3.580805595178408463e-01
2.745309565345053215e-01
7.876636895020642237e-01
6.231218740378174914e-01
6.042132869421450447e-01
6.388634701747735178e-01
5.875936424686153403e-01
7.500561838503791989e-01
4.675504317503329510e-01
7.320912052377074319e-01
5.950300239530347257e-01
3.167674813381869403e-01
4.105592544477558725e-01
6.239652609418798734e-01
5.127979935303289549e-01
3.261607047638450108e-01
3.403164437332398262e-01
5.735281585632758805e-01
1.637760456831352240e-01
4.183103510063168606e-01
2.706608388546018484e-01
7.303296663280266499e-01
5.674746144585774976e-01
4.231548903913743276e-01
2.694231618917348192e-01
0.000000000000000000e+00
5.477974259870532769e-01
0.000000000000000000e+00
2.000598051271355593e-01
1.096272379242160533e-01
7.197218783862145974e-01
6.788947208128573996e-01
7.736597597013424865e-01
6.953286601806936140e-01
1.637760456831352240e-01
1.096272379242160533e-01
2.532607671949707595e-01
5.586299493303821251e-01
2.118930755594063686e-01
4.396861288828880499e-01
2.745309565345053215e-01
7.072308795202107978e-01
4.662301112090111999e-01
5.184458059370767868e-01
5.071608324867619144e-01
5.055609011833716027e-01
4.924512508148221612e-01
7.202624124484215962e-01
2.292931472190374853e-01
8.464314527972596203e-01
8.467954969222296624e-01
5.950300239530348367e-01
7.511258798465673125e-01
5.980978667060340426e-01
7.443574687021944358e-01
6.644895656733815770e-01
7.823290184788493917e-01
4.536900586836096760e-01
3.401646345645665814e-01
7.606639717921911403e-01
4.710901303432408205e-01
7.493638406194990109e-01
3.432884235572860598e-01
1.096272379242160533e-01
5.698295266840143203e-01
6.088423060941418052e-01
4.582952052621602768e-01
4.194562585121126563e-01
2.895094755285119725e-01
7.271582598706340939e-01
5.503006701635884679e-02
5.503006701635884679e-02
2.537593203736137615e-01
4.261827401147685324e-01
1.463759740235041074e-01
5.503006701635884679e-02
3.683972295675266850e-01
5.503006701635884679e-02
1.463759740235041074e-01
1.096272379242160533e-01
3.261607047638450108e-01
5.503006701635884679e-02
5.503006701635884679e-02
6.641255215484118679e-01
5.147603952680803729e-01
1.637760456831352240e-01
2.922293946127000885e-01
3.935248006037033730e-01
1.096272379242160533e-01
1.096272379242160533e-01
4.355965704198772603e-01
5.503006701635884679e-02
6.151205856003572059e-01
3.407351013141202145e-01
4.003170843215225205e-01
4.764849192763491170e-01
1.760921851512022851e-01
6.888584109880689921e-01
4.563328035244088032e-01
3.233596070121382282e-01
5.337934961863316508e-01
1.463759740235041074e-01
1.637760456831352240e-01
5.503006701635884679e-02
4.764849192763491170e-01
1.096272379242160533e-01
3.432884235572861154e-01
3.233596070121382282e-01
5.503006701635884679e-02
5.503006701635884679e-02
4.223833563469343577e-01
1.637760456831352240e-01
2.292931472190374853e-01
4.938849909359801504e-01
7.376267390889931219e-01
3.167674813381869958e-01
7.072308795202106868e-01
1.637760456831352240e-01
2.576440201800721530e-01
7.995659088415811855e-01
4.194562585121126563e-01
7.888965667951514105e-01
5.269757559911304456e-01
5.828477509718872351e-01
9.098282352444517773e-01
7.164141425093211168e-01
5.503006701635884679e-02
7.691939218462450212e-01
7.581982172060169889e-01
7.010273753288785992e-01
1.637760456831352240e-01
8.529990011135618611e-01
7.127287318403247030e-01
6.394655583415983502e-01
6.630558255522238653e-01
3.059595353525071393e-01
6.605285168614314362e-01
2.292931472190374298e-01
2.174598767867666760e-01
1.096272379242160533e-01
2.000598051271355593e-01
1.096272379242160533e-01
2.706608388546018484e-01
1.096272379242160533e-01
2.532607671949707040e-01
5.541656851658932625e-01
2.292931472190374298e-01
2.174598767867666760e-01
1.096272379242160533e-01
1.463759740235041074e-01
7.127287318403247030e-01
5.532968519977760069e-01
7.001585421607613435e-01
1.760921851512022851e-01
5.406904169817652317e-01
6.063659001447866403e-01
2.532607671949707595e-01
1.096272379242160533e-01
7.209547556793020062e-01
2.223553189132610741e-01
1.463759740235041074e-01
4.530459609170093271e-01
5.181326645535437869e-01
1.096272379242160533e-01
6.641255215484119789e-01
6.967114975604147276e-01
5.051968570584015605e-01
5.937971466599475390e-01
3.857973012271578295e-01
5.847008534581287220e-01
1.637760456831352240e-01
7.551661194720771242e-01
2.819919153765738096e-01
5.129718261904087084e-01
5.503006701635884679e-02
4.812785559199693752e-01
6.332263091312064773e-01
1.637760456831352240e-01
3.575647062241977259e-01
1.096272379242160533e-01
1.096272379242160533e-01
2.819919153765738096e-01
2.000598051271355593e-01
3.912236635091525527e-01
2.537593203736137615e-01
2.010605522160773817e-01
5.503006701635884679e-02
5.503006701635884679e-02
1.096272379242160533e-01
1.096272379242160533e-01
5.414800593363229275e-01
4.231548903913742721e-01
1.096272379242160533e-01
3.059595353525071393e-01
7.392236605070502398e-01
6.263304617089939796e-01
7.202624124484215962e-01
7.613934962368555937e-01
8.986316677761529981e-01
7.997290901384804807e-01
9.303997133614756443e-01
8.259992834036891107e-01
8.989957119011229292e-01
5.641293753411048550e-01
6.063659001447865293e-01
7.449223756552351139e-01
8.561942801444004658e-01
8.529990011135618611e-01
4.644433912133790199e-01
7.061611835240225732e-01
7.028623407887906183e-01
9.222716626458493661e-02
3.754323857131920961e-01
4.819226536865697241e-01
5.532459492563389647e-01
3.407351013141202700e-01
3.059595353525071393e-01
2.363592487139826448e-01
5.536623323174705291e-01
2.010605522160773817e-01
6.231218740378172694e-01
4.348924922392677361e-01
4.924258045507672321e-01
3.901497195024191678e-01
2.885594636928759948e-01
6.473934202288271766e-01
5.503006701635884679e-02
5.503006701635884679e-02
6.402463075544946314e-01
2.174598767867666760e-01
2.000598051271355593e-01
4.705105659852102384e-01
2.000598051271355593e-01
1.637760456831352240e-01
2.174598767867666760e-01
1.096272379242160533e-01
4.086237351687836972e-01
2.819919153765738096e-01
7.706276619674031769e-01
6.303335201207198590e-01
5.552083509940903827e-01
6.298301672722969036e-01
7.127287318403248140e-01
4.361464302899802359e-01
4.679187238858482090e-01
6.522233022088946841e-01
6.870234455281569730e-01
2.706608388546018484e-01
6.129334484610887701e-01
8.389950713128402349e-01
4.699173709600469317e-01
2.706608388546018484e-01
5.946136408919033833e-01
6.270228049398742787e-01
2.885594636928759948e-01
2.000598051271355593e-01
2.706608388546018484e-01
2.537593203736137615e-01
1.096272379242160533e-01
2.532607671949707595e-01
3.871218697790248520e-01
6.820303822511903924e-01
3.432884235572861154e-01
2.358606955353396428e-01
3.341675529978180847e-01
4.355965704198772603e-01
1.760921851512022851e-01
4.087826684551374989e-01
2.000598051271355593e-01
4.062942794207290431e-01
4.957830267532929436e-01
3.863131545208009499e-01
5.644948556607993773e-01
8.865662671397366301e-01
4.003170843215225205e-01
4.140962787207271290e-01
6.928986506135789147e-01
7.349586854800234104e-01
2.358606955353396428e-01
2.000598051271355593e-01
6.684789025574545684e-01
4.348924922392677361e-01
2.174598767867666760e-01
5.503006701635884679e-02
8.171291617981114586e-01
7.748926369944297843e-01
1.463759740235041074e-01
1.096272379242160533e-01
6.779285885210626361e-01
8.989957119011229292e-01
2.292931472190374853e-01
5.058902736625030538e-01
7.145636973002367220e-01
6.655831342430159614e-01
5.966269453710918436e-01
5.781333051418264812e-01
3.598196620487999486e-01
5.706969236574070958e-01
4.397834280065655022e-01
3.581351729737514145e-01
1.096272379242160533e-01
4.570862005425191943e-01
2.174598767867666760e-01
2.000598051271355593e-01
1.096272379242160533e-01
6.265180158967269541e-01
3.923648495434599592e-01
3.775222237287830795e-01
3.390234485302592304e-01
6.498459536047361818e-01
6.209957906857791476e-01
4.223833563469344687e-01
8.033260948254608014e-01
4.361464302899803469e-01
1.096272379242160533e-01
5.802456669662118260e-01
5.872295983436455202e-01
6.053816308266624091e-01
5.062304452140268252e-01
6.490518957515022391e-01
6.658631878846464902e-01
8.128641867710848512e-01
6.537977872482303443e-01
7.864308122089769260e-01
7.192962801566269437e-01
6.606258159851088330e-01
7.679610445531576124e-01
6.429652639049012741e-01
1.096272379242160533e-01
1.096272379242160533e-01
3.261607047638450108e-01
2.885594636928759948e-01
4.445293195032936073e-01
5.315163691611112240e-01
3.059595353525070838e-01
1.760921851512022851e-01
4.325644726859376732e-01
1.637760456831352240e-01
6.630558255522236433e-01
3.523818443696560276e-01
3.763494643455893018e-01
3.772197337084310931e-01
4.926277407520591733e-01
4.393220847579181187e-01
3.496298002773467473e-01
1.760921851512022851e-01
2.885594636928759948e-01
3.532282411590517146e-01
2.537593203736137615e-01
5.955333768014576812e-01
5.320330306498720629e-01
5.503006701635884679e-02
7.498314484488624032e-01
2.645918437169427206e-01
3.581351729737514145e-01
9.172646167288713848e-01
8.355989294539305501e-01
8.224638328213264016e-01
7.310949357917505553e-01
8.675917104407702141e-01
8.555263098043539571e-01
9.334318110954152869e-01
8.703990727731928390e-01
8.324275229965381051e-01
8.601553289563508287e-01
8.807268070733745846e-01
3.509971579078955406e-01
6.484631162250152903e-01
8.576280202655586216e-01
6.530921353770120508e-01
1.637760456831352240e-01
2.745309565345053215e-01
5.541656851658932625e-01
4.608239501476770750e-01
1.463759740235041074e-01
3.059595353525071393e-01
3.581351729737513589e-01
6.122893506944883102e-01
4.927551770298987388e-01
5.673007817984976331e-01
5.636260224926820106e-01
2.819919153765738096e-01
3.059595353525070838e-01
4.877967853987705271e-01
4.625601802891871062e-01
3.303122602110355466e-01
9.055632602174251700e-01
6.176478942911495240e-01
2.174598767867666760e-01
4.741568997230188320e-01
3.863131545208009499e-01
5.771490358237023610e-01
5.411160152113529964e-01
4.993227253462009241e-01
6.707814758467299798e-01
8.151667600603600405e-01
5.966269453710919546e-01
4.188899153643474982e-01
3.575647062241977259e-01
5.710624039771015070e-01
3.598196620487998931e-01
1.760921851512022851e-01
2.292931472190374853e-01
4.957830267532930546e-01
7.035546840196708063e-01
3.523818443696560276e-01
6.310630445653842013e-01
6.562635418344046068e-01
6.142517524322399503e-01
5.302834918680240373e-01
4.741179800666351363e-01
3.772197337084309821e-01
5.822589714454003973e-01
6.670960651777336770e-01
7.937264487752191400e-01
2.532607671949707040e-01
3.358520420728666744e-01
4.941650445776106793e-01
7.209547556793017842e-01
7.229816908256232466e-01
4.924258045507673431e-01
7.081235852617742133e-01
6.592956395683442494e-01
4.368563301717438008e-01
4.261827401147686989e-01
7.672315201084934921e-01
4.086237351687836972e-01
6.969871357033686765e-01
6.424843474351999983e-01
7.791576120214565027e-01
5.997983518284843996e-01
7.672315201084934921e-01
5.532968519977761179e-01
3.167674813381869958e-01
6.539609685451293064e-01
8.355989294539307721e-01
6.014059246097224198e-01
2.645918437169427206e-01
7.914238754859437286e-01
6.852857791919224617e-01
5.337934961863315397e-01
5.232903453221341428e-01
3.407351013141202145e-01
1.096272379242160533e-01
3.444296095915934108e-01
2.405996463833603993e-01
5.503501809419003576e-01
5.503006701635884679e-02
1.637760456831352240e-01
3.341675529978180847e-01
5.503006701635884679e-02
3.059349579948580367e-01
3.341675529978180847e-01
2.358606955353396428e-01
2.000598051271355593e-01
2.174598767867666760e-01
2.174598767867666760e-01
4.716295910322266249e-01
1.096272379242160533e-01
3.386818407840109790e-01
1.096272379242160533e-01
1.637760456831352240e-01
3.432884235572861154e-01
4.530459609170093271e-01
4.194562585121126563e-01
4.579550337106365610e-01
1.760921851512022851e-01
1.096272379242160533e-01
3.598196620487998931e-01
2.292931472190374298e-01
5.503006701635884679e-02
5.503006701635884679e-02
4.601140502659135101e-01
1.096272379242160533e-01
1.096272379242160533e-01
4.416847759570868837e-01
3.358520420728666744e-01
5.717650459629866067e-01
7.566237321666814397e-01
8.773306652144650108e-01
7.888965667951514105e-01
8.812315961165219091e-01
8.533630452385317922e-01
8.324275229965378831e-01
8.490980702115048517e-01
6.928986506135789147e-01
7.672315201084934921e-01
5.515229403250941909e-01
