4.813519069953212659e-01
7.219278566876818903e-01
7.129046587220956299e-01
7.519745329889044871e-01
8.696982243033276605e-01
8.402673014747219504e-01
9.411381543427885799e-01
8.528453858569710055e-01
8.108363786461161293e-01
8.711677907753506700e-01
8.991291471319334816e-01
8.291587835644959048e-01
8.417368679467448489e-01
8.991291471319337036e-01
8.528453858569710055e-01
9.005987136039566021e-01
8.528453858569710055e-01
8.933848265958027612e-01
8.180502656542697482e-01
8.711677907753506700e-01
5.603858472049711992e-01
6.723652179832637632e-01
7.828750222895334288e-01
7.402502616060617768e-01
9.174515520503132571e-01
8.417368679467448489e-01
7.423355815507014510e-01
8.402673014747219504e-01
7.402502616060617768e-01
8.011974272079130932e-01
9.300296364325624232e-01
8.234144630283651844e-01
7.760412584434149830e-01
8.291587835644956828e-01
7.056907717139419001e-01
5.970306570417308611e-01
8.417368679467450709e-01
5.912863365056001408e-01
6.979015099097973795e-01
5.675997342131249290e-01
6.207172593342059619e-01
6.979015099097973795e-01
5.675997342131250400e-01
5.675997342131249290e-01
4.805609832445892349e-01
5.577452338201807081e-01
5.982846745590125748e-01
5.577452338201807081e-01
5.394228289018009326e-01
4.369178353544172499e-01
4.369178353544172499e-01
4.552402402727970254e-01
4.846711631014028465e-01
5.252106038402347687e-01
5.252106038402347687e-01
4.846711631014028465e-01
4.805609832445892349e-01
5.283143109915747759e-01
5.099919060731950005e-01
8.600592728651248464e-01
7.297574971684525069e-01
8.711677907753506700e-01
9.005987136039566021e-01
7.997278607358900837e-01
5.102074550279364074e-01
1.357318027653778847e-01
0.000000000000000000e+00
0.000000000000000000e+00
8.317138661515663389e-02
0.000000000000000000e+00
3.994821017669254459e-01
8.317138661515663389e-02
0.000000000000000000e+00
0.000000000000000000e+00
3.922682147587717161e-01
0.000000000000000000e+00
0.000000000000000000e+00
0.000000000000000000e+00
0.000000000000000000e+00
0.000000000000000000e+00
1.357318027653778847e-01
2.553482241707222822e-01
6.813884159488500236e-01
2.654608654462963235e-01
0.000000000000000000e+00
0.000000000000000000e+00
4.805609832445891239e-01
5.381688113845191079e-01
0.000000000000000000e+00
7.297574971684523959e-01
3.620725510200683561e-01
1.651627255939836780e-01
5.805175630807835052e-01
2.958876649095541489e-01
7.760412584434149830e-01
0.000000000000000000e+00
0.000000000000000000e+00
2.515627467137988571e-01
0.000000000000000000e+00
5.102074550279364074e-01
2.664567420809483278e-01
0.000000000000000000e+00
2.075948964237366856e-01
0.000000000000000000e+00
1.357318027653778847e-01
1.651627255939836780e-01
0.000000000000000000e+00
1.357318027653778847e-01
4.753719561486092759e-01
6.177781263901598319e-01
6.009252879438029549e-01
8.317138661515663389e-02
0.000000000000000000e+00
8.317138661515663389e-02
2.164736015378689316e-01
0.000000000000000000e+00
0.000000000000000000e+00
7.129046587220956299e-01
1.759341607990370926e-01
3.385349361650740740e-01
2.958876649095541489e-01
6.342508416744812028e-01
1.651627255939836780e-01
8.317138661515663389e-02
6.813884159488500236e-01
5.985002235137538706e-01
3.738853498079260373e-01
3.620725510200684116e-01
6.795791049914174931e-01
2.459045243664747249e-01
5.099919060731950005e-01
6.336350882018645381e-01
6.277155973876183959e-01
7.591884199970582170e-01
6.399951622106118121e-01
3.253185877381599145e-01
4.807765321993305863e-01
4.805609832445892349e-01
8.306283500365188033e-01
8.474811884828756803e-01
7.775108249154379925e-01
5.688537517304066427e-01
5.912863365056001408e-01
7.466103356148091619e-01
5.577452338201807081e-01
5.982846745590125748e-01
6.892180564296205292e-01
4.957796810116288921e-01
4.663487581830230155e-01
5.994557214717800564e-01
7.900889092976871586e-01
5.688537517304067537e-01
7.886193428256639271e-01
6.342508416744812028e-01
8.880206292217075470e-01
8.402673014747219504e-01
8.011974272079130932e-01
2.855925813221085741e-01
3.333459090690941706e-01
3.738853498079260373e-01
4.098258787670540082e-01
4.846711631014028465e-01
5.982846745590124637e-01
5.099919060731950005e-01
5.222714708961885277e-01
5.811333165534001699e-01
6.288866443003857665e-01
4.985848686037133715e-01
6.501481821628117830e-01
6.684705870811915585e-01
5.970306570417308611e-01
7.312270636404755164e-01
6.414647286826348216e-01
7.577188535250350965e-01
6.583175671289916986e-01
8.108363786461161293e-01
8.696982243033276605e-01
7.702969379072841516e-01
7.519745329889044871e-01
8.460116220108525598e-01
7.871497763536410286e-01
8.402673014747217284e-01
9.005987136039566021e-01
8.991291471319334816e-01
9.816775950816202245e-01
9.411381543427883578e-01
8.600592728651248464e-01
8.711677907753506700e-01
8.417368679467450709e-01
8.011974272079130932e-01
9.816775950816203355e-01
8.345229809385912301e-01
6.945822538037158544e-01
9.522466722530146255e-01
8.822763086855766046e-01
9.594605592611682443e-01
1.000000000000000000e+00
9.228157494244085823e-01
8.639539037671970512e-01
8.933848265958027612e-01
6.873683667955621246e-01
8.306283500365188033e-01
7.423355815507015620e-01
8.711677907753506700e-01
8.585897063931017259e-01
9.005987136039566021e-01
8.180502656542699702e-01
7.423355815507015620e-01
7.282879306964293864e-01
7.108193387774558447e-01
8.417368679467448489e-01
8.306283500365190253e-01
8.474811884828756803e-01
8.417368679467450709e-01
7.585726665244416633e-01
7.828750222895333177e-01
6.982412543952069006e-01
6.651513309751099223e-01
6.813884159488500236e-01
6.688103315666010795e-01
9.300296364325624232e-01
8.234144630283650734e-01
3.089550258989874343e-01
3.326416281914625905e-01
4.098258787670540082e-01
4.147007995339651587e-01
4.846711631014027355e-01
4.274434581235082575e-01
7.807897023448936435e-01
6.892180564296205292e-01
8.402673014747219504e-01
7.702969379072842626e-01
7.171794127862033408e-01
7.900889092976871586e-01
5.517023937247943488e-01
4.411925894185247943e-01
4.098258787670540082e-01
1.759341607990370926e-01
6.892180564296205292e-01
2.745445234443484872e-01
3.444544269793202718e-01
1.651627255939836780e-01
0.000000000000000000e+00
0.000000000000000000e+00
3.994821017669254459e-01
0.000000000000000000e+00
8.317138661515663389e-02
2.324750562010276522e-01
2.459045243664747249e-01
1.651627255939836780e-01
4.846711631014027355e-01
3.444544269793202718e-01
2.459045243664747249e-01
2.958876649095541489e-01
8.600592728651248464e-01
5.589162807329480787e-01
8.894901956937304455e-01
8.011974272079130932e-01
9.411381543427883578e-01
8.011974272079130932e-01
8.011974272079130932e-01
8.180502656542699702e-01
7.900889092976870476e-01
8.195198321262930907e-01
6.688103315666010795e-01
8.011974272079130932e-01
6.723652179832637632e-01
6.173980032281244368e-01
5.393623688693350848e-01
5.525562067242006936e-01
7.017961408118696953e-01
8.180502656542697482e-01
4.568743809521141341e-01
7.466103356148091619e-01
7.114350922500725094e-01
6.282708908277691018e-01
5.675997342131249290e-01
7.114350922500726204e-01
8.696982243033276605e-01
6.577018136563749229e-01
7.297574971684523959e-01
7.519745329889043761e-01
7.297574971684523959e-01
8.585897063931017259e-01
7.297574971684523959e-01
8.011974272079130932e-01
7.297574971684523959e-01
7.276721772238126107e-01
6.982412543952067896e-01
7.696811844346674869e-01
7.351216945425477212e-01
5.270602934742930623e-01
6.207172593342059619e-01
6.501481821628116720e-01
5.517023937247943488e-01
6.390396642525856263e-01
5.399781223419515275e-01
0.000000000000000000e+00
0.000000000000000000e+00
5.280157914323191370e-01
0.000000000000000000e+00
0.000000000000000000e+00
2.958876649095541489e-01
1.651627255939836780e-01
2.164736015378689316e-01
2.164736015378689316e-01
0.000000000000000000e+00
3.620725510200684116e-01
0.000000000000000000e+00
8.417368679467448489e-01
8.345229809385912301e-01
9.228157494244088044e-01
7.462302124527737668e-01
6.651513309751099223e-01
5.102074550279364074e-01
6.945822538037158544e-01
4.209343966772799983e-01
6.173980032281244368e-01
3.456859339245535456e-01
3.253185877381599145e-01
3.620725510200683561e-01
8.317138661515663389e-02
3.738853498079260373e-01
6.173980032281244368e-01
8.317138661515663389e-02
1.759341607990370926e-01
4.209343966772799983e-01
1.759341607990370926e-01
0.000000000000000000e+00
0.000000000000000000e+00
2.459045243664747249e-01
0.000000000000000000e+00
0.000000000000000000e+00
3.444544269793202718e-01
1.357318027653778847e-01
0.000000000000000000e+00
0.000000000000000000e+00
8.317138661515663389e-02
0.000000000000000000e+00
4.369178353544172499e-01
8.317138661515663389e-02
3.444544269793202718e-01
0.000000000000000000e+00
3.039149862404884050e-01
0.000000000000000000e+00
0.000000000000000000e+00
0.000000000000000000e+00
0.000000000000000000e+00
0.000000000000000000e+00
0.000000000000000000e+00
0.000000000000000000e+00
0.000000000000000000e+00
0.000000000000000000e+00
0.000000000000000000e+00
1.651627255939836780e-01
2.164736015378689316e-01
4.786912122546908566e-01
5.159113968874411427e-01
3.385349361650740740e-01
3.738853498079260373e-01
0.000000000000000000e+00
6.105642393820059910e-01
5.099919060731950005e-01
0.000000000000000000e+00
7.297574971684523959e-01
8.317138661515663389e-02
0.000000000000000000e+00
0.000000000000000000e+00
6.408489752100183789e-01
0.000000000000000000e+00
0.000000000000000000e+00
1.759341607990370926e-01
8.317138661515663389e-02
8.317138661515663389e-02
2.515627467137988571e-01
3.543693874047304515e-01
8.317138661515663389e-02
2.745445234443484872e-01
0.000000000000000000e+00
0.000000000000000000e+00
8.317138661515663389e-02
0.000000000000000000e+00
4.411925894185247943e-01
4.503653195058858194e-01
5.768585624892925701e-01
8.317138661515663389e-02
4.985848686037133715e-01
6.766399720473713630e-01
6.177781263901598319e-01
0.000000000000000000e+00
1.651627255939836780e-01
8.102206251734993536e-01
8.317138661515663389e-02
8.317138661515663389e-02
2.745445234443484872e-01
5.912863365056001408e-01
3.326416281914625905e-01
0.000000000000000000e+00
6.408489752100182679e-01
6.945822538037158544e-01
0.000000000000000000e+00
0.000000000000000000e+00
6.688103315666010795e-01
3.456859339245535456e-01
0.000000000000000000e+00
0.000000000000000000e+00
8.317138661515663389e-02
1.357318027653778847e-01
6.408489752100181569e-01
8.317138661515663389e-02
5.525562067242008046e-01
2.958876649095541489e-01
5.159113968874411427e-01
0.000000000000000000e+00
0.000000000000000000e+00
0.000000000000000000e+00
0.000000000000000000e+00
0.000000000000000000e+00
0.000000000000000000e+00
0.000000000000000000e+00
2.790348264631974384e-01
0.000000000000000000e+00
0.000000000000000000e+00
0.000000000000000000e+00
0.000000000000000000e+00
8.317138661515663389e-02
0.000000000000000000e+00
0.000000000000000000e+00
0.000000000000000000e+00
2.855925813221086296e-01
0.000000000000000000e+00
3.444544269793202718e-01
2.459045243664747249e-01
8.317138661515663389e-02
1.651627255939836780e-01
2.855925813221085741e-01
0.000000000000000000e+00
8.317138661515663389e-02
8.317138661515663389e-02
0.000000000000000000e+00
0.000000000000000000e+00
0.000000000000000000e+00
0.000000000000000000e+00
2.164736015378689316e-01
0.000000000000000000e+00
0.000000000000000000e+00
0.000000000000000000e+00
8.317138661515663389e-02
2.553482241707222822e-01
8.317138661515663389e-02
0.000000000000000000e+00
0.000000000000000000e+00
0.000000000000000000e+00
0.000000000000000000e+00
0.000000000000000000e+00
0.000000000000000000e+00
3.669474717869795621e-01
1.651627255939836780e-01
0.000000000000000000e+00
5.111629529859624821e-01
3.620725510200684116e-01
1.651627255939836780e-01
5.283143109915747759e-01
7.886193428256640381e-01
5.708786116425805801e-01
8.234144630283651844e-01
5.937114009356492250e-01
0.000000000000000000e+00
2.324750562010276522e-01
6.577018136563748119e-01
0.000000000000000000e+00
0.000000000000000000e+00
0.000000000000000000e+00
2.164736015378689316e-01
0.000000000000000000e+00
0.000000000000000000e+00
0.000000000000000000e+00
0.000000000000000000e+00
0.000000000000000000e+00
0.000000000000000000e+00
0.000000000000000000e+00
0.000000000000000000e+00
0.000000000000000000e+00
8.317138661515663389e-02
1.357318027653778847e-01
0.000000000000000000e+00
0.000000000000000000e+00
0.000000000000000000e+00
1.759341607990370926e-01
0.000000000000000000e+00
8.317138661515663389e-02
8.317138661515663389e-02
3.264080310481477509e-01
0.000000000000000000e+00
0.000000000000000000e+00
8.317138661515663389e-02
2.553482241707222822e-01
2.958876649095541489e-01
1.759341607990370926e-01
0.000000000000000000e+00
1.651627255939836780e-01
0.000000000000000000e+00
0.000000000000000000e+00
0.000000000000000000e+00
0.000000000000000000e+00
0.000000000000000000e+00
3.922682147587717161e-01
0.000000000000000000e+00
2.459045243664747249e-01
0.000000000000000000e+00
0.000000000000000000e+00
0.000000000000000000e+00
0.000000000000000000e+00
0.000000000000000000e+00
0.000000000000000000e+00
3.089550258989874343e-01
5.568309607883084045e-01
0.000000000000000000e+00
8.317138661515663389e-02
1.357318027653778847e-01
2.855925813221085741e-01
0.000000000000000000e+00
1.357318027653778847e-01
1.357318027653778847e-01
7.171794127862033408e-01
2.790348264631974384e-01
5.675997342131249290e-01
2.164736015378689316e-01
1.651627255939836780e-01
0.000000000000000000e+00
0.000000000000000000e+00
2.654608654462963235e-01
8.317138661515663389e-02
1.651627255939836780e-01
0.000000000000000000e+00
0.000000000000000000e+00
0.000000000000000000e+00
0.000000000000000000e+00
8.317138661515663389e-02
2.164736015378689316e-01
2.075948964237366856e-01
0.000000000000000000e+00
0.000000000000000000e+00
0.000000000000000000e+00
4.074869125258113733e-01
1.759341607990370926e-01
1.357318027653778847e-01
2.324750562010276522e-01
1.357318027653778847e-01
8.317138661515663389e-02
3.089550258989874343e-01
8.317138661515663389e-02
0.000000000000000000e+00
0.000000000000000000e+00
0.000000000000000000e+00
0.000000000000000000e+00
4.696680142891045961e-01
7.219278566876818903e-01
6.173980032281243258e-01
3.994821017669254459e-01
8.108363786461159073e-01
5.394228289018009326e-01
2.515627467137988571e-01
4.276186284016236794e-01
7.513587795162878225e-01
2.958876649095541489e-01
0.000000000000000000e+00
7.291417436958357312e-01
6.009252879438029549e-01
0.000000000000000000e+00
0.000000000000000000e+00
5.396383778565422285e-01
3.456859339245535456e-01
0.000000000000000000e+00
5.394228289018009326e-01
3.333459090690941706e-01
0.000000000000000000e+00
8.317138661515663389e-02
1.651627255939836780e-01
8.317138661515663389e-02
0.000000000000000000e+00
0.000000000000000000e+00
5.453423197160470748e-01
1.357318027653778847e-01
0.000000000000000000e+00
4.985848686037133715e-01
0.000000000000000000e+00
1.651627255939836780e-01
3.444544269793202718e-01
7.534440994609274966e-01
5.517023937247943488e-01
3.456859339245535456e-01
5.474276396606867490e-01
3.039149862404883495e-01
8.165806991822468497e-01
2.958876649095541489e-01
4.805609832445891239e-01
1.651627255939836780e-01
8.317138661515663389e-02
0.000000000000000000e+00
0.000000000000000000e+00
0.000000000000000000e+00
2.164736015378689316e-01
0.000000000000000000e+00
8.317138661515663389e-02
0.000000000000000000e+00
8.317138661515663389e-02
0.000000000000000000e+00
4.696680142891045961e-01
0.000000000000000000e+00
0.000000000000000000e+00
8.317138661515663389e-02
0.000000000000000000e+00
4.492602894260850355e-01
1.651627255939836780e-01
2.164736015378689316e-01
0.000000000000000000e+00
8.317138661515663389e-02
1.759341607990370926e-01
0.000000000000000000e+00
0.000000000000000000e+00
3.838003102333362726e-01
3.253185877381599145e-01
2.459045243664747249e-01
3.456859339245535456e-01
7.900889092976870476e-01
1.651627255939836780e-01
2.075948964237366856e-01
5.805175630807835052e-01
6.408489752100182679e-01
2.553482241707222822e-01
2.324750562010276522e-01
6.342508416744812028e-01
2.164736015378689316e-01
4.511300604159833583e-01
3.480496920726089960e-01
3.444544269793202718e-01
2.164736015378689316e-01
8.317138661515663389e-02
5.688537517304067537e-01
4.552402402727969699e-01
0.000000000000000000e+00
2.790348264631974384e-01
6.282708908277691018e-01
2.459045243664747249e-01
8.317138661515663389e-02
6.099484859093893263e-01
9.005987136039566021e-01
3.333459090690941706e-01
1.651627255939836780e-01
4.503653195058858194e-01
4.994386816031197718e-01
4.492602894260850355e-01
8.822763086855768266e-01
1.651627255939836780e-01
3.620725510200684116e-01
4.276186284016236794e-01
2.075948964237366856e-01
3.738853498079260373e-01
2.164736015378689316e-01
1.651627255939836780e-01
8.317138661515663389e-02
5.504708867795610194e-01
0.000000000000000000e+00
8.317138661515663389e-02
8.317138661515663389e-02
1.651627255939836780e-01
4.209343966772799983e-01
6.173980032281244368e-01
1.357318027653778847e-01
3.738853498079260373e-01
4.797962423344916960e-01
4.033162726365318584e-01
1.651627255939836780e-01
8.306283500365190253e-01
8.396515480021051747e-01
8.474811884828756803e-01
8.639539037671970512e-01
9.411381543427883578e-01
7.219278566876818903e-01
8.696982243033275495e-01
8.696982243033278825e-01
8.933848265958029833e-01
7.997278607358900837e-01
6.207172593342059619e-01
7.886193428256641491e-01
8.528453858569710055e-01
4.706235122471307264e-01
2.459045243664747249e-01
7.519745329889043761e-01
2.958876649095541489e-01
1.357318027653778847e-01
6.702798980386242000e-01
7.017961408118696953e-01
3.326416281914625350e-01
2.075948964237366856e-01
5.937114009356493360e-01
7.760412584434149830e-01
7.423355815507014510e-01
3.398555151996163759e-01
6.114180523814124468e-01
5.252106038402347687e-01
5.700247986431741243e-01
2.075948964237366856e-01
5.708786116425805801e-01
0.000000000000000000e+00
1.357318027653778847e-01
6.390396642525856263e-01
3.838003102333362726e-01
3.738853498079260373e-01
6.207172593342059619e-01
3.620725510200683561e-01
3.333459090690941706e-01
6.979015099097973795e-01
6.093327324367727726e-01
7.240131766323217866e-01
5.252106038402346577e-01
9.005987136039564911e-01
5.099919060731950005e-01
3.620725510200683561e-01
5.099919060731950005e-01
5.696446754811387292e-01
5.099919060731950005e-01
7.577188535250350965e-01
5.577452338201807081e-01
5.700247986431741243e-01
2.459045243664747249e-01
5.283143109915747759e-01
6.694260850392176332e-01
4.098258787670540082e-01
7.171794127862033408e-01
6.279311463423596917e-01
1.651627255939836780e-01
4.552402402727969699e-01
2.164736015378689316e-01
0.000000000000000000e+00
0.000000000000000000e+00
1.759341607990370926e-01
0.000000000000000000e+00
0.000000000000000000e+00
4.261894406062265439e-01
0.000000000000000000e+00
0.000000000000000000e+00
0.000000000000000000e+00
1.651627255939836780e-01
1.651627255939836780e-01
0.000000000000000000e+00
2.790348264631974384e-01
4.261894406062265439e-01
3.838003102333362726e-01
0.000000000000000000e+00
2.164736015378689316e-01
6.342508416744812028e-01
6.282708908277691018e-01
8.396515480021051747e-01
7.297574971684523959e-01
7.282879306964292754e-01
8.528453858569707835e-01
7.828750222895333177e-01
