6.564613615299046412e-01
6.298406244532149811e-01
7.444681033537228210e-01
7.178473662770331609e-01
6.912266292003435009e-01
7.251419152202445151e-01
7.168823568453424055e-01
7.977095775071019190e-01
7.444681033537227099e-01
7.517626522969340641e-01
6.405426137431200484e-01
9.733792629233102289e-01
8.789014386375324506e-01
9.575755429176785460e-01
9.530880653581411677e-01
7.525316350801474208e-01
8.522807015608429015e-01
6.812502719043704857e-01
8.529346565629032373e-01
9.106636082758199358e-01
7.319342873615939382e-01
5.396939529243682809e-01
4.713440107888713926e-01
4.289016487820982437e-01
4.289016487820982437e-01
4.461196963281689465e-01
6.734531884854589867e-01
7.763453007731629940e-01
8.187697578554840039e-01
7.813320037077368108e-01
8.110708665977305332e-01
7.131102760299776744e-01
8.244718575342306899e-01
8.390609554206531762e-01
8.840428711991304978e-01
7.629708250059493713e-01
8.767483222559190326e-01
5.704927083065470805e-01
7.870075882171967407e-01
3.900727459666981645e-01
7.246397384183826951e-01
5.326207536076924542e-01
7.834851200893501177e-01
8.063337763506749356e-01
8.564571246907499713e-01
7.911840113471036995e-01
8.298363876140602002e-01
7.984785602903150536e-01
7.765949134606811022e-01
8.102605867930637862e-01
8.416184141168090438e-01
7.956714889066411889e-01
7.256612853159394305e-01
7.329558342591508957e-01
6.438690552224890506e-01
8.242906127379201475e-01
7.990392274074636925e-01
7.434633920761606340e-01
7.848544718355832117e-01
8.197347672871749813e-01
8.647166830656521919e-01
8.501275851792293725e-01
8.767483222559190326e-01
7.864469211000483240e-01
6.903766475498054334e-01
7.280640143850711787e-01
8.067381186652172742e-01
7.801173815885276142e-01
7.221388171880929185e-01
8.260643067986954691e-01
7.371735544105114668e-01
4.821431229354774528e-01
7.874119305317389683e-01
4.241645585350426462e-01
5.686608816043234871e-01
4.594539145490434962e-01
8.729762414405541904e-01
4.746421892072577031e-01
8.491625757475385061e-01
8.826735194528974038e-01
7.718578232136255046e-01
8.256599644841532415e-01
7.911840113471036995e-01
6.738575308000011033e-01
8.209228742370977550e-01
7.556497608934515942e-01
7.836398497163742372e-01
7.947064794749503225e-01
7.404999958898803580e-01
7.316129976822041137e-01
8.887799614461858733e-01
8.986319690855529840e-01
9.914908289375793382e-01
8.720112320088633240e-01
8.570177918078983881e-01
8.694537733127074564e-01
9.236602568977776428e-01
7.617562028867402857e-01
8.647166830656519698e-01
8.878149520144950069e-01
9.455439037274115943e-01
9.347268866563537282e-01
6.280087977509912767e-01
8.416184141168090438e-01
7.284683566996134063e-01
8.564571246907497493e-01
7.931140302104854323e-01
9.116286177075106911e-01
9.623126331647339216e-01
8.830778617674395203e-01
9.420214355995649713e-01
9.024040499009177152e-01
8.970395198210879828e-01
9.154006985228754223e-01
8.376916036744201932e-01
8.558296848579758365e-01
8.716068896943212074e-01
8.491625757475385061e-01
8.501275851792293725e-01
8.923024295740324963e-01
7.239141064244505319e-01
9.502809939744671919e-01
8.767483222559190326e-01
8.574221341224406157e-01
9.262177155939332884e-01
8.757833128242282772e-01
8.850078806308211421e-01
6.430603705934045955e-01
7.183667363727281874e-01
1.595331710847052442e-01
1.004430810024658227e-01
0.000000000000000000e+00
4.998068098175440510e-01
8.574221341224407267e-01
7.049922606055145646e-01
2.300698176732539346e-01
0.000000000000000000e+00
6.505361643329262700e-01
1.788593592181834946e-01
0.000000000000000000e+00
6.476411360378537818e-01
6.854848276757258274e-01
1.831578830313952411e-01
0.000000000000000000e+00
3.688149437942558895e-01
3.934106262309557955e-01
6.014285839869953909e-02
5.042545855312101644e-01
0.000000000000000000e+00
1.987392883197149074e-01
0.000000000000000000e+00
6.014285839869953909e-02
5.188436834176327617e-01
0.000000000000000000e+00
1.004430810024658227e-01
0.000000000000000000e+00
3.674721072173092185e-01
6.322830553682179389e-01
4.326519326760435158e-01
4.326519326760435158e-01
6.014285839869953909e-02
1.831578830313952411e-01
0.000000000000000000e+00
0.000000000000000000e+00
0.000000000000000000e+00
0.000000000000000000e+00
0.000000000000000000e+00
0.000000000000000000e+00
0.000000000000000000e+00
3.626635260067612720e-01
2.028154655206364232e-01
1.004430810024658227e-01
5.835826448134167066e-01
4.201578185297860646e-01
6.770021717825918106e-01
3.441258207565303096e-01
3.309013563684738979e-01
1.197692691359440731e-01
6.872585217365011490e-01
0.000000000000000000e+00
1.595331710847052442e-01
0.000000000000000000e+00
0.000000000000000000e+00
0.000000000000000000e+00
6.014285839869953909e-02
0.000000000000000000e+00
0.000000000000000000e+00
0.000000000000000000e+00
0.000000000000000000e+00
0.000000000000000000e+00
0.000000000000000000e+00
1.831578830313952411e-01
0.000000000000000000e+00
0.000000000000000000e+00
3.814337652709577364e-01
1.197692691359440731e-01
4.923776759679672765e-01
2.560569396740156600e-01
6.014285839869953909e-02
6.772252693008237179e-01
7.905565715143295646e-01
6.782299805783857938e-01
6.771569014096158190e-01
7.883769399634297237e-01
9.457935164149299245e-01
3.626635260067613276e-01
5.385742138656532951e-01
8.390609554206533982e-01
7.617562028867402857e-01
2.451139479414268518e-01
6.651252622193489783e-01
2.180654764531932133e-01
4.887401800589679102e-01
2.180654764531932133e-01
8.057731092335265188e-01
0.000000000000000000e+00
0.000000000000000000e+00
6.014285839869953909e-02
5.446806558589419867e-01
0.000000000000000000e+00
3.626635260067612720e-01
8.526850438753850181e-01
2.493960058067322128e-01
4.781929203960868513e-01
7.558993735809698133e-01
5.663146900010578300e-01
6.004230512426108612e-01
7.931140302104853212e-01
6.976977116623030994e-01
7.904150285638905649e-01
0.000000000000000000e+00
5.308753226078997134e-01
7.239141064244505319e-01
5.141331083398634760e-01
0.000000000000000000e+00
5.101379300062669486e-01
6.242932544014926366e-01
0.000000000000000000e+00
3.395699753057851433e-01
6.385045251426593182e-01
8.562075120032317521e-01
8.491625757475385061e-01
8.767483222559189215e-01
8.583871435541314820e-01
8.913374201423415188e-01
7.544616539435289315e-01
8.560527823762076327e-01
8.363222519281870992e-01
9.144356890911846669e-01
8.449861526176314364e-01
1.000000000000000000e+00
8.633473313194189869e-01
7.956714889066411889e-01
9.154006985228755333e-01
8.453904949321737750e-01
9.575755429176787681e-01
9.154006985228754223e-01
7.591987441905845291e-01
6.616027940915024663e-01
9.575755429176785460e-01
8.878149520144950069e-01
7.655282837021049058e-01
8.716068896943212074e-01
7.787480298422945202e-01
7.325780071138949801e-01
6.856395573027499468e-01
8.416184141168090438e-01
8.680844215664745844e-01
8.643123407511098533e-01
9.575755429176785460e-01
8.225418386708489571e-01
8.536500533070759955e-01
8.256599644841532415e-01
4.241645585350426462e-01
9.154006985228754223e-01
8.174004061092511320e-01
8.221374963563066185e-01
8.178047484237932485e-01
9.102592659612777082e-01
9.613476237330432772e-01
6.666611740179477774e-01
9.043340687642992259e-01
9.236602568977776428e-01
6.985211781435548550e-01
7.874119305317390793e-01
8.767483222559189215e-01
8.246949550524623751e-01
7.635982648387232841e-01
9.043340687642994480e-01
9.540530747898319230e-01
9.163657079545663997e-01
8.414636844897848134e-01
8.016232012729057610e-01
7.822704979701411432e-01
6.178089852629480294e-01
8.570177918078983881e-01
5.446523927979594060e-01
3.881411319277341399e-01
4.594539145490434962e-01
7.570191126396846881e-01
3.900727459666981645e-01
3.900727459666981645e-01
6.864895389532880143e-01
6.943034579921942839e-01
6.400404369412583394e-01
2.760167428834217618e-01
6.456443444588466640e-01
6.207142488077799225e-01
7.126080992281157434e-01
7.012201797901497224e-01
7.525316350801471987e-01
4.628169348019991469e-01
5.772531053018961078e-01
5.014693110689557587e-01
4.711197210794110246e-01
2.373916645866714636e-01
5.879870697378017930e-01
7.351354658100507367e-01
8.789014386375325616e-01
8.510925946109201279e-01
7.980742179757727151e-01
9.420214355995649713e-01
9.455439037274115943e-01
9.033690593326084706e-01
7.785249323240628350e-01
7.522820223926290906e-01
8.089177502161171152e-01
7.822970131394275661e-01
7.758259306774679676e-01
7.251419152202445151e-01
8.162122991593283583e-01
8.694537733127074564e-01
7.714534808990832770e-01
9.226952474660866654e-01
9.686421726762545203e-01
9.061761307162824464e-01
9.816388212982124495e-01
9.420214355995651934e-01
8.840428711991302757e-01
8.793057809520747892e-01
8.149976770401194948e-01
8.948598882701883639e-01
7.676814000837185459e-01
8.077031280969080296e-01
8.250992973670047137e-01
6.771569014096159300e-01
5.976725173248029765e-01
7.943021371604082059e-01
8.960745103893971164e-01
5.014693110689557587e-01
7.943021371604082059e-01
8.951095009577064721e-01
7.131102760299776744e-01
7.249458885717667833e-01
8.183654155409418873e-01
5.764179055035253407e-01
4.821431229354774528e-01
4.361961977253095424e-01
7.676814000837185459e-01
5.918422031883189272e-01
4.787801026825218020e-01
8.802707903837655445e-01
8.795553936395928973e-01
7.883769399634297237e-01
8.376916036744201932e-01
7.328011046321267763e-01
8.453904949321736639e-01
7.160588903640906500e-01
8.380959459889625318e-01
8.583871435541314820e-01
8.526850438753852401e-01
1.000000000000000000e+00
8.102605867930640082e-01
9.841962799943682061e-01
8.704187827443984338e-01
8.643123407511098533e-01
8.795553936395928973e-01
9.889333702414236926e-01
9.502809939744671919e-01
8.637516736339613255e-01
9.575755429176785460e-01
7.598261840233585529e-01
8.244718575342305789e-01
8.491625757475385061e-01
8.840428711991302757e-01
8.757833128242281662e-01
9.540530747898320341e-01
9.493159845427765475e-01
8.560527823762076327e-01
9.217302380343960211e-01
8.091408477343491334e-01
9.106636082758199358e-01
9.457935164149299245e-01
7.436181217031847535e-01
9.262177155939335105e-01
9.226952474660867765e-01
7.091421685661352114e-01
9.106636082758199358e-01
8.814854125029744081e-01
8.574221341224407267e-01
9.502809939744673029e-01
9.226952474660867765e-01
8.793057809520747892e-01
9.213258957198536825e-01
8.501275851792293725e-01
8.491625757475385061e-01
8.260643067986954691e-01
8.018462987911375572e-01
7.984785602903150536e-01
7.978511204575409188e-01
8.260643067986954691e-01
9.356918960880447056e-01
9.309548058409889970e-01
8.222922259833307379e-01
8.067381186652171632e-01
8.211724869246158631e-01
8.225418386708489571e-01
7.787480298422946312e-01
8.290674048308472877e-01
8.376916036744201932e-01
8.751558729914540313e-01
8.295867749265420921e-01
8.510925946109201279e-01
7.947064794749503225e-01
8.682391511934985928e-01
6.771569014096159300e-01
9.071411401479734238e-01
8.097015148514975502e-01
7.680857423982607735e-01
8.018462987911376683e-01
7.598261840233585529e-01
8.376916036744201932e-01
8.390609554206531762e-01
3.900727459666981645e-01
8.960745103893972274e-01
9.043340687642994480e-01
9.623126331647341436e-01
9.696071821079454978e-01
9.457935164149299245e-01
8.510925946109202389e-01
6.267224986399105857e-01
6.976977116623032105e-01
8.824504219346653855e-01
9.309548058409889970e-01
8.178047484237932485e-01
9.264673282814515076e-01
6.574528861308817085e-01
8.077031280969080296e-01
7.043485408532135228e-01
8.368813238697535573e-01
8.015966861036195601e-01
9.043340687642994480e-01
8.720112320088633240e-01
8.643123407511098533e-01
8.729762414405541904e-01
7.836398497163742372e-01
7.710888404304123700e-01
8.256599644841534635e-01
9.264673282814515076e-01
8.250992973670047137e-01
8.371309365572716654e-01
6.945530706797123921e-01
7.166863301968646738e-01
7.778812125717619042e-01
8.716068896943212074e-01
7.483552119502403510e-01
8.682391511934985928e-01
8.609446022502873497e-01
8.682391511934985928e-01
7.351354658100507367e-01
8.704187827443984338e-01
8.558296848579758365e-01
9.686421726762547424e-01
8.716068896943209854e-01
9.043340687642994480e-01
8.463555043638646413e-01
6.744181979171497421e-01
9.043340687642992259e-01
7.680857423982607735e-01
7.956714889066411889e-01
8.836385288845879371e-01
8.609446022502872387e-01
8.510925946109201279e-01
9.733792629233102289e-01
8.510925946109201279e-01
8.960745103893972274e-01
