3.005604097506747729e-01
3.005604097506747729e-01
3.005604097506747729e-01
3.520222234193863264e-01
3.812181200741009413e-01
4.326799337428124392e-01
5.126908688887372723e-01
5.220486725451745080e-01
6.110077681193309962e-01
7.061572836501861516e-01
5.537651777221261895e-01
5.220486725451745080e-01
7.462679585843858820e-01
5.876854326996273636e-01
7.715401146292297785e-01
8.294462774300492836e-01
7.618161821975216741e-01
8.174750807448574186e-01
9.563122981378564536e-01
7.779844637613377856e-01
8.294462774300492836e-01
7.715401146292297785e-01
3.812181200741009413e-01
5.637430393292434117e-01
0.000000000000000000e+00
5.870653747489471552e-01
0.000000000000000000e+00
0.000000000000000000e+00
0.000000000000000000e+00
0.000000000000000000e+00
0.000000000000000000e+00
0.000000000000000000e+00
0.000000000000000000e+00
0.000000000000000000e+00
2.433178193534699385e-01
0.000000000000000000e+00
0.000000000000000000e+00
8.835872195823914199e-02
2.181410656823745686e-01
0.000000000000000000e+00
1.436543602223029348e-01
8.835872195823914199e-02
8.236655007015560859e-01
4.291029068148686232e-01
0.000000000000000000e+00
7.540420703909538336e-01
0.000000000000000000e+00
2.292356573742462544e-01
0.000000000000000000e+00
0.000000000000000000e+00
7.466776018125912406e-01
3.005604097506747729e-01
0.000000000000000000e+00
2.292356573742462544e-01
1.753708653992546718e-01
9.563122981378564536e-01
0.000000000000000000e+00
1.855479555121025970e-01
0.000000000000000000e+00
0.000000000000000000e+00
2.751948822152649465e-01
1.436543602223029348e-01
0.000000000000000000e+00
4.783609706830308506e-01
0.000000000000000000e+00
2.292356573742462544e-01
5.572986901971356266e-01
3.639934201045782469e-01
0.000000000000000000e+00
4.987263371254707089e-01
4.027244753266864263e-01
5.234000760777948180e-01
3.957099252815299839e-01
7.145514534074343116e-01
7.398236094522780970e-01
8.928792877839527575e-01
8.731339792921930520e-01
7.462679585843858820e-01
8.055038840596654426e-01
8.158913888949881343e-01
5.990365714341391312e-01
8.928792877839529796e-01
7.602324903476526119e-01
7.722036870328443658e-01
7.181284803353781276e-01
4.763676356049561522e-01
3.639934201045783579e-01
7.223255652140022631e-01
7.857585755679055151e-01
9.365669896460965260e-01
8.152278164913735470e-01
9.365669896460965260e-01
7.540420703909539446e-01
8.097009689382895781e-01
4.601993540411402628e-01
4.009634285658608133e-01
8.835872195823914199e-02
2.696028793510861221e-01
8.055038840596653316e-01
5.104436046352534007e-01
1.753708653992546718e-01
4.797123742156511605e-01
7.540420703909539446e-01
4.262355846107046542e-01
5.551165812547464995e-01
6.967994799937490269e-01
4.599670657238912330e-01
5.551165812547464995e-01
7.517948061374699620e-01
8.152278164913734360e-01
4.763676356049561522e-01
6.317827777899762687e-01
6.110077681193309962e-01
6.009863920592792841e-01
2.621262111728618893e-01
4.919158592180919443e-01
6.349501614897149482e-01
6.009863920592791731e-01
6.666666666666666297e-01
7.618161821975217851e-01
8.356366973867479508e-01
8.491915859218092111e-01
8.990697077406513138e-01
1.000000000000000000e+00
8.356366973867478398e-01
8.372203892366172351e-01
8.372203892366172351e-01
8.158913888949880233e-01
8.809080910987607815e-01
7.841748837180364529e-01
8.611627826070010761e-01
7.722036870328444769e-01
8.673532025636996323e-01
8.236655007015560859e-01
4.601993540411402628e-01
0.000000000000000000e+00
0.000000000000000000e+00
8.835872195823914199e-02
0.000000000000000000e+00
3.639934201045782469e-01
0.000000000000000000e+00
0.000000000000000000e+00
1.855479555121025970e-01
1.753708653992546718e-01
3.239755296768960791e-01
0.000000000000000000e+00
2.751948822152649465e-01
0.000000000000000000e+00
4.274264304584816099e-01
4.009634285658608133e-01
8.158913888949882454e-01
3.812181200741009413e-01
1.855479555121025970e-01
4.485942861312192109e-01
2.609521625511979637e-01
7.737873788827138721e-01
9.323699047674725016e-01
8.928792877839527575e-01
6.271760496831468856e-01
4.980627647218561216e-01
6.271760496831468856e-01
2.696028793510861221e-01
6.194019378765790451e-01
2.292356573742462544e-01
3.520222234193863264e-01
6.967994799937491379e-01
2.621262111728618893e-01
4.612290552200257188e-01
7.737873788827137611e-01
5.246620655739291372e-01
0.000000000000000000e+00
6.016499644628938714e-01
9.110409044258434008e-01
4.763676356049561522e-01
0.000000000000000000e+00
7.903653036747350091e-01
8.928792877839529796e-01
3.710079701497347449e-01
1.436543602223029348e-01
8.174750807448574186e-01
6.628357105633135848e-01
8.673532025636995213e-01
7.269322933208316462e-01
9.245957929609045500e-01
9.126245962757127961e-01
7.815614906892816016e-01
9.563122981378564536e-01
8.731339792921928300e-01
6.666666666666665186e-01
6.624695817880424942e-01
5.049167570821694317e-01
7.919489955246042934e-01
0.000000000000000000e+00
0.000000000000000000e+00
2.621262111728618893e-01
7.737873788827137611e-01
6.307530766110908127e-01
8.835872195823914199e-02
4.599670657238912330e-01
4.599670657238912330e-01
4.326799337428124392e-01
3.812181200741009413e-01
8.294462774300495056e-01
8.372203892366172351e-01
8.055038840596653316e-01
9.760576066296161590e-01
9.563122981378564536e-01
9.048504844691447335e-01
6.786378633518584946e-01
8.928792877839529796e-01
7.715401146292297785e-01
9.443411014526644776e-01
7.200783009605182805e-01
6.744407784732344702e-01
6.744407784732344702e-01
5.880950759278326112e-01
8.793243992488916083e-01
8.372203892366172351e-01
5.553488695719954737e-01
6.446740939214229416e-01
8.152278164913734360e-01
6.708637515452905431e-01
7.602324903476526119e-01
7.586487984977833277e-01
7.977297722530974911e-01
7.145514534074343116e-01
7.977297722530976021e-01
6.446740939214229416e-01
8.055038840596653316e-01
8.491915859218092111e-01
5.353061174518919385e-01
6.311192053863616813e-01
5.670226226288436200e-01
6.074307411913870691e-01
6.883617957835665990e-01
6.945522157402651553e-01
7.903653036747350091e-01
8.673532025636996323e-01
7.841748837180364529e-01
7.586487984977833277e-01
6.744407784732344702e-01
7.223255652140022631e-01
5.637430393292434117e-01
6.009863920592792841e-01
7.181284803353781276e-01
7.540420703909539446e-01
8.294462774300492836e-01
6.249287854296631251e-01
5.938758526563258089e-01
8.174750807448574186e-01
9.110409044258434008e-01
5.938758526563259199e-01
4.175413533578821168e-01
4.009634285658608133e-01
6.883617957835665990e-01
4.446511304280044707e-01
6.255923578332776014e-01
8.928792877839529796e-01
7.919489955246041824e-01
2.609521625511979637e-01
7.342967618991940171e-01
4.612290552200257188e-01
2.292356573742462544e-01
8.039201922097960473e-01
5.126908688887372723e-01
8.476078940719398158e-01
5.563785707508809297e-01
1.436543602223029348e-01
8.611627826070009650e-01
6.588925548600986781e-01
1.753708653992546718e-01
4.612290552200257188e-01
5.938758526563259199e-01
7.081071042753264155e-01
8.097009689382895781e-01
6.327028972362309656e-01
6.967994799937490269e-01
7.200783009605182805e-01
6.967994799937491379e-01
4.883388322901480727e-01
8.174750807448575296e-01
9.110409044258434008e-01
7.540420703909539446e-01
6.000662726130244762e-01
8.097009689382895781e-01
8.174750807448574186e-01
6.000662726130244762e-01
4.599670657238912330e-01
8.731339792921928300e-01
6.446740939214229416e-01
6.828349482304824081e-01
5.551165812547464995e-01
6.744407784732344702e-01
7.618161821975217851e-01
9.048504844691445115e-01
8.356366973867478398e-01
7.285159851707008194e-01
6.255923578332777124e-01
6.446740939214229416e-01
8.097009689382893560e-01
7.977297722530976021e-01
5.220486725451745080e-01
4.763676356049561522e-01
9.365669896460965260e-01
8.294462774300495056e-01
6.349501614897148372e-01
8.491915859218092111e-01
9.443411014526644776e-01
5.366332622591210022e-01
5.676861950324583184e-01
4.226585576827607826e-01
9.006533995905207091e-01
7.524583785410845493e-01
8.032566198061814600e-01
5.366332622591210022e-01
6.945522157402651553e-01
5.080841407819078892e-01
5.792912629423793147e-01
3.973864016379168862e-01
6.391472463683389726e-01
6.832445914586880997e-01
4.797123742156511605e-01
4.883388322901480727e-01
2.292356573742462544e-01
6.708637515452905431e-01
6.311192053863617923e-01
6.763905990983746230e-01
7.540420703909539446e-01
5.938758526563259199e-01
4.601993540411402628e-01
6.644194024131827581e-01
7.398236094522782080e-01
6.317827777899762687e-01
8.158913888949881343e-01
3.957099252815299839e-01
8.032566198061814600e-01
8.809080910987607815e-01
8.294462774300492836e-01
3.812181200741009413e-01
6.531117781316053694e-01
8.928792877839529796e-01
8.835872195823914199e-02
6.666666666666666297e-01
6.000662726130244762e-01
7.618161821975217851e-01
5.563785707508809297e-01
8.356366973867479508e-01
8.928792877839527575e-01
4.797123742156511605e-01
7.841748837180364529e-01
6.009863920592792841e-01
6.307530766110908127e-01
5.563785707508809297e-01
4.027244753266864263e-01
8.835872195823914199e-02
1.753708653992546718e-01
4.282505605469396071e-01
5.990365714341391312e-01
6.317827777899762687e-01
6.194019378765790451e-01
6.327028972362309656e-01
7.857585755679055151e-01
6.307530766110908127e-01
6.883617957835665990e-01
8.928792877839527575e-01
6.786378633518586057e-01
7.602324903476525009e-01
7.602324903476527229e-01
7.103543685288102871e-01
8.835872195823914199e-02
6.588925548600986781e-01
4.763676356049561522e-01
1.753708653992546718e-01
5.938758526563259199e-01
8.174750807448571965e-01
1.753708653992546718e-01
2.609521625511979637e-01
6.967994799937491379e-01
8.055038840596654426e-01
8.055038840596654426e-01
7.841748837180364529e-01
6.890253681871811864e-01
4.368770186214365747e-01
5.761238792426407462e-01
5.234000760777948180e-01
8.414174741152412595e-01
7.398236094522780970e-01
3.450070863901814611e-01
7.025802567222423356e-01
6.317827777899762687e-01
3.520222234193863264e-01
4.274264304584816099e-01
8.809080910987607815e-01
6.708637515452906541e-01
1.436543602223029348e-01
6.967994799937491379e-01
5.551165812547464995e-01
7.462679585843858820e-01
4.009634285658608133e-01
5.551165812547464995e-01
6.883617957835665990e-01
6.191480087011698163e-01
3.495016148971492598e-01
4.009634285658608133e-01
7.977297722530974911e-01
9.048504844691448445e-01
2.609521625511979637e-01
7.025802567222422246e-01
4.446511304280044707e-01
7.207418733641328679e-01
6.666666666666666297e-01
6.446740939214229416e-01
4.919158592180919443e-01
5.080841407819077782e-01
6.307530766110908127e-01
5.234000760777948180e-01
6.249287854296631251e-01
6.317827777899762687e-01
5.551165812547464995e-01
2.609521625511979637e-01
5.551165812547464995e-01
5.670226226288436200e-01
7.223255652140021521e-01
4.009634285658608133e-01
5.880950759278326112e-01
7.025802567222423356e-01
1.753708653992546718e-01
3.957099252815299839e-01
5.938758526563259199e-01
2.621262111728618893e-01
2.292356573742462544e-01
4.793906718619161955e-01
5.563785707508809297e-01
3.450070863901814611e-01
2.609521625511979637e-01
6.588925548600986781e-01
4.599670657238912330e-01
4.599670657238912330e-01
5.990365714341391312e-01
5.049167570821694317e-01
5.234000760777948180e-01
3.132905812132297241e-01
6.446740939214228305e-01
3.957099252815299839e-01
6.628357105633134738e-01
4.797123742156511605e-01
8.097009689382895781e-01
7.919489955246042934e-01
6.194019378765790451e-01
4.601993540411402628e-01
