7.913590217881029121e-01
7.828430107501649360e-01
7.484089499744873697e-01
6.846133884022868044e-01
7.689655773121809590e-01
7.777074279066569229e-01
8.375200466685046585e-01
7.481670850896515734e-01
8.783777429423907934e-01
9.202816269861416876e-01
8.505638091011961111e-01
4.730192420595953906e-01
7.473627622046224994e-01
4.383869604830067379e-01
4.520673000377200546e-01
8.196113119504078171e-01
6.171233586786162295e-01
3.509535135254676641e-01
6.406085529747222729e-02
5.183759440549681186e-01
1.275170040225725998e-01
1.693912937415076037e-01
3.639972759581594497e-01
4.101634159939692159e-01
5.104371238650110554e-01
4.475812977993847697e-01
4.307187508511527430e-01
7.560752646788352349e-01
7.009311267661179068e-01
7.261689552979114781e-01
7.264108201827472744e-01
5.542675326129899993e-01
6.406085529747222729e-02
6.216511100733700390e-01
2.909477891181170839e-01
2.909477891181170839e-01
7.058972344819821609e-01
4.997869881309252027e-01
3.011414498925331640e-01
2.618170569489549626e-01
6.406085529747222729e-02
2.881028026152496202e-01
6.406085529747222729e-02
4.020587449685109060e-01
6.406085529747222729e-02
0.000000000000000000e+00
7.233676128789684467e-01
2.641817724114238763e-01
1.693912937415076037e-01
1.923715789867492532e-01
0.000000000000000000e+00
3.928573975692185027e-01
3.232331099251712914e-01
5.399357175255977692e-01
6.554049496431014754e-01
6.973088336868521475e-01
9.632316987997573410e-01
8.007517454682617775e-01
8.845595135557636768e-01
6.987646321045600795e-01
9.333253894188332511e-01
7.992672013772865736e-01
7.398929389365492826e-01
6.759185353438663668e-01
8.237007070240510709e-01
8.155219168767644522e-01
9.003758727341307777e-01
7.904805797812456403e-01
7.646636654739650263e-01
6.348013247693524708e-01
7.537122785810027592e-01
7.770272067007105710e-01
7.484089499744873697e-01
5.961714166567408935e-01
5.390572755187404974e-01
8.704695633532069099e-01
7.866617952657052326e-01
7.866617952657052326e-01
8.914215053750826900e-01
6.982015716573709563e-01
9.621855110298922487e-01
7.039002149480682036e-01
7.312757924681522193e-01
8.779393866212801267e-01
8.745589584268504968e-01
5.803550574783735705e-01
8.202191433991619096e-01
8.794239307122554417e-01
1.000000000000000000e+00
7.777074279066569229e-01
6.092151790894326790e-01
4.138093395910939498e-01
7.979791487225861291e-01
7.564848753266782966e-01
7.979791487225862401e-01
8.477912123555205737e-01
8.556993919447043462e-01
9.254172098296498117e-01
7.956161626247536534e-01
8.742883478687473175e-01
9.450523535235573203e-01
8.924676931449471162e-01
9.660042955454328784e-01
8.569874445994047907e-01
8.715157511230716691e-01
8.086599250574454389e-01
7.248521569699435396e-01
7.537122785810027592e-01
7.257305989768008114e-01
6.406085529747222729e-02
1.693912937415076037e-01
6.406085529747222729e-02
6.054394362108209693e-01
6.406085529747222729e-02
1.903432357633830230e-01
5.097875432598382162e-01
7.488473062955978143e-01
2.909477891181170839e-01
8.615151959941586002e-01
3.509535135254676086e-01
7.264108201827471634e-01
6.421646957741350414e-01
7.443195549008441159e-01
8.574258009205153463e-01
1.065650620006971805e-01
6.406085529747222729e-02
6.406085529747222729e-02
0.000000000000000000e+00
5.835947562184268245e-01
2.301860679568566992e-01
6.406085529747222729e-02
0.000000000000000000e+00
5.406446844048112821e-01
6.121842672713828648e-01
1.903432357633830230e-01
4.395360130479671334e-01
7.815262124221972195e-01
7.787536156765215711e-01
7.917973781092134677e-01
8.337012621529641399e-01
9.123734473969578040e-01
9.213278147560063358e-01
9.134196351668226743e-01
9.202816269861414655e-01
8.824671380160341583e-01
8.155219168767644522e-01
7.398929389365492826e-01
8.234300964659481137e-01
7.349268312206850284e-01
6.829482729261927565e-01
8.569874445994047907e-01
8.202191433991619096e-01
8.704695633532069099e-01
8.533364058468719815e-01
8.625613837640234705e-01
8.556993919447044572e-01
9.422797567778817829e-01
9.213278147560063358e-01
9.412335690080171346e-01
7.437117234520898013e-01
6.979890548927986105e-01
7.913590217881028011e-01
4.473413278420551031e-01
8.364738588986397883e-01
6.849452924601068249e-01
2.699958470962417478e-01
1.405311721304484951e-01
6.128031949776122644e-01
0.000000000000000000e+00
1.687043778197883648e-01
0.000000000000000000e+00
0.000000000000000000e+00
0.000000000000000000e+00
0.000000000000000000e+00
0.000000000000000000e+00
6.406085529747222729e-02
1.923715789867492532e-01
0.000000000000000000e+00
2.432298303895484570e-01
4.043912560284396163e-01
1.693912937415076037e-01
0.000000000000000000e+00
6.880838557697009916e-01
0.000000000000000000e+00
2.699958470962417478e-01
0.000000000000000000e+00
2.930418940224829849e-01
2.909477891181170839e-01
1.065650620006971805e-01
0.000000000000000000e+00
0.000000000000000000e+00
0.000000000000000000e+00
0.000000000000000000e+00
0.000000000000000000e+00
0.000000000000000000e+00
0.000000000000000000e+00
6.329684635302509355e-01
0.000000000000000000e+00
6.406085529747222729e-02
2.106082618635392589e-01
4.704597645254883220e-01
6.406085529747222729e-02
6.083654827558424572e-01
5.499473689119859232e-01
5.196927423829359460e-01
4.266293557775094336e-01
1.923715789867492532e-01
1.923715789867492532e-01
0.000000000000000000e+00
0.000000000000000000e+00
6.406085529747222729e-02
1.065650620006971805e-01
0.000000000000000000e+00
4.809274216487791631e-01
0.000000000000000000e+00
0.000000000000000000e+00
7.535445328179953828e-01
1.275170040225725998e-01
2.531333001480096656e-01
0.000000000000000000e+00
1.065650620006971805e-01
0.000000000000000000e+00
1.687043778197883648e-01
0.000000000000000000e+00
0.000000000000000000e+00
3.892114739720938243e-01
0.000000000000000000e+00
0.000000000000000000e+00
1.275170040225725998e-01
0.000000000000000000e+00
6.406085529747222729e-02
0.000000000000000000e+00
0.000000000000000000e+00
2.106082618635392589e-01
1.687043778197883648e-01
7.264108201827471634e-01
0.000000000000000000e+00
1.687043778197883648e-01
6.152274745751615814e-01
3.579883662632022401e-01
0.000000000000000000e+00
6.643593170021498961e-01
4.489287367281259433e-01
1.693912937415076037e-01
4.441591204485363376e-01
7.907511903393485975e-01
6.838267149330501393e-01
9.580961159562492169e-01
8.490792650102211292e-01
8.165681046466291004e-01
8.824671380160341583e-01
8.715157511230717802e-01
8.924676931449471162e-01
8.924676931449473383e-01
9.055114555776390128e-01
8.086599250574454389e-01
8.704695633532069099e-01
6.143938035698693900e-01
6.059412031582932512e-01
5.668099158602181165e-01
6.680827455118747427e-01
8.065675495177161425e-01
6.990352426626631477e-01
7.907511903393485975e-01
7.907511903393483754e-01
7.646636654739651373e-01
7.560752646788352349e-01
9.422797567778816719e-01
4.786385546727750517e-01
6.130627092782401366e-01
2.909477891181170839e-01
1.275170040225725998e-01
2.930418940224829849e-01
2.122756038741235030e-01
5.210872473009268147e-01
5.515379775042431598e-01
2.301860679568566992e-01
1.903432357633830230e-01
5.327365048156276206e-01
0.000000000000000000e+00
2.106082618635392589e-01
3.674839547384566862e-01
2.425478798189658891e-01
3.639972759581594497e-01
0.000000000000000000e+00
