5.729861054661873343e-01
6.520694393351019746e-01
8.197933226221837399e-01
6.979513865386763882e-01
7.942224285911232418e-01
8.535634331396567687e-01
8.641809853614174086e-01
9.085686481006508552e-01
7.625146664060253876e-01
6.841597866859175925e-01
6.294349022495056012e-01
4.893698755463319894e-01
8.617611402848683877e-01
0.000000000000000000e+00
5.737784583458472448e-02
2.649234485918671722e-01
1.142844930482538879e-01
5.227698780162741699e-01
7.955180972508620885e-01
2.306802347063357517e-01
4.271854226174229829e-01
5.691808142069509913e-01
5.475348729951133864e-01
5.033594312195943665e-01
6.813182815627188971e-01
9.817137296201300378e-01
7.675273581432526804e-01
7.679099433089704441e-01
8.056066604855200985e-01
9.190397965010268511e-01
8.386100913303566884e-01
9.738986076406364045e-01
8.820846705755691630e-01
9.520432273458633299e-01
7.427216344436278206e-01
8.380795930020537021e-01
8.499943232247535452e-01
9.199528799950478231e-01
7.955180972508620885e-01
9.634274592402602977e-01
8.764783007498352374e-01
9.121377580155537457e-01
9.175330349184988021e-01
8.287577094400317979e-01
8.182865610396559131e-01
8.710830238468901809e-01
9.268549184805205954e-01
6.596990826122792750e-01
6.371668001678186810e-01
5.921854593400781575e-01
6.115061286138092633e-01
7.804183516201773640e-01
9.556123372607663313e-01
8.317080528448839161e-01
8.983336810446079790e-01
6.998407332869219788e-01
7.136448102578678565e-01
8.356597479255047922e-01
8.557721852934165874e-01
6.886419800948416770e-01
8.512899918844925029e-01
5.217796283026617798e-01
8.468077984755685295e-01
8.686631787703414931e-01
6.735031595832250417e-01
5.245569701233840920e-01
5.497452789887268265e-01
8.182865610396560241e-01
9.496233822693146420e-01
9.451411888603905576e-01
8.248060143594110327e-01
7.232860992254037669e-01
8.056066604855200985e-01
9.259418349864997344e-01
8.787517420049993921e-01
6.223613715211038233e-01
7.871092971828612672e-01
7.622784850616921570e-01
8.434748699049987586e-01
5.217796283026617798e-01
6.589339122808434146e-01
8.434748699049985365e-01
7.763187433769712653e-01
6.570430561913972456e-01
9.072729794409120085e-01
8.343640792657659455e-01
8.608480567908475267e-01
9.852828395350332613e-01
9.007535261211571109e-01
7.257059443019524547e-01
7.433153125321345644e-01
6.991131284952175617e-01
8.121636793450064395e-01
6.803517028124023147e-01
6.446922455466835844e-01
7.019709017628419367e-01
6.228903605082063422e-01
7.019709017628419367e-01
5.660840669807145620e-01
5.843703373605843021e-01
5.794157812629936455e-01
6.046040901283363800e-01
5.977020516428634966e-01
5.544369114805862697e-01
5.178643707208466784e-01
5.040602937499008007e-01
6.910242596316591435e-01
5.848757472673431490e-01
6.772201826607132658e-01
8.285215280956986783e-01
7.529566014996705858e-01
9.235219899099510465e-01
8.488701468079437040e-01
8.824672557412871488e-01
8.606118754465141851e-01
9.373260668808968132e-01
8.320906380106017908e-01
6.199790919842862458e-01
8.499943232247537672e-01
7.895291422594101771e-01
8.695762622643623541e-01
7.171507404125672114e-01
8.122976060482040017e-01
7.781449103650132093e-01
6.772201826607133768e-01
4.995781003409767718e-01
5.727231818604561209e-01
5.135774567925367462e-01
3.910880371606287875e-01
8.272258594359597206e-01
8.902823777207808931e-01
8.423256050666444450e-01
8.490812397307326842e-01
9.418082602898206757e-01
6.824675464010732107e-01
7.912720851862713456e-01
7.328441641317587907e-01
8.490812397307326842e-01
8.548591017993956154e-01
9.520432273458634409e-01
6.992470551984152349e-01
6.691939677584304302e-01
8.947645711297049775e-01
8.093221742218079662e-01
8.009133741538071449e-01
8.791343271707173779e-01
9.339931383103268203e-01
8.934689024699661308e-01
8.833803392353080097e-01
8.056066604855202096e-01
9.339931383103268203e-01
9.259418349864996234e-01
8.102352577158286051e-01
9.496233822693146420e-01
9.487102987752935590e-01
8.343640792657659455e-01
1.000000000000000000e+00
8.527967534670204408e-01
8.307949693508627220e-01
6.991131284952175617e-01
8.285215280956985673e-01
7.540807779164804270e-01
9.007535261211571109e-01
7.442283960261556475e-01
7.694167048914983820e-01
7.974465188800397009e-01
7.390185978255271460e-01
7.504028297199241138e-01
7.617870616143209705e-01
7.060151669806906671e-01
6.833806298950941827e-01
6.719963980006972148e-01
7.415723696052736180e-01
7.085689387604369172e-01
7.232860992254037669e-01
7.529566014996705858e-01
6.684272880857942134e-01
7.964311807448830605e-01
7.682139447968484580e-01
7.202571721427117879e-01
6.333080136522866166e-01
6.437791620526626124e-01
6.812647863064232867e-01
6.515942840321564677e-01
9.108420893558151210e-01
6.350412720752396378e-01
9.117551728498358710e-01
7.251769553148500469e-01
7.253484475577789414e-01
8.020375505706169861e-01
6.445993369815946616e-01
8.557721852934165874e-01
6.980977903600609213e-01
7.990872071657653120e-01
7.608739781203001096e-01
5.680315493685966777e-01
3.406598674308243258e-01
0.000000000000000000e+00
2.933541678254391605e-01
9.599822266838403673e-02
0.000000000000000000e+00
0.000000000000000000e+00
2.083267386459637660e-01
4.587186456529270817e-01
2.083267386459637660e-01
1.534679275063542403e-01
6.425620770707636265e-01
2.088506835124990524e-01
0.000000000000000000e+00
0.000000000000000000e+00
8.285215280956985673e-01
0.000000000000000000e+00
0.000000000000000000e+00
3.185424766907818950e-01
5.441501030081016266e-01
5.737784583458472448e-02
3.203127580597798785e-01
6.369696937044173612e-01
1.142844930482538879e-01
0.000000000000000000e+00
0.000000000000000000e+00
0.000000000000000000e+00
2.306802347063357517e-01
5.958223893985259423e-01
2.083267386459637660e-01
5.737784583458472448e-02
0.000000000000000000e+00
4.440014851879603985e-01
2.306802347063357517e-01
0.000000000000000000e+00
5.737784583458472448e-02
6.354238572409575125e-01
3.389169245039632128e-01
0.000000000000000000e+00
0.000000000000000000e+00
0.000000000000000000e+00
2.984573777650069704e-01
1.534679275063542403e-01
3.689449235224036006e-01
0.000000000000000000e+00
1.534679275063542403e-01
0.000000000000000000e+00
0.000000000000000000e+00
0.000000000000000000e+00
0.000000000000000000e+00
0.000000000000000000e+00
0.000000000000000000e+00
1.534679275063542403e-01
0.000000000000000000e+00
0.000000000000000000e+00
0.000000000000000000e+00
0.000000000000000000e+00
2.369312001430571579e-01
0.000000000000000000e+00
6.546232111148484467e-01
3.550576224902769473e-01
3.293271875355462952e-01
2.636836655511723415e-01
8.423256050666442230e-01
7.277682926343277403e-01
7.808009367858953498e-01
5.971730626557610888e-01
5.419301570092329712e-01
8.356597479255047922e-01
6.150217432724167654e-01
4.417325082977094364e-01
4.883891479271938452e-01
7.688230268029915271e-01
8.182865610396559131e-01
6.936155969511369479e-01
4.701028775473241050e-01
7.435007912344511194e-01
4.701028775473239940e-01
4.360178259892502073e-01
3.041388786702035607e-01
4.177315556093803561e-01
