5.108122071607632542e-01
5.849492403114738837e-01
6.412959899374814920e-01
7.608938679330201627e-01
6.531864658563273363e-01
7.417202683561520127e-01
5.912525912373415293e-01
5.275349919929733788e-01
4.898943594494202802e-01
7.044102565330612187e-01
6.964261212310982052e-02
3.153490880238633554e-01
2.633220066346275701e-01
2.285202920040962926e-01
0.000000000000000000e+00
0.000000000000000000e+00
3.794094995390415725e-01
1.838291859645974358e-01
2.075054853539445576e-01
2.513048456904675154e-01
3.568501850946521614e-01
0.000000000000000000e+00
6.964261212310982052e-02
7.930487114812306837e-01
4.889658021985539560e-01
3.251764340781531093e-01
1.155993078163827792e-01
2.513048456904675154e-01
1.521554349480983004e-01
1.521554349480983004e-01
2.513048456904675154e-01
2.844394619708326410e-01
1.385938954295793668e-01
2.068237735777940234e-01
2.068237735777940234e-01
1.385938954295793668e-01
6.964261212310982052e-02
0.000000000000000000e+00
0.000000000000000000e+00
2.513048456904675154e-01
1.155993078163827792e-01
1.521554349480983004e-01
5.293187166183556114e-01
6.964261212310982052e-02
4.610001459342823460e-01
1.385938954295793668e-01
1.385938954295793668e-01
2.490065824247334469e-01
1.385938954295793668e-01
1.838291859645974358e-01
0.000000000000000000e+00
1.521554349480983004e-01
0.000000000000000000e+00
6.964261212310982052e-02
1.385938954295793668e-01
0.000000000000000000e+00
0.000000000000000000e+00
6.964261212310982052e-02
6.964261212310982052e-02
6.964261212310982052e-02
6.964261212310982052e-02
0.000000000000000000e+00
0.000000000000000000e+00
6.964261212310982052e-02
2.196310946739684078e-01
6.964261212310982052e-02
6.964261212310982052e-02
0.000000000000000000e+00
3.179903452643232376e-01
0.000000000000000000e+00
2.196310946739684078e-01
4.654882240898866042e-01
0.000000000000000000e+00
2.490065824247334469e-01
6.964261212310982052e-02
6.964261212310982052e-02
0.000000000000000000e+00
5.338067947739599806e-01
2.490065824247334469e-01
0.000000000000000000e+00
0.000000000000000000e+00
4.728666533632776559e-01
2.918677940370945079e-01
2.285202920040962926e-01
5.344047178072209858e-01
2.068237735777940234e-01
3.099446441677404240e-01
2.513048456904675154e-01
6.595692639576553606e-01
0.000000000000000000e+00
3.796763627890162862e-01
4.209105966098304896e-01
5.230469138373691207e-01
4.610001459342823460e-01
6.025251128505246800e-01
7.787332872713366161e-01
6.403162172053266099e-01
7.930487114812305727e-01
6.483458781580853092e-01
6.851572097807325790e-01
6.341988638670238432e-01
5.692693245011806180e-01
5.069893211606755212e-01
5.460415014505657361e-01
6.332347808398417488e-01
7.046434919704795963e-01
7.602267778137442589e-01
6.912430149741544128e-01
7.229167659906535759e-01
5.206395532150531746e-01
7.874124506746391639e-01
7.726474820779146713e-01
8.141485791487037549e-01
5.833515132736564190e-01
6.729697409539805442e-01
6.872851651638747228e-01
8.062159530401374896e-01
8.345498085520196563e-01
7.874124506746391639e-01
7.363172429869787594e-01
9.091698321982011333e-01
7.930487114812306837e-01
7.843695480779281359e-01
7.982038797561108456e-01
6.595692639576553606e-01
6.621626221675360746e-01
5.557700302377189816e-01
9.464798440212914832e-01
7.712023065190213300e-01
7.919005288302434220e-01
6.069816428612478942e-01
8.155622065627160522e-01
8.517240357348193625e-01
8.028760575355204931e-01
7.423873584754280275e-01
8.688169177783993113e-01
8.200502847183203103e-01
7.055584391840485914e-01
8.345498085520196563e-01
6.588227266629190781e-01
8.751997158797273357e-01
6.631423948996907347e-01
7.232137588985596555e-01
8.446741475142155453e-01
8.374086115249254059e-01
8.763478985307147084e-01
8.575443961652162717e-01
9.352073224081083325e-01
8.488652327619136129e-01
8.401860693586111761e-01
8.139329313800174326e-01
9.298680545094231142e-01
8.303587233043213667e-01
8.242413699660185999e-01
6.033884806468107209e-01
9.080216495472137606e-01
8.831323419882933790e-01
9.211888911061206775e-01
7.449491685404275865e-01
9.178489956015035700e-01
4.983101577573730845e-01
8.289135477454280254e-01
6.253512905448886938e-01
8.430448723315169257e-01
4.265468574164220095e-01
7.956420696911112866e-01
6.848602168728264994e-01
7.052614462761425118e-01
6.120676440501131577e-01
8.336986188089385852e-01
7.221702286959172934e-01
7.353374702548240993e-01
6.243715178127341447e-01
5.624848810436018365e-01
5.935611345925209115e-01
6.120676440501131577e-01
8.282483555899115002e-01
7.726474820779147823e-01
8.631806569718077915e-01
7.322630195132320274e-01
7.189589161803735529e-01
6.810514068897031148e-01
7.046434919704795963e-01
8.988613936121998549e-01
6.120676440501132687e-01
6.959643285671770485e-01
7.998331549388095763e-01
6.727365055165620555e-01
8.559151209825176521e-01
7.726474820779147823e-01
7.142376025873511391e-01
6.816016665074293712e-01
8.747186233480160888e-01
7.592645927503216541e-01
7.052614462761425118e-01
5.992646645213680623e-01
8.477170501109262402e-01
7.274048441462579451e-01
6.022402979958234592e-01
6.493776558732038406e-01
6.475502050497358164e-01
6.147282713822495026e-01
6.705447926629324318e-01
6.792239560662348685e-01
6.245556174365392010e-01
6.705447926629324318e-01
3.838461444898809138e-01
9.091698321982006892e-01
6.975463659000220584e-01
6.705447926629324318e-01
8.660394599447135411e-01
8.242413699660185999e-01
8.892181471817152127e-01
9.091698321982011333e-01
8.861752445850042958e-01
8.861752445850042958e-01
6.957310931297587819e-01
8.533533109175179820e-01
7.888576262335325051e-01
7.970556971051236950e-01
8.707116377241229666e-01
4.654882240898866042e-01
5.045404043797767635e-01
4.367048241911742901e-01
4.826939994175675208e-01
3.850793881581894840e-01
5.230469138373691207e-01
5.045404043797767635e-01
4.913731628208699576e-01
4.596994118043708499e-01
5.143677504340665729e-01
5.516777622571573669e-01
4.352260208197245017e-01
5.128889470626168956e-01
4.668997718362236093e-01
5.213047453705695888e-01
4.983101577573729735e-01
6.299762304744446206e-01
5.890730564369166533e-01
7.142376025873510281e-01
8.284640033585977115e-01
7.594802405190079764e-01
8.141485791487037549e-01
7.459113536038503023e-01
7.608938679330202737e-01
8.200502847183203103e-01
9.453316613703044435e-01
7.874124506746391639e-01
8.250194554056359264e-01
9.396954005637129237e-01
1.000000000000000000e+00
8.477170501109262402e-01
8.155622065627159412e-01
7.278064895025088132e-01
8.472359575792149933e-01
9.223370737571077171e-01
9.125097277028179077e-01
8.676687351274120497e-01
9.234852564080950899e-01
8.446741475142155453e-01
8.085123183421120130e-01
8.774960811817017481e-01
8.763478985307144864e-01
8.608842916698331571e-01
8.068830431594135044e-01
6.499751533407839288e-01
9.408435832147000744e-01
7.679437561536242018e-01
8.522051282665306093e-01
8.401860693586111761e-01
9.310162371604102649e-01
8.937062253373195819e-01
8.228277425520061916e-01
8.533533109175179820e-01
9.408435832147000744e-01
8.514585909717944379e-01
8.620324743208205298e-01
9.540108247736068803e-01
5.460415014505657361e-01
8.242413699660184889e-01
7.515476144104418221e-01
6.816016665074292602e-01
6.212970670711419618e-01
3.608515568766843540e-01
1.838291859645974358e-01
1.838291859645974358e-01
2.742994333036640753e-01
5.920306766769589668e-01
6.309384155378672254e-01
3.179903452643232376e-01
2.742994333036640753e-01
4.171547845309394598e-01
6.761810534695240626e-01
3.148623816502911232e-01
8.200502847183203103e-01
1.385938954295793668e-01
2.742994333036640753e-01
1.385938954295793668e-01
6.964261212310982052e-02
2.742994333036640753e-01
1.385938954295793668e-01
1.385938954295793668e-01
2.513048456904675154e-01
3.521723934733818062e-01
2.742994333036640753e-01
3.179903452643232376e-01
5.286831746439606405e-01
6.150252642901554712e-01
8.141485791487035328e-01
4.171547845309394598e-01
2.068237735777940234e-01
8.620324743208205298e-01
7.191273260992062655e-01
4.439051842230270495e-01
2.513048456904675154e-01
1.838291859645974358e-01
3.838461444898809138e-01
4.258339479342420075e-01
5.917336837690528872e-01
2.918677940370945079e-01
1.155993078163827792e-01
3.838461444898809138e-01
4.352596486322808378e-01
3.179903452643232376e-01
3.794094995390415725e-01
1.155993078163827792e-01
6.964261212310982052e-02
2.513048456904675154e-01
2.196310946739684078e-01
2.283102580772709278e-01
4.352260208197245017e-01
6.888672024967196217e-01
3.620848005449928686e-01
2.513048456904675154e-01
2.513048456904675154e-01
3.796763627890162862e-01
1.155993078163827792e-01
2.283102580772709278e-01
7.285530267972452068e-01
2.283102580772709278e-01
1.155993078163827792e-01
5.213047453705695888e-01
6.964261212310982052e-02
5.232801492747874983e-01
1.155993078163827792e-01
1.155993078163827792e-01
1.155993078163827792e-01
1.155993078163827792e-01
1.155993078163827792e-01
1.155993078163827792e-01
3.796763627890162862e-01
1.155993078163827792e-01
1.155993078163827792e-01
4.488285355474386229e-01
1.838291859645974358e-01
1.155993078163827792e-01
3.979160089966338187e-01
3.620848005449928686e-01
1.155993078163827792e-01
1.155993078163827792e-01
1.155993078163827792e-01
1.155993078163827792e-01
1.155993078163827792e-01
1.155993078163827792e-01
1.838291859645974358e-01
1.155993078163827792e-01
1.838291859645974358e-01
2.513048456904675154e-01
3.153490880238632998e-01
3.500341934921923359e-01
5.412564303870552873e-01
1.838291859645974358e-01
2.633220066346275701e-01
4.367696497097600106e-01
1.155993078163827792e-01
4.913731628208699576e-01
1.155993078163827792e-01
4.730211028059613243e-01
3.179903452643232376e-01
4.209105966098304896e-01
1.838291859645974358e-01
2.949957576511266777e-01
2.949957576511266777e-01
1.838291859645974358e-01
5.743753569624477917e-01
5.487201420171149424e-01
7.557386996581400007e-01
8.620324743208205298e-01
8.805389837784127760e-01
9.396954005637129237e-01
9.068734668962263878e-01
4.523209825309798537e-01
4.826939994175674098e-01
6.166721271415861461e-01
6.729697409539805442e-01
7.602267778137442589e-01
6.825638515708519760e-01
7.496528944647180559e-01
7.726474820779147823e-01
7.449491685404275865e-01
7.378992803198236583e-01
8.228277425520061916e-01
7.827402728952296274e-01
8.620324743208205298e-01
6.861369825128873501e-01
4.101546933046743559e-01
1.823210828508776971e-01
1.823210828508776971e-01
1.823210828508776971e-01
1.823210828508776971e-01
1.823210828508776971e-01
1.823210828508776971e-01
1.823210828508776971e-01
1.823210828508776971e-01
1.823210828508776971e-01
1.823210828508776971e-01
1.823210828508776971e-01
1.823210828508776971e-01
1.823210828508776971e-01
1.823210828508776971e-01
1.823210828508776971e-01
1.823210828508776971e-01
2.196310946739684078e-01
1.823210828508776971e-01
1.823210828508776971e-01
2.196310946739684078e-01
1.823210828508776971e-01
1.823210828508776971e-01
1.823210828508776971e-01
6.738846881675493172e-01
8.160432990944272991e-01
7.108977070827341427e-01
7.108977070827341427e-01
8.345498085520196563e-01
7.843695480779281359e-01
8.432289719553220930e-01
7.179791434482190038e-01
8.488652327619136129e-01
6.079438279246706101e-01
7.684248486853355598e-01
2.283102580772709278e-01
4.610001459342823460e-01
1.155993078163827792e-01
1.155993078163827792e-01
1.155993078163827792e-01
1.155993078163827792e-01
6.964261212310982052e-02
1.155993078163827792e-01
1.838291859645974358e-01
1.155993078163827792e-01
1.155993078163827792e-01
1.155993078163827792e-01
1.155993078163827792e-01
1.155993078163827792e-01
1.155993078163827792e-01
2.283102580772709278e-01
2.283102580772709278e-01
1.155993078163827792e-01
1.155993078163827792e-01
1.838291859645974358e-01
6.964261212310982052e-02
1.385938954295793668e-01
1.385938954295793668e-01
1.385938954295793668e-01
3.441938017893936275e-01
0.000000000000000000e+00
1.385938954295793668e-01
1.385938954295793668e-01
1.385938954295793668e-01
1.385938954295793668e-01
2.068237735777940234e-01
3.730287811053888958e-01
7.235838561099295907e-01
7.482077189058247146e-01
4.923529355530246732e-01
3.711656093045463400e-01
1.155993078163827792e-01
2.949957576511266777e-01
1.155993078163827792e-01
5.176438884681958674e-01
1.155993078163827792e-01
4.596994118043708499e-01
1.155993078163827792e-01
1.155993078163827792e-01
2.283102580772709278e-01
1.155993078163827792e-01
1.155993078163827792e-01
2.918677940370945079e-01
1.155993078163827792e-01
1.155993078163827792e-01
1.155993078163827792e-01
1.155993078163827792e-01
1.155993078163827792e-01
1.155993078163827792e-01
1.838291859645974358e-01
4.028393603210453922e-01
1.155993078163827792e-01
4.753155701441765246e-01
1.155993078163827792e-01
1.838291859645974358e-01
1.155993078163827792e-01
1.155993078163827792e-01
1.155993078163827792e-01
1.155993078163827792e-01
1.155993078163827792e-01
1.155993078163827792e-01
1.838291859645974358e-01
1.838291859645974358e-01
2.283102580772709278e-01
1.155993078163827792e-01
1.155993078163827792e-01
1.155993078163827792e-01
1.155993078163827792e-01
1.155993078163827792e-01
4.839947335474789059e-01
2.513048456904675154e-01
1.155993078163827792e-01
1.838291859645974358e-01
1.155993078163827792e-01
2.513048456904675154e-01
1.155993078163827792e-01
1.155993078163827792e-01
1.155993078163827792e-01
1.155993078163827792e-01
1.155993078163827792e-01
1.155993078163827792e-01
1.838291859645974358e-01
1.155993078163827792e-01
1.155993078163827792e-01
1.155993078163827792e-01
1.155993078163827792e-01
1.155993078163827792e-01
1.838291859645974358e-01
1.838291859645974358e-01
1.155993078163827792e-01
1.838291859645974358e-01
4.265468574164220095e-01
3.711656093045463400e-01
1.155993078163827792e-01
2.513048456904675154e-01
4.916063982582883352e-01
1.838291859645974358e-01
1.155993078163827792e-01
1.155993078163827792e-01
1.155993078163827792e-01
1.155993078163827792e-01
1.155993078163827792e-01
1.155993078163827792e-01
1.155993078163827792e-01
4.500265151927646534e-01
2.513048456904675154e-01
1.155993078163827792e-01
2.918677940370945079e-01
1.155993078163827792e-01
1.155993078163827792e-01
2.949957576511266777e-01
4.668997718362237204e-01
1.838291859645974358e-01
1.155993078163827792e-01
1.155993078163827792e-01
1.155993078163827792e-01
1.838291859645974358e-01
1.838291859645974358e-01
1.155993078163827792e-01
1.155993078163827792e-01
1.155993078163827792e-01
1.155993078163827792e-01
2.863165942478241854e-01
2.068237735777940234e-01
2.068237735777940234e-01
4.024040871522381324e-01
2.949957576511266777e-01
2.513048456904675154e-01
1.385938954295793668e-01
6.964261212310982052e-02
4.035522698032253941e-01
1.385938954295793668e-01
6.964261212310982052e-02
1.838291859645974358e-01
1.155993078163827792e-01
1.385938954295793668e-01
6.964261212310982052e-02
2.513048456904675154e-01
1.155993078163827792e-01
1.155993078163827792e-01
2.918677940370945079e-01
1.155993078163827792e-01
1.155993078163827792e-01
7.184286878350493177e-01
7.327441120449433853e-01
2.513048456904675154e-01
1.838291859645974358e-01
1.155993078163827792e-01
1.838291859645974358e-01
1.155993078163827792e-01
1.155993078163827792e-01
1.155993078163827792e-01
2.633220066346275701e-01
2.633220066346275701e-01
1.155993078163827792e-01
1.155993078163827792e-01
1.155993078163827792e-01
1.155993078163827792e-01
2.283102580772709278e-01
1.838291859645974358e-01
7.363172429869787594e-01
7.482077189058247146e-01
8.660394599447135411e-01
6.309384155378671144e-01
5.654805457904590327e-01
7.297012094482324684e-01
7.031826267066135783e-01
6.562293684530384752e-01
8.099259457561245323e-01
8.545014935685053548e-01
8.298776307726100088e-01
7.184286878350493177e-01
7.280719342655338489e-01
7.594802405190079764e-01
5.462747368879841137e-01
5.529784963870687520e-01
2.283102580772709278e-01
1.838291859645974358e-01
1.838291859645974358e-01
1.155993078163827792e-01
1.838291859645974358e-01
5.436813786781035107e-01
1.155993078163827792e-01
1.155993078163827792e-01
1.155993078163827792e-01
1.155993078163827792e-01
1.385938954295793668e-01
1.385938954295793668e-01
6.964261212310982052e-02
6.964261212310982052e-02
1.385938954295793668e-01
2.935026830616540017e-01
1.385938954295793668e-01
3.148623816502911232e-01
5.299839087738721366e-01
4.206472315144806351e-01
1.385938954295793668e-01
4.265468574164220095e-01
2.863165942478241854e-01
2.283102580772709278e-01
1.838291859645974358e-01
1.155993078163827792e-01
1.155993078163827792e-01
1.155993078163827792e-01
1.155993078163827792e-01
1.155993078163827792e-01
1.155993078163827792e-01
1.838291859645974358e-01
1.838291859645974358e-01
2.283102580772709278e-01
1.838291859645974358e-01
1.155993078163827792e-01
1.155993078163827792e-01
3.709499615358600177e-01
8.148951164434400374e-01
1.838291859645974358e-01
1.155993078163827792e-01
1.838291859645974358e-01
1.155993078163827792e-01
1.838291859645974358e-01
1.155993078163827792e-01
1.155993078163827792e-01
1.155993078163827792e-01
1.155993078163827792e-01
6.964261212310982052e-02
1.385938954295793668e-01
2.513048456904675154e-01
1.385938954295793668e-01
1.385938954295793668e-01
1.385938954295793668e-01
1.385938954295793668e-01
6.964261212310982052e-02
6.964261212310982052e-02
2.068237735777940234e-01
2.068237735777940234e-01
3.521723934733818062e-01
1.385938954295793668e-01
3.608515568766843540e-01
8.435259648632281726e-01
2.513048456904675154e-01
1.838291859645974358e-01
1.155993078163827792e-01
3.179903452643232376e-01
6.640573421132597298e-01
3.608515568766843540e-01
6.253512905448886938e-01
2.949957576511266777e-01
1.155993078163827792e-01
1.838291859645974358e-01
1.385938954295793668e-01
6.964261212310982052e-02
1.838291859645974358e-01
1.838291859645974358e-01
1.838291859645974358e-01
2.196310946739684078e-01
3.291778058601852464e-01
1.521554349480983004e-01
2.633220066346275701e-01
1.521554349480983004e-01
1.521554349480983004e-01
2.196310946739684078e-01
2.975040548436860832e-01
7.665301287396119045e-01
4.265468574164220095e-01
7.824748281322045917e-01
7.285530267972450957e-01
7.911539915355069175e-01
7.824748281322044807e-01
