6.810738053963900640e-01
7.695246255740305630e-01
7.338048442796404336e-01
7.982458816553187342e-01
6.681152577597736508e-01
7.972751093553969159e-01
8.129221030930434688e-01
7.157140992801340751e-01
8.518053046182073595e-01
8.371290831804824029e-01
8.807776640305033933e-01
7.336225171209774798e-01
8.603652909679994076e-01
8.418944625053395026e-01
8.760122847056462936e-01
9.139247139308880330e-01
9.343370869933919076e-01
8.456890695302746730e-01
8.909396094743790018e-01
8.750415124057243643e-01
7.863934949426071297e-01
6.694927870361077060e-01
3.755187156913223356e-01
5.661685481352657368e-01
7.111998232862849489e-01
2.366046464823661766e-01
7.145876733348078824e-01
7.738832479224754257e-01
7.809969288235885099e-01
6.607771470409111725e-01
9.139247139308880330e-01
8.906885061433710282e-01
9.464405770371113746e-01
8.871450024494437203e-01
8.492325732242018699e-01
9.684549091936985876e-01
8.954538854682281279e-01
9.113519825368828764e-01
8.871450024494438313e-01
8.418944625053395026e-01
8.093785993991161609e-01
8.593945186680777004e-01
7.558191764362276466e-01
7.736588181047261426e-01
8.272182410676147679e-01
8.131732064240513314e-01
7.411429549985029119e-01
6.292587297478685615e-01
6.669200556421024384e-01
6.495287145900885406e-01
5.865809211977696114e-01
6.679995430527485567e-01
7.385435500912388429e-01
2.748504490927380361e-01
4.245203766083482377e-01
4.245203766083482377e-01
3.226189113656550145e-01
4.794620752719923051e-01
5.336242531859829441e-01
6.520615070457147500e-01
4.402108563980086098e-01
5.012940802699166198e-01
3.420605121282368488e-01
5.820666452039203742e-01
6.570092135292346924e-01
2.366046464823661766e-01
3.815344024901689002e-01
1.194254550831457956e-01
3.882818243722631069e-01
7.933248486850572601e-01
6.369200488321207221e-01
1.194254550831457956e-01
0.000000000000000000e+00
6.818473804108353686e-01
3.860486784840179708e-01
4.410544068955857822e-01
6.757044718096441027e-01
6.624057796482534233e-01
8.357515539041482366e-01
7.847648623352651009e-01
6.647274077112507173e-01
5.945502187107936098e-01
6.228913913289280124e-01
7.038617125674224706e-01
5.905999580404539540e-01
7.131413678861286964e-01
8.252766964677710204e-01
6.199790744291623357e-01
9.139247139308880330e-01
8.288202001616982173e-01
7.825988879176719593e-01
7.264667335607780663e-01
8.518053046182073595e-01
7.729124756225534965e-01
7.972751093553969159e-01
7.688934387798689318e-01
7.558191764362275356e-01
8.075943131463698688e-01
7.068428056395331671e-01
8.672966447104496490e-01
8.418944625053395026e-01
6.522438342043775927e-01
7.157140992801340751e-01
8.284134431852858693e-01
7.336225171209774798e-01
8.103493716990380902e-01
8.982777201932413691e-01
8.587633318739161803e-01
8.625312653855926603e-01
6.373852856079900153e-01
9.135179569544759071e-01
1.000000000000000000e+00
8.331788225101429690e-01
7.427449140925863613e-01
8.409236902054175733e-01
5.318683987762961030e-01
7.621865148551681957e-01
8.833503954245086609e-01
8.335855794865552060e-01
9.065866032120256657e-01
8.335855794865550950e-01
6.401403441606581257e-01
7.733192325989658444e-01
7.003182088734952737e-01
6.206987433980762914e-01
6.780527733859000872e-01
6.353749648358010260e-01
6.595819449232400711e-01
7.131413678861286964e-01
6.193212141217421252e-01
6.863616564046843838e-01
6.684651396384221345e-01
6.131783055205508592e-01
5.513099995388780483e-01
4.750767794102889185e-01
4.558578501356552737e-01
4.874029409419566305e-01
4.211372729842465801e-01
4.600204745094103598e-01
4.439619773709301276e-01
8.530271802491372624e-01
8.823796231245866206e-01
8.418944625053395026e-01
7.736588181047261426e-01
8.016337317038416677e-01
9.269989762745295403e-01
8.712469053807889718e-01
5.818155418729124007e-01
7.544416471598935914e-01
7.861423916115991561e-01
7.861423916115991561e-01
8.089718424227040350e-01
6.889343877986896514e-01
7.462884177865134472e-01
8.919103817743009310e-01
7.354068033737238830e-01
9.148954862308100733e-01
8.020404886802537936e-01
9.490133084311165312e-01
8.734395533116409149e-01
8.686741739867837042e-01
7.813770122867420564e-01
9.333663146934700894e-01
9.148954862308100733e-01
6.884119161152524313e-01
6.624057796482534233e-01
7.264667335607780663e-01
8.127664494476392054e-01
5.068445417045385204e-01
4.211372729842465801e-01
3.126361513577139428e-01
5.675194038983413236e-01
4.752994508982371635e-01
0.000000000000000000e+00
0.000000000000000000e+00
5.998248927584047541e-02
0.000000000000000000e+00
0.000000000000000000e+00
6.770820010859781579e-01
5.197649087325765249e-01
0.000000000000000000e+00
5.998248927584047541e-02
3.392082455601638791e-01
9.998385432056389188e-02
0.000000000000000000e+00
0.000000000000000000e+00
5.998248927584047541e-02
0.000000000000000000e+00
0.000000000000000000e+00
0.000000000000000000e+00
1.320859929395235000e-01
0.000000000000000000e+00
0.000000000000000000e+00
1.194254550831457956e-01
0.000000000000000000e+00
0.000000000000000000e+00
0.000000000000000000e+00
1.588657044209678126e-01
5.998248927584047541e-02
9.998385432056389188e-02
2.171630457197842312e-01
3.043272683389296462e-01
5.998248927584047541e-02
5.998248927584047541e-02
1.903833342383399740e-01
1.783073051835497025e-01
0.000000000000000000e+00
0.000000000000000000e+00
0.000000000000000000e+00
5.998248927584047541e-02
1.903833342383399740e-01
3.051204599046098420e-01
1.588657044209678126e-01
4.886532484159461509e-01
1.588657044209678126e-01
1.194254550831457956e-01
0.000000000000000000e+00
9.998385432056389188e-02
1.194254550831457956e-01
5.129323335377669046e-01
4.402108563980086098e-01
6.179436848454079589e-01
6.824113957343448389e-01
4.947410516608191089e-01
6.252817955642704373e-01
7.433089294160958316e-01
8.055839923741811015e-01
8.252766964677710204e-01
7.933248486850572601e-01
8.297909724616200355e-01
9.075573755119475949e-01
8.686741739867839263e-01
8.603652909679994076e-01
8.335855794865550950e-01
7.540348901834813544e-01
7.336225171209774798e-01
7.475102934174433500e-01
6.254641227229333911e-01
6.002863703355724168e-01
6.490235388758403001e-01
5.937367047579690249e-01
5.780897110203223610e-01
4.556351786477069732e-01
4.361935778851250833e-01
4.679613401793747962e-01
6.645717540658464539e-01
3.814792971338506478e-01
2.850460676461733511e-01
1.194254550831457956e-01
5.998248927584047541e-02
5.998248927584047541e-02
5.998248927584047541e-02
2.165256468049923666e-01
5.998248927584047541e-02
5.998248927584047541e-02
1.194254550831457956e-01
5.998248927584047541e-02
5.998248927584047541e-02
1.194254550831457956e-01
1.194254550831457956e-01
5.998248927584047541e-02
5.998248927584047541e-02
1.783073051835497025e-01
1.194254550831457956e-01
5.998248927584047541e-02
1.194254550831457956e-01
1.194254550831457956e-01
1.588657044209678126e-01
2.171630457197842867e-01
5.068445417045386314e-01
5.998248927584047541e-02
2.480707376112937790e-01
2.171630457197842312e-01
3.814792971338506478e-01
5.998248927584047541e-02
1.194254550831457956e-01
4.439619773709302386e-01
5.998248927584047541e-02
5.998248927584047541e-02
2.951795812469893976e-01
6.534390363220488052e-01
5.998248927584047541e-02
4.396081014469066517e-01
6.282879574479466323e-01
6.945148857780643059e-01
5.530658539485648895e-01
3.273171192198600643e-01
8.103493716990380902e-01
8.482618009242800516e-01
8.944831131683061987e-01
7.663207073858637752e-01
