6.319249771757965428e-01
7.429856327584805076e-01
9.057167934083034666e-01
6.060897246422269902e-01
7.946561378256195018e-01
7.946561378256195018e-01
4.433585639924039201e-01
7.946561378256196129e-01
6.026719310871899715e-01
3.322979084097201219e-01
4.433585639924039201e-01
3.322979084097201219e-01
2.470725053606057098e-01
1.605089442173149861e-01
5.768366785536204189e-01
0.000000000000000000e+00
0.000000000000000000e+00
4.657760229709365096e-01
2.470725053606057098e-01
0.000000000000000000e+00
0.000000000000000000e+00
3.322979084097201219e-01
0.000000000000000000e+00
0.000000000000000000e+00
0.000000000000000000e+00
0.000000000000000000e+00
0.000000000000000000e+00
0.000000000000000000e+00
0.000000000000000000e+00
3.958960015036346314e-01
2.470725053606057098e-01
0.000000000000000000e+00
3.958960015036345759e-01
0.000000000000000000e+00
7.262081837674928542e-01
0.000000000000000000e+00
0.000000000000000000e+00
8.114335868166071553e-01
0.000000000000000000e+00
0.000000000000000000e+00
4.657760229709366206e-01
3.155204594187324685e-01
5.893122756512393368e-01
0.000000000000000000e+00
4.433585639924039201e-01
1.605089442173149861e-01
5.893122756512394478e-01
3.322979084097201219e-01
6.060897246422269902e-01
8.372688393501768189e-01
9.999999999999997780e-01
6.711198851453167302e-01
2.470725053606057098e-01
5.768366785536204189e-01
8.631040918837462605e-01
5.768366785536204189e-01
7.003729312339231905e-01
7.003729312339231905e-01
5.893122756512394478e-01
2.470725053606057098e-01
5.768366785536204189e-01
7.003729312339231905e-01
4.657760229709365096e-01
3.422397702906337380e-01
7.946561378256196129e-01
3.422397702906337380e-01
1.605089442173149861e-01
7.429856327584805076e-01
9.315520459418731303e-01
4.643439555617613346e-01
1.605089442173149861e-01
4.433585639924039201e-01
6.026719310871899715e-01
7.946561378256196129e-01
3.958960015036345759e-01
7.946561378256195018e-01
7.395678392034433779e-01
9.999999999999997780e-01
6.026719310871899715e-01
6.711198851453167302e-01
8.372688393501768189e-01
8.114335868166071553e-01
8.631040918837462605e-01
8.372688393501768189e-01
9.057167934083034666e-01
7.262081837674929652e-01
1.000000000000000000e+00
9.999999999999997780e-01
7.688208852920500602e-01
6.711198851453167302e-01
8.372688393501768189e-01
5.376417705841002315e-01
7.395678392034433779e-01
3.322979084097201219e-01
6.060897246422269902e-01
8.114335868166071553e-01
6.060897246422269902e-01
6.319249771757965428e-01
7.262081837674928542e-01
5.376417705841002315e-01
3.155204594187324685e-01
3.155204594187324685e-01
3.155204594187324685e-01
6.319249771757965428e-01
1.605089442173149861e-01
0.000000000000000000e+00
6.319249771757965428e-01
3.958960015036345759e-01
4.433585639924039201e-01
4.691938165259735838e-01
7.262081837674929652e-01
7.946561378256196129e-01
7.688208852920501712e-01
0.000000000000000000e+00
0.000000000000000000e+00
6.319249771757965428e-01
5.376417705841002315e-01
2.470725053606057098e-01
3.958960015036346314e-01
4.657760229709365096e-01
0.000000000000000000e+00
0.000000000000000000e+00
5.376417705841002315e-01
0.000000000000000000e+00
0.000000000000000000e+00
0.000000000000000000e+00
4.657760229709365096e-01
4.643439555617613346e-01
0.000000000000000000e+00
2.470725053606057098e-01
7.003729312339233015e-01
1.605089442173149861e-01
2.470725053606057098e-01
1.605089442173149861e-01
0.000000000000000000e+00
0.000000000000000000e+00
0.000000000000000000e+00
7.262081837674929652e-01
6.577602297093662065e-01
0.000000000000000000e+00
0.000000000000000000e+00
3.958960015036346314e-01
0.000000000000000000e+00
1.605089442173149861e-01
5.893122756512393368e-01
3.958960015036345759e-01
0.000000000000000000e+00
0.000000000000000000e+00
0.000000000000000000e+00
0.000000000000000000e+00
0.000000000000000000e+00
0.000000000000000000e+00
7.003729312339233015e-01
3.322979084097201219e-01
7.003729312339233015e-01
0.000000000000000000e+00
2.470725053606057098e-01
1.605089442173149861e-01
4.657760229709365096e-01
3.322979084097201219e-01
3.016127949119382645e-01
3.016127949119382645e-01
0.000000000000000000e+00
0.000000000000000000e+00
3.016127949119382645e-01
0.000000000000000000e+00
5.208643215931126891e-01
0.000000000000000000e+00
0.000000000000000000e+00
0.000000000000000000e+00
2.470725053606057098e-01
3.016127949119382645e-01
7.946561378256196129e-01
6.060897246422269902e-01
8.114335868166071553e-01
6.060897246422269902e-01
8.114335868166071553e-01
7.262081837674928542e-01
5.208643215931126891e-01
0.000000000000000000e+00
7.262081837674929652e-01
6.711198851453167302e-01
3.422397702906337380e-01
7.946561378256196129e-01
7.262081837674928542e-01
0.000000000000000000e+00
0.000000000000000000e+00
0.000000000000000000e+00
5.376417705841002315e-01
0.000000000000000000e+00
0.000000000000000000e+00
4.433585639924039201e-01
7.262081837674928542e-01
0.000000000000000000e+00
0.000000000000000000e+00
7.946561378256195018e-01
7.003729312339233015e-01
0.000000000000000000e+00
7.262081837674928542e-01
7.003729312339231905e-01
7.688208852920501712e-01
5.376417705841003425e-01
7.946561378256196129e-01
7.946561378256196129e-01
7.003729312339233015e-01
7.688208852920500602e-01
7.003729312339233015e-01
6.319249771757965428e-01
3.322979084097201219e-01
3.322979084097201219e-01
7.003729312339231905e-01
1.605089442173149861e-01
0.000000000000000000e+00
5.083887244954936602e-01
1.605089442173149861e-01
0.000000000000000000e+00
0.000000000000000000e+00
0.000000000000000000e+00
3.155204594187324685e-01
0.000000000000000000e+00
3.422397702906337380e-01
0.000000000000000000e+00
0.000000000000000000e+00
1.605089442173149861e-01
3.322979084097201219e-01
0.000000000000000000e+00
0.000000000000000000e+00
0.000000000000000000e+00
0.000000000000000000e+00
0.000000000000000000e+00
0.000000000000000000e+00
0.000000000000000000e+00
6.711198851453167302e-01
5.208643215931126891e-01
0.000000000000000000e+00
3.958960015036345759e-01
3.155204594187324685e-01
0.000000000000000000e+00
0.000000000000000000e+00
6.577602297093662065e-01
7.003729312339233015e-01
3.016127949119382645e-01
5.376417705841002315e-01
7.946561378256196129e-01
2.470725053606057098e-01
0.000000000000000000e+00
3.322979084097201219e-01
5.208643215931126891e-01
4.433585639924039201e-01
4.433585639924039201e-01
3.958960015036345759e-01
7.688208852920500602e-01
3.155204594187324685e-01
3.155204594187324685e-01
5.376417705841003425e-01
8.631040918837462605e-01
4.657760229709365096e-01
1.605089442173149861e-01
6.026719310871900825e-01
8.631040918837462605e-01
7.946561378256196129e-01
6.711198851453167302e-01
5.208643215931126891e-01
7.262081837674928542e-01
7.429856327584805076e-01
6.319249771757965428e-01
3.322979084097201219e-01
3.322979084097201219e-01
3.322979084097201219e-01
3.322979084097201219e-01
3.322979084097201219e-01
3.322979084097201219e-01
4.657760229709365096e-01
4.657760229709365096e-01
7.262081837674928542e-01
6.577602297093662065e-01
3.322979084097201219e-01
5.768366785536204189e-01
7.946561378256196129e-01
3.322979084097201219e-01
5.083887244954936602e-01
3.958960015036346314e-01
0.000000000000000000e+00
0.000000000000000000e+00
4.433585639924039201e-01
5.208643215931126891e-01
0.000000000000000000e+00
0.000000000000000000e+00
2.470725053606057098e-01
0.000000000000000000e+00
0.000000000000000000e+00
0.000000000000000000e+00
1.605089442173149861e-01
3.322979084097201219e-01
5.376417705841002315e-01
3.322979084097201219e-01
7.262081837674929652e-01
5.768366785536204189e-01
0.000000000000000000e+00
5.893122756512393368e-01
0.000000000000000000e+00
1.605089442173149861e-01
4.657760229709365651e-01
5.768366785536204189e-01
0.000000000000000000e+00
0.000000000000000000e+00
6.026719310871900825e-01
5.376417705841003425e-01
5.893122756512393368e-01
3.322979084097201219e-01
6.060897246422269902e-01
7.688208852920500602e-01
8.372688393501768189e-01
7.946561378256196129e-01
7.395678392034433779e-01
8.372688393501768189e-01
9.057167934083034666e-01
5.376417705841003425e-01
5.893122756512394478e-01
5.768366785536204189e-01
8.114335868166071553e-01
7.429856327584805076e-01
5.768366785536204189e-01
5.768366785536204189e-01
4.657760229709365096e-01
6.577602297093662065e-01
9.315520459418731303e-01
6.319249771757965428e-01
5.376417705841002315e-01
4.433585639924039201e-01
3.322979084097201219e-01
3.322979084097201219e-01
3.322979084097201219e-01
5.208643215931126891e-01
0.000000000000000000e+00
1.605089442173149861e-01
0.000000000000000000e+00
4.657760229709365096e-01
1.605089442173149861e-01
4.657760229709365096e-01
0.000000000000000000e+00
3.322979084097201219e-01
0.000000000000000000e+00
2.470725053606057098e-01
3.322979084097201219e-01
4.433585639924039201e-01
6.026719310871900825e-01
1.605089442173149861e-01
0.000000000000000000e+00
4.433585639924039201e-01
3.958960015036345759e-01
2.470725053606057098e-01
0.000000000000000000e+00
0.000000000000000000e+00
6.711198851453167302e-01
0.000000000000000000e+00
6.319249771757966538e-01
7.003729312339231905e-01
3.322979084097201219e-01
5.376417705841002315e-01
6.319249771757965428e-01
8.631040918837463716e-01
7.003729312339231905e-01
7.262081837674928542e-01
7.262081837674929652e-01
6.319249771757965428e-01
5.893122756512393368e-01
1.605089442173149861e-01
7.262081837674928542e-01
3.322979084097201219e-01
7.395678392034433779e-01
9.999999999999997780e-01
3.322979084097201219e-01
6.711198851453167302e-01
8.114335868166071553e-01
0.000000000000000000e+00
3.155204594187324685e-01
8.372688393501768189e-01
7.429856327584805076e-01
3.016127949119382645e-01
4.643439555617613346e-01
7.946561378256195018e-01
5.376417705841002315e-01
7.003729312339231905e-01
0.000000000000000000e+00
4.433585639924039201e-01
6.319249771757965428e-01
7.262081837674928542e-01
5.893122756512394478e-01
0.000000000000000000e+00
7.262081837674929652e-01
8.114335868166071553e-01
3.422397702906337380e-01
6.711198851453167302e-01
7.429856327584805076e-01
9.999999999999997780e-01
6.319249771757965428e-01
6.319249771757966538e-01
7.262081837674928542e-01
3.322979084097201219e-01
6.319249771757965428e-01
3.958960015036345759e-01
5.083887244954936602e-01
0.000000000000000000e+00
0.000000000000000000e+00
5.768366785536204189e-01
5.083887244954936602e-01
3.322979084097201219e-01
4.657760229709365651e-01
5.208643215931126891e-01
4.433585639924039201e-01
3.322979084097201219e-01
0.000000000000000000e+00
6.319249771757965428e-01
5.208643215931126891e-01
3.322979084097201219e-01
3.322979084097201219e-01
5.083887244954936602e-01
5.376417705841003425e-01
6.026719310871900825e-01
1.605089442173149861e-01
2.470725053606057098e-01
7.262081837674928542e-01
7.003729312339231905e-01
3.958960015036346314e-01
4.643439555617613346e-01
3.958960015036345759e-01
5.768366785536204189e-01
0.000000000000000000e+00
3.322979084097201219e-01
3.958960015036346314e-01
6.319249771757965428e-01
3.155204594187324685e-01
9.315520459418731303e-01
7.946561378256196129e-01
7.003729312339233015e-01
0.000000000000000000e+00
8.372688393501768189e-01
6.711198851453167302e-01
5.376417705841002315e-01
0.000000000000000000e+00
4.643439555617613346e-01
8.114335868166071553e-01
3.958960015036346314e-01
3.322979084097201219e-01
0.000000000000000000e+00
2.470725053606057098e-01
5.893122756512393368e-01
0.000000000000000000e+00
0.000000000000000000e+00
2.470725053606057098e-01
4.691938165259735838e-01
0.000000000000000000e+00
0.000000000000000000e+00
0.000000000000000000e+00
0.000000000000000000e+00
3.016127949119382645e-01
0.000000000000000000e+00
0.000000000000000000e+00
3.322979084097201219e-01
0.000000000000000000e+00
3.322979084097201219e-01
3.322979084097201219e-01
0.000000000000000000e+00
4.433585639924039201e-01
6.319249771757966538e-01
9.315520459418731303e-01
0.000000000000000000e+00
8.631040918837463716e-01
5.376417705841003425e-01
5.893122756512393368e-01
3.422397702906337380e-01
7.946561378256195018e-01
8.631040918837462605e-01
5.376417705841002315e-01
0.000000000000000000e+00
9.057167934083034666e-01
2.470725053606057098e-01
0.000000000000000000e+00
6.711198851453167302e-01
3.155204594187324685e-01
4.433585639924039201e-01
5.768366785536204189e-01
3.155204594187324685e-01
1.605089442173149861e-01
0.000000000000000000e+00
0.000000000000000000e+00
2.470725053606057098e-01
3.322979084097201219e-01
0.000000000000000000e+00
3.322979084097201219e-01
5.376417705841003425e-01
3.322979084097201219e-01
0.000000000000000000e+00
3.958960015036346314e-01
7.003729312339233015e-01
5.208643215931126891e-01
4.433585639924039201e-01
1.605089442173149861e-01
3.958960015036346314e-01
4.657760229709365096e-01
0.000000000000000000e+00
7.946561378256196129e-01
7.946561378256196129e-01
5.083887244954936602e-01
4.657760229709365096e-01
7.395678392034433779e-01
3.958960015036345759e-01
9.057167934083034666e-01
4.433585639924039201e-01
4.691938165259735838e-01
7.262081837674929652e-01
2.470725053606057098e-01
3.322979084097201219e-01
6.319249771757965428e-01
3.322979084097201219e-01
4.657760229709365096e-01
4.657760229709365096e-01
0.000000000000000000e+00
6.711198851453167302e-01
6.319249771757965428e-01
3.322979084097201219e-01
4.433585639924039201e-01
3.322979084097201219e-01
2.470725053606057098e-01
3.322979084097201219e-01
1.605089442173149861e-01
1.605089442173149861e-01
