3.089095502097717882e-01
3.089095502097717882e-01
3.607099253442032083e-01
3.607099253442032083e-01
3.607099253442032083e-01
4.181121796698376580e-01
3.894110525070204054e-01
3.607099253442032083e-01
3.834930537068497181e-01
4.795816549422846076e-01
5.974129084273979151e-01
5.915199120367554686e-01
6.489221663623898628e-01
5.519857237773306835e-01
5.411526626807230400e-01
6.202210391995727212e-01
5.806868509401478251e-01
6.489221663623898628e-01
5.124515355179058984e-01
6.661897477335922968e-01
7.057239359930170819e-01
8.333951162142998470e-01
7.543267396954501658e-01
8.498300565021102981e-01
7.938609279548749509e-01
7.007225414968213384e-01
6.770228088301999403e-01
7.938609279548749509e-01
8.907973705399342412e-01
8.389969954055027657e-01
8.729293044737246321e-01
8.620962433771169886e-01
7.707616799832607279e-01
7.882590487636719212e-01
8.526963080589083921e-01
8.526963080589083921e-01
7.868259229852728742e-01
9.138966185115483531e-01
7.759928618886653418e-01
9.194984977027512718e-01
8.922304963183331772e-01
8.907973705399342412e-01
9.317646845777579623e-01
9.016304316365416627e-01
8.673274252825214914e-01
7.703909826974622010e-01
8.673274252825214914e-01
8.635293691555159246e-01
8.729293044737246321e-01
8.512631822805092341e-01
9.604658117405752149e-01
9.030635574149407097e-01
9.604658117405752149e-01
9.425977456743656058e-01
9.194984977027514939e-01
8.907973705399342412e-01
8.635293691555159246e-01
8.149265654530828407e-01
9.534308067709731382e-01
8.743624302521236791e-01
9.317646845777579623e-01
4.531614949074907472e-01
4.926956831669155323e-01
5.261508481713115248e-01
6.553566866369846533e-01
7.147925514360253807e-01
8.498300565021102981e-01
8.526963080589083921e-01
9.712988728371827474e-01
8.333951162142996250e-01
7.812240437940698445e-01
7.812240437940698445e-01
8.169601759264891738e-01
6.230872907563707042e-01
8.239951808960910284e-01
6.776232935252070044e-01
8.061271148298815303e-01
7.753923771936580556e-01
6.082459695240054476e-01
7.665929265704567452e-01
8.327946315192924498e-01
6.656482238496399528e-01
7.938609279548749509e-01
7.703909826974622010e-01
4.817167978816824236e-01
5.490203087337168775e-01
5.806868509401478251e-01
7.466912500308409140e-01
6.948908748964094384e-01
8.512631822805094561e-01
5.687117812645806625e-01
6.202210391995727212e-01
3.312155345085924241e-01
7.288231839646313048e-01
4.072791185732300701e-01
2.145652296061908992e-01
4.795816549422846076e-01
1.633081488668862435e-01
1.633081488668862435e-01
8.219915485228966590e-02
5.656850364307363099e-01
6.661897477335922968e-01
3.834930537068497181e-01
3.707497227680172092e-01
8.498300565021102981e-01
8.620962433771169886e-01
4.468133068326548551e-01
4.926956831669155323e-01
9.247296796081558856e-01
8.799643094433267088e-01
9.194984977027512718e-01
8.851954913487311005e-01
9.030635574149407097e-01
7.256256125326329132e-01
8.239951808960911395e-01
9.030635574149407097e-01
8.046939890514825944e-01
9.209316234811504298e-01
9.194984977027514939e-01
8.851954913487313226e-01
9.604658117405752149e-01
2.145652296061908992e-01
3.312155345085924796e-01
3.707497227680172647e-01
3.707497227680172647e-01
3.420485956052000676e-01
4.755144339954721078e-01
3.785779914104128729e-01
3.785779914104128729e-01
4.531614949074907472e-01
4.818626220703079444e-01
4.926956831669155323e-01
4.352934288412810826e-01
5.656850364307363099e-01
6.658584278583918881e-01
6.644253020799929521e-01
6.644253020799929521e-01
7.703909826974622010e-01
7.021556672752202743e-01
7.753923771936579445e-01
7.344250631558342235e-01
7.344250631558342235e-01
7.179901228680236613e-01
7.071570617714160178e-01
8.348282419926987830e-01
9.016304316365418847e-01
8.169601759264890628e-01
8.498300565021102981e-01
8.635293691555159246e-01
9.010299469415345985e-01
8.117289940210845600e-01
8.620962433771169886e-01
7.466912500308409140e-01
6.658584278583919991e-01
7.364586736292405567e-01
9.138966185115485752e-01
6.776232935252070044e-01
8.239951808960910284e-01
8.614957586821098134e-01
8.960285524453387440e-01
7.378917994076394926e-01
7.862254382902656991e-01
8.456613030893063154e-01
6.380891052657822193e-01
7.862254382902656991e-01
8.851954913487311005e-01
9.138966185115483531e-01
9.016304316365418847e-01
9.534308067709731382e-01
8.442281773109073795e-01
8.348282419926987830e-01
8.799643094433267088e-01
9.317646845777579623e-01
9.604658117405752149e-01
8.907973705399340192e-01
8.512631822805094561e-01
7.021556672752202743e-01
6.842876012090106652e-01
7.162256772144243167e-01
5.915199120367554686e-01
6.776232935252070044e-01
5.915199120367554686e-01
6.093879781029649667e-01
6.954913595914166136e-01
5.213968103297327294e-01
4.926956831669155323e-01
4.531614949074907472e-01
7.308567944380374160e-01
6.734545401124030217e-01
7.990921098602794537e-01
7.703909826974622010e-01
6.160522857867686275e-01
6.842876012090106652e-01
7.007225414968212274e-01
7.525229166312527029e-01
6.447534129495857691e-01
7.378917994076394926e-01
8.456613030893063154e-01
7.882590487636719212e-01
7.077575464664233040e-01
7.774259876670642777e-01
8.061271148298815303e-01
7.830278668582673074e-01
6.389217463491740912e-01
7.294236686596383690e-01
6.658584278583918881e-01
6.192892346293651373e-01
5.508437151983711644e-01
6.261140355902151677e-01
5.508437151983711644e-01
5.221425880355539118e-01
4.430742115167043416e-01
4.595091518045149592e-01
5.974129084273979151e-01
5.687117812645806625e-01
5.508437151983711644e-01
5.277444672267569414e-01
5.656850364307363099e-01
5.261508481713115248e-01
4.818626220703079444e-01
3.834930537068497181e-01
4.072791185732300701e-01
4.181121796698376580e-01
2.933048820261772716e-01
2.537706937667524865e-01
8.673274252825214914e-01
8.620962433771169886e-01
7.703909826974622010e-01
7.358581889342331595e-01
6.433202871711867221e-01
6.447534129495858801e-01
8.907973705399342412e-01
7.575243111274484464e-01
8.512631822805094561e-01
7.637266750136587623e-01
7.815947410798683714e-01
8.456613030893065375e-01
8.211289293392931565e-01
8.691312483467189542e-01
7.007225414968213384e-01
8.333951162142998470e-01
7.631261903186514761e-01
8.729293044737246321e-01
7.077575464664233040e-01
8.799643094433264867e-01
8.333951162142998470e-01
7.938609279548749509e-01
7.308567944380374160e-01
6.951206623056181977e-01
7.129887283718278068e-01
5.853175481505451527e-01
7.862254382902656991e-01
7.665929265704567452e-01
7.774259876670642777e-01
6.983576111482147075e-01
7.844609926366662433e-01
8.743624302521235681e-01
7.364586736292404456e-01
7.378917994076394926e-01
7.774259876670642777e-01
7.071570617714160178e-01
8.743624302521235681e-01
8.348282419926987830e-01
8.061271148298815303e-01
5.548519753341286664e-01
8.225620551176920925e-01
9.303315587993589153e-01
8.333951162142998470e-01
6.380891052657822193e-01
6.160522857867685165e-01
7.007225414968213384e-01
7.868259229852729852e-01
8.040935043564753082e-01
8.040935043564753082e-01
7.179901228680237724e-01
7.344250631558342235e-01
6.380891052657823304e-01
8.040935043564753082e-01
8.456613030893063154e-01
8.040935043564751972e-01
8.099251709568869861e-01
8.099251709568869861e-01
7.466912500308409140e-01
7.001220568018140522e-01
8.040935043564751972e-01
8.456613030893063154e-01
7.665929265704567452e-01
7.308567944380375270e-01
8.386262981197042388e-01
8.211289293392931565e-01
7.753923771936580556e-01
4.818626220703079444e-01
8.061271148298815303e-01
5.369839092679190573e-01
6.667902324285995830e-01
8.040935043564751972e-01
7.525229166312525919e-01
6.477211969723754015e-01
9.891669389033924675e-01
8.799643094433267088e-01
7.057239359930170819e-01
7.487248605042471361e-01
9.425977456743656058e-01
8.442281773109073795e-01
8.620962433771169886e-01
8.851954913487311005e-01
8.386262981197044608e-01
8.620962433771169886e-01
9.194984977027512718e-01
7.543267396954501658e-01
9.783338778067848240e-01
9.138966185115483531e-01
7.990921098602796757e-01
9.030635574149407097e-01
8.061271148298815303e-01
8.219615704226848063e-01
8.564943641859138479e-01
8.456613030893063154e-01
7.862254382902656991e-01
8.907973705399340192e-01
8.620962433771169886e-01
9.194984977027512718e-01
9.086654366061437393e-01
8.102958682426855130e-01
8.442281773109073795e-01
7.420605528204434753e-01
8.239951808960910284e-01
7.416898555346450594e-01
6.357241749171756995e-01
5.508437151983711644e-01
5.221425880355539118e-01
5.974129084273979151e-01
5.113095269389463793e-01
6.369470966868227002e-01
6.192892346293651373e-01
7.868259229852729852e-01
6.190200698095581489e-01
2.933048820261772716e-01
8.169601759264890628e-01
6.983576111482147075e-01
5.797550463699403522e-01
6.720214143340040858e-01
4.072791185732300701e-01
5.411526626807230400e-01
7.270587383110319601e-01
6.842876012090106652e-01
5.548519753341286664e-01
7.378917994076394926e-01
8.386262981197044608e-01
6.667902324285994720e-01
4.531614949074907472e-01
4.468133068326548551e-01
7.774259876670642777e-01
7.938609279548749509e-01
7.631261903186514761e-01
8.327946315192924498e-01
7.416898555346450594e-01
8.512631822805094561e-01
7.416898555346450594e-01
8.169601759264890628e-01
8.498300565021102981e-01
4.277812798078532430e-01
5.341176577111209633e-01
3.707497227680172647e-01
5.213968103297327294e-01
4.703422129011225472e-01
7.238217894684354503e-01
5.797550463699403522e-01
6.369470966868227002e-01
6.369470966868228112e-01
4.974497210084942722e-01
7.344250631558342235e-01
6.202210391995727212e-01
5.405521779857158648e-01
5.965213065329513231e-01
5.586500314611342333e-01
8.155270501480901268e-01
3.607099253442032083e-01
4.400474666828598225e-01
3.312155345085924796e-01
8.512631822805092341e-01
7.753923771936580556e-01
7.938609279548749509e-01
8.620962433771169886e-01
7.862254382902656991e-01
8.620962433771169886e-01
8.061271148298815303e-01
9.712988728371827474e-01
7.990921098602795647e-01
8.564943641859138479e-01
6.790564193036061624e-01
8.333951162142998470e-01
8.743624302521235681e-01
7.938609279548749509e-01
8.277932370230967063e-01
8.851954913487311005e-01
7.815947410798683714e-01
7.007225414968213384e-01
7.077575464664233040e-01
8.729293044737246321e-01
8.512631822805092341e-01
7.543267396954501658e-01
8.149265654530828407e-01
6.611883532373964423e-01
5.229138993287149040e-01
6.447534129495858801e-01
7.308567944380374160e-01
6.913226061786126309e-01
5.402208581105155671e-01
4.990433400639397443e-01
3.089095502097717882e-01
3.089095502097717882e-01
3.607099253442032083e-01
3.607099253442032083e-01
2.846463412795656178e-01
2.846463412795656178e-01
2.846463412795656178e-01
2.328459661451342255e-01
7.129887283718278068e-01
8.333951162142998470e-01
8.907973705399340192e-01
6.447534129495857691e-01
5.261508481713115248e-01
7.238217894684353393e-01
4.974497210084942722e-01
3.994508499308344618e-01
8.333951162142998470e-01
4.400474666828598225e-01
5.961899866577509144e-01
7.364586736292405567e-01
7.449268043772414583e-01
7.344250631558342235e-01
7.665929265704567452e-01
6.202210391995727212e-01
8.333951162142998470e-01
8.155270501480901268e-01
7.637266750136587623e-01
8.620962433771169886e-01
7.007225414968213384e-01
7.416898555346450594e-01
6.447534129495858801e-01
6.611883532373964423e-01
6.948908748964094384e-01
8.327946315192924498e-01
5.457833598911203676e-01
7.645593160970504121e-01
5.795448423611883060e-01
4.352934288412810826e-01
4.352934288412810826e-01
3.320087981813860112e-01
5.971217912279584983e-01
7.235920020592266910e-01
7.119262998792273978e-01
7.364586736292405567e-01
7.179901228680236613e-01
8.327946315192926718e-01
9.138966185115483531e-01
9.712988728371827474e-01
7.645593160970504121e-01
9.138966185115483531e-01
8.743624302521236791e-01
7.759928618886653418e-01
8.635293691555159246e-01
9.030635574149407097e-01
8.620962433771169886e-01
8.456613030893065375e-01
9.712988728371827474e-01
8.046939890514825944e-01
7.830278668582673074e-01
9.209316234811504298e-01
8.211289293392931565e-01
7.575243111274484464e-01
7.844609926366662433e-01
6.784559346085988762e-01
8.169601759264890628e-01
7.938609279548749509e-01
7.774259876670642777e-01
8.169601759264890628e-01
9.675008167101772916e-01
7.057239359930170819e-01
7.862254382902656991e-01
8.442281773109073795e-01
6.667902324285994720e-01
5.797550463699403522e-01
4.181121796698376580e-01
2.646037548633600189e-01
3.707497227680172647e-01
4.926956831669155323e-01
1.633081488668862435e-01
2.072015005377255970e-01
4.193131490598521194e-01
2.432663567690080686e-01
8.219915485228966590e-02
1.750310413467660864e-01
0.000000000000000000e+00
2.537706937667524865e-01
0.000000000000000000e+00
4.807849933114748398e-01
4.916180544080824277e-01
1.346070217040690187e-01
5.684206640651412457e-01
0.000000000000000000e+00
3.547919265440324654e-01
0.000000000000000000e+00
5.548519753341286664e-01
6.559571713319919395e-01
8.219915485228966590e-02
7.466912500308409140e-01
6.875245500516071750e-01
7.812240437940698445e-01
6.140186753133622943e-01
6.447534129495857691e-01
5.985549170063574342e-01
8.620962433771169886e-01
5.929530378151545156e-01
8.907973705399342412e-01
2.537706937667524865e-01
5.277444672267569414e-01
3.707497227680172647e-01
6.588234228887899224e-01
4.926956831669155323e-01
6.447534129495858801e-01
8.219915485228966590e-02
8.219915485228966590e-02
2.145652296061908992e-01
3.275239251596143153e-01
2.529404216625363855e-01
1.346070217040690187e-01
4.866166599118866842e-01
1.750310413467660864e-01
8.219915485228966590e-02
0.000000000000000000e+00
0.000000000000000000e+00
0.000000000000000000e+00
3.543147824802066470e-01
6.667902324285994720e-01
7.862254382902656991e-01
8.348282419926987830e-01
6.082459695240054476e-01
7.774259876670642777e-01
7.631261903186514761e-01
9.425977456743656058e-01
7.063244206880242571e-01
8.046939890514824834e-01
7.581247958224557326e-01
4.992141666620935614e-01
5.961899866577509144e-01
6.667902324285994720e-01
5.684206640651412457e-01
5.684206640651412457e-01
6.202210391995727212e-01
4.990433400639397443e-01
6.082459695240054476e-01
4.990433400639397443e-01
5.221425880355539118e-01
5.795448423611883060e-01
5.508437151983711644e-01
4.795816549422846076e-01
2.432663567690080686e-01
2.145652296061908992e-01
2.145652296061908992e-01
6.784559346085988762e-01
1.633081488668862435e-01
3.607099253442032083e-01
1.633081488668862435e-01
6.380891052657822193e-01
8.729293044737246321e-01
8.169601759264890628e-01
6.842876012090105542e-01
6.951206623056181977e-01
8.386262981197044608e-01
8.239951808960911395e-01
3.785779914104128729e-01
2.432663567690080686e-01
3.607099253442032083e-01
6.146191600083695805e-01
4.992141666620935614e-01
4.531614949074907472e-01
3.994508499308344618e-01
5.261508481713115248e-01
5.457833598911203676e-01
6.389217463491740912e-01
7.862254382902656991e-01
8.333951162142998470e-01
7.924278021764759039e-01
8.907973705399340192e-01
8.211289293392931565e-01
8.169601759264890628e-01
7.938609279548749509e-01
6.913226061786126309e-01
8.169601759264890628e-01
3.906120218970349223e-01
6.489221663623899738e-01
8.729293044737246321e-01
5.261508481713115248e-01
6.661897477335922968e-01
7.651598007920578093e-01
5.291775930051558774e-01
5.411526626807230400e-01
4.817167978816824236e-01
7.179901228680236613e-01
6.140186753133622943e-01
7.200237333414299945e-01
6.146191600083695805e-01
8.743624302521235681e-01
7.918273174814687287e-01
8.635293691555159246e-01
7.472917347258482001e-01
8.635293691555159246e-01
8.635293691555159246e-01
8.635293691555159246e-01
9.138966185115483531e-01
6.951206623056181977e-01
9.030635574149407097e-01
8.348282419926988940e-01
7.308567944380375270e-01
8.348282419926987830e-01
8.225620551176920925e-01
8.131621197994834960e-01
8.526963080589083921e-01
6.720214143340040858e-01
6.951206623056181977e-01
6.951206623056181977e-01
7.416898555346450594e-01
7.007225414968213384e-01
7.525229166312527029e-01
9.030635574149407097e-01
9.425977456743656058e-01
6.479903617921823900e-01
7.420605528204434753e-01
3.089095502097717882e-01
2.933048820261772716e-01
1.633081488668862435e-01
1.633081488668862435e-01
1.633081488668862435e-01
3.320087981813860112e-01
8.219915485228966590e-02
2.537706937667524865e-01
2.145652296061908992e-01
4.123394738804808668e-01
6.682233582069985189e-01
3.420485956052000676e-01
3.220060091889944132e-01
8.149265654530828407e-01
4.468133068326548551e-01
4.926956831669155323e-01
5.213968103297327294e-01
6.658584278583919991e-01
4.795816549422846076e-01
4.795816549422847186e-01
4.795816549422847186e-01
8.498300565021102981e-01
8.785311836649275508e-01
8.155270501480901268e-01
1.000000000000000000e+00
9.194984977027514939e-01
9.086654366061437393e-01
7.932604432598676647e-01
7.595579216008546686e-01
7.703909826974622010e-01
8.526963080589083921e-01
7.378917994076394926e-01
8.404301211839019237e-01
6.497548074457816236e-01
8.620962433771169886e-01
7.179901228680236613e-01
7.308567944380374160e-01
6.447534129495858801e-01
5.943861635935534515e-01
9.100985623845427863e-01
8.456613030893063154e-01
7.053926161178167842e-01
8.729293044737246321e-01
8.169601759264890628e-01
9.317646845777579623e-01
8.526963080589083921e-01
8.169601759264890628e-01
8.922304963183331772e-01
9.194984977027514939e-01
8.799643094433267088e-01
8.348282419926987830e-01
7.071570617714160178e-01
8.785311836649275508e-01
6.667902324285994720e-01
8.225620551176922035e-01
8.620962433771169886e-01
7.543267396954501658e-01
9.138966185115483531e-01
7.637266750136587623e-01
9.030635574149407097e-01
8.327946315192924498e-01
8.040935043564751972e-01
7.651598007920576983e-01
8.922304963183331772e-01
9.100985623845427863e-01
8.040935043564751972e-01
8.333951162142998470e-01
7.938609279548749509e-01
8.333951162142998470e-01
8.851954913487311005e-01
8.785311836649275508e-01
7.651598007920576983e-01
7.938609279548749509e-01
8.635293691555159246e-01
8.635293691555159246e-01
7.288231839646311938e-01
6.483216816673826877e-01
6.658584278583918881e-01
6.588234228887899224e-01
6.588234228887899224e-01
6.202210391995727212e-01
6.202210391995727212e-01
6.489221663623898628e-01
7.449268043772414583e-01
7.238217894684353393e-01
7.007225414968212274e-01
6.377184079799838035e-01
7.862254382902656991e-01
6.948908748964094384e-01
7.932604432598676647e-01
7.631261903186514761e-01
7.932604432598676647e-01
8.436276926158999823e-01
7.938609279548749509e-01
8.526963080589083921e-01
7.882590487636719212e-01
6.983576111482147075e-01
8.614957586821097024e-01
8.526963080589083921e-01
7.053926161178166732e-01
8.743624302521235681e-01
6.202210391995727212e-01
7.007225414968212274e-01
8.239951808960910284e-01
6.146191600083695805e-01
7.340937432806340368e-01
7.021556672752202743e-01
7.350255478508415097e-01
7.703909826974622010e-01
7.340937432806339258e-01
6.192892346293651373e-01
6.070230477543585579e-01
7.340937432806339258e-01
6.084561735327574938e-01
6.588234228887899224e-01
7.627948704434511784e-01
4.216182933322411008e-01
6.875245500516071750e-01
4.990433400639397443e-01
5.261508481713115248e-01
4.795816549422846076e-01
5.082827821051018047e-01
5.082827821051018047e-01
5.261508481713115248e-01
4.508805277794674660e-01
5.261508481713115248e-01
5.261508481713115248e-01
4.531614949074907472e-01
4.352934288412810826e-01
3.834930537068497181e-01
4.531614949074907472e-01
8.169601759264891738e-01
8.851954913487311005e-01
2.933048820261772716e-01
5.277444672267569414e-01
0.000000000000000000e+00
0.000000000000000000e+00
0.000000000000000000e+00
3.390438031509880323e-01
0.000000000000000000e+00
0.000000000000000000e+00
0.000000000000000000e+00
0.000000000000000000e+00
0.000000000000000000e+00
0.000000000000000000e+00
0.000000000000000000e+00
0.000000000000000000e+00
0.000000000000000000e+00
0.000000000000000000e+00
0.000000000000000000e+00
0.000000000000000000e+00
2.072015005377255970e-01
0.000000000000000000e+00
0.000000000000000000e+00
2.870112716281721377e-01
0.000000000000000000e+00
7.308567944380375270e-01
0.000000000000000000e+00
7.021556672752202743e-01
0.000000000000000000e+00
0.000000000000000000e+00
7.645593160970504121e-01
0.000000000000000000e+00
0.000000000000000000e+00
3.607099253442032083e-01
0.000000000000000000e+00
5.510539192071230996e-01
0.000000000000000000e+00
5.405521779857157538e-01
8.219915485228966590e-02
3.707497227680172092e-01
6.102206191863568385e-01
7.651598007920576983e-01
8.219915485228966590e-02
0.000000000000000000e+00
8.219915485228966590e-02
0.000000000000000000e+00
2.786737648025641723e-01
3.707497227680172647e-01
1.346070217040690187e-01
1.633081488668862435e-01
8.046939890514824834e-01
1.633081488668862435e-01
8.219915485228966590e-02
6.948908748964094384e-01
6.696564839853975659e-01
0.000000000000000000e+00
1.750310413467660864e-01
2.537706937667524865e-01
0.000000000000000000e+00
0.000000000000000000e+00
1.346070217040690187e-01
5.578787201679731300e-01
2.933048820261772716e-01
0.000000000000000000e+00
1.750310413467660864e-01
0.000000000000000000e+00
0.000000000000000000e+00
0.000000000000000000e+00
0.000000000000000000e+00
6.483216816673826877e-01
0.000000000000000000e+00
1.633081488668862435e-01
2.849374584790051457e-01
2.537706937667524865e-01
2.646037548633600189e-01
