7.242447816871548927e-01
7.500292409033907370e-01
8.863341149293396670e-01
8.677472269185269038e-01
8.470311738136174773e-01
8.451894008119472668e-01
8.790553808752075149e-01
9.224104229354057605e-01
9.040370532985514407e-01
9.197431820989157014e-01
9.379257144037395078e-01
9.036911793993437358e-01
9.276338656139093697e-01
8.812657088180131382e-01
8.598565434035334576e-01
9.536318432041039905e-01
6.064199517891765145e-01
6.541502876511311459e-01
6.103509770747047591e-01
4.392248242721613072e-01
3.406005886362325485e-01
6.296666950936921081e-01
3.703274743136227287e-01
1.057466899210538908e-01
5.306571746481429652e-02
3.170037763208745640e-01
3.070637260493386256e-01
3.500436189424086519e-01
4.405162218662831974e-01
1.057466899210538908e-01
1.057466899210538908e-01
3.925979083277763571e-01
1.057466899210538908e-01
5.306571746481429652e-02
3.665752155775927612e-01
5.306571746481429652e-02
1.705992553482811869e-01
1.057466899210538908e-01
0.000000000000000000e+00
0.000000000000000000e+00
0.000000000000000000e+00
0.000000000000000000e+00
0.000000000000000000e+00
0.000000000000000000e+00
2.004630566588522234e-01
0.000000000000000000e+00
0.000000000000000000e+00
0.000000000000000000e+00
3.132117990360422932e-01
0.000000000000000000e+00
0.000000000000000000e+00
3.123526762467379592e-01
1.437758099232669673e-01
0.000000000000000000e+00
0.000000000000000000e+00
8.921509328586975374e-02
0.000000000000000000e+00
0.000000000000000000e+00
0.000000000000000000e+00
0.000000000000000000e+00
0.000000000000000000e+00
0.000000000000000000e+00
0.000000000000000000e+00
5.739073955724083298e-01
5.306571746481429652e-02
0.000000000000000000e+00
7.795426082068227513e-01
0.000000000000000000e+00
5.965576643939987100e-01
1.414984912233746839e-01
0.000000000000000000e+00
7.350501853208257774e-01
1.952219341494908778e-01
1.057466899210538908e-01
3.736404312577666920e-01
5.306571746481429652e-02
6.438437317397249782e-01
0.000000000000000000e+00
2.958210796115537389e-01
5.306571746481429652e-02
4.858695686396524716e-01
3.964351263871390141e-01
5.713099164090010840e-01
6.835569804634464841e-01
5.334290767394620492e-01
3.936821353110848687e-01
5.231412639328284486e-01
6.045554977455787071e-01
5.991895798111048776e-01
6.157211764462889869e-01
4.562465268528987927e-01
3.931332550478600640e-01
4.798433391682568327e-01
4.096648516830441733e-01
3.811347178039186656e-01
3.491557515168589032e-01
6.928325240864260381e-01
6.186246166986650863e-01
7.401185914321524173e-01
6.078658183506793211e-01
7.618736307458400248e-01
7.566501880673365266e-01
8.246057032322869906e-01
7.697874706482310536e-01
7.357079722110123621e-01
6.996316642049462686e-01
8.143138544424570746e-01
8.040220056526269365e-01
7.169887286749502264e-01
8.064231709274635174e-01
8.330330979785190992e-01
7.923679777967385096e-01
7.573079749575230002e-01
7.635477228028771934e-01
7.969567899724532278e-01
7.099848254020375560e-01
8.905185713990650953e-01
8.007953725429708403e-01
7.395465547815298635e-01
8.576688965026552092e-01
8.750259609726592780e-01
8.284442858028048251e-01
8.346840336481586853e-01
8.080741065971028814e-01
8.213790701226308943e-01
8.760422661395097510e-01
8.066892464891171066e-01
8.530800843269407130e-01
9.264625238798820384e-01
7.945556246976167580e-01
8.397524397594852141e-01
8.698025182941556688e-01
8.016208403777904667e-01
7.533398674622360236e-01
9.300350308887458395e-01
9.268083977790898542e-01
8.544422633929990019e-01
8.530800843269409350e-01
8.346840336481586853e-01
7.630110115716386421e-01
9.165165489892596051e-01
8.323413501801036896e-01
9.213941177685555095e-01
8.530800843269409350e-01
8.363934511245796344e-01
6.066818322391955842e-01
6.540889752438698856e-01
6.131350984585079988e-01
5.983641119762852512e-01
6.145498347122615446e-01
9.723510867401660152e-01
9.298215125147873961e-01
9.143289020883815787e-01
9.669368067296316704e-01
9.723510867401660152e-01
8.102617534979810188e-01
9.433399944142738525e-01
8.222045379574507429e-01
7.674089864153222917e-01
8.540963894937911860e-01
8.800943670839856958e-01
7.685576471074221372e-01
9.401133613046176452e-01
8.040220056526269365e-01
8.102617534979810188e-01
9.224104229354062046e-01
8.899066219382039122e-01
8.137771432112184122e-01
8.080741065971029924e-01
6.990722719317801204e-01
7.206722746782908695e-01
7.931934456315583581e-01
8.136560675522704900e-01
6.842003661858014896e-01
8.375647928586070767e-01
8.698025182941556688e-01
6.571020899795676495e-01
8.040220056526271586e-01
8.134883866076372261e-01
8.147934483780689963e-01
7.883158768522626758e-01
8.636951259740510700e-01
8.763881400387174558e-01
8.028506639185994942e-01
8.568434286678355827e-01
8.403118320326513624e-01
9.143289020883815787e-01
8.540963894937914080e-01
8.397524397594852141e-01
7.726097480518983041e-01
9.091054594098777475e-01
8.202077283886033410e-01
9.433399944142737414e-01
5.904389922075924391e-01
5.636155467825783028e-01
7.468252888356622377e-01
7.960742048420067496e-01
6.655294847257998692e-01
6.476357090245572490e-01
7.834383080729667714e-01
7.630110115716386421e-01
7.665608375385750684e-01
7.496833670041830322e-01
6.596709361990373832e-01
7.891413446870824133e-01
4.958140483859511116e-01
7.514141010113768449e-01
5.664922700098302677e-01
2.099021964640035431e-01
3.628982638002450356e-01
3.133034738946926523e-01
5.735944627825759756e-01
4.460065656438572668e-01
8.636951259740508480e-01
6.901652832499359791e-01
7.053120197771342026e-01
7.200018434106479903e-01
7.109398181616269907e-01
7.977822578072729653e-01
7.736260532187488881e-01
7.863190672834152739e-01
7.593047845263704021e-01
7.709588123822588290e-01
6.412409246120264195e-01
7.900592552369125610e-01
7.457863026268840567e-01
8.529590086679927907e-01
5.434362049089074276e-01
6.470237595636960659e-01
6.203113531331584385e-01
7.060051320867046787e-01
6.487843697166573165e-01
7.435986557260059193e-01
5.916461347064738696e-01
8.197281344529915303e-01
5.879625887031332265e-01
5.636155467825783028e-01
6.636663951933567951e-01
6.540889752438698856e-01
7.536017479122548712e-01
5.823347903186405494e-01
3.896300343666089239e-01
3.825648186864351041e-01
7.441353669572446927e-01
6.974213362621405343e-01
5.537280536987374546e-01
6.923529301508141165e-01
7.788494958972522753e-01
8.471635293388668497e-01
7.866649411826230898e-01
8.058864596962248550e-01
7.677321792726025107e-01
5.983641119762852512e-01
5.862318546959396359e-01
6.543638060250894783e-01
5.475964851923816878e-01
5.776707399133031995e-01
5.636155467825783028e-01
2.448167240550432888e-01
8.400983136586930300e-01
7.207062355865198056e-01
4.294749690086731575e-01
5.931391741534580708e-01
6.805438657277487202e-01
6.144174791870120611e-01
5.105067316749433148e-01
4.462192584803987283e-01
6.938488292532766222e-01
5.902839556404155807e-01
4.644259669714734806e-01
4.392248242721613072e-01
4.866466743984115828e-01
6.274332107634889022e-01
4.866466743984115828e-01
5.316611013940710784e-01
5.070479839118625653e-01
5.921243641309309469e-01
6.996316642049462686e-01
6.243634540776343833e-01
4.660016644114902684e-01
6.568885716056093171e-01
7.254161234211823350e-01
6.384925209268272894e-01
6.585979890820303773e-01
5.751145380712897603e-01
5.902839556404155807e-01
5.334290767394620492e-01
5.201241132139341472e-01
4.941261356237396929e-01
4.764231972545280303e-01
4.063058630481385936e-01
3.811347178039186656e-01
3.451907653231020001e-01
3.491557515168589587e-01
3.326241548816748494e-01
3.491557515168589587e-01
3.343374901420442802e-01
3.001029551376485083e-01
2.835713585024643990e-01
3.001029551376485083e-01
2.641590026568317873e-01
3.001029551376485083e-01
3.001029551376485083e-01
3.001029551376485083e-01
3.001029551376485083e-01
3.001029551376485083e-01
2.267205155847073217e-01
3.500436189424086519e-01
2.641590026568317873e-01
3.001029551376485083e-01
3.001029551376485083e-01
2.505315158809302556e-01
3.075373953658642745e-01
2.682344542501419182e-01
2.505315158809302556e-01
2.847660508853260830e-01
1.952219341494908778e-01
1.952219341494908778e-01
7.930384090643813888e-01
6.945759024710758123e-01
7.955946109063948279e-01
3.990964153216191579e-01
5.695423618381001418e-01
6.553940370143015448e-01
8.591647956051179369e-01
6.595032552544042304e-01
5.904389922075925501e-01
4.226932276369771424e-01
6.148957086114692494e-01
5.528214230152087572e-01
5.246357985241361099e-01
5.205836975796601651e-01
5.165315966351842203e-01
4.958140483859511116e-01
5.373046364025515498e-01
4.570478185014673622e-01
5.332525354580757160e-01
5.691964879388924370e-01
5.695423618381000308e-01
5.963658072631142781e-01
5.066096672976443394e-01
4.195723543367708697e-01
4.929547938897120840e-01
3.808061244522871203e-01
4.941261356237396374e-01
5.231372279496319111e-01
5.396688245848160204e-01
4.790178713334369842e-01
4.955494679686210380e-01
4.562465268528987372e-01
4.310753816086788648e-01
4.156280119568032672e-01
3.500436189424086519e-01
3.343374901420442802e-01
3.500436189424086519e-01
3.736637819066008226e-01
3.075373953658642745e-01
3.303087398464024660e-01
3.070637260493386256e-01
2.792894829763696851e-01
2.730497351310156029e-01
6.148957086114693604e-01
6.562766221447478010e-01
6.532635074090501481e-01
6.420663924468461570e-01
7.077971785011595296e-01
6.747339852307912000e-01
7.069717106663395700e-01
7.172635594561697081e-01
8.503901624485230570e-01
8.576688965026552092e-01
8.375647928586070767e-01
8.763881400387174558e-01
7.072335911163586397e-01
6.640122690925646110e-01
7.097099946208178523e-01
8.056729413222664116e-01
7.800793194380611917e-01
8.826278878840716491e-01
8.296741093436136305e-01
8.429790728691416435e-01
8.812657088180131382e-01
8.056729413222664116e-01
7.507563141211902602e-01
8.482025155476450307e-01
7.923679777967385096e-01
7.247243756227668143e-01
8.181524370129746870e-01
7.191763755758282528e-01
6.467391980717495104e-01
6.064683138652371408e-01
8.758514288074790155e-01
4.381405972888526845e-01
7.576538488567308161e-01
5.863868912631166053e-01
5.470087119177714508e-01
4.877353871944050678e-01
3.633719331167707400e-01
5.951374788666289328e-01
2.792894829763696851e-01
6.601152047152655244e-01
3.463666671650609263e-01
6.043731096793694135e-01
3.335120223072245982e-01
3.668586898860705658e-01
3.303087398464025215e-01
6.090031991764777164e-01
6.448974250700791888e-01
6.483401012004291752e-01
8.159647901120964386e-01
4.633117425330725569e-01
5.201241132139341472e-01
5.231412639328284486e-01
4.641385748790471388e-01
4.289329754823311691e-01
5.801471434177625230e-01
3.571088346225824717e-01
2.448167240550432888e-01
5.634605102154014444e-01
7.500292409033907370e-01
4.381405972888527955e-01
1.437758099232669673e-01
2.730497351310156029e-01
2.462262897060013833e-01
3.004721796856904548e-01
2.282851274198591518e-01
3.303087398464025215e-01
1.933705998288193506e-01
6.051985775141892621e-01
3.298350705298767616e-01
9.259829299442700057e-01
7.630110115716385311e-01
9.161706750900517893e-01
6.408950507128186036e-01
7.247583365309957504e-01
5.703678296729198793e-01
6.332433972141908729e-01
7.280833642576723941e-01
6.809124206688841330e-01
6.820369051747329214e-01
7.964200787412145655e-01
3.736637819066007671e-01
5.280885943852070552e-01
5.298935468231700252e-01
6.255687567198909838e-01
2.958210796115537944e-01
3.964351263871390141e-01
2.958210796115537944e-01
4.644259669714734806e-01
1.580300878585588487e-01
3.798801791031207187e-01
5.035925165787499269e-01
3.468403364815865753e-01
1.580300878585588487e-01
6.274332107634889022e-01
5.930309948144598664e-01
5.411673951593203302e-01
5.263638610592882294e-01
7.123999164992356192e-01
7.735276586017283407e-01
8.045015995882389692e-01
7.475296810115339419e-01
7.237080704559162303e-01
9.392878934697976856e-01
9.709889076741080594e-01
9.028657115645238873e-01
8.072486387622831439e-01
9.235817646694335359e-01
7.436910984410163294e-01
5.499606733746461584e-01
5.636155467825783028e-01
5.695423618381000308e-01
6.966798618765096540e-01
7.172635594561698191e-01
6.601152047152655244e-01
6.238253783352410986e-01
7.687711654813805806e-01
7.804251933372690075e-01
7.576538488567309271e-01
7.579426054603120022e-01
6.587530256492071246e-01
8.078605882231445490e-01
7.102820312714402951e-01
8.399659581334436576e-01
8.462057059787977398e-01
8.996390784548676800e-01
7.842637759077865089e-01
8.262566389019264657e-01
7.837855464833295427e-01
7.829015968417283311e-01
8.407914259682633951e-01
8.127966388092217054e-01
7.771985602276129113e-01
7.780240280624325377e-01
3.964117757383047724e-01
4.619961687526994432e-01
4.454645721175153894e-01
4.641385748790471388e-01
4.633117425330726680e-01
5.026146836487950242e-01
5.088544314941491065e-01
4.963749358034409420e-01
4.860830870136109150e-01
5.253860281293332157e-01
4.860830870136109150e-01
4.923228348589648862e-01
5.522094735543474631e-01
4.695514903784266947e-01
6.054293276564589599e-01
8.272729440687770497e-01
6.684942373854372288e-01
5.530107652029159215e-01
8.544422633929990019e-01
8.427882355371105749e-01
6.111908460773559648e-01
5.868994263081039886e-01
5.035925165787499269e-01
7.230149581463458652e-01
5.668421798922346211e-01
3.571088346225824717e-01
8.286578041767630465e-01
7.479739495277621941e-01
5.015412611863176995e-01
7.632358098118984246e-01
7.167752103009917830e-01
4.871973114520117276e-01
5.081626836957334747e-01
8.967583192444191775e-01
5.868994263081039886e-01
9.008104201888952334e-01
8.699348738194049302e-01
8.896931035642454688e-01
6.673228956514095644e-01
6.111908460773559648e-01
6.603287230892239679e-01
6.672728631104497543e-01
9.630982241591140580e-01
8.503901624485230570e-01
8.365484876917567147e-01
8.945706723435410401e-01
7.867986612190273066e-01
8.407914259682633951e-01
8.844923419276695675e-01
6.106628900656833059e-01
8.566299102938772503e-01
8.080741065971029924e-01
7.920221038975309158e-01
8.064231709274635174e-01
8.139679805432492588e-01
8.698025182941556688e-01
8.709738600281834442e-01
9.371002465689197702e-01
8.048474734874466741e-01
7.205385546418866527e-01
1.000000000000000000e+00
9.135034342535616192e-01
8.698025182941555578e-01
7.911966360627111783e-01
8.568434286678356937e-01
7.600091767022422173e-01
6.970754623629328295e-01
8.159647901120964386e-01
8.161556274441272851e-01
7.933842829635892047e-01
8.267933501331652391e-01
8.411372998674712109e-01
7.628062484172463131e-01
7.297430551468779836e-01
7.969567899724532278e-01
7.414110088251278929e-01
7.306168850577582363e-01
8.763881400387174558e-01
9.008104201888952334e-01
6.925664485247724489e-01
6.256898323788390170e-01
7.243287751363437499e-01
8.438045407039614920e-01
5.730819277375885923e-01
6.569470534123907912e-01
6.979009301977526780e-01
6.801979918285410154e-01
6.317745436570160189e-01
7.434436191588290610e-01
7.156038685669643407e-01
6.903561205819667146e-01
8.357230198569368662e-01
7.915425099619188831e-01
8.655595800176488774e-01
8.473770477128252931e-01
8.925738627746939713e-01
8.694566443949478529e-01
7.412899331661799707e-01
3.451907653231020001e-01
6.858996639315015909e-01
5.497841320932597142e-01
2.282851274198591518e-01
5.544324458746092699e-01
7.481874679017205265e-01
2.296946930708173018e-01
8.921509328586975374e-02
7.240539443551239351e-01
5.269046082737232073e-01
5.935445496583007241e-01
3.335120223072245982e-01
5.306571746481429652e-02
1.057466899210538908e-01
1.057466899210538908e-01
3.339995459249855969e-01
1.057466899210538908e-01
2.145875634001135346e-01
1.187271467428364924e-01
5.306571746481429652e-02
8.921509328586975374e-02
1.841520041097408633e-01
0.000000000000000000e+00
0.000000000000000000e+00
1.057466899210538908e-01
1.705992553482811869e-01
6.483401012004290642e-01
0.000000000000000000e+00
1.057466899210538908e-01
4.860830870136108040e-01
8.921509328586975374e-02
5.306571746481429652e-02
3.299855469891223025e-01
5.162084037779040013e-01
1.414984912233746839e-01
3.178058935068601709e-01
2.505315158809302556e-01
5.306571746481429652e-02
3.798801791031207187e-01
5.396688245848161314e-01
5.695423618381000308e-01
3.299855469891223025e-01
0.000000000000000000e+00
4.334751823723605457e-01
5.862318546959395249e-01
5.310180216254604124e-01
1.705992553482811869e-01
5.306571746481429652e-02
5.131726080002785295e-01
1.705992553482811869e-01
5.306571746481429652e-02
8.921509328586975374e-02
5.841853185398768744e-01
2.835713585024643990e-01
0.000000000000000000e+00
0.000000000000000000e+00
0.000000000000000000e+00
0.000000000000000000e+00
0.000000000000000000e+00
4.449170563654453736e-01
2.855176450016779222e-01
0.000000000000000000e+00
1.057466899210538908e-01
8.921509328586975374e-02
5.306571746481429652e-02
0.000000000000000000e+00
5.306571746481429652e-02
0.000000000000000000e+00
1.414984912233746839e-01
1.187271467428364924e-01
0.000000000000000000e+00
3.070637260493386256e-01
1.187271467428364924e-01
6.715557141971955080e-01
1.057466899210538908e-01
0.000000000000000000e+00
2.641590026568317873e-01
7.070553981617841988e-01
1.705992553482811869e-01
8.921509328586975374e-02
2.682344542501419182e-01
5.334290767394620492e-01
0.000000000000000000e+00
0.000000000000000000e+00
1.841520041097408633e-01
3.044759185541058288e-01
8.921509328586975374e-02
0.000000000000000000e+00
2.641590026568317873e-01
0.000000000000000000e+00
0.000000000000000000e+00
0.000000000000000000e+00
2.448167240550432888e-01
5.306571746481429652e-02
5.306571746481429652e-02
5.306571746481429652e-02
3.657744629027621097e-01
5.306571746481429652e-02
2.282851274198591518e-01
3.642745278171030665e-01
4.660016644114902684e-01
0.000000000000000000e+00
1.414984912233746839e-01
0.000000000000000000e+00
0.000000000000000000e+00
0.000000000000000000e+00
0.000000000000000000e+00
0.000000000000000000e+00
0.000000000000000000e+00
1.187271467428364924e-01
1.653853739887788665e-01
5.306571746481429652e-02
0.000000000000000000e+00
5.306571746481429652e-02
1.437758099232669673e-01
0.000000000000000000e+00
0.000000000000000000e+00
0.000000000000000000e+00
0.000000000000000000e+00
0.000000000000000000e+00
5.306571746481429652e-02
2.669353170987964763e-01
7.080590589511783772e-01
6.220420871403520291e-01
7.508773897801381825e-01
7.014734372066165902e-01
8.141003360684986312e-01
7.370701512770706509e-01
5.570870423336431454e-01
5.168974801042779399e-01
4.764231972545280303e-01
4.764231972545280303e-01
4.958155435302746272e-01
5.929498319657507954e-01
5.433550420601984676e-01
2.220453795745050973e-01
2.565181384958314381e-01
1.653853739887788665e-01
0.000000000000000000e+00
0.000000000000000000e+00
5.306571746481429652e-02
0.000000000000000000e+00
0.000000000000000000e+00
0.000000000000000000e+00
5.306571746481429652e-02
0.000000000000000000e+00
0.000000000000000000e+00
3.329234234951974347e-01
0.000000000000000000e+00
0.000000000000000000e+00
5.306571746481429652e-02
0.000000000000000000e+00
5.306571746481429652e-02
5.306571746481429652e-02
0.000000000000000000e+00
0.000000000000000000e+00
0.000000000000000000e+00
4.950127567373825976e-01
2.220453795745051251e-01
5.958532722181267838e-01
0.000000000000000000e+00
3.532694265146479884e-01
0.000000000000000000e+00
4.630982241591142246e-01
2.145875634001135346e-01
1.841520041097408633e-01
5.306571746481429652e-02
1.437758099232669673e-01
2.565181384958314936e-01
0.000000000000000000e+00
0.000000000000000000e+00
0.000000000000000000e+00
3.406005886362325485e-01
1.653853739887788665e-01
2.220453795745051251e-01
4.575274124370793394e-01
5.764993981792756461e-01
3.760663116925921923e-01
4.712037905592209586e-01
6.543638060250893673e-01
4.391908633639323156e-01
5.790329189793615994e-01
5.702596503339216749e-01
2.958210796115537944e-01
3.001029551376484528e-01
3.408453964463782349e-01
5.306571746481429652e-02
0.000000000000000000e+00
3.668586898860706214e-01
0.000000000000000000e+00
5.306571746481429652e-02
0.000000000000000000e+00
1.705992553482811869e-01
3.070637260493386256e-01
8.921509328586975374e-02
3.132117990360422932e-01
0.000000000000000000e+00
1.057466899210538908e-01
0.000000000000000000e+00
0.000000000000000000e+00
5.306571746481429652e-02
2.574689361437862423e-01
2.835713585024643990e-01
1.952219341494908778e-01
0.000000000000000000e+00
0.000000000000000000e+00
0.000000000000000000e+00
0.000000000000000000e+00
8.921509328586975374e-02
0.000000000000000000e+00
0.000000000000000000e+00
0.000000000000000000e+00
1.057466899210538908e-01
0.000000000000000000e+00
8.921509328586975374e-02
1.952219341494908778e-01
0.000000000000000000e+00
3.766016584126759548e-01
2.730497351310156029e-01
1.933705998288194061e-01
2.448167240550432888e-01
3.303087398464024660e-01
3.133034738946926523e-01
6.256898323788387950e-01
2.574689361437861868e-01
5.306571746481429652e-02
2.574689361437862423e-01
0.000000000000000000e+00
8.921509328586975374e-02
2.004630566588522234e-01
0.000000000000000000e+00
3.004488290368563241e-01
0.000000000000000000e+00
0.000000000000000000e+00
0.000000000000000000e+00
0.000000000000000000e+00
0.000000000000000000e+00
0.000000000000000000e+00
2.004630566588522234e-01
0.000000000000000000e+00
0.000000000000000000e+00
0.000000000000000000e+00
1.057466899210538908e-01
0.000000000000000000e+00
0.000000000000000000e+00
0.000000000000000000e+00
5.306571746481429652e-02
0.000000000000000000e+00
0.000000000000000000e+00
1.580300878585588487e-01
8.921509328586975374e-02
0.000000000000000000e+00
0.000000000000000000e+00
0.000000000000000000e+00
8.921509328586975374e-02
0.000000000000000000e+00
5.306571746481429652e-02
1.187271467428364924e-01
0.000000000000000000e+00
0.000000000000000000e+00
2.337467940152932744e-01
1.414984912233747116e-01
0.000000000000000000e+00
1.414984912233746839e-01
2.565181384958314936e-01
2.577578518758054105e-01
2.455569169957689812e-01
2.448167240550432888e-01
3.070637260493386256e-01
3.359379027420500430e-01
2.163897295452893721e-01
1.057466899210538908e-01
3.901720278929508012e-01
1.057466899210538908e-01
0.000000000000000000e+00
0.000000000000000000e+00
0.000000000000000000e+00
1.437758099232669673e-01
1.437758099232669673e-01
3.075373953658642745e-01
2.934994067205271007e-01
1.414984912233746839e-01
1.057466899210538908e-01
0.000000000000000000e+00
0.000000000000000000e+00
3.463666671650609263e-01
1.580300878585588487e-01
0.000000000000000000e+00
5.306571746481429652e-02
3.668586898860706769e-01
0.000000000000000000e+00
2.099021964640035431e-01
2.163897295452893721e-01
0.000000000000000000e+00
5.306571746481429652e-02
0.000000000000000000e+00
1.414984912233747116e-01
5.306571746481429652e-02
0.000000000000000000e+00
0.000000000000000000e+00
0.000000000000000000e+00
0.000000000000000000e+00
0.000000000000000000e+00
0.000000000000000000e+00
0.000000000000000000e+00
5.306571746481429652e-02
0.000000000000000000e+00
0.000000000000000000e+00
0.000000000000000000e+00
0.000000000000000000e+00
1.057466899210538908e-01
1.933705998288194061e-01
1.414984912233746839e-01
1.057466899210538908e-01
0.000000000000000000e+00
3.710318664894945440e-01
3.170037763208745085e-01
3.743656494357372466e-01
1.414984912233746839e-01
5.570628661473918664e-01
3.303087398464025215e-01
