2.765381873970989002e-01
6.351382506760293589e-01
8.024425120808375000e-01
7.578119976544666070e-01
8.299488092931067706e-01
7.853182948667360996e-01
7.591854623055094287e-01
8.074559195141146617e-01
7.866917595177785882e-01
6.441468660231547405e-01
7.749362148685681184e-01
8.024425120808375000e-01
6.977859957966507931e-01
7.109150050969039736e-01
6.730266278864667218e-01
6.250736976832605984e-01
6.250736976832605984e-01
8.313222739441492593e-01
6.834087078846347030e-01
8.299488092931067706e-01
8.863348683686879115e-01
8.141980567300478588e-01
8.795927311527546033e-01
7.853182948667360996e-01
8.520864339404853327e-01
7.249370278773066278e-01
8.299488092931067706e-01
8.417043539423172405e-01
8.678371865035442445e-01
6.977859957966509041e-01
8.141980567300480809e-01
7.005329250987361034e-01
6.937907878828027952e-01
8.520864339404854437e-01
7.297302139674471944e-01
7.095415404458614850e-01
8.024425120808375000e-01
6.595423534545999944e-01
7.645541348704001372e-01
7.468544311815484837e-01
7.763096795196107180e-01
7.645541348704000262e-01
8.417043539423172405e-01
7.212970850950720658e-01
8.209401939459812780e-01
8.588285711564185299e-01
7.970738395159466805e-01
7.578119976544668290e-01
7.749362148685681184e-01
6.374047288072214323e-01
6.491602734564320132e-01
8.520864339404853327e-01
8.313222739441492593e-01
7.370478376581306446e-01
8.141980567300478588e-01
6.264471623343030871e-01
7.799496223018452801e-01
7.524433250895760095e-01
8.795927311527546033e-01
6.937907878828027952e-01
3.163965542338472714e-01
2.351118827955681612e-01
2.023173808441892374e-01
0.000000000000000000e+00
0.000000000000000000e+00
0.000000000000000000e+00
0.000000000000000000e+00
1.644290036337519301e-01
1.543619629269982474e-01
3.744525664653521324e-01
0.000000000000000000e+00
0.000000000000000000e+00
4.881176980966640544e-01
4.442851618465857300e-01
0.000000000000000000e+00
0.000000000000000000e+00
2.172724255893609957e-01
1.940192957602908941e-01
0.000000000000000000e+00
0.000000000000000000e+00
0.000000000000000000e+00
0.000000000000000000e+00
0.000000000000000000e+00
0.000000000000000000e+00
7.773242086617339341e-02
2.765381873970989002e-01
5.770234618177919605e-01
5.156239953089334360e-01
0.000000000000000000e+00
1.268556657147289490e-01
0.000000000000000000e+00
2.481011385784658019e-01
0.000000000000000000e+00
0.000000000000000000e+00
5.041474486295921542e-01
2.840405646631102288e-01
0.000000000000000000e+00
4.925933571814054557e-01
1.644290036337519301e-01
5.029754371795733814e-01
0.000000000000000000e+00
0.000000000000000000e+00
0.000000000000000000e+00
3.808394385496719492e-01
5.591600430541308064e-01
4.479628427550347847e-01
4.269972295576749399e-01
5.526193590392213251e-01
7.474299176562988478e-01
4.633583301864799275e-01
3.040444846093681708e-01
5.041474486295921542e-01
8.024425120808375000e-01
4.777356180984961287e-01
6.368292423324711793e-01
4.777356180984961287e-01
8.038159767318798776e-01
6.045297590300613422e-01
5.147309818287840733e-01
5.391350846073547087e-01
6.202805115931201430e-01
6.491602734564321242e-01
5.419793195717023115e-01
6.820352432335922144e-01
6.702796985843815225e-01
7.356743730070882670e-01
8.245801367282159511e-01
7.578119976544668290e-01
7.763096795196107180e-01
8.417043539423172405e-01
7.488033823073413364e-01
8.678371865035440225e-01
7.384213023091733552e-01
7.920604320826695188e-01
7.005329250987359924e-01
7.109150050969039736e-01
6.716531632354241221e-01
5.422372790410533439e-01
7.474299176562988478e-01
6.424181362404985940e-01
8.313222739441492593e-01
7.199236204440294662e-01
6.491602734564319022e-01
6.472113223306391605e-01
7.572365111797164650e-01
6.643355395447405609e-01
7.089660539711112319e-01
7.022239167551778127e-01
6.435713795484044875e-01
5.972498734655919961e-01
5.602545097353041070e-01
4.254699529760426202e-01
4.633583301864800386e-01
6.716531632354242332e-01
8.795927311527546033e-01
6.662844906705333026e-01
6.626445478882987405e-01
8.074559195141146617e-01
8.195667292949387894e-01
8.863348683686880225e-01
6.918418367570099425e-01
4.473873562802845316e-01
4.934863706615549295e-01
6.559024106723654324e-01
7.773242086617339341e-02
1.543619629269982474e-01
5.927742143808507613e-01
7.970738395159465695e-01
1.268556657147289490e-01
7.773242086617339341e-02
7.866917595177786993e-01
7.199236204440293552e-01
5.458772218232880169e-01
6.374047288072213213e-01
5.981428869457414699e-01
2.490318901848295741e-01
5.335461906993271830e-01
7.212970850950719548e-01
7.773242086617339341e-02
3.983189208953868410e-01
1.268556657147289490e-01
5.591600430541308064e-01
3.383949344287121574e-01
3.943237129815387321e-01
6.374047288072214323e-01
5.212716658436935546e-01
2.351118827955681612e-01
4.083457357619413308e-01
5.602545097353041070e-01
3.769415362980861883e-01
7.384213023091733552e-01
6.595423534545999944e-01
8.074559195141146617e-01
8.024425120808375000e-01
7.474299176562988478e-01
8.141980567300478588e-01
8.403308892912747519e-01
8.624685139386533139e-01
8.074559195141146617e-01
7.027994032299280658e-01
7.488033823073414474e-01
9.070990283650239849e-01
9.070990283650239849e-01
9.346053255772932555e-01
8.128245920790053702e-01
8.074559195141146617e-01
8.795927311527544923e-01
7.920604320826695188e-01
8.349622167263839323e-01
7.695675423036771878e-01
8.141980567300478588e-01
6.441468660231548515e-01
6.820352432335921034e-01
7.866917595177785882e-01
6.820352432335921034e-01
8.520864339404853327e-01
7.193481339692792131e-01
7.266657576599627744e-01
6.752931060176587952e-01
7.109150050969039736e-01
6.435713795484044875e-01
7.853182948667360996e-01
8.038159767318798776e-01
7.109150050969040846e-01
8.038159767318798776e-01
8.795927311527546033e-01
7.578119976544668290e-01
7.303057004421973364e-01
8.967169483668560037e-01
7.906869674316268082e-01
7.591854623055092066e-01
8.313222739441492593e-01
8.141980567300478588e-01
7.866917595177785882e-01
8.417043539423172405e-01
6.918418367570097205e-01
7.109150050969039736e-01
5.548858371704135095e-01
1.543619629269982474e-01
5.543103506956631454e-01
2.023173808441892374e-01
7.773242086617339341e-02
4.491348542050535020e-01
1.268556657147289490e-01
4.083457357619413308e-01
0.000000000000000000e+00
2.386498101866615651e-01
2.023173808441892374e-01
7.773242086617339341e-02
2.669163474490088839e-01
7.420612450914079172e-01
2.765381873970989002e-01
1.940192957602908941e-01
7.773242086617339341e-02
3.494352390858169177e-01
2.298236780564585635e-01
7.773242086617339341e-02
0.000000000000000000e+00
0.000000000000000000e+00
4.821735390570230928e-01
5.981428869457414699e-01
3.769415362980861883e-01
5.868677934674241259e-01
2.023173808441892374e-01
5.144730223594329299e-01
6.368292423324711793e-01
4.069722711108987867e-01
6.351382506760293589e-01
3.828856953377272054e-01
2.386498101866615651e-01
5.616279743863467067e-01
5.871853204728232356e-01
1.543619629269982474e-01
0.000000000000000000e+00
0.000000000000000000e+00
4.566161929705466194e-01
3.252890957765973701e-01
7.773242086617339341e-02
0.000000000000000000e+00
0.000000000000000000e+00
4.484201232777895174e-01
4.484201232777895174e-01
0.000000000000000000e+00
2.386498101866615651e-01
7.356743730070882670e-01
2.172724255893609957e-01
2.565907737191681082e-01
4.948598353125974736e-01
5.697435762533226145e-01
2.669163474490088839e-01
5.164219734852257826e-01
6.424181362404987050e-01
7.773242086617339341e-02
0.000000000000000000e+00
3.230799148230480422e-01
6.662844906705333026e-01
0.000000000000000000e+00
3.994909323454055583e-01
3.828856953377272054e-01
3.108886372164427758e-01
0.000000000000000000e+00
0.000000000000000000e+00
1.268556657147289490e-01
3.050626841287973345e-01
0.000000000000000000e+00
7.773242086617339341e-02
7.773242086617339341e-02
0.000000000000000000e+00
0.000000000000000000e+00
7.773242086617339341e-02
0.000000000000000000e+00
7.773242086617339341e-02
7.773242086617339341e-02
4.777356180984961287e-01
0.000000000000000000e+00
3.115468618753795549e-01
1.268556657147289490e-01
3.934075288532508097e-01
5.995163515967841805e-01
5.156239953089334360e-01
1.940192957602908941e-01
3.553793981254578793e-01
5.871853204728232356e-01
5.770234618177919605e-01
7.773242086617339341e-02
2.386498101866615651e-01
0.000000000000000000e+00
0.000000000000000000e+00
1.268556657147289490e-01
7.773242086617339341e-02
0.000000000000000000e+00
7.773242086617339341e-02
1.268556657147289490e-01
7.773242086617339341e-02
7.773242086617339341e-02
0.000000000000000000e+00
0.000000000000000000e+00
3.050626841287973345e-01
7.773242086617339341e-02
3.875815757656053129e-01
2.481011385784658019e-01
1.543619629269982474e-01
4.558769914209868102e-01
1.543619629269982474e-01
7.773242086617339341e-02
3.050626841287973345e-01
5.323929473914211785e-01
1.543619629269982474e-01
0.000000000000000000e+00
7.773242086617339341e-02
7.316791650932400470e-01
1.268556657147289490e-01
0.000000000000000000e+00
7.773242086617339341e-02
7.773242086617339341e-02
0.000000000000000000e+00
0.000000000000000000e+00
2.298236780564585635e-01
1.644290036337519301e-01
0.000000000000000000e+00
7.773242086617339341e-02
7.773242086617339341e-02
0.000000000000000000e+00
0.000000000000000000e+00
0.000000000000000000e+00
7.773242086617339341e-02
1.543619629269982474e-01
1.644290036337519301e-01
2.023173808441892374e-01
0.000000000000000000e+00
2.386498101866615651e-01
3.429510613392346419e-01
3.828856953377273165e-01
0.000000000000000000e+00
0.000000000000000000e+00
0.000000000000000000e+00
0.000000000000000000e+00
7.773242086617339341e-02
0.000000000000000000e+00
0.000000000000000000e+00
0.000000000000000000e+00
3.311955166900240610e-01
0.000000000000000000e+00
7.773242086617339341e-02
4.398472408880588214e-01
2.386498101866615651e-01
7.773242086617339341e-02
1.268556657147289490e-01
0.000000000000000000e+00
3.600752785533359868e-01
7.773242086617339341e-02
7.773242086617339341e-02
2.565907737191681082e-01
0.000000000000000000e+00
0.000000000000000000e+00
1.268556657147289490e-01
2.765381873970989002e-01
2.023173808441892374e-01
0.000000000000000000e+00
1.543619629269982474e-01
0.000000000000000000e+00
1.268556657147289490e-01
7.773242086617339341e-02
4.331051036721254577e-01
0.000000000000000000e+00
0.000000000000000000e+00
0.000000000000000000e+00
4.198810590680152055e-01
6.149118390282293234e-01
1.543619629269982474e-01
2.023173808441892374e-01
0.000000000000000000e+00
5.029754371795733814e-01
3.819926818575778427e-01
3.163965542338472714e-01
0.000000000000000000e+00
7.773242086617339341e-02
3.311955166900240610e-01
3.994909323454056138e-01
0.000000000000000000e+00
1.268556657147289490e-01
4.083457357619413308e-01
0.000000000000000000e+00
7.773242086617339341e-02
2.298236780564585635e-01
7.853182948667360996e-01
7.249370278773067389e-01
3.830254488550828285e-01
3.934075288532508097e-01
2.023173808441892374e-01
5.156239953089334360e-01
6.598976185862135413e-01
6.991594604476933927e-01
0.000000000000000000e+00
0.000000000000000000e+00
0.000000000000000000e+00
0.000000000000000000e+00
0.000000000000000000e+00
0.000000000000000000e+00
0.000000000000000000e+00
0.000000000000000000e+00
0.000000000000000000e+00
7.773242086617339341e-02
0.000000000000000000e+00
7.773242086617339341e-02
7.773242086617339341e-02
7.773242086617339341e-02
6.374047288072213213e-01
1.543619629269982474e-01
2.481011385784658019e-01
2.298236780564585635e-01
1.543619629269982474e-01
0.000000000000000000e+00
3.733580997841788318e-01
3.555191516428135023e-01
0.000000000000000000e+00
6.649110260194908140e-01
3.819926818575778427e-01
5.458772218232880169e-01
6.820352432335921034e-01
3.659012316409814836e-01
2.386498101866615651e-01
6.626445478882987405e-01
6.368292423324711793e-01
4.766411514173227726e-01
2.023173808441892374e-01
1.940192957602908941e-01
2.669163474490088839e-01
0.000000000000000000e+00
3.383949344287121574e-01
0.000000000000000000e+00
3.943237129815387321e-01
1.543619629269982474e-01
1.644290036337519301e-01
7.773242086617339341e-02
0.000000000000000000e+00
7.773242086617339341e-02
2.172724255893609957e-01
2.386498101866615651e-01
7.773242086617339341e-02
3.219289418735475916e-01
0.000000000000000000e+00
7.773242086617339341e-02
0.000000000000000000e+00
0.000000000000000000e+00
2.840405646631102288e-01
0.000000000000000000e+00
1.543619629269982474e-01
1.543619629269982474e-01
7.773242086617339341e-02
0.000000000000000000e+00
3.994909323454055583e-01
4.398472408880588214e-01
3.666159625682454126e-01
2.023173808441892374e-01
2.298236780564585635e-01
6.387781934582639209e-01
1.268556657147289490e-01
1.543619629269982474e-01
4.659800734492856034e-01
3.383949344287121574e-01
1.940192957602908941e-01
3.979636557637732941e-01
7.970738395159466805e-01
7.773242086617339341e-02
7.773242086617339341e-02
7.193481339692792131e-01
7.763096795196106070e-01
5.156239953089334360e-01
5.905077362496586879e-01
8.795927311527546033e-01
7.934338967337120074e-01
3.383949344287121019e-01
7.970738395159466805e-01
7.591854623055092066e-01
8.417043539423173515e-01
8.899748111509223625e-01
8.520864339404851107e-01
7.645541348704001372e-01
8.074559195141146617e-01
8.074559195141146617e-01
8.141980567300478588e-01
7.934338967337120074e-01
8.313222739441492593e-01
9.449874055754612368e-01
8.299488092931067706e-01
2.887510125690642138e-01
4.821735390570230928e-01
2.023173808441892374e-01
3.830254488550828285e-01
0.000000000000000000e+00
7.773242086617339341e-02
5.102553227440427275e-01
3.040444846093681708e-01
0.000000000000000000e+00
7.773242086617339341e-02
4.209138260655201358e-01
2.023173808441892374e-01
0.000000000000000000e+00
3.050626841287973345e-01
7.773242086617339341e-02
0.000000000000000000e+00
0.000000000000000000e+00
3.600752785533359868e-01
7.773242086617339341e-02
7.773242086617339341e-02
1.543619629269982474e-01
3.050626841287973345e-01
7.773242086617339341e-02
1.644290036337519301e-01
0.000000000000000000e+00
1.543619629269982474e-01
1.543619629269982474e-01
3.875815757656053129e-01
2.565907737191681082e-01
2.840405646631102288e-01
2.172724255893609957e-01
7.773242086617339341e-02
2.481011385784658019e-01
2.765381873970989002e-01
1.543619629269982474e-01
7.773242086617339341e-02
1.543619629269982474e-01
0.000000000000000000e+00
3.587018139022933871e-01
7.773242086617339341e-02
3.553793981254578793e-01
4.768426046183467659e-01
7.773242086617339341e-02
2.765381873970989002e-01
5.616279743863468177e-01
6.525799948955298690e-01
5.102553227440427275e-01
5.335461906993271830e-01
7.474299176562987368e-01
7.081680757948188853e-01
7.356743730070882670e-01
6.814597567588418503e-01
9.346053255772932555e-01
2.887510125690642138e-01
2.669163474490088839e-01
5.593614962551547443e-01
6.216539762441626316e-01
5.391350846073547087e-01
7.773242086617339341e-02
7.303057004421974474e-01
0.000000000000000000e+00
1.543619629269982474e-01
1.644290036337519301e-01
6.626445478882987405e-01
3.108886372164427758e-01
3.996546474202151145e-01
1.543619629269982474e-01
2.765381873970989002e-01
0.000000000000000000e+00
0.000000000000000000e+00
5.714345679097644348e-01
7.773242086617339341e-02
7.773242086617339341e-02
0.000000000000000000e+00
2.481011385784658019e-01
0.000000000000000000e+00
7.773242086617339341e-02
2.765381873970989002e-01
5.223661325248667442e-01
7.773242086617339341e-02
1.268556657147289490e-01
2.565907737191681082e-01
0.000000000000000000e+00
7.773242086617339341e-02
0.000000000000000000e+00
3.383949344287121574e-01
4.479628427550347847e-01
7.773242086617339341e-02
6.387781934582639209e-01
3.979636557637733496e-01
1.644290036337519301e-01
7.773242086617339341e-02
7.773242086617339341e-02
7.773242086617339341e-02
7.773242086617339341e-02
0.000000000000000000e+00
0.000000000000000000e+00
1.543619629269982474e-01
1.543619629269982474e-01
2.765381873970989002e-01
0.000000000000000000e+00
2.351118827955681612e-01
7.773242086617339341e-02
3.383949344287121019e-01
4.633583301864799275e-01
1.644290036337519301e-01
3.830254488550828285e-01
7.866917595177786993e-01
5.156239953089334360e-01
2.023173808441892374e-01
0.000000000000000000e+00
7.773242086617339341e-02
4.491348542050535020e-01
3.163965542338472714e-01
0.000000000000000000e+00
2.607874348340401549e-01
4.280916962388482405e-01
0.000000000000000000e+00
1.268556657147289490e-01
3.230799148230480422e-01
2.481011385784658019e-01
0.000000000000000000e+00
0.000000000000000000e+00
0.000000000000000000e+00
0.000000000000000000e+00
3.311955166900240610e-01
2.765381873970989002e-01
0.000000000000000000e+00
0.000000000000000000e+00
0.000000000000000000e+00
7.773242086617339341e-02
5.714345679097645458e-01
0.000000000000000000e+00
1.268556657147289490e-01
1.268556657147289490e-01
0.000000000000000000e+00
2.481011385784658019e-01
1.543619629269982474e-01
0.000000000000000000e+00
7.773242086617339341e-02
2.023173808441892374e-01
0.000000000000000000e+00
0.000000000000000000e+00
2.298236780564585635e-01
7.773242086617339341e-02
2.481011385784658019e-01
7.773242086617339341e-02
1.268556657147289490e-01
1.543619629269982474e-01
1.268556657147289490e-01
1.644290036337519301e-01
6.716531632354242332e-01
3.163965542338472714e-01
5.927742143808507613e-01
7.095415404458614850e-01
7.252922930089202858e-01
7.193481339692793242e-01
7.695675423036774099e-01
6.820352432335921034e-01
5.431302925212028176e-01
7.578119976544666070e-01
7.420612450914079172e-01
7.193481339692791021e-01
8.403308892912747519e-01
8.141980567300478588e-01
7.249370278773066278e-01
8.245801367282158401e-01
6.937907878828026842e-01
8.245801367282159511e-01
7.095415404458613740e-01
8.141980567300478588e-01
7.853182948667358776e-01
7.524433250895758984e-01
7.572365111797164650e-01
8.024425120808375000e-01
1.000000000000000000e+00
7.193481339692792131e-01
7.763096795196106070e-01
7.022239167551778127e-01
9.174811083631918551e-01
7.199236204440293552e-01
7.089660539711112319e-01
8.141980567300478588e-01
8.128245920790053702e-01
8.245801367282159511e-01
7.749362148685681184e-01
6.974307306650373572e-01
7.578119976544668290e-01
8.141980567300480809e-01
4.209138260655201358e-01
7.591854623055092066e-01
7.749362148685681184e-01
4.529762501883120018e-01
6.820352432335921034e-01
8.141980567300478588e-01
4.948598353125974736e-01
7.420612450914079172e-01
8.245801367282159511e-01
4.766411514173227726e-01
6.870486506668693760e-01
8.692106511545865111e-01
5.770234618177919605e-01
6.612710832372560299e-01
6.702796985843815225e-01
8.038159767318800997e-01
3.769415362980861883e-01
8.349622167263839323e-01
5.012467073969172349e-01
7.773242086617339341e-02
7.773242086617339341e-02
7.773242086617339341e-02
3.494352390858169177e-01
2.840405646631102843e-01
7.773242086617339341e-02
2.023173808441892374e-01
1.644290036337519301e-01
0.000000000000000000e+00
0.000000000000000000e+00
7.773242086617339341e-02
0.000000000000000000e+00
0.000000000000000000e+00
7.773242086617339341e-02
2.765381873970989002e-01
0.000000000000000000e+00
7.773242086617339341e-02
4.083457357619413308e-01
3.808394385496720047e-01
0.000000000000000000e+00
7.773242086617339341e-02
0.000000000000000000e+00
3.230799148230480422e-01
3.943237129815387321e-01
2.490318901848295741e-01
6.662844906705333026e-01
3.553793981254578793e-01
0.000000000000000000e+00
4.768426046183467659e-01
5.868677934674240149e-01
8.245801367282159511e-01
6.076319534637600883e-01
7.027994032299280658e-01
7.316791650932400470e-01
7.488033823073413364e-01
5.666413818196239793e-01
5.212716658436935546e-01
4.269972295576748289e-01
