3.174644958747940282e-01
3.655557500463715859e-01
2.972363604458501674e-01
3.250994791884838642e-01
2.972363604458501674e-01
2.846432083305961980e-01
3.174644958747940282e-01
3.558990048566846309e-01
4.039902590282621331e-01
3.837621235993183277e-01
3.761271402856284363e-01
3.433058527414307171e-01
3.761271402856284363e-01
4.039902590282621331e-01
3.761271402856284918e-01
4.416948879491080504e-01
5.273495817665794227e-01
5.147564296513253979e-01
5.349845650802692587e-01
5.221597330190381747e-01
6.374261324768012438e-01
6.939011540537168843e-01
7.965466487720902489e-01
8.507680686837032491e-01
8.344880559292947586e-01
7.449304847728007717e-01
9.595437291421122783e-01
8.480912541715777131e-01
8.062017243398377220e-01
8.431330853700136352e-01
8.416998263961613658e-01
7.354805843573234414e-01
9.114524749705349427e-01
7.774905102816179747e-01
6.939011540537168843e-01
8.305399332547594993e-01
1.000000000000000000e+00
5.822589756476035383e-01
3.529313462197747886e-01
7.863968017577173120e-01
2.833947143452693607e-01
6.348243400998583308e-01
6.240915710871422495e-02
6.101220943902372351e-01
6.240915710871422495e-02
3.071214463376354953e-01
6.351447781873628129e-01
5.210905108398852237e-01
6.240915710871422495e-02
8.051916782128089034e-01
1.242569636413160400e-01
5.481941325651321639e-01
0.000000000000000000e+00
2.846432083305961980e-01
0.000000000000000000e+00
3.936036337775306038e-01
0.000000000000000000e+00
1.040288282123722069e-01
6.240915710871422495e-02
2.378786191350684420e-01
0.000000000000000000e+00
0.000000000000000000e+00
3.558990048566846309e-01
0.000000000000000000e+00
1.652642464309162229e-01
6.240915710871422495e-02
0.000000000000000000e+00
0.000000000000000000e+00
0.000000000000000000e+00
6.240915710871422495e-02
0.000000000000000000e+00
1.652928183890516045e-01
2.581067545640122751e-01
0.000000000000000000e+00
7.727936035154343575e-01
4.133840725606291455e-01
0.000000000000000000e+00
4.709962041126472543e-01
2.086888354163849713e-01
3.635339881703745224e-01
0.000000000000000000e+00
0.000000000000000000e+00
0.000000000000000000e+00
4.784830387096466464e-01
0.000000000000000000e+00
0.000000000000000000e+00
1.040288282123722069e-01
2.481350601472437634e-01
0.000000000000000000e+00
0.000000000000000000e+00
5.773008068460393494e-01
3.898939589612933077e-01
3.445023334789242275e-01
0.000000000000000000e+00
0.000000000000000000e+00
4.179467811395056187e-01
5.341677214760259806e-01
6.014770649495184696e-01
6.348243400998583308e-01
9.847300333726204391e-01
8.480912541715777131e-01
8.012435555382736441e-01
8.179467811395055854e-01
9.114524749705349427e-01
8.660380353110831431e-01
8.988593228552810288e-01
7.015361373674067202e-01
8.421230392429848166e-01
7.797718645710561836e-01
8.258430264885759930e-01
8.103117978258157494e-01
8.861042199285843468e-01
7.824486790831821637e-01
8.169367350124767668e-01
6.128266615264986727e-01
7.153728450209343448e-01
7.267224415979147700e-01
9.827099411185625799e-01
7.647354073549212927e-01
7.648973581663639498e-01
8.662992973464637148e-01
8.749443267871824803e-01
7.849635427838651536e-01
8.204616448401885753e-01
7.837199872455915539e-01
8.623511746719285664e-01
8.182080431748861571e-01
9.302473514256264231e-01
8.951724622161263412e-01
8.214716909672173939e-01
8.897910805677388124e-01
7.026177420942375518e-01
7.936085722245838081e-01
8.573930058703644885e-01
8.179467811395055854e-01
7.504754868545703284e-01
7.847300333726204835e-01
7.971750367711838425e-01
8.326731388275072643e-01
8.609179156980762970e-01
6.179467811395056298e-01
8.941624160890975226e-01
8.695629451387949516e-01
7.733804367956399473e-01
9.230355809587600380e-01
7.795821611354776248e-01
8.416998263961612547e-01
4.381749165684494796e-01
8.825793101008723163e-01
8.623511746719285664e-01
9.469505770268583644e-01
8.340648430824714188e-01
9.356287330740140629e-01
8.695629451387949516e-01
8.573930058703644885e-01
7.643537492269859568e-01
8.493348097098512017e-01
7.962853867367095662e-01
8.493348097098510907e-01
8.786311874263372790e-01
8.862661707400271149e-01
6.202281354289438386e-01
7.643537492269859568e-01
7.162624950554085101e-01
5.565135907610258004e-01
6.248329803615472189e-01
5.286504720183921036e-01
6.171979970478573829e-01
5.969698616189135221e-01
6.171979970478573829e-01
8.613411285448996368e-01
8.749443267871824803e-01
8.254198136417526532e-01
8.937392032422741828e-01
4.786311874263370902e-01
7.973231854878743974e-01
7.176541993103725536e-01
7.967085995835330170e-01
6.447998537551105080e-01
7.725323414800540078e-01
8.988593228552808068e-01
7.333473787845757874e-01
6.303502298191810960e-01
8.026768145121256914e-01
8.699861579856185134e-01
8.652892512194348962e-01
8.278631187426337412e-01
8.569697930235410377e-01
7.484553946005126912e-01
9.104424288435059021e-01
2.859698733066459719e-01
3.061980087355897773e-01
3.250994791884838642e-01
3.174644958747940282e-01
3.837621235993183277e-01
3.433058527414306615e-01
4.584030519973933404e-01
5.190874582842247564e-01
4.388020567371141434e-01
7.409823620982656234e-01
7.031437297003797493e-01
8.623511746719285664e-01
8.124450033985635145e-01
6.573930058703645329e-01
9.087756604584091846e-01
7.572623748526742249e-01
8.470812080445487835e-01
8.961825083431552708e-01
9.721368812573664142e-01
8.759543729142112989e-01
7.031437297003797493e-01
9.428405035408805590e-01
5.843767095036596082e-01
9.114524749705349427e-01
4.709962041126472543e-01
8.416998263961612547e-01
5.273495817665794227e-01
8.786311874263370569e-01
8.470812080445486725e-01
6.939011540537168843e-01
8.623511746719285664e-01
9.548468223759289941e-01
8.305399332547594993e-01
8.458098998821393932e-01
9.711268351303374846e-01
8.340648430824715298e-01
6.708480553959567105e-01
7.707036222835141892e-01
8.251863042305079832e-01
7.930217389443783294e-01
7.711268351303375290e-01
6.695629451387949960e-01
8.961825083431552708e-01
9.104424288435059021e-01
9.190874582842247786e-01
7.922168679696196536e-01
8.673093434734926443e-01
9.671787124558023363e-01
8.381749165684493352e-01
9.432637163877038988e-01
9.306705642724498739e-01
8.988593228552808068e-01
8.547161913582385084e-01
8.660380353110831431e-01
9.366387792010427704e-01
9.760850039319015625e-01
7.973231854878743974e-01
9.711268351303373736e-01
7.038174916568449291e-01
5.549810205632359494e-01
7.364906304843522600e-01
7.107787130140695853e-01
8.268530726156049226e-01
9.469505770268583644e-01
3.405591492514422058e-01
3.405591492514422058e-01
6.096380358693503920e-01
6.069612213572246340e-01
7.141292894826607451e-01
6.978492767282522546e-01
6.883993763127748133e-01
7.517605971117320429e-01
7.076174656146897446e-01
7.525654680864906076e-01
7.837199872455915539e-01
9.316806103994786925e-01
8.606844062868316270e-01
9.366387792010427704e-01
7.143905515180412058e-01
8.835893562279011348e-01
9.154005976450700910e-01
8.497580225566746526e-01
8.991205848906616005e-01
8.214716909672173939e-01
8.470812080445487835e-01
8.815692639738432757e-01
6.379852131328709319e-01
6.950243134994358307e-01
8.268530726156050337e-01
7.436000005582674710e-01
9.141292894826604787e-01
7.950418311984360775e-01
7.723703906686111287e-01
8.875374789024365052e-01
9.017973994027873585e-01
9.279937497603240049e-01
9.143905515180412724e-01
8.855173866483786460e-01
9.104424288435061241e-01
9.422536702606748582e-01
5.297947163327281217e-01
6.095630137341675470e-01
6.450611157904910797e-01
5.969698616189135221e-01
6.626874588424920276e-01
6.829155942714358885e-01
7.651586202017446325e-01
7.366387792010428148e-01
8.709962041126472210e-01
8.026768145121256914e-01
8.384361786038301290e-01
8.542929785114152796e-01
9.472118390622391582e-01
8.749443267871824803e-01
8.739342806601535507e-01
7.517605971117320429e-01
8.218949038140409558e-01
7.519087458284225978e-01
8.542929785114152796e-01
9.442737625147328284e-01
8.169367350124767668e-01
8.988593228552808068e-01
8.039481226745353037e-01
8.547161913582387305e-01
9.432637163877038988e-01
7.977186457105617245e-01
9.306705642724498739e-01
8.305399332547594993e-01
7.661686663287734511e-01
8.179467811395055854e-01
6.939011540537168843e-01
9.316806103994786925e-01
8.406897802691325472e-01
8.660380353110831431e-01
9.104424288435061241e-01
8.662992973464637148e-01
9.100192159966825622e-01
9.684500206182117266e-01
8.308011952901400710e-01
8.085529676071386840e-01
9.240456270857886345e-01
8.493348097098512017e-01
8.875374789024365052e-01
9.154005976450700910e-01
8.177848303280628173e-01
8.547161913582387305e-01
8.825793101008723163e-01
8.941624160890975226e-01
9.180774121571957380e-01
9.154005976450700910e-01
8.709962041126474430e-01
8.606844062868316270e-01
8.530494229731417910e-01
8.202281354289439053e-01
8.278631187426337412e-01
7.651586202017446325e-01
7.643537492269859568e-01
7.469505770268586309e-01
7.469505770268586309e-01
6.955087463866899133e-01
6.464074460880835371e-01
6.905505775851257244e-01
6.101220943902372351e-01
6.582133485618147928e-01
6.171979970478573829e-01
5.347528851342920886e-01
5.500228517616718715e-01
5.828441393058696463e-01
5.135147035783194092e-01
5.549810205632359494e-01
3.810104816622765789e-01
4.138317692064743536e-01
4.138317692064743536e-01
3.936036337775306038e-01
3.810104816622765789e-01
4.340599046354182144e-01
4.214667525201643006e-01
5.349845650802692587e-01
5.273495817665794227e-01
4.666651754797478402e-01
4.338438879355500100e-01
5.273495817665794227e-01
4.580201460390290746e-01
4.580201460390291301e-01
5.273495817665793117e-01
5.475777171955231726e-01
5.273495817665794227e-01
4.377920106100852138e-01
4.580201460390290746e-01
4.377920106100852138e-01
7.286504720183922812e-01
7.430740129521252735e-01
5.245126459082783965e-01
4.782482814679729355e-01
5.478685613203071458e-01
5.558568685029577905e-01
8.254198136417526532e-01
6.059511752301958154e-01
6.306530465734496715e-01
5.610207940916308589e-01
5.471840864381032343e-01
