6.782246744354558654e-01
6.968975883262564786e-01
7.269542663005622574e-01
7.235508665416398033e-01
7.012333777471917440e-01
7.474069757709843609e-01
7.890885929735207416e-01
8.435687142110259717e-01
8.355883498864429271e-01
7.388203806735181844e-01
5.811609037218771201e-01
6.730414790969118100e-01
7.969194579254483823e-01
2.995568260514181458e-01
6.959651986642434451e-01
6.503432050574056156e-01
3.620113451092547008e-01
6.595517605446552523e-01
1.167009156822401278e-01
2.692589729323870418e-01
5.859103864548972224e-02
3.993571728908558160e-01
2.692589729323870418e-01
5.859103864548972224e-02
5.859103864548972224e-02
3.270854266684895539e-01
4.697453807668571790e-01
1.167009156822401278e-01
2.692853481618701639e-01
5.859103864548972224e-02
6.951838496294820979e-01
1.167009156822401278e-01
3.596341748698215768e-01
4.497448439375573148e-01
2.127315833725015315e-01
5.859103864548972224e-02
1.556388884093422298e-01
5.533886870556838922e-01
5.859103864548972224e-02
5.859103864548972224e-02
2.909642644497001940e-01
5.859103864548972224e-02
5.859103864548972224e-02
5.859103864548972224e-02
1.167009156822401278e-01
5.859103864548972224e-02
5.859103864548972224e-02
2.127315833725015315e-01
3.350657909930725431e-01
5.859103864548972224e-02
4.617650164422742454e-01
5.859103864548972224e-02
1.556388884093422298e-01
5.661871910906527416e-01
6.053977981962797017e-01
5.859103864548972224e-02
5.859103864548972224e-02
5.859103864548972224e-02
5.859103864548972224e-02
5.859103864548972224e-02
5.859103864548972224e-02
5.099272742735257991e-01
1.167009156822401278e-01
5.859103864548972224e-02
3.200118331166971197e-01
1.167009156822401278e-01
5.859103864548972224e-02
5.859103864548972224e-02
3.362904565558841874e-01
3.362904565558841874e-01
5.859103864548972224e-02
5.859103864548972224e-02
5.328120971018287522e-01
5.859103864548972224e-02
1.167009156822401278e-01
4.773722785045704242e-01
1.870106948191310181e-01
1.299179998559717164e-01
7.209430980055006044e-01
5.398600717643987634e-01
7.066577482304609026e-01
4.773722785045704242e-01
8.371269703213393143e-01
1.743118023001427319e-01
5.859103864548972224e-02
5.859103864548972224e-02
1.167009156822401278e-01
5.859103864548972224e-02
0.000000000000000000e+00
5.859103864548972224e-02
5.859103864548972224e-02
5.859103864548972224e-02
5.859103864548972224e-02
0.000000000000000000e+00
5.859103864548972224e-02
5.859103864548972224e-02
5.859103864548972224e-02
5.859103864548972224e-02
5.859103864548972224e-02
5.859103864548972224e-02
1.167009156822401278e-01
5.859103864548972224e-02
2.127315833725015315e-01
4.954662693202276924e-01
2.692589729323870418e-01
6.203411534390282922e-01
8.826943375722487994e-01
7.900209826355337750e-01
8.729341776680439313e-01
7.244832562036529477e-01
7.770985981171320001e-01
7.504453199017486753e-01
8.077615068643213547e-01
8.613092384398135515e-01
7.688770586478238522e-01
6.871374284220518325e-01
7.586412404818342337e-01
7.018411497746714911e-01
7.708462546773451329e-01
8.717606128613056837e-01
8.355883498864429271e-01
7.308400163489350287e-01
8.977226765594015223e-01
5.744087305599607785e-01
7.096704734720026275e-01
7.060258985683549593e-01
6.304274722323623958e-01
5.943244633850041092e-01
6.117545583415617827e-01
5.603127812348208669e-01
7.032025737767130247e-01
6.418112363158677836e-01
8.413132603696192868e-01
7.056352240509744522e-01
9.136834052085672786e-01
7.405484015583139179e-01
8.296883211413886849e-01
8.729341776680439313e-01
7.329203519284638313e-01
8.248958003202253586e-01
9.234435651127718137e-01
9.605482177496477147e-01
7.664060485509145426e-01
5.030931670579409376e-01
8.754051877649533520e-01
7.210798564447304937e-01
6.319660926672587831e-01
7.385792055287927482e-01
6.877436591949351863e-01
7.856851932145983985e-01
8.310113853207823364e-01
7.608966943232409186e-01
7.989997935049771849e-01
8.376686854659716186e-01
9.239852802574044510e-01
8.203188357545649900e-01
8.809145419926269760e-01
7.218754876675135268e-01
7.734540232134844429e-01
8.342652857070492756e-01
9.384719040999248696e-01
9.114279513671608157e-01
8.422456500316322092e-01
8.870301269931839538e-01
7.403590011084143496e-01
4.424974608198787296e-01
9.127510155465542452e-01
7.706568542274454536e-01
7.138951233429305931e-01
6.188025330041317940e-01
7.180415123139662903e-01
8.974815014146761971e-01
7.702661797100648355e-01
7.725216335514715205e-01
9.207313798711372899e-01
7.572521194195933614e-01
9.464522684245078032e-01
7.898714832628782601e-01
8.310113853207823364e-01
9.277793545337074121e-01
9.066354305459974894e-01
1.000000000000000000e+00
9.127510155465542452e-01
9.754270573641452557e-01
8.485107344048447020e-01
6.675321248692382969e-01
9.136834052085672786e-01
8.077615068643213547e-01
9.047706512219714226e-01
7.773141543726348468e-01
8.670341489229898002e-01
8.460397243079353924e-01
4.987156109473889209e-01
7.667711041790726822e-01
4.896307562034244998e-01
4.831501155747093268e-01
6.196546774209940045e-01
5.137857166241585061e-01
5.753411202219738119e-01
5.189060851429690979e-01
8.230310209961994028e-01
5.337287571469419012e-01
4.823416063961292743e-01
8.376686854659716186e-01
3.457583405592901671e-01
4.922365403943051443e-01
3.806842590000552584e-01
6.218152582456736299e-01
3.806842590000552584e-01
8.809145419926269760e-01
5.404663025372821172e-01
2.879582620526706660e-01
2.879582620526706660e-01
7.385792055287928592e-01
5.244364995007594343e-01
3.439506284955891613e-01
7.026224988094327273e-01
8.523964844532175844e-01
7.475580163982361581e-01
4.800426970565883078e-01
8.936874271383734580e-01
7.807175541315571898e-01
8.674248234403705293e-01
9.123603410291737381e-01
4.354783351096452315e-01
4.896307562034244998e-01
2.692853481618701639e-01
6.368435972328265748e-01
7.403590011084144606e-01
5.543210767176969256e-01
6.420524114605928867e-01
8.668185926674869535e-01
7.097653464887296870e-01
4.625222878424092854e-01
5.251421620494756137e-01
6.503978314133341820e-01
6.871374284220517215e-01
8.107998509950854471e-01
7.020162680365492625e-01
7.841465727797020113e-01
7.253306621212615157e-01
7.902621577802589892e-01
7.032025737767130247e-01
5.556555714240094535e-01
6.648859965104509939e-01
8.355883498864429271e-01
8.144188070095106369e-01
9.439812583275983826e-01
9.253083444367977695e-01
8.658862030054741421e-01
4.763176971676421623e-01
3.246655173276536410e-01
5.870899399336373392e-01
3.910845326654740495e-01
1.167009156822401278e-01
2.995568260514181458e-01
2.706760104787073740e-01
3.607866795464430565e-01
4.437126155123787830e-01
2.314044972633020614e-01
7.284382603795301891e-01
6.691106463813787375e-01
2.706760104787073740e-01
3.350657909930725986e-01
4.493315680354636465e-01
0.000000000000000000e+00
4.327646086134143699e-01
2.506124342710696062e-01
1.743118023001427319e-01
7.546443508834540514e-01
5.816461056724304690e-01
4.739961864433881455e-01
5.543210767176969256e-01
8.367362958039588072e-01
7.969194579254483823e-01
7.397527703355309958e-01
6.728663608350339276e-01
6.677733000139635111e-01
7.032025737767130247e-01
5.749248268153707153e-01
7.967039016699456466e-01
6.234487516972969656e-01
8.264344207551217458e-01
1.167009156822401278e-01
1.167009156822401278e-01
6.105536858370835818e-01
8.028194866705026245e-01
5.859103864548972224e-02
0.000000000000000000e+00
4.265640398684529266e-01
6.159152295006193878e-01
4.430921025514737432e-01
3.448244096426808514e-01
4.922365403943050333e-01
5.759473509948571657e-01
1.991442819348455129e-01
4.899312962033317009e-01
4.933603148514765224e-01
1.556388884093422298e-01
1.743118023001427319e-01
4.893349547027708857e-01
1.167009156822401278e-01
3.362904565558841874e-01
4.800426970565883078e-01
5.859103864548972224e-02
4.800426970565884188e-01
4.470744253855393202e-01
2.314044972633020614e-01
8.520058099358368553e-01
7.856851932145983985e-01
5.585329856551992656e-01
3.999107616530694354e-01
7.128583169754223459e-01
5.972423156098187746e-01
3.439506284955891613e-01
4.124035749150619101e-01
5.244364995007594343e-01
6.985872493884044410e-01
4.149391006402224358e-01
6.051115403843942975e-01
7.212954127002332294e-01
2.506124342710696062e-01
9.066354305459974894e-01
4.688129911048442011e-01
7.385792055287927482e-01
3.620113451092547008e-01
5.064692481586750006e-01
7.786372185520283873e-01
4.323995529852561193e-01
3.589203589678207629e-01
8.123384714299819453e-01
6.286476766527407944e-01
1.556388884093422298e-01
1.167009156822401278e-01
7.209430980055006044e-01
5.375789990337697111e-01
4.800426970565883078e-01
4.265640398684529266e-01
6.462130826196504918e-01
7.780309877791451445e-01
4.987156109473889209e-01
4.160435910596037568e-01
7.957458931187102458e-01
8.521553093084922592e-01
5.375789990337696000e-01
5.732078580554824665e-01
8.551936534392563516e-01
9.314239294373548583e-01
9.066354305459974894e-01
4.963663172485059949e-01
4.684177578283578169e-01
5.093871003834897770e-01
5.139640649491503677e-01
3.783070887606220789e-01
1.991442819348455129e-01
5.477554523445772316e-01
3.549633704466848005e-01
5.315535485506861502e-01
4.136416553500512072e-01
0.000000000000000000e+00
4.476533375002343940e-01
3.061555176816861401e-01
1.795653536115150994e-01
1.743118023001427319e-01
0.000000000000000000e+00
2.132666064894685742e-01
0.000000000000000000e+00
5.859103864548972224e-02
5.859103864548972224e-02
4.426968692749873036e-01
6.053977981962797017e-01
3.059926034368530834e-01
2.909642644497001940e-01
1.743118023001427319e-01
1.567128417000999696e-01
3.942257522471372955e-01
1.167009156822401278e-01
4.533894188412049275e-01
4.310719300467567017e-01
4.310764888058625233e-01
3.783070887606220789e-01
7.026224988094327273e-01
5.471236026824715104e-01
6.055022149017749156e-01
8.052904967674119341e-01
5.918807719462830796e-01
3.066048007139881015e-01
2.506124342710696062e-01
3.794595934372435586e-01
7.660798896617849740e-01
7.691182337925490664e-01
7.780309877791451445e-01
9.007354018009433583e-01
7.936655575391813322e-01
7.970689572981037863e-01
7.898714832628782601e-01
7.397527703355309958e-01
7.963777427808159670e-01
6.831120682733462512e-01
6.196546774209938935e-01
7.027173718261596758e-01
6.910924325979290739e-01
7.102121886166350428e-01
6.290127322808990451e-01
5.777848226211429461e-01
5.514850109926292543e-01
4.800426970565883078e-01
3.806842590000552584e-01
2.692589729323870418e-01
3.059926034368531389e-01
3.246655173276536410e-01
3.362904565558841874e-01
3.620113451092547008e-01
3.362904565558841874e-01
3.362904565558841874e-01
3.620113451092547008e-01
3.362904565558841874e-01
3.549633704466847450e-01
3.620113451092547008e-01
3.910845326654740495e-01
2.909642644497001940e-01
3.607866795464430565e-01
3.794595934372435586e-01
3.962661867494218226e-01
4.336120145310229379e-01
3.634973235334813535e-01
4.336120145310229379e-01
5.789856951256213691e-01
7.547811093226840518e-01
7.283433873628033517e-01
6.427436259778808170e-01
6.117545583415618937e-01
5.674133979080605572e-01
5.276677985023132678e-01
6.001296191133312918e-01
4.929795296064184429e-01
5.101411417205108378e-01
5.057635856099588212e-01
3.910845326654741605e-01
6.275401687288499897e-01
8.203188357545647680e-01
4.987156109473888654e-01
4.987156109473888654e-01
7.688770586478239633e-01
6.617815954968395697e-01
6.360607069434689453e-01
5.398600717643986524e-01
5.624879898310766180e-01
5.613690513802668258e-01
5.404389948395419419e-01
7.559290552401995988e-01
6.080297381927634026e-01
5.962438690649584094e-01
4.510724668760566214e-01
6.885265494842927048e-01
6.794674933696985830e-01
6.968975883262563675e-01
5.328120971018288632e-01
5.661598833929124552e-01
8.517646347911116411e-01
3.433384312184541431e-01
6.117545583415618937e-01
3.892182120868518669e-01
5.116524434972189450e-01
5.664283662353778448e-01
4.195160652058829709e-01
3.549633704466847450e-01
3.549633704466847450e-01
4.124035749150619656e-01
5.408328994200365392e-01
3.248284315724866977e-01
2.300762823108393473e-01
4.696086223276272342e-01
7.347851312524897871e-01
3.295159987717741212e-01
3.934301210243542624e-01
4.002096128444588841e-01
4.327646086134143144e-01
3.481889126625746234e-01
5.147454139839116039e-01
5.398600717643986524e-01
6.463625819923057847e-01
2.300762823108393473e-01
2.842287034046186989e-01
6.812373996769975903e-01
3.377073605927540800e-01
7.773141543726348468e-01
6.727153202077823524e-01
8.180633819131583051e-01
7.856851932145983985e-01
8.331173397895338395e-01
8.417039348869999049e-01
4.470744253855393202e-01
6.517607966699719979e-01
5.496202316686032985e-01
6.883109932287899690e-01
5.356481628268964235e-01
7.315312308662228480e-01
6.774816852233424003e-01
8.178478256576554584e-01
5.302043285656893312e-01
5.408968781319070107e-01
7.140318817821605935e-01
4.070437200600438565e-01
4.387563131305382558e-01
8.224247902233160490e-01
2.419408554291988533e-01
4.727679952807215535e-01
6.962913575533729027e-01
4.550274710519339738e-01
3.934301210243542624e-01
4.314671633232431414e-01
7.782465440346477692e-01
5.407074776820073314e-01
4.273207743522074442e-01
7.033393322159429140e-01
6.717184149175181584e-01
5.624879898310766180e-01
4.579453232767487503e-01
5.886557205123523762e-01
4.429169842895957498e-01
3.815366989536583819e-01
5.044834400123188178e-01
5.585329856551992656e-01
5.366722282609791561e-01
6.889172240016733229e-01
6.471838321043112963e-01
7.405484015583140289e-01
6.862050387600387991e-01
7.584256842263314979e-01
9.239852802574043400e-01
6.839495849186321141e-01
5.398600717643987634e-01
5.244364995007594343e-01
8.530876989705054037e-01
5.187004181597889563e-01
4.169759807216168457e-01
4.149391006402224358e-01
6.691106463813788485e-01
6.055022149017749156e-01
4.987156109473888654e-01
6.840444579353590626e-01
8.925394812208574669e-01
8.306207108034016073e-01
9.767501215435387962e-01
8.866394524758031137e-01
8.647126381987358945e-01
6.915392747258345407e-01
6.532610572822203920e-01
7.359330771700055562e-01
7.097653464887296870e-01
7.168133211512998093e-01
6.573911797199757379e-01
6.326026808286181469e-01
4.458735419206128481e-01
6.307379015045921911e-01
6.383275913117945066e-01
6.270933266009446339e-01
6.595517605446553633e-01
6.978299779882694009e-01
6.484685364610570657e-01
7.592213154491146421e-01
7.032025737767130247e-01
7.670122793237978964e-01
7.849422040024851555e-01
7.475963762208840402e-01
7.148275130049436266e-01
7.245876729091481616e-01
7.082813524097616442e-01
7.206891819273498756e-01
6.928623389052280812e-01
7.791789336966609136e-01
6.612414216068033257e-01
7.392253373789204884e-01
6.181706833420259617e-01
4.830971889877467840e-01
6.645336818157182579e-01
4.830971889877467840e-01
6.453755659743645179e-01
6.195598044042669450e-01
5.156521847567021588e-01
4.969792708659016567e-01
6.645336818157183689e-01
7.069582882303681037e-01
7.253306621212615157e-01
6.265417221839896245e-01
7.572521194195933614e-01
6.057628538244379524e-01
6.057628538244379524e-01
6.035057111745135705e-01
4.457513612061457242e-01
5.208336912867284063e-01
4.426968692749873036e-01
3.794595934372436141e-01
3.093449024397020297e-01
4.097574465562746626e-01
3.457583405592901671e-01
3.794595934372436141e-01
3.981325073280441162e-01
4.097574465562746626e-01
6.612414216068034367e-01
6.658183861724639163e-01
6.910924325979290739e-01
7.572521194195932503e-01
7.235508665416399143e-01
7.305988412042099256e-01
6.755124891938212306e-01
6.941854030846217327e-01
7.146381125550439473e-01
9.617217825563859623e-01
8.671836482956453152e-01
8.007135322017513435e-01
9.234435651127721467e-01
7.911945474422720226e-01
6.163315229072223733e-01
8.750145132475726228e-01
7.572521194195932503e-01
9.384719040999248696e-01
5.171891163830808491e-01
5.860336697881912693e-01
6.425685077160028236e-01
7.700250045653396214e-01
6.675321248692381859e-01
8.380593599833523477e-01
8.337235705624169713e-01
5.061588188864452054e-01
7.133150483756501847e-01
6.200453519383746226e-01
5.356481628268963124e-01
7.155705022170568697e-01
4.870906717191583746e-01
4.168054212188446184e-01
5.141391832110281390e-01
3.246655173276536410e-01
6.745800995318083082e-01
5.684170260428368371e-01
4.452369537592535398e-01
5.025142439827976482e-01
3.270854266684895539e-01
4.323995529852561193e-01
