3.246655173276536965e-01
3.549633704466848005e-01
3.724116187746736584e-01
4.452369537592535398e-01
5.211871578735982613e-01
5.848327972837130684e-01
6.782246744354559764e-01
6.968975883262564786e-01
7.269542663005623684e-01
7.235508665416400254e-01
7.012333777471918550e-01
7.474069757709844719e-01
7.890885929735208526e-01
8.435687142110260828e-01
8.355883498864432601e-01
7.388203806735181844e-01
5.811609037218772311e-01
6.730414790969119210e-01
7.969194579254483823e-01
2.995568260514182013e-01
6.959651986642435562e-01
6.503432050574058376e-01
3.620113451092547563e-01
6.595517605446554743e-01
1.167009156822401417e-01
2.692589729323871528e-01
5.859103864548972918e-02
3.993571728908558716e-01
2.692589729323871528e-01
5.859103864548972918e-02
5.859103864548972918e-02
3.270854266684896094e-01
4.697453807668572345e-01
1.167009156822401417e-01
2.692853481618702194e-01
5.859103864548972918e-02
6.951838496294822090e-01
1.167009156822401417e-01
3.596341748698216323e-01
4.497448439375573703e-01
2.127315833725015592e-01
5.859103864548972918e-02
1.556388884093422575e-01
5.533886870556840032e-01
5.859103864548972918e-02
5.859103864548972918e-02
2.909642644497002495e-01
5.859103864548972918e-02
5.859103864548972918e-02
5.859103864548972918e-02
1.167009156822401417e-01
5.859103864548972918e-02
5.859103864548972918e-02
2.127315833725015592e-01
3.350657909930726541e-01
5.859103864548972918e-02
4.617650164422743564e-01
5.859103864548972918e-02
1.556388884093422575e-01
5.661871910906527416e-01
6.053977981962797017e-01
5.859103864548972918e-02
5.859103864548972918e-02
5.859103864548972918e-02
5.859103864548972918e-02
5.859103864548972918e-02
5.859103864548972918e-02
5.099272742735259101e-01
1.167009156822401417e-01
5.859103864548972918e-02
3.200118331166971752e-01
1.167009156822401417e-01
5.859103864548972918e-02
5.859103864548972918e-02
3.362904565558842429e-01
3.362904565558842429e-01
5.859103864548972918e-02
5.859103864548972918e-02
5.328120971018288632e-01
5.859103864548972918e-02
1.167009156822401417e-01
4.773722785045705352e-01
1.870106948191310459e-01
1.299179998559717442e-01
7.209430980055007154e-01
5.398600717643988744e-01
7.066577482304610136e-01
4.773722785045705352e-01
8.371269703213394253e-01
1.743118023001427597e-01
5.859103864548972918e-02
5.859103864548972918e-02
1.167009156822401417e-01
5.859103864548972918e-02
0.000000000000000000e+00
5.859103864548972918e-02
5.859103864548972918e-02
5.859103864548972918e-02
5.859103864548972918e-02
0.000000000000000000e+00
5.859103864548972918e-02
5.859103864548972918e-02
5.859103864548972918e-02
5.859103864548972918e-02
5.859103864548972918e-02
5.859103864548972918e-02
1.167009156822401417e-01
5.859103864548972918e-02
2.127315833725015592e-01
4.954662693202278034e-01
2.692589729323871528e-01
6.203411534390282922e-01
8.826943375722485774e-01
7.900209826355338860e-01
8.729341776680442644e-01
7.244832562036530588e-01
7.770985981171322221e-01
7.504453199017487863e-01
8.077615068643214657e-01
8.613092384398135515e-01
7.688770586478239633e-01
6.871374284220518325e-01
7.586412404818344557e-01
4.767933554294271903e-01
5.777848226211430571e-01
5.404389948395421639e-01
5.101411417205109489e-01
5.288140556113115620e-01
5.907345148372851185e-01
5.851012801261784579e-01
6.047065836789919935e-01
6.153991332452095619e-01
6.355205330534329233e-01
6.840444579353592847e-01
7.027173718261597868e-01
7.769618396779022218e-01
8.786590881512202911e-01
9.277793545337075232e-01
7.018411497746714911e-01
7.708462546773452440e-01
8.355883498864430381e-01
7.308400163489351398e-01
8.977226765594017444e-01
5.744087305599608895e-01
7.096704734720028496e-01
7.060258985683551813e-01
6.304274722323625069e-01
5.943244633850042202e-01
6.117545583415618937e-01
5.603127812348208669e-01
7.032025737767131357e-01
6.418112363158678946e-01
8.413132603696195089e-01
7.056352240509746743e-01
9.136834052085676117e-01
7.405484015583141399e-01
8.296883211413890180e-01
8.729341776680441534e-01
7.329203519284639423e-01
8.248958003202256917e-01
4.896307562034246108e-01
9.234435651127721467e-01
9.605482177496481588e-01
7.664060485509146536e-01
5.030931670579409376e-01
8.754051877649535740e-01
7.210798564447306047e-01
6.300367977149818888e-01
6.620227706415647839e-01
8.417039348870000159e-01
7.740602539863679077e-01
7.048779526508394122e-01
7.385792055287929703e-01
6.319660926672588941e-01
7.385792055287928592e-01
6.877436591949352973e-01
7.856851932145985096e-01
8.310113853207824475e-01
7.608966943232411406e-01
7.989997935049772959e-01
8.376686854659719517e-01
9.239852802574043400e-01
8.203188357545649900e-01
8.809145419926269760e-01
7.218754876675137488e-01
7.734540232134846649e-01
8.342652857070494976e-01
9.384719040999250916e-01
9.114279513671610378e-01
8.422456500316323202e-01
8.870301269931841759e-01
7.403590011084145717e-01
4.424974608198787296e-01
9.127510155465544672e-01
7.706568542274455647e-01
7.138951233429307042e-01
6.188025330041319050e-01
7.180415123139665123e-01
5.216438892738262112e-01
6.420524114605929977e-01
6.864462139047641243e-01
7.502041447570234611e-01
8.203188357545651010e-01
8.974815014146763081e-01
7.702661797100649466e-01
7.725216335514716315e-01
9.207313798711376229e-01
7.572521194195934724e-01
9.464522684245079143e-01
7.898714832628785931e-01
8.310113853207824475e-01
9.277793545337075232e-01
9.066354305459976004e-01
1.000000000000000000e+00
9.127510155465545783e-01
9.754270573641453668e-01
8.485107344048448130e-01
4.987156109473890320e-01
6.675321248692384080e-01
9.136834052085675006e-01
8.077615068643214657e-01
9.047706512219715336e-01
7.773141543726349578e-01
8.670341489229899112e-01
8.273668104171350013e-01
7.260218766385493350e-01
8.754051877649535740e-01
8.870301269931839538e-01
8.557998842121400385e-01
8.460397243079353924e-01
4.987156109473890320e-01
7.667711041790727933e-01
4.896307562034246108e-01
4.831501155747094378e-01
6.196546774209940045e-01
5.137857166241586171e-01
5.753411202219739229e-01
5.189060851429692089e-01
8.230310209961996248e-01
5.337287571469420122e-01
4.823416063961294409e-01
8.376686854659719517e-01
3.457583405592902226e-01
4.922365403943051998e-01
3.806842590000553139e-01
6.218152582456737409e-01
3.806842590000553139e-01
8.809145419926271980e-01
5.404663025372822283e-01
2.879582620526707215e-01
2.879582620526707215e-01
7.385792055287929703e-01
5.244364995007594343e-01
3.439506284955892168e-01
7.026224988094328383e-01
8.523964844532176954e-01
7.475580163982362691e-01
4.800426970565884743e-01
8.936874271383734580e-01
7.807175541315573009e-01
8.674248234403706403e-01
9.123603410291738491e-01
4.354783351096452870e-01
4.896307562034246108e-01
2.692853481618702194e-01
6.368435972328266859e-01
7.403590011084144606e-01
5.543210767176969256e-01
6.420524114605931087e-01
8.668185926674870645e-01
7.097653464887299091e-01
8.355883498864430381e-01
8.144188070095107479e-01
9.439812583275984936e-01
9.253083444367981025e-01
8.658862030054740311e-01
4.763176971676422178e-01
3.246655173276536965e-01
5.870899399336374502e-01
3.910845326654742160e-01
1.167009156822401417e-01
2.995568260514182013e-01
2.706760104787074295e-01
3.607866795464431120e-01
4.437126155123788385e-01
2.314044972633020891e-01
7.284382603795304112e-01
6.691106463813790706e-01
2.706760104787074295e-01
3.350657909930725986e-01
4.493315680354637021e-01
0.000000000000000000e+00
4.327646086134143699e-01
2.506124342710696618e-01
1.743118023001427597e-01
7.546443508834541625e-01
5.816461056724305800e-01
4.739961864433882011e-01
5.543210767176969256e-01
8.367362958039589182e-01
7.969194579254483823e-01
7.397527703355311068e-01
6.728663608350340386e-01
6.677733000139636221e-01
7.032025737767131357e-01
5.749248268153708263e-01
7.967039016699457576e-01
6.234487516972970766e-01
8.264344207551219679e-01
1.167009156822401417e-01
1.167009156822401417e-01
6.105536858370836928e-01
8.028194866705027355e-01
5.859103864548972918e-02
0.000000000000000000e+00
4.265640398684529822e-01
6.159152295006194988e-01
4.430921025514737432e-01
3.448244096426808514e-01
4.922365403943051998e-01
5.759473509948572767e-01
1.991442819348455406e-01
4.899312962033318120e-01
4.933603148514765779e-01
1.556388884093422575e-01
1.743118023001427597e-01
4.893349547027709967e-01
1.167009156822401417e-01
3.362904565558842429e-01
4.800426970565884188e-01
5.859103864548972918e-02
4.800426970565884188e-01
4.470744253855393757e-01
2.314044972633020891e-01
8.520058099358369663e-01
7.856851932145985096e-01
5.585329856551993766e-01
3.999107616530694909e-01
7.128583169754224569e-01
5.972423156098188857e-01
3.439506284955892168e-01
4.124035749150620767e-01
5.244364995007595454e-01
6.985872493884045520e-01
4.149391006402223803e-01
6.051115403843944085e-01
7.212954127002333404e-01
2.506124342710696618e-01
9.066354305459976004e-01
4.688129911048442566e-01
7.385792055287928592e-01
3.620113451092547563e-01
5.064692481586751116e-01
7.786372185520286093e-01
4.323995529852561748e-01
3.589203589678208184e-01
8.123384714299820564e-01
6.286476766527409055e-01
1.556388884093422575e-01
1.167009156822401417e-01
7.209430980055008265e-01
5.375789990337697111e-01
4.800426970565884188e-01
4.265640398684529822e-01
6.462130826196506028e-01
7.780309877791451445e-01
4.987156109473890320e-01
4.160435910596039233e-01
7.957458931187101348e-01
8.521553093084923702e-01
5.375789990337697111e-01
5.732078580554825775e-01
8.551936534392565736e-01
9.314239294373550804e-01
9.066354305459976004e-01
4.963663172485061059e-01
4.684177578283579280e-01
5.093871003834897770e-01
5.139640649491503677e-01
3.783070887606221899e-01
1.991442819348455406e-01
5.477554523445774537e-01
3.549633704466848005e-01
5.315535485506862612e-01
4.136416553500512627e-01
0.000000000000000000e+00
4.476533375002344495e-01
3.061555176816861401e-01
1.795653536115151272e-01
1.743118023001427597e-01
0.000000000000000000e+00
2.132666064894686297e-01
0.000000000000000000e+00
5.859103864548972918e-02
5.859103864548972918e-02
4.426968692749873591e-01
6.053977981962797017e-01
3.059926034368531389e-01
2.909642644497002495e-01
1.743118023001427597e-01
1.567128417000999974e-01
3.942257522471373510e-01
1.167009156822401417e-01
4.533894188412049830e-01
4.310719300467568682e-01
4.310764888058625788e-01
3.783070887606221344e-01
7.026224988094328383e-01
5.471236026824716214e-01
6.055022149017750266e-01
8.052904967674121561e-01
5.918807719462830796e-01
3.066048007139881570e-01
2.506124342710696618e-01
3.794595934372436696e-01
7.660798896617850851e-01
7.691182337925492885e-01
7.780309877791452555e-01
9.007354018009434693e-01
7.936655575391814432e-01
7.970689572981038973e-01
7.898714832628785931e-01
7.397527703355312179e-01
7.963777427808160780e-01
6.831120682733462512e-01
6.196546774209941155e-01
7.027173718261597868e-01
6.910924325979291849e-01
7.102121886166351539e-01
5.789856951256214801e-01
7.547811093226841628e-01
7.283433873628033517e-01
6.427436259778809280e-01
6.117545583415618937e-01
5.674133979080606682e-01
5.276677985023133788e-01
6.001296191133312918e-01
4.929795296064184984e-01
5.101411417205109489e-01
5.057635856099589322e-01
3.910845326654742160e-01
6.275401687288499897e-01
8.203188357545651010e-01
4.987156109473889209e-01
4.987156109473890320e-01
7.688770586478240743e-01
6.617815954968395697e-01
6.360607069434691674e-01
5.398600717643988744e-01
5.624879898310766180e-01
5.613690513802669368e-01
5.404389948395420529e-01
7.559290552401998209e-01
6.080297381927635136e-01
5.962438690649586315e-01
4.510724668760567324e-01
6.885265494842928158e-01
6.794674933696986940e-01
6.968975883262564786e-01
5.328120971018288632e-01
5.661598833929124552e-01
8.517646347911118632e-01
3.433384312184541987e-01
6.117545583415618937e-01
3.892182120868519224e-01
5.116524434972191671e-01
5.664283662353778448e-01
4.195160652058830819e-01
3.549633704466848561e-01
3.549633704466848561e-01
4.124035749150620767e-01
5.408328994200366502e-01
3.248284315724867533e-01
4.314671633232432524e-01
7.782465440346479912e-01
5.407074776820074424e-01
7.584256842263316090e-01
9.239852802574044510e-01
6.839495849186322252e-01
5.398600717643988744e-01
5.244364995007594343e-01
8.530876989705054037e-01
5.187004181597890673e-01
4.169759807216169012e-01
4.149391006402224913e-01
6.691106463813790706e-01
6.055022149017750266e-01
4.987156109473890320e-01
6.840444579353591736e-01
8.925394812208575779e-01
8.306207108034019404e-01
9.617217825563860734e-01
8.671836482956453152e-01
8.007135322017514545e-01
9.234435651127721467e-01
7.911945474422721336e-01
6.163315229072225954e-01
8.750145132475729559e-01
7.572521194195934724e-01
9.384719040999250916e-01
5.356481628268964235e-01
7.155705022170569807e-01
4.870906717191584301e-01
4.168054212188446739e-01
5.141391832110283611e-01
