6.021569065263083775e-01
6.004567863585877907e-01
7.779765043137008007e-01
6.922533675105813078e-01
7.899312882727130836e-01
7.478237275856458588e-01
7.718181777342486560e-01
6.969365985986604173e-01
6.575022419250255989e-01
8.362200684021978692e-01
7.402422678077869023e-01
7.360610483653695635e-01
6.298285839796670116e-01
7.360610483653694525e-01
4.564900854669710628e-01
8.036710746300244068e-01
7.647387296020512482e-01
8.426034196579976765e-01
8.697730854656947619e-01
8.127276298992569536e-01
7.642367179563896995e-01
8.367220800478597509e-01
8.949656441363565973e-01
6.682589173619786216e-01
7.718181777342484340e-01
8.768525335978920587e-01
8.800277492569860138e-01
8.217841851684892784e-01
7.706200692121892848e-01
6.246762611835376955e-01
7.057161668985785230e-01
6.391950461558251195e-01
6.005060782290272403e-01
6.394384232570005100e-01
5.765116280804246651e-01
6.724894286748355210e-01
5.572004090199006443e-01
4.773586118269192435e-01
6.005060782290272403e-01
6.005060782290272403e-01
7.299876040164955393e-01
8.174108609873358411e-01
3.346565492631121685e-01
5.509927905700088280e-01
7.040967121355569402e-02
6.714670529586842518e-01
0.000000000000000000e+00
5.830377922045205663e-01
7.179479378269048029e-01
7.258063845740780895e-01
3.779622184722387090e-01
0.000000000000000000e+00
4.895410908848060738e-01
0.000000000000000000e+00
6.394384232570003990e-01
7.659368381241105084e-01
8.516599749272302233e-01
7.040967121355569402e-02
3.929001133516091260e-01
6.880721480681640800e-01
5.581551404407846251e-01
2.863226520245099049e-01
5.914495229597950265e-01
6.687609290076401702e-01
6.734441600957192797e-01
7.226311689149840234e-01
2.087141992255492906e-01
3.193736574423450270e-01
8.024729661079653686e-01
0.000000000000000000e+00
0.000000000000000000e+00
2.194767326083345849e-01
3.274612794547248629e-01
7.040967121355569402e-02
0.000000000000000000e+00
0.000000000000000000e+00
4.079269988791296431e-01
6.489476983014549338e-01
0.000000000000000000e+00
0.000000000000000000e+00
3.132175009597518711e-01
4.324956353183682656e-01
0.000000000000000000e+00
1.847197490769465211e-01
1.160003739746431617e-01
0.000000000000000000e+00
5.228171209789885809e-01
0.000000000000000000e+00
1.516687436591113991e-01
7.040967121355569402e-02
7.796766244814218316e-01
5.518936997707462044e-01
1.160003739746431617e-01
0.000000000000000000e+00
1.160003739746431617e-01
2.525277380261696791e-01
2.525277380261696791e-01
0.000000000000000000e+00
0.000000000000000000e+00
7.162478176591842161e-01
7.040967121355569402e-02
0.000000000000000000e+00
5.758881499193490017e-01
2.495965893987783235e-01
8.320388489597806414e-01
5.499867867866854443e-01
4.168945635002118677e-01
6.105173649191433238e-01
0.000000000000000000e+00
5.798625765454263892e-01
0.000000000000000000e+00
0.000000000000000000e+00
0.000000000000000000e+00
1.847197490769465211e-01
1.160003739746431617e-01
0.000000000000000000e+00
2.525277380261696791e-01
7.040967121355569402e-02
3.274612794547248629e-01
2.040846377874101780e-01
3.729690804772337054e-01
6.105173649191433238e-01
6.714670529586840297e-01
5.468115711275912671e-01
6.427893717220024561e-01
6.219701372324938360e-01
5.676308056170999983e-01
6.954615031072869380e-01
7.498008347226811088e-01
7.071912623899517802e-01
7.694219606901304687e-01
7.509989432447399249e-01
6.939534876783020056e-01
9.429545444335620807e-01
8.949656441363564863e-01
8.139257384213156588e-01
9.099035390157270697e-01
6.494497099471165935e-01
6.154439731083977128e-01
7.977897350198863702e-01
9.130787546748211359e-01
8.890843045262183386e-01
8.171009540804101690e-01
6.966596116293460872e-01
8.127276298992569536e-01
8.379201885699189001e-01
5.765116280804245541e-01
6.154439731083977128e-01
6.254552597985137963e-01
5.924042543806785632e-01
4.905451141761294487e-01
7.211231534859990910e-01
7.732932732256220243e-01
7.179479378269048029e-01
8.469767438391511138e-01
7.375690637943542738e-01
7.238292774370429505e-01
7.796766244814217206e-01
8.036710746300245178e-01
8.607165301964624371e-01
7.304896156621571990e-01
7.796766244814218316e-01
7.537050671957838954e-01
9.040221994055885890e-01
8.264674162565682769e-01
8.847109803450652343e-01
9.087054304936679205e-01
7.934164108387331549e-01
5.845458076335054987e-01
7.568802828548779615e-01
6.298285839796670116e-01
8.528580834492890395e-01
7.899312882727131946e-01
8.127276298992569536e-01
7.498008347226808867e-01
6.878800433294280925e-01
7.064951655135544017e-01
5.821495905893872003e-01
5.285227277832190707e-01
4.559158991763352931e-01
7.076932740356135509e-01
7.018119344254754033e-01
6.790155927989315332e-01
5.509927905700088280e-01
5.179417851521735949e-01
5.662076724186935195e-01
6.152005960072224333e-01
5.754892523642731739e-01
4.415521905876005349e-01
7.691120537832044635e-01
6.819987037192899448e-01
6.152005960072223223e-01
7.899312882727131946e-01
7.360610483653695635e-01
5.428371445015138796e-01
8.122256182535951829e-01
7.057161668985784120e-01
7.691120537832045745e-01
6.790155927989317552e-01
7.030100429475343304e-01
7.270044930961370167e-01
6.538230341282696978e-01
6.447664788590374840e-01
7.120665982167667662e-01
6.880721480681640800e-01
7.120665982167665442e-01
6.298285839796670116e-01
7.211231534859990910e-01
7.451176036346017773e-01
7.642367179563896995e-01
8.619146387185213642e-01
7.840499486625750469e-01
7.796766244814217206e-01
8.756544250758329095e-01
8.031690629843628582e-01
9.189600942849593945e-01
8.560332991083834386e-01
8.619146387185215863e-01
8.288636333006865753e-01
8.709711939877538001e-01
8.949656441363565973e-01
8.320388489597806414e-01
8.619146387185215863e-01
7.076932740356135509e-01
8.452766236714303050e-01
7.934164108387330439e-01
6.580042535706871476e-01
7.451176036346019993e-01
7.013099227798137436e-01
5.676308056170997762e-01
9.130787546748211359e-01
7.299876040164955393e-01
7.509989432447400359e-01
6.966596116293460872e-01
8.800277492569863469e-01
9.429545444335620807e-01
8.036710746300245178e-01
5.979756870838909277e-01
6.895801634971489014e-01
8.859090888671240505e-01
8.127276298992569536e-01
7.226311689149840234e-01
6.817217167499756147e-01
6.415912631999433069e-01
8.276655247786274261e-01
7.808747330034808698e-01
7.642367179563896995e-01
8.457786353170919647e-01
9.338979891643297560e-01
8.379201885699186780e-01
7.211231534859989800e-01
8.212821735228276188e-01
8.607165301964622151e-01
7.120665982167665442e-01
8.504618664051708521e-01
8.697730854656947619e-01
7.135746136457515876e-01
8.847109803450651233e-01
8.264674162565682769e-01
8.367220800478595288e-01
8.127276298992569536e-01
8.697730854656949839e-01
8.847109803450652343e-01
8.367220800478597509e-01
8.516599749272300013e-01
8.379201885699189001e-01
3.852008514055601518e-01
3.281553958391223436e-01
3.779622184722387090e-01
4.895410908848060738e-01
5.428371445015138796e-01
5.188426943529111934e-01
4.617972387864732742e-01
4.948482442043085072e-01
5.468115711275912671e-01
5.409302315174531195e-01
6.394384232570005100e-01
6.974386102443219659e-01
6.156197059143054817e-01
6.880721480681640800e-01
7.402422678077870133e-01
6.244512365071904769e-01
7.882311681049923857e-01
6.741402569721166582e-01
7.972877233742247105e-01
5.662076724186935195e-01
7.539820541650982255e-01
7.642367179563896995e-01
6.293265723340053519e-01
6.969365985986604173e-01
6.293265723340053519e-01
6.741402569721166582e-01
6.058341338310643254e-01
6.966596116293460872e-01
5.625284646219378404e-01
7.732932732256219133e-01
7.179479378269048029e-01
6.825007153649517155e-01
7.931065039318072607e-01
3.274612794547248629e-01
4.988226708303857837e-01
5.188426943529111934e-01
4.856697783493145182e-01
1.399948241232459589e-01
5.518936997707462044e-01
4.499455689180469897e-01
1.160003739746431617e-01
3.779622184722386535e-01
7.840499486625749359e-01
7.972877233742247105e-01
2.087141992255492906e-01
1.847197490769465211e-01
4.468593439071028017e-01
3.193736574423450270e-01
3.754994716223699625e-01
8.619146387185215863e-01
7.796766244814217206e-01
4.736301121597239483e-01
4.168945635002118677e-01
8.217841851684892784e-01
4.804845356155736935e-01
2.699118317506253861e-01
6.609024822604669946e-01
8.036710746300245178e-01
4.947263336185468985e-01
2.699118317506253861e-01
7.270044930961370167e-01
6.459645873810963002e-01
1.160003739746431617e-01
4.168945635002118677e-01
7.299876040164955393e-01
6.254552597985137963e-01
4.689468810716448943e-01
5.188426943529111934e-01
6.058341338310643254e-01
3.742520712298713081e-01
7.600554985139722497e-01
6.097383663041673341e-01
7.211231534859990910e-01
5.135355410334089266e-01
7.297106170471810982e-01
6.474726028100813435e-01
6.550211426503288470e-01
0.000000000000000000e+00
7.040967121355569402e-02
3.346565492631121685e-01
3.539677683236359118e-01
5.919022427350171256e-01
2.525277380261696791e-01
2.473903069965366353e-01
3.119491982847185652e-01
3.729690804772337054e-01
8.847109803450652343e-01
4.655466407362033876e-01
1.847197490769465211e-01
7.040967121355569402e-02
6.384160475408490187e-01
6.585062652163488073e-01
7.040967121355569402e-02
1.399948241232459589e-01
6.883820549750897522e-01
3.521498459877250853e-01
1.847197490769465211e-01
4.362057825607356110e-01
6.580042535706871476e-01
6.384160475408490187e-01
5.625284646219378404e-01
4.499455689180469342e-01
9.087054304936679205e-01
8.229822936905482056e-01
7.451176036346017773e-01
5.771564525943824187e-01
2.623282018759071077e-01
2.525277380261696791e-01
2.087141992255492906e-01
4.122113324121327582e-01
4.175577404389977931e-01
5.192227954128112444e-01
6.158966928836199228e-01
6.836988238870108647e-01
6.234781526614786573e-01
6.631894963044279168e-01
4.122113324121327582e-01
4.508337705331801892e-01
5.228171209789885809e-01
5.216190124569294317e-01
2.878657574879656678e-01
2.087141992255492906e-01
7.270044930961370167e-01
6.734441600957192797e-01
3.539677683236359118e-01
0.000000000000000000e+00
2.194767326083345849e-01
2.699118317506253861e-01
1.805443875803613707e-01
2.525277380261696791e-01
3.401248678757387567e-01
2.892230508111490739e-01
2.473903069965366908e-01
2.863226520245099049e-01
5.684098042320758770e-01
2.525277380261696791e-01
0.000000000000000000e+00
5.526929107377295258e-01
5.045282776346162734e-01
3.219391386219521145e-01
6.939534876783022277e-01
8.229822936905480946e-01
7.659368381241105084e-01
5.558681263968235919e-01
3.929001133516091260e-01
4.748282206817830420e-01
7.509989432447399249e-01
6.682589173619786216e-01
5.188426943529111934e-01
5.509927905700088280e-01
2.525277380261696791e-01
3.193736574423450270e-01
0.000000000000000000e+00
1.847197490769465211e-01
5.179417851521735949e-01
1.805443875803613707e-01
4.175577404389977931e-01
2.863226520245099049e-01
6.337328164527702423e-01
2.765221881747724764e-01
1.847197490769465211e-01
3.898138883406651045e-01
4.508337705331801892e-01
4.948482442043085072e-01
4.259511187694442480e-01
2.231210399754788853e-01
3.641193180243415539e-01
7.238292774370429505e-01
3.641193180243414984e-01
5.558681263968235919e-01
1.847197490769465211e-01
2.285332878775669374e-01
3.779622184722387090e-01
1.399948241232459589e-01
4.468593439071029128e-01
3.754994716223699625e-01
3.742520712298713081e-01
2.699118317506253861e-01
1.399948241232459589e-01
4.126102299672088081e-01
2.953792072937422297e-01
1.399948241232459589e-01
7.040967121355569402e-02
3.514557296033276046e-01
0.000000000000000000e+00
7.040967121355569402e-02
0.000000000000000000e+00
1.847197490769465211e-01
4.256412118625183538e-01
7.040967121355569402e-02
7.040967121355569402e-02
3.612064012569574656e-01
3.791603269942976917e-01
2.525277380261696791e-01
1.399948241232459589e-01
2.623282018759071077e-01
1.516687436591113991e-01
7.040967121355569402e-02
5.192227954128112444e-01
0.000000000000000000e+00
7.040967121355569402e-02
0.000000000000000000e+00
3.742520712298713081e-01
1.399948241232459589e-01
2.953792072937422297e-01
3.281553958391223436e-01
2.087141992255492906e-01
4.645735568904915125e-01
2.623632919103779937e-01
1.805443875803613707e-01
1.399948241232459589e-01
3.852008514055601518e-01
2.765221881747724764e-01
4.019566686208415063e-01
7.076932740356135509e-01
5.798625765454263892e-01
6.245005283776300375e-01
2.863226520245099049e-01
5.188426943529111934e-01
2.087141992255492906e-01
6.714670529586840297e-01
3.539677683236359118e-01
4.499455689180469342e-01
5.889191318146588250e-01
4.011447500682538969e-01
4.324956353183682656e-01
3.433681075909477687e-01
3.929001133516091260e-01
9.189600942849593945e-01
7.258063845740780895e-01
9.610676549720267303e-01
4.895410908848060738e-01
5.962755669161701189e-01
3.193736574423450270e-01
2.087141992255492906e-01
3.193736574423450270e-01
7.931065039318072607e-01
6.144215973922463325e-01
6.249532481528522476e-01
5.001549534534629471e-01
4.948482442043085072e-01
5.676308056170999983e-01
3.779622184722387090e-01
1.399948241232459589e-01
4.354267839457594547e-01
2.231210399754788853e-01
4.019566686208413953e-01
3.929001133516091260e-01
0.000000000000000000e+00
2.381767370230394310e-01
2.194767326083345849e-01
3.219391386219521145e-01
1.399948241232459589e-01
7.040967121355569402e-02
1.399948241232459589e-01
2.525277380261696791e-01
2.194767326083345849e-01
0.000000000000000000e+00
0.000000000000000000e+00
2.525277380261696791e-01
0.000000000000000000e+00
4.665506640275265959e-01
4.499455689180469342e-01
2.525277380261696791e-01
7.360610483653695635e-01
4.259511187694442480e-01
1.160003739746431617e-01
4.468593439071028017e-01
7.111783966016335112e-01
5.684098042320758770e-01
6.234781526614787683e-01
2.699118317506253861e-01
7.600554985139722497e-01
2.087141992255492906e-01
3.433681075909477687e-01
7.899312882727131946e-01
8.031690629843628582e-01
4.773586118269192435e-01
7.451176036346017773e-01
7.732932732256220243e-01
7.297106170471812092e-01
7.556821743328190344e-01
7.958126278828513422e-01
8.379201885699186780e-01
5.241494036020656333e-01
7.568802828548781836e-01
8.320388489597806414e-01
3.193736574423450270e-01
2.953792072937422297e-01
3.193736574423450270e-01
3.779622184722386535e-01
3.779622184722387090e-01
4.175577404389977931e-01
6.038570266940290754e-01
4.895410908848060738e-01
7.934164108387331549e-01
1.000000000000000000e+00
6.144215973922463325e-01
3.346565492631121685e-01
2.863226520245099049e-01
7.076932740356135509e-01
6.310266925017261608e-01
2.087141992255492906e-01
3.982465213784741054e-01
5.889191318146587140e-01
7.040967121355569402e-02
4.564900854669710628e-01
3.641193180243414984e-01
3.539677683236359118e-01
1.847197490769465211e-01
3.539677683236359118e-01
5.914002310893553549e-01
7.040967121355569402e-02
7.040967121355569402e-02
5.830377922045206773e-01
2.863226520245099049e-01
1.847197490769465211e-01
5.722811167675674326e-01
6.998348272884402643e-01
1.399948241232459589e-01
3.193736574423450270e-01
2.087141992255492906e-01
9.189600942849592835e-01
7.270044930961372387e-01
8.859090888671242725e-01
8.709711939877538001e-01
8.217841851684892784e-01
6.781273911837985002e-01
6.741402569721167692e-01
7.706200692121895068e-01
6.163987045292814715e-01
4.799103493249380348e-01
8.122256182535951829e-01
7.057161668985784120e-01
5.344040673933571073e-01
6.494497099471164825e-01
7.899312882727131946e-01
7.647387296020513592e-01
6.352079119441436106e-01
6.575022419250254879e-01
6.971287033373962938e-01
6.907782720192079395e-01
2.765221881747724764e-01
4.804845356155736935e-01
8.288636333006863532e-01
5.188426943529111934e-01
4.384262667989459183e-01
6.056420290923284488e-01
8.949656441363565973e-01
4.079269988791296431e-01
0.000000000000000000e+00
6.447664788590374840e-01
7.882311681049924967e-01
2.473903069965366908e-01
5.001549534534629471e-01
8.276655247786274261e-01
4.618674329394476530e-01
3.106620991145094268e-01
2.473903069965366353e-01
7.840499486625750469e-01
7.299876040164955393e-01
3.612064012569574656e-01
7.931065039318072607e-01
2.525277380261696791e-01
6.005060782290272403e-01
3.982465213784741054e-01
4.251392002168566941e-01
1.805443875803613707e-01
4.251392002168566941e-01
3.193736574423450270e-01
1.160003739746431617e-01
7.040967121355569402e-02
2.087141992255492906e-01
1.399948241232459589e-01
7.040967121355569402e-02
1.847197490769465211e-01
2.623632919103779937e-01
2.381767370230394310e-01
4.228648937585001710e-01
5.919022427350171256e-01
5.294774592041027184e-01
7.071912623899516692e-01
7.466256190635867096e-01
2.623632919103779937e-01
6.491398030401906993e-01
2.892230508111490739e-01
6.848969324090697919e-01
7.461236074179251609e-01
7.071912623899517802e-01
8.127276298992569536e-01
7.238292774370429505e-01
8.127276298992569536e-01
7.642367179563896995e-01
7.931065039318072607e-01
7.402422678077870133e-01
1.000000000000000000e+00
7.461236074179251609e-01
2.525277380261696791e-01
1.399948241232459589e-01
7.796766244814218316e-01
5.916252557657026845e-01
2.623632919103779937e-01
7.509989432447399249e-01
6.219701372324936139e-01
3.788504200873719086e-01
7.040967121355569402e-02
7.659368381241103974e-01
5.979756870838910388e-01
2.953792072937422297e-01
5.914495229597950265e-01
7.749933933933427221e-01
5.169357813688504333e-01
1.160003739746431617e-01
7.989878435419456304e-01
6.726651614807431789e-01
5.104096172447543101e-01
2.473903069965366353e-01
6.352079119441436106e-01
5.135355410334089266e-01
1.160003739746431617e-01
5.409302315174532305e-01
2.087141992255492906e-01
3.193736574423450270e-01
6.805236082279164656e-01
2.953792072937422297e-01
7.647387296020513592e-01
3.929001133516091260e-01
2.231210399754788853e-01
4.366046801158114943e-01
1.399948241232459589e-01
1.847197490769465211e-01
7.040967121355569402e-02
7.040967121355569402e-02
2.285332878775669374e-01
2.087141992255492906e-01
5.919022427350171256e-01
1.399948241232459589e-01
0.000000000000000000e+00
2.194767326083345849e-01
2.473903069965366908e-01
0.000000000000000000e+00
1.847197490769465211e-01
2.525277380261696791e-01
0.000000000000000000e+00
3.401248678757387567e-01
2.087141992255492906e-01
7.040967121355569402e-02
1.399948241232459589e-01
2.040846377874101780e-01
3.598491079337740040e-01
7.040967121355569402e-02
1.160003739746431617e-01
6.634328734056031962e-01
4.991325777373115669e-01
5.192227954128113554e-01
4.362057825607356110e-01
5.865229147705405266e-01
2.473903069965366908e-01
6.484456866557932742e-01
1.399948241232459589e-01
5.823929676905627018e-01
7.972877233742247105e-01
2.623282018759071077e-01
7.466256190635868206e-01
7.120665982167667662e-01
6.491398030401906993e-01
7.040967121355569402e-02
5.684098042320758770e-01
7.466256190635867096e-01
5.525171779318218679e-01
5.321835831551465779e-01
6.175968130513406207e-01
2.623282018759071077e-01
2.194767326083345849e-01
6.506478184691756317e-01
6.819987037192898338e-01
3.982465213784741054e-01
6.400832477709583745e-01
8.367220800478595288e-01
6.154439731083977128e-01
7.040967121355569402e-02
3.935632902903950514e-01
5.676308056170999983e-01
5.672116957100169499e-01
3.521498459877250853e-01
5.525171779318217569e-01
4.799103493249380348e-01
3.017667091384013123e-01
3.193736574423450270e-01
3.186297488618398677e-01
0.000000000000000000e+00
4.564900854669710628e-01
4.976245623083266900e-01
2.473903069965366908e-01
5.409302315174532305e-01
7.040967121355569402e-02
4.122113324121328692e-01
2.576098666693247274e-01
0.000000000000000000e+00
0.000000000000000000e+00
4.362057825607356110e-01
0.000000000000000000e+00
0.000000000000000000e+00
0.000000000000000000e+00
7.033199498544602246e-01
1.160003739746431617e-01
1.160003739746431617e-01
7.040967121355569402e-02
2.525277380261696791e-01
3.193736574423450270e-01
2.525277380261696791e-01
3.539677683236359118e-01
6.518459269912345588e-01
6.687609290076401702e-01
7.018119344254754033e-01
6.494497099471164825e-01
6.219701372324936139e-01
6.310266925017261608e-01
8.024729661079655907e-01
8.095524142401624434e-01
8.127276298992569536e-01
8.186089695093952123e-01
8.709711939877535780e-01
8.288636333006863532e-01
9.280166495541914973e-01
6.880721480681640800e-01
8.709711939877538001e-01
8.859090888671243835e-01
8.619146387185213642e-01
8.516599749272300013e-01
9.338979891643297560e-01
7.419423879755077111e-01
8.186089695093952123e-01
7.454275105415274494e-01
8.186089695093949903e-01
8.367220800478595288e-01
8.217841851684890564e-01
8.276655247786274261e-01
8.859090888671240505e-01
8.452766236714303050e-01
7.791746128357599499e-01
7.509989432447399249e-01
6.687609290076401702e-01
6.939534876783022277e-01
7.304896156621569769e-01
6.005060782290272403e-01
6.154439731083977128e-01
6.634328734056031962e-01
5.558681263968235919e-01
6.971287033373962938e-01
7.556821743328190344e-01
6.105173649191433238e-01
8.469767438391511138e-01
7.934164108387331549e-01
8.768525335978918367e-01
6.550211426503288470e-01
7.784785159593629045e-01
8.367220800478595288e-01
8.048691831520836670e-01
2.525277380261696791e-01
3.521498459877250853e-01
3.521498459877250853e-01
2.878657574879656678e-01
4.499455689180469342e-01
3.598491079337740040e-01
2.878657574879656678e-01
3.779622184722387090e-01
4.499455689180469342e-01
4.739400190666497870e-01
2.951043904212872215e-01
7.539820541650982255e-01
8.516599749272302233e-01
7.977897350198863702e-01
8.264674162565682769e-01
6.144215973922463325e-01
7.887331797506542674e-01
7.977897350198863702e-01
8.367220800478597509e-01
7.642367179563894775e-01
6.105173649191433238e-01
7.258063845740780895e-01
8.697730854656947619e-01
8.174108609873358411e-01
8.516599749272302233e-01
8.457786353170920757e-01
7.796766244814218316e-01
8.367220800478597509e-01
6.969365985986604173e-01
7.466256190635867096e-01
8.469767438391511138e-01
8.457786353170919647e-01
7.328858327062752753e-01
7.958126278828513422e-01
7.466256190635867096e-01
5.754892523642731739e-01
7.539820541650982255e-01
7.226311689149840234e-01
8.379201885699189001e-01
6.501458068235139720e-01
5.434606226625895431e-01
8.800277492569861248e-01
9.099035390157272918e-01
8.367220800478595288e-01
8.469767438391508918e-01
7.071912623899517802e-01
6.726651614807434010e-01
9.669489945821649890e-01
7.451176036346017773e-01
7.796766244814218316e-01
8.859090888671242725e-01
8.697730854656946509e-01
8.516599749272300013e-01
7.989878435419454084e-01
7.706200692121895068e-01
7.706200692121895068e-01
7.791746128357599499e-01
9.040221994055889221e-01
7.363709552722953466e-01
7.691120537832045745e-01
7.791746128357599499e-01
7.691120537832045745e-01
4.857916889350761269e-01
8.847109803450652343e-01
7.600554985139722497e-01
8.800277492569861248e-01
6.550211426503289580e-01
6.369080321118640864e-01
5.558681263968235919e-01
6.129135819632615112e-01
4.799103493249380348e-01
4.947263336185468985e-01
6.345118150677460100e-01
6.187949215733997699e-01
6.310266925017260498e-01
5.722811167675674326e-01
6.655857133485458821e-01
7.328858327062752753e-01
7.466256190635867096e-01
6.790155927989315332e-01
3.929001133516091260e-01
4.324956353183682656e-01
5.823929676905627018e-01
7.934164108387331549e-01
4.168945635002118677e-01
5.113643486656380688e-01
4.895410908848060738e-01
4.564900854669710628e-01
3.193736574423450270e-01
3.845067350211626711e-01
4.605991302644142915e-01
2.525277380261696791e-01
1.160003739746431617e-01
4.559158991763351820e-01
0.000000000000000000e+00
5.904271472436436463e-01
4.864151670961515128e-01
1.847197490769465211e-01
2.285332878775669374e-01
5.509927905700088280e-01
5.914495229597950265e-01
2.087141992255492906e-01
4.759171262036848704e-01
2.525277380261696791e-01
4.138083384892677907e-01
1.847197490769465211e-01
0.000000000000000000e+00
7.040967121355569402e-02
7.040967121355569402e-02
1.160003739746431617e-01
1.399948241232459589e-01
3.281553958391223436e-01
2.087141992255492906e-01
5.561780333037494861e-01
2.194767326083345849e-01
7.855579640915599793e-01
5.169357813688504333e-01
7.360610483653695635e-01
7.238292774370429505e-01
