8.544651800579307066e-01
7.354058835654726511e-01
2.834072644209509328e-01
4.574673183087478723e-01
6.733709268978697038e-01
7.099421513306197751e-01
8.418502703668191423e-01
5.314422586317623098e-01
5.152211972646889571e-01
8.581584105994974898e-01
8.571466193847394610e-01
6.541196339125560089e-01
4.328657226245286593e-01
7.086686466900348202e-01
6.195466288833795243e-02
3.126058537116233049e-01
6.089635955093188890e-01
4.651154928177080317e-01
1.638220478206546815e-01
1.960357102075968860e-01
0.000000000000000000e+00
6.195466288833795243e-02
1.030614165432246765e-01
0.000000000000000000e+00
1.030614165432246765e-01
3.890298911995724862e-01
5.612741474438821543e-01
3.205924640903970446e-01
6.832765966889754461e-01
8.215871861667474185e-01
6.944973976349191336e-01
8.125032763983663919e-01
7.450776405039490902e-01
8.621133545668909770e-01
9.026395229670346465e-01
7.936759274577154244e-01
6.946458023126995673e-01
7.155667434100636548e-01
7.434780021190955379e-01
8.302471518904656067e-01
9.381989561850265780e-01
8.910364044906809999e-01
9.112994886907526126e-01
6.557892820246065124e-01
5.228693717736491164e-01
7.324627308128371928e-01
4.657733497150003399e-01
5.829729669033748563e-01
8.352138870726170117e-01
6.958915063800872325e-01
7.324627308128373038e-01
6.195466288833795243e-02
3.028436416189378977e-01
2.786305604308326189e-01
4.414960432551275349e-01
8.062908371488272108e-01
3.966780657085325901e-01
7.796252825071829928e-01
8.616894105222282496e-01
2.834072644209509328e-01
8.784214947995692135e-01
7.440658492891908393e-01
5.833969109480375836e-01
7.996544538546251912e-01
9.175119279402919048e-01
9.392107473997844957e-01
9.315625728908246694e-01
8.910364044906809999e-01
9.112994886907528347e-01
8.910364044906809999e-01
8.621133545668909770e-01
8.189057468399387751e-01
8.176322421993538203e-01
9.036513141817926753e-01
8.009001579220127454e-01
7.450776405039489791e-01
8.331903046431009541e-01
1.000000000000000000e+00
7.932519834130525860e-01
7.126235906574284185e-01
8.939795572433165693e-01
7.242267091337818430e-01
7.959334227398612294e-01
1.233245007432964557e-01
7.719771079982227224e-01
6.195466288833795243e-02
4.949581130646172333e-01
6.195466288833795243e-02
1.638220478206546815e-01
5.492454124162692297e-01
4.672523839952704705e-01
0.000000000000000000e+00
4.326336423979901258e-01
5.424745990764283654e-01
6.958915063800872325e-01
6.094484903529857611e-01
6.094484903529857611e-01
6.933722976721146125e-01
6.933722976721146125e-01
7.234204475587090455e-01
7.031573633586372107e-01
7.647528775339255125e-01
7.800492265518457202e-01
7.395230581517021617e-01
7.521379678428137261e-01
7.438319364365610920e-01
7.667764599634416811e-01
7.591282854544815217e-01
6.983390328542663505e-01
7.477590798307574005e-01
8.455435009083859255e-01
7.603739895218691869e-01
8.631251457816490058e-01
8.823764387669628118e-01
8.960031396728326269e-01
8.631251457816490058e-01
8.342020958578589829e-01
7.517140237981509987e-01
9.305507816760664186e-01
8.048551018894063436e-01
9.102876974759948059e-01
8.540412360132679792e-01
9.518256570908961711e-01
8.707733202906092762e-01
9.315625728908244474e-01
8.631251457816491168e-01
9.229026071671064813e-01
7.932519834130528080e-01
9.797369157999282763e-01
8.378953263994258771e-01
8.149508028725453990e-01
8.833882299817208406e-01
9.315625728908244474e-01
9.179358719849548542e-01
7.541615502723300057e-01
8.937178438174896433e-01
8.581584105994974898e-01
9.229026071671064813e-01
7.793913696545532455e-01
8.571466193847394610e-01
8.774097035848111847e-01
8.621133545668909770e-01
8.149508028725453990e-01
8.490745008311165742e-01
8.447934231194544896e-01
9.102876974759948059e-01
9.431656913671782050e-01
9.098637534313317454e-01
9.315625728908244474e-01
8.697615290758510254e-01
8.737164730432445126e-01
8.261299773042362071e-01
8.505102360905374415e-01
9.239143983818643990e-01
8.707733202906091652e-01
9.189476631997127720e-01
4.092929753996442654e-01
4.378324578066801753e-01
4.657437165157120584e-01
4.657437165157121695e-01
4.454806323156403902e-01
5.760104498649043503e-01
5.815372316439538780e-01
7.639466159588524929e-01
6.179445529512714863e-01
6.828942791585654870e-01
5.213341537072374576e-01
5.087192440161256712e-01
3.036703486210227121e-01
1.840851320207264330e-01
4.204672028519749749e-01
4.936549752247440526e-01
3.421712620850536068e-01
3.394148660516879135e-01
5.213341537072373466e-01
8.331903046431009541e-01
3.394148660516879135e-01
6.720974222572847490e-01
6.820308926215878920e-01
6.654610389630827294e-01
7.856038089040923156e-01
6.621046736005740119e-01
8.747282642580025414e-01
7.721393386170588569e-01
7.568429895991386491e-01
7.513317062677409286e-01
6.626311949584937633e-01
3.799410344518314719e-01
1.233245007432964557e-01
4.002041186519032512e-01
1.840851320207264330e-01
1.840851320207264330e-01
4.657437165157121695e-01
3.126058537116233049e-01
3.652620369592115557e-01
1.233245007432964557e-01
6.604943037809311024e-01
6.129185394767122652e-01
6.797455967662449083e-01
4.671039793174899257e-01
2.442100531167005761e-01
3.520297757427996443e-01
1.233245007432964557e-01
6.195466288833795243e-02
4.949581130646172333e-01
1.233245007432964557e-01
6.195466288833795243e-02
6.195466288833795243e-02
6.195466288833795243e-02
1.233245007432964557e-01
1.840851320207264330e-01
6.195466288833795243e-02
1.233245007432964557e-01
0.000000000000000000e+00
1.631577163164134592e-01
1.030614165432246765e-01
5.720555058975108631e-01
3.028436416189379532e-01
1.960357102075968860e-01
6.375497802540509573e-01
7.302052355306914988e-01
6.013154210003587297e-01
6.215785052004303424e-01
6.195466288833795243e-02
9.152544326581462109e-01
7.527258150129090275e-01
9.584620403850986348e-01
8.176322421993540424e-01
8.161965069399329531e-01
7.365799053990667034e-01
8.554769712726888464e-01
9.189476631997127720e-01
7.262502915632981226e-01
5.815372316439539890e-01
8.505102360905374415e-01
8.784214947995692135e-01
6.195466288833795243e-02
8.089722764756356321e-01
8.494984448757794127e-01
1.233245007432964557e-01
3.149508028725453435e-01
4.679102408925628898e-01
5.778856276166399741e-01
5.319687799896821723e-01
5.454929035822949634e-01
6.012124686739303003e-01
8.368835351846675152e-01
5.893754373449472395e-01
3.398437570757107395e-01
4.204672028519749749e-01
5.662825091402864386e-01
8.378953263994256551e-01
9.102876974759948059e-01
9.508138658761383644e-01
9.468589219087448772e-01
9.139809280175612560e-01
7.793913696545532455e-01
6.933722976721146125e-01
5.480991911558723562e-01
4.169411499086044248e-01
3.601068412757824633e-01
3.421712620850536068e-01
3.624343462851253861e-01
3.142600033760217793e-01
2.834072644209509328e-01
8.352138870726170117e-01
8.288114166310448505e-01
7.850159617339971252e-01
9.594738315998564415e-01
9.265958377086730424e-01
8.631251457816490058e-01
3.394148660516880245e-01
6.757906527988513101e-01
5.111791744316905861e-01
5.517053428318341446e-01
5.454929035822949634e-01
8.099840676903938830e-01
6.828942791585654870e-01
7.225570610217315615e-01
8.201514509073265513e-01
7.936759274577154244e-01
9.112994886907528347e-01
9.710769500762099771e-01
8.747282642580025414e-01
9.026395229670345355e-01
7.800492265518457202e-01
8.833882299817208406e-01
6.820308926215880030e-01
8.408384791520611135e-01
8.211632421220845801e-01
7.684461080754921847e-01
7.643289334892625631e-01
8.544651800579308176e-01
8.408384791520612245e-01
7.773677872250370768e-01
8.378953263994258771e-01
8.211632421220845801e-01
7.922401921982945572e-01
8.418502703668191423e-01
7.000086809663166321e-01
1.030614165432246765e-01
5.726433530676060535e-01
1.030614165432246765e-01
4.476471566924911660e-01
1.638220478206546815e-01
0.000000000000000000e+00
4.733918910246723288e-01
6.654610389630827294e-01
4.949581130646172333e-01
6.016364127185932498e-01
6.933722976721146125e-01
7.155667434100636548e-01
3.421712620850536068e-01
4.347289070612999629e-01
8.023358931814336126e-01
8.205753949519893897e-01
3.466145704155514928e-01
6.673924005009600480e-01
7.035396808890473919e-01
8.658065851084576492e-01
2.622946196249571482e-01
4.508748166751422870e-01
7.163168211989949796e-01
7.820728089813617778e-01
4.936549752247440526e-01
8.658065851084576492e-01
9.518256570908963932e-01
7.444897933338536777e-01
9.179358719849548542e-01
5.941937678493183217e-01
7.734128432576435896e-01
7.415466405812182193e-01
9.036513141817925643e-01
7.870395441635134048e-01
7.527258150129091385e-01
6.046717863628673362e-01
8.707733202906092762e-01
6.199681353807876549e-01
6.953036592099920421e-01
6.960537369989232559e-01
6.425165154362024733e-01
8.404145351073983861e-01
5.531410780912551228e-01
6.068086775404299971e-01
5.960118206391493700e-01
3.965296610307521563e-01
6.195466288833795243e-02
1.631577163164134592e-01
0.000000000000000000e+00
0.000000000000000000e+00
0.000000000000000000e+00
1.233245007432964557e-01
1.638220478206546538e-01
6.195466288833795243e-02
6.195466288833795243e-02
0.000000000000000000e+00
0.000000000000000000e+00
6.195466288833795243e-02
0.000000000000000000e+00
1.840851320207264330e-01
0.000000000000000000e+00
6.710856310425267202e-01
3.624343462851253861e-01
4.391355956465534116e-01
3.939795572433163473e-01
2.345733921079584394e-01
6.626311949584937633e-01
3.148182173468287437e-01
6.195466288833795243e-02
6.913487152425984439e-01
2.631441802208791536e-01
0.000000000000000000e+00
6.195466288833795243e-02
2.345733921079584394e-01
0.000000000000000000e+00
6.195466288833795243e-02
0.000000000000000000e+00
2.352329215118472983e-01
2.910241332240263712e-01
0.000000000000000000e+00
1.030614165432246765e-01
0.000000000000000000e+00
2.825805574188661740e-01
0.000000000000000000e+00
0.000000000000000000e+00
4.402818169069503407e-01
6.500162852673820879e-01
0.000000000000000000e+00
1.840851320207264330e-01
7.504683197307633336e-01
5.644073313885507037e-01
0.000000000000000000e+00
3.799410344518315275e-01
8.149508028725453990e-01
5.480991911558723562e-01
4.994731036289087323e-01
8.337781518131961445e-01
9.152544326581462109e-01
7.667764599634415701e-01
7.607979335665320253e-01
8.581584105994974898e-01
8.823764387669628118e-01
9.152544326581462109e-01
8.023358931814333905e-01
7.289317308901066550e-01
8.490745008311165742e-01
8.009001579220127454e-01
7.796252825071829928e-01
8.567226753400766226e-01
8.567226753400766226e-01
8.693375850311881869e-01
9.239143983818643990e-01
8.352138870726170117e-01
8.062908371488272108e-01
9.305507816760664186e-01
9.392107473997846068e-01
9.026395229670345355e-01
7.973691579992820966e-01
8.621133545668910880e-01
9.189476631997128830e-01
9.923518254910398406e-01
8.378953263994258771e-01
8.494984448757794127e-01
7.936759274577154244e-01
8.215871861667476406e-01
8.900246132759229711e-01
9.102876974759945838e-01
9.468589219087447661e-01
9.152544326581460998e-01
9.567923922730477981e-01
8.251181860894779563e-01
8.896006692312599107e-01
8.052790459340689599e-01
7.188360299069674886e-01
4.002041186519033067e-01
6.046717863628674472e-01
7.491948150901783787e-01
1.000000000000000000e+00
9.162662238729042397e-01
8.949913484580743761e-01
7.225570610217314504e-01
8.327663605984381157e-01
8.747282642580025414e-01
7.428201452218032852e-01
8.089722764756356321e-01
7.653407247040208139e-01
7.531497590575719769e-01
8.292353606757075779e-01
6.481411075156462420e-01
8.986845789996409373e-01
5.993089077092502714e-01
7.116117994426702786e-01
7.274959956306857878e-01
8.178939556251807463e-01
7.996544538546251912e-01
6.621046736005740119e-01
7.318748836427421134e-01
6.386748802168552563e-01
7.388652012544097980e-01
7.116117994426702786e-01
7.618097247812902761e-01
7.310686220676692049e-01
9.189476631997128830e-01
3.421712620850536068e-01
1.840851320207264330e-01
2.910241332240263712e-01
4.503899218314753594e-01
6.830426838363460318e-01
6.013154210003587297e-01
5.920568766717557718e-01
6.324208144530631959e-01
6.847123319483964243e-01
6.557892820246064014e-01
5.354842814647609028e-01
7.354058835654726511e-01
8.900246132759230822e-01
7.657646687486836523e-01
7.973691579992819856e-01
8.428620615815772821e-01
8.823764387669628118e-01
9.189476631997127720e-01
9.315625728908244474e-01
7.973691579992819856e-01
8.986845789996410483e-01
8.414263263221564149e-01
8.986845789996410483e-01
7.039636249337101193e-01
7.111878553980074402e-01
7.653407247040205919e-01
7.279199396753486262e-01
8.265539213488990455e-01
8.883549651638723565e-01
7.806370737219410216e-01
8.009001579220127454e-01
9.710769500762101991e-01
9.634287755672500397e-01
8.540412360132679792e-01
9.179358719849550763e-01
8.896006692312600217e-01
8.833882299817207295e-01
9.355175168582180456e-01
8.784214947995692135e-01
9.229026071671063702e-01
9.518256570908963932e-01
8.747282642580027634e-01
9.305507816760664186e-01
9.392107473997846068e-01
7.882852482309011810e-01
5.633955401737927859e-01
7.186021170543378522e-01
7.436835317587807692e-01
7.724010520428855608e-01
7.434780021190955379e-01
6.325830450718992193e-01
5.228693717736491164e-01
7.234204475587090455e-01
6.494897639094623365e-01
5.647441965676086584e-01
7.504683197307633336e-01
5.760104498649043503e-01
3.764149815084607553e-01
5.010710695071656229e-01
6.018003158440257128e-01
6.578128644541225700e-01
5.213341537072374576e-01
5.492454124162692297e-01
6.162749048392209827e-01
4.936549752247440526e-01
5.152211972646889571e-01
4.574673183087478723e-01
3.722928599428713681e-01
7.887091922755637974e-01
6.828942791585655980e-01
7.920062793456650319e-01
7.033057680364176445e-01
7.415466405812184414e-01
7.086686466900348202e-01
9.022155789223716971e-01
7.640950206366330377e-01
7.415466405812183304e-01
7.843581048367047615e-01
7.378534100396516582e-01
8.478287967637285760e-01
8.129272204430291193e-01
6.463230547258154157e-01
7.647528775339255125e-01
8.670800897490426040e-01
3.028436416189378977e-01
3.394148660516880245e-01
3.028436416189378977e-01
3.394148660516880245e-01
3.394148660516880245e-01
3.028436416189378977e-01
3.394148660516880245e-01
3.028436416189378977e-01
3.241185170337677612e-01
3.394148660516880245e-01
3.394148660516880245e-01
3.191517818516162452e-01
2.633292644335524235e-01
3.764149815084608108e-01
4.295560595997160447e-01
4.372042341086761486e-01
3.764149815084608108e-01
3.966780657085325901e-01
3.966780657085325901e-01
4.531288068246003831e-01
3.962944981917786991e-01
3.770432052064648931e-01
4.518849353833038762e-01
5.120880133200204076e-01
5.207479790437384848e-01
5.805254404291957382e-01
6.170966648619458095e-01
6.129185394767122652e-01
5.810523368002870059e-01
5.844087021627957235e-01
6.162749048392209827e-01
6.046717863628673362e-01
6.644492477483245896e-01
6.046717863628673362e-01
6.604943037809313244e-01
6.604943037809312134e-01
6.828942791585654870e-01
7.800492265518457202e-01
8.302471518904656067e-01
7.163168211989950906e-01
6.332842009900407909e-01
7.517140237981509987e-01
7.512900797534881603e-01
7.072329114306138420e-01
7.653407247040205919e-01
5.550617081943428621e-01
7.806370737219410216e-01
7.847542483081705322e-01
6.624256653188085320e-01
5.522318641897538960e-01
5.363476680017383869e-01
6.332842009900409019e-01
6.402312195808593787e-01
5.065612315409707689e-01
5.633955401737925639e-01
5.431324559737208402e-01
4.605449011070220089e-01
4.884561598160540030e-01
4.276669072158386098e-01
4.884561598160540030e-01
4.884561598160538920e-01
4.605449011070221199e-01
5.087192440161257823e-01
3.770432052064648931e-01
4.860068007157838377e-01
4.165575823918503673e-01
4.531288068246003831e-01
8.292353606757075779e-01
7.395230581517019397e-01
7.734128432576438117e-01
9.392107473997848288e-01
8.757400554727609032e-01
6.549830204495336039e-01
9.036513141817925643e-01
8.621133545668910880e-01
8.707733202906091652e-01
8.910364044906809999e-01
9.036513141817926753e-01
9.797369157999281652e-01
8.211632421220845801e-01
9.026395229670345355e-01
9.224786631224435318e-01
7.312170267454495276e-01
8.937178438174894213e-01
9.518256570908963932e-01
8.428620615815772821e-01
8.161965069399330641e-01
8.085483324309727937e-01
8.581584105994974898e-01
6.557892820246065124e-01
7.302052355306914988e-01
8.401806222547686387e-01
7.312170267454496386e-01
6.876554847010317717e-01
7.800492265518457202e-01
6.500162852673820879e-01
6.423681107584219285e-01
6.837005407336385066e-01
6.837005407336385066e-01
6.441861635482528659e-01
