5.345973310872191853e-01
6.306626392314211849e-01
7.823567075563141460e-01
6.380850519312999403e-01
6.804139851204920042e-01
6.630270333636800739e-01
4.998261928776838725e-01
4.998261928776838725e-01
7.380242873871781795e-01
5.356870742190239509e-01
5.240449197781426038e-01
7.378000055579143623e-01
7.278645694567189572e-01
6.304928240857600175e-01
5.903633978009072969e-01
5.689556224044919341e-01
4.433150804521951427e-01
4.958555760368978937e-01
4.709135946045177046e-01
4.795579377393678344e-01
4.365085153223429715e-01
4.264231937318274102e-01
3.726945288503029086e-01
3.821861923684088391e-01
4.365085153223429715e-01
4.184010743376982977e-01
4.083157527471827364e-01
2.934558009709073989e-01
2.092343155137258992e-01
2.386146570352799257e-01
2.263003257957826864e-01
2.263003257957826864e-01
1.832509033787577957e-01
1.832509033787577957e-01
1.832509033787578512e-01
1.832509033787577957e-01
2.081928848111380126e-01
1.538705618572038247e-01
9.355428021865596078e-01
9.311044420973857427e-01
9.863309191045289692e-01
8.595788322120161418e-01
8.622088841947714855e-01
8.346368507796361191e-01
8.984237661640611661e-01
8.470229339229954357e-01
8.381710568156007790e-01
8.368880590634892869e-01
8.003315315652695938e-01
5.769017077924434300e-01
4.983824491179296157e-01
4.684504316421734815e-01
6.835693474575543771e-01
6.781504217376199684e-01
5.693359606840905363e-01
6.481669546878999766e-01
4.896913180181776126e-01
4.869411370316667487e-01
2.504063785538825360e-01
7.149531759590526114e-01
4.357697557088487939e-01
4.459716131721376264e-01
2.386146570352799257e-01
7.939836087211727955e-01
2.205072160506351409e-01
4.254010092251486741e-01
2.132873425313839832e-01
6.227541295848152414e-01
2.322733610623190781e-01
3.915977666662365936e-02
1.523266319270249469e-01
2.454491974830153300e-01
3.915977666662365936e-02
3.915977666662365936e-02
3.915977666662365936e-02
2.081928848111380126e-01
3.915977666662365936e-02
3.915977666662365936e-02
1.342191909423802176e-01
3.915977666662365936e-02
9.597649957910528440e-02
3.915977666662365936e-02
1.342191909423802176e-01
3.915977666662365936e-02
1.342191909423802176e-01
3.915977666662365936e-02
3.737087382539700520e-01
9.597649957910527052e-02
1.765536395804011283e-01
2.856915299630440330e-01
3.833737713148025472e-01
0.000000000000000000e+00
1.523266319270249469e-01
6.212993014494346822e-01
3.296451064332780456e-01
1.765536395804011283e-01
9.364469562397688129e-01
9.057836169661034331e-01
0.000000000000000000e+00
2.934558009709073989e-01
7.975178147571375664e-01
6.567178032702514212e-01
7.138151502816494354e-01
7.563407569250636397e-01
6.265782797701967555e-01
4.697378501002312801e-01
4.264231937318274102e-01
7.167614840654710218e-01
2.263003257957826864e-01
5.461570753512283716e-01
6.476961110171955971e-01
2.081928848111380126e-01
5.726721765126836783e-02
2.635566384676600316e-01
6.792636043440701821e-01
4.433430557700783758e-01
2.675840889783993037e-01
8.141332294364297395e-01
7.309654651101790135e-01
1.523266319270249469e-01
4.867713218860054702e-01
8.108328950246589395e-01
5.726721765126836783e-02
3.821861923684088391e-01
4.765723905479666289e-01
2.092343155137258992e-01
2.081928848111380126e-01
1.523266319270249469e-01
4.546159563069877008e-01
6.916496874874294987e-01
6.365930256259475506e-01
8.254061299733390644e-01
6.766431421562447701e-01
2.386146570352799257e-01
7.048183010995463516e-01
6.236582836380245576e-01
3.755170463603884068e-01
2.821829004339980740e-01
6.586273660251742434e-01
4.709135946045177046e-01
3.002903414186428588e-01
6.360443667813838742e-01
7.847528879148758518e-01
7.714378076473543677e-01
6.519254425531283426e-01
8.675513983371546667e-01
8.728939124795375148e-01
1.000000000000000000e+00
9.673193240666753123e-01
4.365085153223429715e-01
4.450674591189284768e-01
4.933924130745537262e-01
4.584649495633219551e-01
5.558366949342807839e-01
5.671095954711902198e-01
5.261135908744740686e-01
6.062820493139973177e-01
5.223719939515024668e-01
5.323618967363002996e-01
5.849007546547689840e-01
6.867108601149017888e-01
6.074465557285874118e-01
6.504959781456123302e-01
6.867108601149016778e-01
6.030081956394135467e-01
7.866624506697987851e-01
8.357748764570390732e-01
7.319225912662941091e-01
7.725758333247575438e-01
7.110401262241856646e-01
7.576237546771751319e-01
8.232189781680184781e-01
6.304928240857599064e-01
8.483059316751068168e-01
8.764032754445493234e-01
8.743859387848903486e-01
8.346368507796360081e-01
8.752900928380992207e-01
7.971389710582350574e-01
5.881746083293527549e-01
6.581568574726978094e-01
6.084708387855519707e-01
7.540895486412104720e-01
8.008181491689082554e-01
4.071281738007889728e-01
8.224597961895177001e-01
8.586746781588070476e-01
9.388431365983305188e-01
6.016362983378166218e-01
6.301124858061614153e-01
6.545306514649309459e-01
6.843818366571893241e-01
6.581568574726978094e-01
6.624391611115367784e-01
7.565105720707249182e-01
8.470229339229954357e-01
8.289154929383506509e-01
9.907692791937028343e-01
9.296124157920333531e-01
9.355428021865594967e-01
7.984219688103467716e-01
7.785062197192836875e-01
4.958555760368978937e-01
4.264231937318274102e-01
3.365052233879322618e-01
7.359821076565657982e-01
6.987552977293306489e-01
6.761082420070076981e-01
6.383189235554938001e-01
7.829445798084574415e-01
6.766431421562447701e-01
8.514612940121693008e-01
6.504959781456123302e-01
8.405672371741622628e-01
8.372669027623914628e-01
8.450055972633362389e-01
8.414713912273714680e-01
8.734817847316808104e-01
8.527442917642807929e-01
9.174353612019149340e-01
8.660593720318022770e-01
8.913553540921317353e-01
8.684555523903638719e-01
8.728939124795377369e-01
9.432814966875041618e-01
8.426094169047745330e-01
8.346368507796360081e-01
8.562784978002453418e-01
7.685550096851540003e-01
8.980449224651588791e-01
7.324727446915542117e-01
8.071288738430330012e-01
7.324727446915541007e-01
8.233639502427266832e-01
6.942156829916524829e-01
6.173475589638997008e-01
7.167614840654710218e-01
4.626008775311449273e-01
5.961736551916780869e-01
6.074465557285874118e-01
5.870630633891366079e-01
5.406868258231540825e-01
5.015143719803467626e-01
5.445637943973716810e-01
3.584317898824224691e-01
2.459680184647087264e-01
2.263003257957826864e-01
2.263003257957826864e-01
1.832509033787577957e-01
1.704340729116696485e-01
1.523266319270249469e-01
7.398951573914326341e-01
5.698597764577011393e-01
8.235978218669206541e-01
7.066017661350117995e-01
4.184010743376981867e-01
7.639329847706035626e-01
5.835288573531719480e-01
6.617688786825215441e-01
6.912163771049247840e-01
7.064939922302752029e-01
8.003315315652693718e-01
7.372651054086772904e-01
6.517928255774388946e-01
7.930794546679637014e-01
8.651303749076401095e-01
8.176674354723942884e-01
8.108080519537060882e-01
8.847546852685901353e-01
8.933975338227440055e-01
9.785922246035846372e-01
7.870040961987290196e-01
8.594338601373078257e-01
8.627341945490785147e-01
9.320085961505950589e-01
9.604847836189398524e-01
8.191594617777469001e-01
8.880550196803609353e-01
8.333538530275245160e-01
8.664133726597516016e-01
6.256211536140814378e-01
5.898395820272968049e-01
7.714378076473544787e-01
7.016767884421990509e-01
5.490413678941251652e-01
4.703008792814215022e-01
3.879031295037478344e-01
5.637844179884664575e-01
4.184010743376981867e-01
4.875428589635251164e-01
3.726945288503029086e-01
6.785044223655692930e-01
5.157183530250547543e-01
7.657412928770219729e-01
3.726945288503029086e-01
4.115665338899627823e-01
4.709135946045177046e-01
5.114998540591984000e-01
4.071281738007889728e-01
4.933924130745536707e-01
7.737138590021604978e-01
3.539934297932485485e-01
4.269600181342836920e-01
8.278023103319005482e-01
4.390700901206195383e-01
6.065424016753783176e-01
5.196218129649914363e-01
7.271302305491709195e-01
6.287765159511439217e-01
5.196218129649915474e-01
4.937756774794021530e-01
5.327407404352024756e-01
6.547004666105922244e-01
8.494439573525098819e-01
7.023972776700317944e-01
5.408801955807523987e-01
5.575625928638271445e-01
5.813400678816172951e-01
7.054885835285616968e-01
8.075077175419352882e-01
9.794963786567935093e-01
8.924933797695349114e-01
8.582958344599047606e-01
8.627341945490785147e-01
8.776862731966609266e-01
8.586746781588068256e-01
8.924933797695349114e-01
8.278023103319005482e-01
8.740070950859878396e-01
9.375601388462190267e-01
7.825657361095551545e-01
7.933133262921574502e-01
8.191594617777469001e-01
8.223148241148093840e-01
9.242699016496502828e-01
8.259940022254822489e-01
8.993279202172702602e-01
5.554939323960280673e-01
5.451251859123279475e-01
5.270177449276832737e-01
5.813400678816172951e-01
6.065424016753782066e-01
4.937756774794021530e-01
5.714153385846745259e-01
3.906949293661767242e-01
5.164898901025744005e-01
4.626008775311449273e-01
5.350678396396955083e-01
6.124225812710870631e-01
3.872109301290295735e-01
2.918813644886829595e-01
4.097567312028481679e-01
5.726721765126836783e-02
1.140839405637499582e-01
1.140839405637499582e-01
1.140839405637499582e-01
1.704340729116696485e-01
2.635566384676600316e-01
2.205072160506351409e-01
2.205072160506351409e-01
2.386146570352799257e-01
2.454491974830153300e-01
2.454491974830153300e-01
2.934558009709073989e-01
2.753483599862626696e-01
3.002903414186428588e-01
2.640754594493534002e-01
3.183977824032875326e-01
2.753483599862626696e-01
3.183977824032875326e-01
3.545870878656581238e-01
3.183722058963687207e-01
3.726945288503029086e-01
3.565054513225346389e-01
5.015143719803467626e-01
2.176727305176515970e-01
2.176727305176515970e-01
4.390745108265657337e-01
4.571819518112105185e-01
2.637214588214040201e-01
2.637214588214040201e-01
4.538771966934934676e-01
5.445637943973716810e-01
5.813400678816172951e-01
5.587942668077987562e-01
5.738617257420535189e-01
6.504959781456123302e-01
6.178153022122875315e-01
6.211156366240584425e-01
7.097571284720741724e-01
6.373273645334952553e-01
6.179369257967392004e-01
6.984842279351649585e-01
6.848151470396940388e-01
7.235960245132063706e-01
7.016767884421991619e-01
7.864787858444221014e-01
8.096948693472560965e-01
8.594338601373078257e-01
8.006731770941999393e-01
8.252363148276776750e-01
7.101359721709764594e-01
8.514612940121693008e-01
8.549955000481340717e-01
7.923466103411120898e-01
8.446267535644338409e-01
8.501782962600579197e-01
7.790315300735907167e-01
9.238910579507479959e-01
8.309576726689628101e-01
7.054885835285616968e-01
9.026282546290409492e-01
9.139011551659500521e-01
8.381710568156007790e-01
9.002320742704792433e-01
8.304323623146560029e-01
9.174353612019149340e-01
9.492118830820305275e-01
9.233657475964411887e-01
9.597649957910528440e-02
9.597649957910528440e-02
9.597649957910528440e-02
9.597649957910528440e-02
1.523266319270249469e-01
1.273846504946448133e-01
1.273846504946448133e-01
1.273846504946448133e-01
1.832509033787577957e-01
1.651434623941131219e-01
2.081928848111380126e-01
1.538705618572038247e-01
1.832509033787577957e-01
1.832509033787577957e-01
1.832509033787577957e-01
1.538705618572038247e-01
1.832509033787577957e-01
2.081928848111380126e-01
1.832509033787577957e-01
2.386146570352799257e-01
3.183977824032875326e-01
2.753483599862626696e-01
3.002903414186428588e-01
3.002903414186428588e-01
3.002903414186428588e-01
3.002647649117240469e-01
3.833737713148025472e-01
5.139630170215425675e-01
5.046653136114629401e-01
5.296072950438430738e-01
5.554939323960280673e-01
6.312240307463775624e-01
5.623284728437634161e-01
6.359227431969323163e-01
8.226936678137114489e-01
9.162973355245119800e-01
8.776862731966609266e-01
7.716716792715483386e-01
7.803145278257019868e-01
8.405672371741622628e-01
7.529763660347604803e-01
8.028603288995206366e-01
8.010520207931022263e-01
7.531853945880012668e-01
3.109440073762236856e-01
4.538771966934934676e-01
3.916492902182034386e-01
4.915479086701942668e-01
6.738133162969505152e-01
6.408615705694600262e-01
4.652994900110573595e-01
1.765536395804011283e-01
2.313947835160286570e-01
2.313947835160286570e-01
7.055526400070942783e-01
7.133285326780106628e-01
8.803163251794162703e-01
1.342191909423802176e-01
9.800430897309084233e-02
9.800430897309084233e-02
9.800430897309084233e-02
9.800430897309084233e-02
9.800430897309084233e-02
9.800430897309084233e-02
1.538705618572038247e-01
2.081928848111380126e-01
2.092343155137258992e-01
2.205072160506351409e-01
3.721008707778933333e-01
4.596406940676084352e-01
5.408801955807523987e-01
5.114998540591984000e-01
3.847477671666855170e-01
5.950091487770882148e-01
5.554939323960280673e-01
4.228114591089888186e-01
5.146332994505576908e-01
5.124709907161901778e-01
6.006120152808520629e-01
6.246498426600229914e-01
6.256211536140814378e-01
6.630270333636799629e-01
6.950374268679895273e-01
8.108328950246590505e-01
7.862449142202282415e-01
9.170565175030125360e-01
8.980449224651588791e-01
8.087907152940468913e-01
7.440996458564127503e-01
7.057224551527555567e-01
8.337326967264266919e-01
6.067260665007547793e-01
8.734817847316810324e-01
6.953537086690554370e-01
6.427572836446677762e-01
7.158573300122618166e-01
8.651552179785931829e-01
7.502639038751327538e-01
7.428414911752542205e-01
8.119460776311091532e-01
8.119460776311091532e-01
7.142326867312198679e-01
8.254061299733390644e-01
8.571826518534546580e-01
9.002320742704794654e-01
8.096948693472560965e-01
8.084118715951446044e-01
8.039735115059707393e-01
6.006791721817011931e-01
6.106690749664991369e-01
6.398933600377182396e-01
6.558136492170424381e-01
6.757934547866379926e-01
7.838487338616667577e-01
6.006120152808520629e-01
6.509964454289661751e-01
8.743859387848901266e-01
7.829445798084574415e-01
8.616210119426284120e-01
5.046653136114629401e-01
6.441991031512025456e-01
5.950091487770882148e-01
6.803767869505201737e-01
5.477147360284877475e-01
6.487700802160659697e-01
8.915892257163255952e-01
9.274252639867127668e-01
9.174353612019149340e-01
9.750580185676198663e-01
8.803163251794162703e-01
9.174353612019150450e-01
9.242699016496505049e-01
8.598127038362101127e-01
8.847546852685901353e-01
8.743859387848901266e-01
9.785922246035844152e-01
9.013452568769294571e-01
8.120910497058176913e-01
8.405672371741622628e-01
7.226918704599970544e-01
7.666454469302312891e-01
6.912163771049247840e-01
7.378000055579143623e-01
7.387041596111235675e-01
6.598731656073139051e-01
6.726380924495756197e-01
6.312240307463775624e-01
5.994475088662619688e-01
6.131165897617328886e-01
5.373864914113833935e-01
6.243894902986422135e-01
6.243894902986422135e-01
5.159382141483722650e-01
5.227727545961076139e-01
4.346987126352283570e-01
3.902083117625380071e-01
3.902083117625380071e-01
3.726945288503029086e-01
3.002903414186428588e-01
3.002903414186428588e-01
2.934558009709073989e-01
2.635566384676600316e-01
1.832509033787578512e-01
2.263003257957826864e-01
7.753895501328892381e-01
8.117370490778682557e-01
9.887270994630906751e-01
5.257860709837116620e-01
5.196218129649914363e-01
4.184010743376981867e-01
5.573038781686803222e-01
8.220809524906154131e-01
5.373864914113832825e-01
5.739441359189255687e-01
7.459720104413635200e-01
5.739441359189255687e-01
4.958555760368977827e-01
6.263255337907518427e-01
5.726721765126836783e-02
4.795579377393678344e-01
4.978307731637275912e-01
3.949119058030908236e-01
3.545870878656582348e-01
4.415332530829637059e-01
2.753483599862626696e-01
3.545870878656582348e-01
3.833737713148025472e-01
5.937526317621636407e-01
5.114998540591984000e-01
9.597649957910527052e-02
3.394201948445685901e-01
1.651434623941131219e-01
3.545870878656582348e-01
4.165912716505835722e-01
5.527047720718638590e-01
5.726721765126836783e-02
3.563400568828195558e-01
1.832509033787578512e-01
4.346987126352283570e-01
5.726721765126836783e-02
5.726721765126836783e-02
8.414713912273714680e-01
1.140839405637499582e-01
5.726721765126836783e-02
3.213127538599238053e-01
7.166288670897813518e-01
3.296451064332780456e-01
5.726721765126836783e-02
2.092343155137258992e-01
2.753483599862626696e-01
2.640754594493534002e-01
3.524503556382092007e-01
5.338787661126055406e-01
1.900854438264932555e-01
3.213127538599238053e-01
2.454491974830153300e-01
2.737739235040381747e-01
6.980509175526601329e-01
4.682570618845753319e-01
7.129496889791083758e-01
3.915977666662365936e-02
2.675840889783993037e-01
3.652663303301578734e-01
8.586746781588070476e-01
4.357697557088487939e-01
1.523266319270249469e-01
8.256151585265799620e-01
4.254010092251486741e-01
3.364796468810134500e-01
5.567800623950697192e-01
7.314359736626553365e-01
