7.972458646377619251e-01
8.921444771615378855e-01
8.802267885573372697e-01
8.842889543230764149e-01
8.375627005405565928e-01
9.624372994594434516e-01
8.556209983314665424e-01
7.969770559447457714e-01
9.088947445489464760e-01
1.000000000000000000e+00
7.545817766209819144e-01
8.842889543230764149e-01
8.426640880167803882e-01
9.129569103146859543e-01
8.594143554041893118e-01
8.713320440083902607e-01
8.505196108552426359e-01
8.634765211699280130e-01
8.634765211699283460e-01
8.422286504988243383e-01
9.842889543230761706e-01
7.668344407246947547e-01
8.177894890978937292e-01
8.921444771615382185e-01
9.375627005405566816e-01
8.931836988720230908e-01
8.566602200419513036e-01
9.791875668468523752e-01
9.348085651783183403e-01
8.422286504988240052e-01
8.201367412118791833e-01
9.426640880167805880e-01
8.343731276603620906e-01
7.802267885573371808e-01
8.972458646377617919e-01
8.437033097272652604e-01
9.129569103146859543e-01
8.099339662594317035e-01
9.139961320251707155e-01
8.972458646377617919e-01
8.931836988720230908e-01
9.218516548636326302e-01
7.604535771146739842e-01
8.685779086461522525e-01
7.589789178862329511e-01
8.335005347748175586e-01
7.137273233321543842e-01
8.228908765741171916e-01
8.020784434209695668e-01
8.006037841925286447e-01
8.422286504988243383e-01
9.556209983314662981e-01
7.751254010811132744e-01
7.553521896384500778e-01
9.634765211699282128e-01
9.218516548636326302e-01
7.345397564853023420e-01
8.426640880167803882e-01
8.802267885573369366e-01
7.931836988720231130e-01
7.931836988720228909e-01
6.485358885104727245e-01
8.218516548636327634e-01
8.713320440083902607e-01
8.358477868888033457e-01
7.624372994594437181e-01
7.655549645908977796e-01
8.931836988720227577e-01
7.787521293288959257e-01
8.126881016216694897e-01
8.634765211699283460e-01
8.139961320251708488e-01
8.051013874762240619e-01
5.005016043244520096e-01
5.213140374775998565e-01
4.942229205825076077e-01
4.447425314377499439e-01
5.623368374409991599e-01
5.326296597389047482e-01
4.285674939731655697e-01
5.623368374409992709e-01
5.285674939731656030e-01
4.504191488367981222e-01
7.002111017180161490e-01
7.088947445489468535e-01
7.201367412118793165e-01
7.498439189139739502e-01
6.795510966160684951e-01
7.632077124769119925e-01
8.464574450895032687e-01
7.538775304100089336e-01
8.125214727967295936e-01
7.366918255046439601e-01
6.371272630226002542e-01
7.511233950477708143e-01
7.000000000000001776e-01
6.872541914033302168e-01
8.645157428804132183e-01
9.583751336937044174e-01
8.061406091867089341e-01
7.031176651314543502e-01
8.426640880167807213e-01
7.645157428804132405e-01
9.000000000000001332e-01
8.645157428804133293e-01
8.307463994125794393e-01
9.259138206293716644e-01
8.088947445489470534e-01
7.464574450895032909e-01
9.167502673874087238e-01
8.921444771615382185e-01
6.993243080587315808e-01
8.208124331531480022e-01
7.880823113957990955e-01
8.853281760335608430e-01
9.297071777020945449e-01
8.256450119363554219e-01
7.917090396435818578e-01
6.485358885104727245e-01
8.292717401841381841e-01
7.317856211230642227e-01
8.177894890978933962e-01
7.515588325657273083e-01
9.010392217104850054e-01
9.921444771615380853e-01
8.880823113957991843e-01
8.218516548636327634e-01
6.163148298694525185e-01
7.710632353153741292e-01
5.876468738778426459e-01
6.496914908627738905e-01
7.002111017180161490e-01
3.266072448020425623e-01
2.979392888104327453e-01
4.718336483328422482e-01
4.718336483328422482e-01
4.718336483328422482e-01
5.623368374409992709e-01
5.623368374409991599e-01
6.147665450426391676e-01
5.901607548167684403e-01
6.069110222041770308e-01
5.355789781957869256e-01
6.969770559447456826e-01
6.299182794201106939e-01
7.556209983314664536e-01
4.225916313012985093e-01
5.079502439146618142e-01
2.854228971097605427e-01
0.000000000000000000e+00
1.377160952835721208e-01
2.591455467111727362e-01
1.871964844283297569e-01
0.000000000000000000e+00
0.000000000000000000e+00
1.871964844283297569e-01
0.000000000000000000e+00
0.000000000000000000e+00
2.068340333593794156e-01
0.000000000000000000e+00
6.303362486009519983e-02
0.000000000000000000e+00
6.303362486009519983e-02
0.000000000000000000e+00
6.303362486009519983e-02
6.303362486009519983e-02
1.663840512751819378e-01
3.436456027522648005e-01
3.567549411181507590e-01
1.377160952835721208e-01
2.878135027027824977e-01
0.000000000000000000e+00
3.485358885104726800e-01
8.337693434678340454e-01
3.057948116488947710e-01
6.303362486009519983e-02
8.335005347748175586e-01
5.415244042878515351e-01
1.254415270490469858e-01
1.046290938958991668e-01
7.337693434678339566e-01
4.898919461237520312e-01
2.474196779551903758e-01
6.710632353153740404e-01
7.423952793237642567e-01
0.000000000000000000e+00
7.418359680243118426e-01
6.167502673874087904e-01
1.987884085223307062e-01
4.663253776083660651e-01
3.474196779551903536e-01
6.715431457264062765e-01
0.000000000000000000e+00
3.077550608200176896e-01
5.351435406778305426e-01
8.556209983314663203e-01
1.254415270490469858e-01
7.634765211699283682e-01
3.652557193180787642e-01
4.172518717118607334e-01
5.566602200419511481e-01
6.248168919438866764e-01
2.274563645139404955e-01
1.663840512751819378e-01
5.574306330594194225e-01
7.071798308971934954e-01
1.663840512751819378e-01
2.482687976670883145e-01
6.969770559447456826e-01
6.368870085992880403e-01
6.713320440083903051e-01
7.498439189139738392e-01
6.266842336468402275e-01
8.084593070309905594e-01
9.764334314846142560e-01
8.791875668468521754e-01
9.426640880167802550e-01
8.214162173456763805e-01
8.139961320251708488e-01
9.348085651783183403e-01
6.863673977440457596e-01
8.515588325657270641e-01
9.129569103146859543e-01
9.139961320251707155e-01
9.088947445489468091e-01
4.380643048650085247e-01
3.485358885104726800e-01
5.659009624632622693e-01
6.303362486009519983e-02
6.303362486009519983e-02
5.030282254858623459e-01
5.406803656720108320e-01
5.566602200419511481e-01
4.712315819899459135e-01
5.279922640503413866e-01
6.169613691054247617e-01
7.797913510393806868e-01
6.880823113957990067e-01
7.640803053624567465e-01
7.084593070309904705e-01
7.734104874293596943e-01
7.734104874293599163e-01
7.634765211699283682e-01
8.416248663062959601e-01
6.288790577096259327e-01
6.002111017180161712e-01
5.279922640503413866e-01
4.380643048650085247e-01
4.380643048650085247e-01
4.642164976075940919e-01
4.355485416159843304e-01
4.355485416159843304e-01
4.642164976075940919e-01
4.147361084628364281e-01
4.147361084628364281e-01
4.588767380181563160e-01
8.802267885573369366e-01
9.505196108552425027e-01
9.764334314846139229e-01
7.713320440083902829e-01
9.556209983314662981e-01
7.553521896384500778e-01
7.921444771615381297e-01
7.995645624820438835e-01
4.588767380181564270e-01
8.256450119363556439e-01
6.069110222041770308e-01
8.335005347748175586e-01
8.675386869356674913e-01
5.071798308971934288e-01
6.422286504988241607e-01
7.853281760335609762e-01
3.807283928817888352e-01
1.254415270490469858e-01
2.274563645139404955e-01
3.729750499114034556e-01
2.274563645139404955e-01
2.591455467111727362e-01
2.878135027027824977e-01
0.000000000000000000e+00
1.663840512751819378e-01
0.000000000000000000e+00
0.000000000000000000e+00
4.956081401653568141e-01
5.128564482962416626e-01
3.567549411181507590e-01
4.062353302629084228e-01
5.415244042878514241e-01
7.853281760335609762e-01
7.683090999531358989e-01
3.266072448020425623e-01
2.474196779551903758e-01
1.046290938958991668e-01
4.368870085992880292e-01
7.214162173456762917e-01
8.126881016216694897e-01
2.474196779551903758e-01
1.377160952835721208e-01
7.224554390561611639e-01
7.386019222510413762e-01
0.000000000000000000e+00
2.979392888104327453e-01
1.663840512751819378e-01
8.426640880167806102e-01
2.274563645139404955e-01
6.277234553573249887e-01
1.254415270490469858e-01
3.522988090033929431e-01
5.539832738590610983e-01
6.386019222510413984e-01
6.303362486009519983e-02
3.437980308034649379e-01
2.641699453425990218e-01
0.000000000000000000e+00
7.297071777020947003e-01
2.574465516827912914e-01
7.006037841925284448e-01
4.942229205825076077e-01
1.878135027027824921e-01
6.303362486009519983e-02
8.061406091867089341e-01
5.071798308971934288e-01
2.641699453425990218e-01
6.959378342342610324e-01
6.863673977440457596e-01
5.901607548167684403e-01
7.579396961757483009e-01
8.802267885573369366e-01
8.088947445489470534e-01
7.292717401841384284e-01
