8.420039300013452133e-01
7.854324254146324291e-01
7.784507357512731041e-01
7.289831917902449554e-01
9.226815554905112293e-01
5.286887370929500563e-01
7.530640266577062203e-01
3.026212281222719347e-01
5.646290724635739666e-01
7.752391117689135802e-01
6.305129977974637256e-01
7.297559103527028190e-01
8.525575562784023509e-01
7.386165425075269519e-01
8.930153898574917370e-01
7.968810412164728518e-01
8.555564246267411965e-01
8.298477942737501056e-01
7.754771534379262254e-01
4.775550062744780555e-01
8.865936631225695974e-01
5.739021105495176744e-01
7.422137651562168426e-01
6.872447700200421394e-01
3.860033544786274917e-01
4.623318252623543900e-01
7.194529011411027186e-01
3.394818390526713192e-01
7.491701687845840896e-01
2.657866497403504336e-01
3.210515335874715714e-01
4.890289081113105008e-01
5.149870186036168418e-01
6.780369305708016103e-01
6.079129313586927319e-01
5.219434222319839778e-01
5.286887370929500563e-01
5.725057516517166878e-01
6.222366233167495597e-01
6.334724834845693042e-01
6.821133922618720646e-01
6.337105251535820605e-01
6.966400790683109356e-01
8.115665670356649875e-01
8.232133119048072878e-01
8.570750544868677157e-01
8.930153898574917370e-01
8.894181672088016244e-01
9.422701781844992075e-01
7.289831917902450664e-01
7.562756506400658552e-01
8.781823070409821019e-01
7.566612493063963329e-01
7.797566099773789450e-01
9.114456953226914848e-01
6.714661256087647301e-01
9.018123446054097103e-01
9.271990536989765941e-01
7.903102362544360826e-01
8.440825227899086958e-01
8.860589862291246011e-01
8.604342354665449610e-01
3.517912165057339724e-01
3.149036418556787620e-01
3.637475454813635101e-01
6.865372500942873435e-01
2.473563442751507135e-01
0.000000000000000000e+00
0.000000000000000000e+00
3.149036418556787620e-01
5.782979271873047583e-02
0.000000000000000000e+00
0.000000000000000000e+00
5.782979271873047583e-02
1.965568935395389516e-01
0.000000000000000000e+00
0.000000000000000000e+00
0.000000000000000000e+00
5.044064286069037673e-01
5.004189303577315506e-01
5.473301313255508616e-01
3.578031954654756208e-01
4.152238066601002808e-01
5.978924607452834605e-01
5.772612915291948088e-01
5.782979271873047583e-02
2.956648244939046877e-01
6.203071087553005958e-01
6.342199160120349788e-01
3.206080878792076927e-01
5.426015443496843282e-01
7.591254407612901822e-01
1.546767451369908675e-01
5.853760123863501752e-01
8.017841380912686944e-01
7.685207498095592005e-01
5.166816795924695782e-01
6.114449553706796658e-01
7.726526493516940874e-01
3.053257289894616422e-01
5.160373071331432193e-01
8.119521657019954652e-01
3.020169848376648147e-01
5.669457069211504274e-01
8.292494399733990607e-01
9.008920690456342362e-01
3.745294526417950465e-01
5.599893032927832914e-01
9.202426500706093471e-01
5.138556542764403101e-01
5.834464978249012113e-01
7.047295138904743350e-01
7.624846217409674276e-01
9.114456953226914848e-01
7.464932216956694511e-01
7.640032516010938357e-01
5.588040331623833623e-01
4.369451161687875063e-01
8.860589862291246011e-01
8.156969453480029664e-01
1.151846753361744913e-01
5.392423633700070829e-01
9.202426500706093471e-01
7.002373017170010483e-01
4.198251844589770410e-01
9.159631935311568496e-01
7.821955153972808272e-01
8.164696639104607190e-01
8.833820391402098515e-01
7.682827081405463332e-01
8.591283612404391201e-01
8.420039300013453243e-01
8.824617635804345994e-01
8.975328880659569908e-01
8.114174888085502468e-01
8.555564246267413075e-01
9.054095672540997120e-01
8.465214282098105780e-01
5.588040331623833623e-01
6.887633998801684365e-01
8.685489563237003274e-01
3.841612821292798019e-01
8.046480248387340994e-01
8.013985394249383276e-01
7.562756506400658552e-01
3.657309766640800541e-01
7.081139809051435474e-01
5.176227416579535223e-01
3.210515335874716825e-01
4.751161008545762843e-01
1.151846753361744913e-01
3.134908866744974265e-01
5.332062353014153100e-01
2.974490498013190320e-01
3.762846029411371362e-01
7.247037352507925689e-01
3.911176857576469379e-01
5.258895190417101073e-01
7.485718144842331556e-01
8.406980557752394834e-01
9.074628740076712274e-01
9.262787781392013420e-01
8.869792617888999642e-01
8.860589862291247121e-01
9.202426500706093471e-01
9.561829854412334795e-01
8.497330521921702129e-01
1.000000000000000000e+00
7.773177045574772848e-01
8.420039300013452133e-01
9.447090836044009787e-01
9.193223745108340950e-01
9.298760007878911216e-01
9.123659708824668479e-01
8.271708471848354671e-01
8.709878617436022097e-01
8.202144435564682201e-01
2.657866497403504336e-01
3.573079012332640025e-01
4.738057270991870018e-01
3.757382066984637503e-01
6.865372500942874545e-01
5.836193408572110108e-01
8.386447490216680789e-01
5.119611865356219482e-01
8.116044284671012354e-01
2.772345190287050509e-01
5.646290724635740776e-01
2.473563442751507135e-01
7.119239591878542273e-01
6.935872940987044544e-01
5.334173240688165896e-01
7.335006899987104312e-01
8.694692318834755795e-01
8.860589862291246011e-01
9.298760007878911216e-01
8.869792617888999642e-01
9.516654872327681147e-01
9.552627098814580053e-01
9.008920690456342362e-01
9.193223745108340950e-01
9.447090836044009787e-01
9.298760007878911216e-01
6.895486938390704701e-01
8.008638625314931092e-01
8.262505716250599930e-01
8.625128282551085546e-01
8.788645409317447088e-01
8.000926651988323757e-01
9.271990536989768161e-01
8.211347191162438053e-01
8.927773481884789808e-01
7.752391117689135802e-01
8.525575562784025729e-01
8.226533489763701024e-01
9.779724718861103616e-01
4.623318252623542790e-01
7.972666398828032186e-01
6.641241233140672273e-01
5.637103181335957336e-01
4.922360325643866386e-01
4.738057270991868908e-01
4.775550062744781665e-01
7.939074589031260842e-01
6.678941889950670285e-01
4.886800339502744839e-01
3.421863399198609712e-01
7.068081066790378175e-01
8.049957620736282182e-01
2.772345190287050509e-01
8.820761649141043437e-01
7.461076230293389733e-01
6.554208089421992289e-01
7.534496253240365871e-01
9.119803722161364812e-01
4.886800339502744839e-01
6.469996920749732094e-01
7.448396102346697134e-01
8.051433190709458287e-01
6.932808980886339123e-01
9.087687482337769573e-01
7.132298334139600682e-01
8.413216961105826064e-01
9.456293591641762308e-01
7.568088063037139435e-01
