5.542545762025142819e-01
9.428272030368932688e-01
8.394640912848440051e-01
8.471578160588032480e-01
9.950036844122936985e-01
9.224434379012688145e-01
7.720633571779381699e-01
8.608656735644077962e-01
8.267740509231786827e-01
8.727010935985467510e-01
9.582146525848115326e-01
9.999999999999997780e-01
6.839663725868526667e-01
8.933481308477458915e-01
8.980811743218773957e-01
7.489821828560606631e-01
7.822912943217374959e-01
8.074081029314934543e-01
8.739821828560606631e-01
8.943659479916851174e-01
8.662884580821015312e-01
8.883518152600395901e-01
8.327881836548242100e-01
7.285984177204362089e-01
8.893696324039790380e-01
9.097533975396033812e-01
7.323136440506283762e-01
8.459046929464769660e-01
9.010418556217050234e-01
7.489821828560606631e-01
8.165461137793792457e-01
9.311549798191672833e-01
8.652706409381623054e-01
7.914293051696235093e-01
7.884686238697958816e-01
8.966368882479505142e-01
8.531719487904486643e-01
7.209046929464770770e-01
8.799963155877060794e-01
7.373099596383346777e-01
8.521541316465094384e-01
8.679680501244153579e-01
8.128308874491871894e-01
7.986965610135950966e-01
8.612921424943952298e-01
9.505209278108524007e-01
9.428272030368932688e-01
9.438450201808324946e-01
9.157675302712489085e-01
6.969409321518855727e-01
5.241431344726031893e-01
9.234612550452079294e-01
8.966368882479505142e-01
7.620707260025259000e-01
8.802316215560930246e-01
6.423303137038068877e-01
9.418093858929540430e-01
8.635630827506607377e-01
8.359120617710648071e-01
8.562958269066891503e-01
8.115497981916733883e-01
8.650073688245876191e-01
9.341156611189949110e-01
8.342324697287508695e-01
6.818167547175419951e-01
7.703837651356243432e-01
7.575444362418166655e-01
9.912884580821014202e-01
8.966368882479506253e-01
8.679680501244153579e-01
6.437466336325459171e-01
7.666405726602444348e-01
8.519188256781224933e-01
8.317703665108849842e-01
7.411391695499591759e-01
8.652706409381623054e-01
7.997143781575343224e-01
9.351334782629341369e-01
7.914293051696235093e-01
8.317703665108849842e-01
8.215424293670856581e-01
8.839468478862851919e-01
9.582146525848115326e-01
7.298515408327623799e-01
9.234612550452080404e-01
8.115497981916733883e-01
8.068167547175418841e-01
8.448868758025378511e-01
8.689858672683545837e-01
8.525806005764970941e-01
9.251408470875216450e-01
9.669261945027101124e-01
9.291193455312888316e-01
6.106131967988739362e-01
6.754797185359395773e-01
7.911660330560488230e-01
8.700036844122938096e-01
8.525806005764970941e-01
7.693659479916852284e-01
3.479844702411419854e-01
8.727010935985467510e-01
9.378308874491871894e-01
8.525806005764970941e-01
8.930848587341712053e-01
6.457822679204243688e-01
8.282183369971055642e-01
8.739821828560606631e-01
8.419261945027100014e-01
8.496199192766691333e-01
7.670670415902320904e-01
8.727010935985467510e-01
8.188450201808326057e-01
8.856544060737867596e-01
7.008597992592703330e-01
8.155282966354402419e-01
8.525806005764970941e-01
8.546162348643753237e-01
8.853911339602118513e-01
8.448868758025378511e-01
8.866722232177259855e-01
8.031015283873494948e-01
8.523173284629224078e-01
7.997143781575343224e-01
6.632774609081952821e-01
6.380885431464651258e-01
8.088523890054203358e-01
8.826937247739590209e-01
8.558693579767016058e-01
4.450931668510532124e-01
8.889431634739914934e-01
8.727010935985467510e-01
9.311549798191672833e-01
8.689858672683545837e-01
8.446236036889630538e-01
8.496199192766693553e-01
8.933481308477458915e-01
9.301371626752280575e-01
8.535984177204363199e-01
9.170206533835750795e-01
9.415461137793795787e-01
8.321968354408724178e-01
9.147497131273096826e-01
8.535984177204363199e-01
8.608656735644077962e-01
9.020596727656444713e-01
8.608656735644077962e-01
9.505209278108524007e-01
6.865497981916733883e-01
8.327881836548239880e-01
8.342324697287508695e-01
9.251408470875216450e-01
8.652706409381623054e-01
1.000000000000000000e+00
5.520837112434104910e-01
5.811790182969333030e-01
6.423303137038068877e-01
6.116310139428131620e-01
6.380885431464651258e-01
7.807748990958367497e-01
6.212568075246200916e-01
6.905282966354403529e-01
6.754797185359395773e-01
8.486021021327299074e-01
8.889431634739914934e-01
7.783127958779706423e-01
8.598478564204685703e-01
7.489821828560606631e-01
7.448125214506932101e-01
9.157675302712489085e-01
4.615440269835818787e-01
8.776974091862529415e-01
8.398905602148315497e-01
7.553948183725059939e-01
8.245031106669132859e-01
8.521541316465094384e-01
9.374044185191995338e-01
7.822912943217374959e-01
8.562958269066892614e-01
8.739821828560606631e-01
6.880661934175742456e-01
8.459046929464769660e-01
8.404819084287833419e-01
8.369298789150039219e-01
8.602743253504562260e-01
8.930848587341712053e-01
8.342324697287508695e-01
9.020596727656444713e-01
8.190803261492195508e-01
7.982700920836074410e-01
9.057748990958365276e-01
8.354855928410770405e-01
8.903874495479181528e-01
5.307748990958367497e-01
6.624508067258566557e-01
6.289505322985792235e-01
7.906182417391065531e-01
7.373099596383345666e-01
8.623099596383346777e-01
9.338523890054202248e-01
9.592324697287509805e-01
8.883518152600398121e-01
4.983330588110639892e-01
8.475842849887909036e-01
4.983330588110639892e-01
2.868331748342684562e-01
8.436057865450238280e-01
8.151018277054525862e-01
5.867387159534034335e-01
3.867146837569615525e-01
8.317703665108849842e-01
9.184649394575019610e-01
5.110230991727292560e-01
4.247094017154287027e-01
3.085538119411356806e-01
3.479844702411419854e-01
2.600925568959275846e-01
4.746199192766693553e-01
3.471528396166976838e-01
2.276870394648048690e-01
6.288931598688343727e-02
6.661660330560488230e-01
1.665645358408489596e-01
1.048291973851956660e-01
2.270187513986377248e-01
1.665645358408489596e-01
1.902297195711556699e-01
0.000000000000000000e+00
0.000000000000000000e+00
2.276870394648048690e-01
0.000000000000000000e+00
0.000000000000000000e+00
0.000000000000000000e+00
4.920258323153192115e-01
6.288931598688343727e-02
0.000000000000000000e+00
6.288931598688343727e-02
6.288931598688343727e-02
6.288931598688343727e-02
0.000000000000000000e+00
4.411602618479574245e-01
0.000000000000000000e+00
2.616848740711039123e-01
1.869483009764734416e-01
3.255633883500880232e-01
6.288931598688343727e-02
6.288931598688343727e-02
1.252129625208201480e-01
6.761586642314612039e-01
0.000000000000000000e+00
0.000000000000000000e+00
8.739821828560606631e-01
1.252129625208201480e-01
3.233360049908318157e-01
5.594843542179375184e-01
7.186057865450240500e-01
3.654058716093877002e-01
2.073032743291804147e-01
8.496199192766691333e-01
3.650073688245877301e-01
8.689858672683545837e-01
7.843269286096159476e-01
1.665645358408489596e-01
4.070984488925860068e-01
8.521541316465094384e-01
9.719225100904163028e-01
2.270187513986377248e-01
4.415461137793795787e-01
9.010418556217050234e-01
5.819335633272978425e-01
4.673246972875101934e-01
7.217732215582739475e-01
7.411391695499591759e-01
0.000000000000000000e+00
4.798235746875748609e-01
8.444604068725503065e-01
8.419261945027100014e-01
1.665357440579314230e-01
1.665357440579314230e-01
1.665357440579314230e-01
1.665357440579314230e-01
1.665357440579314230e-01
1.996095495552212551e-01
1.665357440579314230e-01
1.996095495552212551e-01
1.665357440579314230e-01
1.665357440579314230e-01
1.665357440579314230e-01
1.665357440579314230e-01
1.665357440579314230e-01
1.665357440579314230e-01
1.665357440579314230e-01
1.665357440579314230e-01
1.996095495552212551e-01
1.665357440579314230e-01
1.665357440579314230e-01
2.073032743291804147e-01
1.665357440579314230e-01
1.665357440579314230e-01
1.665357440579314230e-01
2.073032743291804147e-01
1.665357440579314230e-01
1.996095495552212551e-01
1.665357440579314230e-01
1.665357440579314230e-01
1.665357440579314230e-01
1.996095495552212551e-01
1.996095495552212551e-01
4.074265249929630017e-01
7.323136440506285982e-01
6.841156611189950221e-01
7.332386910625778853e-01
8.282183369971055642e-01
6.950981432931588877e-01
8.558693579767016058e-01
6.607712146835428291e-01
7.013894564226493822e-01
7.334454447760000440e-01
6.309969619344983904e-01
6.428936957725708279e-01
6.148162058629871307e-01
6.225099306369462626e-01
6.071224810890279988e-01
6.428936957725708279e-01
6.264884290807132272e-01
6.225099306369462626e-01
5.277214476640189611e-01
5.542545762025142819e-01
5.542545762025142819e-01
4.819277921192063885e-01
4.134686238697958816e-01
4.823136440506284872e-01
3.675366047523221380e-01
3.675366047523221935e-01
4.043256365798041929e-01
4.043256365798041929e-01
3.635581063085551734e-01
4.043256365798041929e-01
3.675366047523221935e-01
2.868331748342684562e-01
2.868331748342684562e-01
2.868331748342684562e-01
2.868331748342684562e-01
2.270187513986376970e-01
2.270187513986376970e-01
2.270187513986376970e-01
2.270187513986376970e-01
2.270187513986376970e-01
2.270187513986377248e-01
2.677862816698866610e-01
2.270187513986376970e-01
2.397087917603030471e-01
2.270187513986376970e-01
2.677862816698867165e-01
2.270187513986376970e-01
2.270187513986376970e-01
1.902297195711556699e-01
2.270187513986376970e-01
2.270187513986376970e-01
1.996095495552212551e-01
1.665357440579314230e-01
2.073032743291804147e-01
1.665357440579314230e-01
1.665357440579314230e-01
1.665357440579314230e-01
1.996095495552212551e-01
1.665357440579314230e-01
1.665357440579314230e-01
1.665357440579314230e-01
1.665357440579314230e-01
1.665357440579314230e-01
1.665357440579314230e-01
1.665357440579314230e-01
1.996095495552212551e-01
1.996095495552212551e-01
1.996095495552212551e-01
2.276870394648049245e-01
1.996095495552212551e-01
1.996095495552212551e-01
1.665357440579314230e-01
2.276870394648048690e-01
2.480708046004293788e-01
2.276870394648049245e-01
1.665357440579314230e-01
