4.453110116990844913e-01
7.521272927656050822e-01
7.785249323240629460e-01
7.956714889066412999e-01
7.568643830126606797e-01
7.483552119502404620e-01
7.057760252408951107e-01
1.595331710847052720e-01
6.014285839869955297e-02
2.760167428834218173e-01
4.001727711180011471e-01
5.627356844073453379e-01
8.256599644841534635e-01
3.973374366733446461e-01
3.532608364761424813e-01
8.491625757475387282e-01
8.536500533070761065e-01
6.691469557222320397e-01
7.014432773083817407e-01
7.728228326453164820e-01
8.183654155409419984e-01
6.477974608404601931e-01
7.044463753405333373e-01
4.461196963281690020e-01
8.793057809520747892e-01
5.846193312369794004e-01
5.652214661116293781e-01
7.570191126396849102e-01
7.436181217031847535e-01
9.043340687642994480e-01
7.655282837021051279e-01
7.582337347588938847e-01
7.052153581237464719e-01
7.424300147532620908e-01
6.890072958035725614e-01
1.197692691359441008e-01
8.077031280969082516e-01
8.095451900488912500e-01
2.760167428834218728e-01
8.025882107045968494e-01
6.779671812142827880e-01
2.373916645866715192e-01
6.998508280439167395e-01
1.914447393765036365e-01
4.453110116990846024e-01
6.014285839869955297e-02
0.000000000000000000e+00
6.014285839869955297e-02
1.987392883197149629e-01
7.844501295210412062e-01
8.960745103893974495e-01
7.053700877507705913e-01
7.052153581237464719e-01
9.493159845427767696e-01
7.005764600378487916e-01
5.174324789494783028e-01
7.525316350801474208e-01
5.150716026022682525e-01
6.764415046654432828e-01
7.629708250059493713e-01
5.367586670829567197e-01
6.817127468603612073e-01
7.005764600378490137e-01
4.734558301490313648e-01
6.631952433559674676e-01
5.446806558589420977e-01
6.983251514950773453e-01
6.872585217365012600e-01
6.619240837708924019e-01
8.643123407511099643e-01
8.909330778277997354e-01
9.154006985228757554e-01
8.022506411056800069e-01
7.290290238167621562e-01
8.633473313194192089e-01
6.463699764527788272e-01
9.163657079545665107e-01
9.154006985228755333e-01
8.609446022502875717e-01
8.729762414405543014e-01
8.694537733127077894e-01
9.295854540947562361e-01
8.149976770401196058e-01
9.236602568977779759e-01
8.409030173726365076e-01
9.154006985228757554e-01
6.890072958035725614e-01
9.648700918608900112e-01
8.536500533070761065e-01
8.729762414405545234e-01
8.684887638810170341e-01
7.775599228923721906e-01
6.527157958838262219e-01
8.690494309981654508e-01
8.767483222559190326e-01
8.329545134273648177e-01
7.243184487389928705e-01
8.875653393269771207e-01
8.376916036744204153e-01
9.575755429176787681e-01
9.550180842215230115e-01
8.453904949321739970e-01
8.887799614461862063e-01
9.106636082758200468e-01
5.898188964400253864e-01
7.278409168668394935e-01
6.979208091805351177e-01
8.260643067986958021e-01
7.834851200893502288e-01
5.180316557212698569e-01
8.020010284181618987e-01
5.174324789494784138e-01
2.373916645866715192e-01
6.931837189334795202e-01
8.956701680748552219e-01
6.782299805783857938e-01
5.449302685464603169e-01
6.791949900100768822e-01
7.947064794749505445e-01
8.152472897276377140e-01
8.656816924973429472e-01
8.830778617674396314e-01
9.309548058409892191e-01
4.464307507577994771e-01
7.521272927656050822e-01
5.757888704951690251e-01
7.590572012401455293e-01
8.140326676084286284e-01
6.158789663995664077e-01
6.464678109400985306e-01
6.817127468603612073e-01
4.267935081946907516e-01
2.180654764531932410e-01
4.787801026825218020e-01
5.014693110689557587e-01
5.367586670829567197e-01
5.314343945494661714e-01
5.326207536076925653e-01
6.013880606743017276e-01
6.985211781435549661e-01
5.728373047342305568e-01
5.458952779781509612e-01
4.361961977253096534e-01
6.812502719043705968e-01
6.671633508198098195e-01
7.169973846264950934e-01
6.154746240850242911e-01
5.300085053373670974e-01
3.634520088900086154e-01
2.972138861146716438e-01
2.595265192794059539e-01
4.730514878344890262e-01
6.014285839869955297e-02
1.197692691359441008e-01
6.014285839869955297e-02
1.197692691359441008e-01
1.914447393765036365e-01
0.000000000000000000e+00
6.014285839869955297e-02
2.753831278074939659e-01
3.155734696408767359e-01
1.329124340080156674e-01
1.595331710847052720e-01
2.560569396740157155e-01
5.472794115765513556e-01
2.874147669977608621e-01
1.788593592181835223e-01
6.014285839869955297e-02
3.892842630834509876e-01
2.180654764531932133e-01
1.197692691359441008e-01
1.197692691359441008e-01
2.180654764531932133e-01
4.208015382820870509e-01
1.197692691359441008e-01
1.788593592181835223e-01
1.004430810024658366e-01
1.197692691359441008e-01
0.000000000000000000e+00
0.000000000000000000e+00
0.000000000000000000e+00
1.004430810024658366e-01
0.000000000000000000e+00
1.004430810024658366e-01
5.111844940057506115e-01
5.215258494442330806e-01
6.014285839869955297e-02
2.180654764531932410e-01
5.988871394440120621e-01
0.000000000000000000e+00
0.000000000000000000e+00
2.760167428834218728e-01
6.855245295215972590e-01
4.086104512169292935e-01
0.000000000000000000e+00
5.777872572497585457e-01
7.259108980034578718e-01
2.874147669977608621e-01
4.787801026825218020e-01
3.535701430140766877e-01
1.197692691359441008e-01
5.385742138656534062e-01
1.329124340080156674e-01
7.676814000837186569e-01
4.641910047960991492e-01
6.014285839869955297e-02
6.619240837708924019e-01
2.760167428834218728e-01
0.000000000000000000e+00
2.997294920889059799e-01
6.530936230290821376e-01
5.888538870083346310e-01
0.000000000000000000e+00
5.657556180594915940e-01
0.000000000000000000e+00
2.544100067115121488e-01
1.004430810024658366e-01
0.000000000000000000e+00
2.405028323559021686e-01
1.831578830313952688e-01
0.000000000000000000e+00
1.329124340080156674e-01
0.000000000000000000e+00
0.000000000000000000e+00
0.000000000000000000e+00
0.000000000000000000e+00
2.180381784829870384e-01
0.000000000000000000e+00
0.000000000000000000e+00
3.973374366733446461e-01
7.010786368397107227e-01
1.329124340080156674e-01
2.695700069648429009e-01
6.071466978189142827e-01
6.385045251426594293e-01
7.256612853159396526e-01
7.005764600378489027e-01
8.428330362360182404e-01
8.390609554206532872e-01
7.783436875277525147e-01
8.463555043638647524e-01
8.497232428646872560e-01
8.656816924973429472e-01
9.262177155939336215e-01
8.501275851792297056e-01
8.574221341224408377e-01
8.570177918078984991e-01
9.154006985228757554e-01
7.362085449788207114e-01
7.664932931337958832e-01
8.609446022502873497e-01
8.376916036744204153e-01
8.140326676084288504e-01
7.217344748735508020e-01
6.584016156430457789e-01
6.964830895430943469e-01
6.431000724392759160e-01
7.168823568453425166e-01
7.515666256484565544e-01
4.955325522003174998e-01
3.612707821635264271e-01
5.926656696695706827e-01
7.822704979701412542e-01
9.029647170180666871e-01
8.763439799413769160e-01
8.491625757475387282e-01
7.724184903307741434e-01
9.493159845427765475e-01
9.295854540947560141e-01
8.529346565629034593e-01
6.859873621514263053e-01
9.841962799943683171e-01
8.020010284181618987e-01
9.575755429176787681e-01
8.018462987911377793e-01
8.574221341224408377e-01
8.333588557419070453e-01
8.174004061092512430e-01
8.136283252938865118e-01
8.222922259833308489e-01
8.171773085910194467e-01
8.015966861036195601e-01
7.351354658100508477e-01
8.020010284181618987e-01
7.907796690325616940e-01
6.698623524664046869e-01
7.763453007731629940e-01
8.501275851792297056e-01
8.536500533070759955e-01
7.095878079021311624e-01
8.067381186652173852e-01
8.437980456677089958e-01
8.836385288845881592e-01
7.844501295210410952e-01
8.960745103893972274e-01
6.656961645862571331e-01
7.563037158955121519e-01
9.502809939744675249e-01
7.376929245062064933e-01
8.729762414405545234e-01
7.895915620826389203e-01
8.242906127379202585e-01
8.909330778277997354e-01
7.303983755629952501e-01
6.545313426665229084e-01
9.144356890911847779e-01
5.991367521315302813e-01
5.511665201730688857e-01
4.985790010217501234e-01
3.900727459666982200e-01
2.753831278074939659e-01
1.788593592181835223e-01
3.175050836798407605e-01
1.197692691359441008e-01
3.709230843816635481e-01
3.441258207565303096e-01
5.806925207945905498e-01
7.756299040289904578e-01
6.739557229611593536e-01
5.569619077367272686e-01
6.029088329468950125e-01
5.972946901795471719e-01
3.140355040744504667e-01
4.981062908160001634e-01
4.361961977253096534e-01
6.631952433559674676e-01
6.266394460047584047e-01
4.194989592514794530e-01
3.532608364761424813e-01
2.972138861146716438e-01
2.566905547499435669e-01
5.184393411030906451e-01
3.127679934327851630e-01
3.320941815662634133e-01
2.180654764531932410e-01
4.927820182825095596e-01
2.373916645866715192e-01
2.373916645866715192e-01
2.405028323559021686e-01
4.989833433362923509e-01
8.453904949321739970e-01
8.308013970457512887e-01
7.591987441905846401e-01
7.351354658100508477e-01
7.249458885717670054e-01
7.231038266197838960e-01
7.341704563783599813e-01
6.964830895430942359e-01
6.503549195366159497e-01
4.784142700226225453e-01
4.438998072309300325e-01
4.555223858587879593e-01
4.241645585350427017e-01
3.892842630834509876e-01
4.361961977253096534e-01
7.351354658100508477e-01
1.000000000000000000e+00
6.425262186455423796e-01
6.623865587268829014e-01
7.680857423982608845e-01
6.653748749068673085e-01
7.895915620826389203e-01
8.560527823762077437e-01
7.810823910202187026e-01
7.791523721568369698e-01
8.333588557419070453e-01
6.546295348276810477e-01
6.719004410668654170e-01
7.834851200893502288e-01
8.380959459889627539e-01
7.931140302104854323e-01
6.330520381514310735e-01
9.299897964092982416e-01
4.241645585350427572e-01
1.788593592181835223e-01
7.005764600378489027e-01
5.386007290349397181e-01
3.985951037057035018e-01
5.984827971294699456e-01
8.564571246907500823e-01
1.595331710847052720e-01
7.389075466254155788e-01
7.278409168668394935e-01
7.328011046321268873e-01
7.322404375149783595e-01
