0.000000000000000000e+00
5.922171744992049680e-02
5.922171744992049680e-02
2.711653921963141922e-01
2.711653921963141922e-01
2.717893028982276138e-01
1.761199702992854721e-01
5.625235777769374002e-01
3.092257732123785408e-01
7.834850779224943329e-01
2.337558017598668769e-01
6.403941600453770810e-01
4.202567889974585524e-01
5.879681260510093432e-01
5.363105607797534757e-01
9.890470658202253629e-02
1.308767627940694289e-01
7.415580290311369893e-01
3.946925402673309713e-01
3.821964079813941484e-01
3.020429467232269016e-01
4.530069722584731395e-01
7.076101055393063666e-01
8.310942145808865034e-01
3.940437720002746835e-01
0.000000000000000000e+00
4.485456585486484182e-01
5.922171744992049680e-02
6.371041104975889713e-01
1.885125942546508060e-01
1.570897797912532978e-01
5.922171744992049680e-02
0.000000000000000000e+00
1.576350397277381243e-01
1.576350397277381243e-01
7.737839624739197841e-01
6.029777181334412539e-01
5.922171744992049680e-02
7.249328614533483428e-01
4.485456585486484182e-01
3.107401834789942363e-01
3.472861542284429448e-01
5.355420920566414944e-01
1.179348970900547244e-01
4.804438385525435784e-01
4.023522215827498028e-01
5.922171744992049680e-02
0.000000000000000000e+00
6.903019050803219647e-01
3.478503350343761236e-01
4.524169724076786414e-01
7.709332740918722893e-01
5.922171744992049680e-02
1.885125942546508060e-01
5.922171744992049680e-02
0.000000000000000000e+00
2.830127562151946718e-01
2.146987313741310077e-01
1.761199702992854721e-01
3.940437720002746835e-01
2.830127562151946718e-01
4.202567889974585524e-01
2.908194934062597881e-01
1.576350397277381243e-01
2.713314235470597469e-01
0.000000000000000000e+00
5.639404514011987501e-01
0.000000000000000000e+00
1.308767627940694289e-01
4.914687945949782200e-01
1.761199702992854721e-01
0.000000000000000000e+00
1.761199702992854721e-01
6.872315361154041069e-01
3.940437720002746835e-01
3.288201445263438938e-01
4.530069722584731395e-01
7.382418704172784008e-01
1.885125942546508060e-01
2.337558017598668769e-01
5.185042195686080380e-01
5.494523532910113861e-01
1.997091676939141969e-01
1.885125942546508060e-01
4.452341459185270023e-01
3.631662174733619741e-01
5.922171744992049680e-02
1.761199702992854721e-01
3.578854206496360213e-01
2.926617931757051760e-01
2.505134929574170388e-01
5.922171744992049680e-02
4.137784023200484773e-01
2.717893028982276138e-01
3.369532004761781607e-01
2.926617931757052316e-01
2.337558017598668769e-01
3.020429467232269016e-01
6.891319950367692515e-01
4.662044363144162706e-01
2.926617931757052316e-01
3.388552301416037915e-01
4.330265522897584485e-01
3.020429467232269016e-01
6.967129709811085148e-01
1.179348970900547244e-01
1.576350397277381243e-01
2.147256112518347027e-01
6.551840715449387398e-01
3.388552301416038470e-01
2.817646586175072687e-01
5.484315446348381196e-01
4.115204584646238728e-01
2.147256112518347027e-01
3.020429467232269016e-01
4.570815099374074819e-01
2.817646586175072687e-01
9.890470658202253629e-02
1.308767627940694289e-01
4.392869795054907267e-01
5.922171744992049680e-02
9.890470658202253629e-02
7.057096466179414440e-01
5.922171744992049680e-02
4.330265522897583930e-01
5.922171744992049680e-02
3.079776756146910821e-01
4.485456585486483627e-01
9.120318739489909898e-01
6.725068274589804940e-01
7.774982705429660523e-01
8.551870920738352533e-01
8.860646466007479072e-01
4.295154680406161884e-01
6.564506698500528481e-01
7.934319830200098345e-01
8.345888420670626306e-01
8.833005679923838782e-01
8.442899575156372904e-01
8.243095375469224884e-01
8.252597670076049496e-01
8.695527450521385315e-01
9.275935460369176822e-01
8.738191331266798034e-01
8.549413024248943005e-01
9.347763725260692658e-01
8.891350155656657650e-01
8.895331650208533336e-01
7.914657740660818730e-01
8.879651055221128297e-01
8.833005679923838782e-01
6.374204793420206183e-01
7.207240678633010100e-01
4.485456585486483627e-01
5.409211478859895506e-01
6.364702498813380460e-01
1.803526584271128996e-01
4.754778398291885644e-01
2.161428816883888548e-01
1.179348970900547244e-01
3.270078661227233119e-01
1.576350397277381243e-01
5.711232778903504448e-01
6.208379985979206594e-01
1.576350397277381243e-01
3.092257732123785408e-01
3.833220310747175730e-01
6.876296855705917865e-01
5.951900463172283828e-01
3.199988625221518723e-01
4.366982945297679386e-01
7.475709454767359707e-01
3.282559637204107705e-01
6.937965325664980920e-01
3.840984376468198902e-01
6.761147209743360031e-01
5.913233784419353878e-01
7.971462910890561027e-01
1.570897797912532978e-01
6.280208250870722431e-01
4.691224454730874016e-01
4.804438385525435784e-01
2.146987313741310077e-01
9.890470658202253629e-02
3.107401834789942363e-01
2.505134929574170388e-01
6.312435538582369388e-01
3.388552301416038470e-01
3.650682471387877159e-01
6.403941600453770810e-01
6.839153775015454073e-01
7.609863689943566767e-01
7.716377139036137978e-01
7.600361395336742154e-01
7.777179511258361932e-01
6.951449114823682329e-01
7.165149220775058891e-01
4.901171238138549713e-01
5.534681225536838278e-01
3.079776756146910821e-01
2.624871077164736000e-01
2.717893028982275583e-01
2.817646586175072687e-01
5.915285035697482874e-01
1.803526584271128996e-01
1.570897797912532978e-01
4.176681040217357643e-01
0.000000000000000000e+00
3.821964079813941484e-01
4.031286281548521200e-01
4.223326415514644938e-01
5.623056183152598253e-01
1.885125942546508060e-01
1.997091676939141969e-01
2.337558017598668769e-01
3.270078661227233119e-01
1.570897797912532978e-01
1.576350397277381243e-01
2.830127562151946718e-01
1.761199702992854721e-01
0.000000000000000000e+00
5.367772049433323645e-01
3.107401834789942363e-01
3.578854206496360213e-01
2.555516416203233443e-01
2.908194934062597881e-01
6.755365319027704096e-01
2.555516416203233443e-01
3.631662174733619741e-01
1.570897797912532978e-01
6.142202368252606126e-01
1.761199702992854721e-01
4.904773534237429344e-01
4.202567889974585524e-01
2.717893028982276138e-01
2.337558017598668769e-01
3.092257732123785408e-01
4.524169724076785859e-01
9.890470658202253629e-02
5.922171744992049680e-02
7.011990396385200386e-01
2.901955827043463110e-01
5.922171744992049680e-02
3.631662174733619186e-01
7.714853540973670709e-01
5.766712712935631036e-01
0.000000000000000000e+00
3.388552301416037915e-01
1.803526584271128996e-01
4.176681040217356533e-01
5.360926013180759009e-01
5.314280637883470604e-01
2.926617931757052316e-01
2.337558017598668769e-01
8.046615170008325491e-01
5.417746890851107278e-01
2.926617931757052316e-01
4.392869795054907267e-01
5.553407512877858165e-01
2.717893028982275583e-01
3.631662174733619741e-01
6.222009329688480417e-01
3.578854206496360213e-01
5.100975437825696623e-01
7.711262984192469583e-01
8.299243045373336791e-01
9.238792379678714140e-01
8.870148760614304795e-01
9.475739660056322622e-01
8.705029745128211038e-01
9.085633555288854524e-01
8.429415785997670385e-01
8.477584759357426059e-01
7.429064079470071302e-01
7.475709454767359707e-01
6.742142620529709696e-01
6.982810304798489076e-01
8.096980949196781463e-01
7.166933909498232058e-01
7.098826048497884900e-01
6.530378229746327534e-01
7.672189660228259100e-01
6.792508399718165668e-01
8.025152684305264517e-01
7.444744674457475231e-01
8.180769405184533660e-01
8.524230134654714464e-01
8.619717691077992683e-01
8.277780559670279148e-01
7.403881189875843871e-01
7.783091249083986529e-01
8.561373215345179366e-01
8.633201480236692982e-01
9.275935460369175711e-01
8.551870920738352533e-01
8.786360304626553708e-01
8.452401869763198627e-01
9.691224454730873461e-01
8.171267110577709047e-01
7.986486005552335676e-01
9.619396189839356515e-01
7.256900665866561351e-01
7.943822124806924068e-01
6.878227098979665666e-01
5.790633095128099317e-01
8.045221419055825773e-01
7.744017925119776047e-01
9.048490474598391842e-01
8.429415785997670385e-01
8.705029745128211038e-01
5.756653702881953105e-01
6.213639695373449623e-01
6.751383824475828410e-01
6.510716140207049030e-01
7.249328614533483428e-01
9.419591990152210714e-01
8.858188569518069544e-01
9.500922549650551163e-01
9.322580835666465227e-01
8.858188569518069544e-01
9.403911395164806786e-01
9.462255870897624543e-01
7.834850779224943329e-01
9.166964114787198303e-01
8.895331650208532226e-01
8.289740750766514399e-01
8.629219985684818406e-01
8.904833944815357949e-01
8.848686274911246041e-01
8.524230134654714464e-01
7.930338335648221548e-01
4.524169724076786414e-01
5.553407512877858165e-01
5.766712712935632146e-01
3.460380566307554862e-01
6.091836589064147933e-01
4.347763725260692658e-01
1.179348970900547244e-01
3.914550870245517844e-01
7.524551635893349522e-01
2.265460953930115151e-01
9.890470658202253629e-02
2.505134929574170388e-01
6.091836589064147933e-01
5.244631967608730516e-01
4.714471629157107602e-01
5.423251983465451342e-01
9.238792379678713029e-01
7.192116799092461710e-01
4.714471629157108157e-01
7.753520219726600660e-01
7.474315703814858880e-01
3.986379135137034790e-01
7.928141529819520139e-01
6.636334963392045427e-01
2.736316026676730018e-01
4.290942847590344389e-01
6.941946820216857716e-01
7.060420460405661958e-01
1.179348970900547244e-01
2.147256112518347027e-01
8.176787910632656864e-01
5.512822330168858365e-01
5.798350701011751873e-01
5.907322046593730391e-01
7.718835035525546395e-01
8.427218980168968976e-01
8.452401869763197517e-01
7.402487438923341934e-01
3.020429467232269016e-01
3.840984376468198902e-01
8.062295764995727199e-01
7.297106650122564542e-01
6.754808603580850779e-01
8.134124029887244145e-01
3.650682471387877159e-01
7.512591444797115381e-01
5.088736833155240724e-01
6.524199929365750439e-01
2.161428816883888548e-01
2.527591123901953840e-01
9.890470658202253629e-02
4.452341459185268913e-01
5.222185276376541951e-01
2.830127562151946718e-01
2.337558017598668769e-01
0.000000000000000000e+00
4.033024510434323195e-01
5.766712712935632146e-01
4.176681040217357643e-01
0.000000000000000000e+00
4.070871551287785217e-01
8.642703774843518705e-01
7.140357268951502689e-01
3.138366615099827395e-01
7.285407549687037410e-01
3.722216726966155464e-01
2.147256112518347027e-01
6.458549964854810588e-01
5.922171744992049680e-02
4.731216369681419120e-01
3.460086556994317331e-01
1.803526584271128996e-01
4.599718392859472038e-01
2.299548839171366710e-01
3.262314595506209947e-01
2.908194934062597881e-01
2.505134929574170388e-01
3.873851953293547257e-01
1.885125942546508060e-01
1.761199702992854721e-01
1.885125942546508060e-01
1.179348970900547244e-01
4.570815099374074264e-01
8.772876515467853409e-01
4.485456585486484182e-01
3.020429467232269016e-01
6.292874233921864624e-01
2.161428816883888548e-01
2.147256112518347027e-01
7.284013798734536582e-01
9.890470658202253629e-02
7.382418704172782897e-01
3.452401869763196962e-01
6.957627415204260535e-01
7.440763179905598435e-01
2.717893028982276138e-01
3.282559637204107705e-01
3.092257732123785408e-01
3.282559637204107705e-01
3.020429467232269016e-01
3.650682471387877159e-01
3.388552301416037915e-01
4.031286281548521200e-01
3.650682471387877159e-01
3.840984376468198902e-01
3.650682471387877159e-01
3.650682471387876604e-01
3.840984376468198902e-01
3.270078661227233119e-01
5.363105607797535868e-01
5.244631967608730516e-01
5.885186353124437497e-01
5.766712712935632146e-01
5.576410807855309848e-01
5.314280637883470604e-01
6.450586975751059216e-01
6.708163228283562374e-01
7.016938773552690023e-01
6.858158364229105519e-01
6.831581723682376150e-01
6.878227098979663445e-01
6.369647354023389996e-01
7.783091249083985419e-01
7.511458784505321562e-01
7.449132814220630339e-01
8.236917075088647788e-01
7.241220070879159643e-01
8.810019596158313870e-01
8.134124029887244145e-01
8.833005679923841003e-01
8.689349150140807110e-01
8.807822790329614682e-01
9.275935460369176822e-01
1.000000000000000000e+00
8.345888420670626306e-01
8.619717691077992683e-01
8.833005679923841003e-01
9.918669440501659551e-01
8.096980949196781463e-01
8.514727840047888741e-01
7.953324419413748680e-01
3.282559637204107705e-01
6.225990824240357213e-01
3.478503350343761236e-01
6.685994950625595568e-01
4.031286281548521200e-01
3.020429467232269016e-01
6.096950743907818548e-01
8.359111119168621817e-01
4.761529121559923694e-01
2.717893028982275583e-01
6.751383824475828410e-01
5.033552523909261556e-01
1.570897797912532978e-01
7.301088144674440228e-01
7.831130375333774651e-01
5.113750423115809296e-01
5.879681260510094543e-01
5.427640123228606450e-01
7.081621855448014813e-01
8.549413024248943005e-01
4.561051714106541533e-01
7.909136940605868693e-01
1.179348970900547244e-01
7.491390049754762526e-01
9.890470658202253629e-02
8.025152684305265627e-01
5.694884448044115199e-01
5.052150467911632470e-01
7.088767038444204749e-01
5.885186353124437497e-01
5.565646005846723865e-01
6.107517184051550752e-01
3.369532004761781607e-01
3.610867424902546863e-01
7.559236820094403786e-01
3.999909384133107926e-01
3.678307550030908146e-01
2.337558017598668769e-01
6.483176139002184701e-01
6.364702498813380460e-01
5.314280637883471714e-01
8.180769405184533660e-01
4.832945269345912398e-01
1.885125942546508060e-01
4.495662840256309800e-01
6.555004403893703868e-01
5.922171744992049680e-02
4.914687945949782200e-01
4.244297472293056539e-01
1.885125942546508060e-01
5.507040439453201319e-01
4.130739625083068578e-01
6.445066175696110289e-01
3.946925402673309713e-01
5.922171744992049680e-02
2.527591123901953840e-01
4.143565913916141819e-01
1.308767627940694289e-01
3.678307550030908146e-01
4.262039554104947170e-01
2.413598115306002934e-01
2.147256112518347027e-01
6.829651480408629460e-01
1.179348970900547244e-01
4.790020297939793781e-01
5.922171744992049680e-02
7.563218314646279472e-01
4.176681040217356533e-01
6.201940594937922491e-01
3.270078661227233119e-01
6.464070764909760625e-01
4.530069722584731395e-01
5.135938923899383557e-01
1.179348970900547244e-01
8.705029745128211038e-01
8.427218980168968976e-01
8.217912485874996342e-01
7.310590439281267061e-01
7.893195254957758866e-01
6.876296855705917865e-01
8.505225545441065238e-01
5.988652606092073061e-01
8.108941140293016714e-01
6.682013456073718771e-01
7.357235814578555466e-01
7.796184100472013379e-01
6.018078080898885407e-01
6.174400593733059273e-01
3.940437720002746835e-01
7.823824886555650338e-01
7.605882195391691081e-01
2.146987313741310077e-01
3.914550870245517844e-01
2.337558017598668769e-01
2.830127562151946718e-01
5.922171744992049680e-02
1.570897797912532978e-01
2.521352016882819624e-01
3.282559637204107705e-01
2.917099929709620065e-01
4.448739163086389836e-01
4.023522215827498028e-01
5.922171744992049680e-02
6.107517184051550752e-01
2.265460953930115151e-01
1.576350397277381243e-01
5.922171744992049680e-02
6.091836589064147933e-01
2.717893028982276138e-01
1.308767627940694289e-01
2.455762859010437171e-01
1.179348970900547244e-01
4.982501797636892382e-01
2.147256112518347027e-01
4.033024510434323195e-01
5.943791919517960043e-01
0.000000000000000000e+00
2.527591123901953840e-01
2.736316026676730018e-01
5.294013541268060008e-01
5.922171744992049680e-02
1.761199702992854721e-01
0.000000000000000000e+00
3.653273736944732120e-01
4.136521515798725623e-01
2.265460953930115151e-01
1.885125942546508060e-01
5.063553943561012183e-01
6.831581723682375040e-01
2.717893028982276138e-01
4.260254865381772893e-01
4.012265984894263227e-01
6.287252648988140846e-01
5.922171744992049680e-02
4.761529121559923694e-01
6.124591529991455507e-01
4.641249613313090383e-01
3.999909384133107926e-01
7.559236820094403786e-01
8.452401869763197517e-01
2.147256112518347027e-01
6.786330099337589683e-01
6.904803739526395034e-01
3.079776756146910821e-01
4.157296042504189937e-01
5.033552523909261556e-01
5.922171744992049680e-02
7.906679044116461386e-01
5.808243933389249936e-01
5.946249816007367350e-01
5.484315446348381196e-01
7.318569135825625516e-01
7.592789344003664231e-01
4.530069722584731395e-01
2.147256112518346749e-01
5.993600983259561588e-01
3.631662174733619741e-01
5.576410807855309848e-01
2.146987313741310077e-01
1.885125942546508060e-01
4.792199892556570084e-01
2.147256112518346749e-01
5.922171744992049680e-02
1.570897797912532978e-01
5.951509525401610379e-01
5.376049892721309620e-01
1.761199702992854721e-01
3.610867424902546863e-01
6.327559418122917778e-01
7.559236820094403786e-01
3.880569646207463474e-01
0.000000000000000000e+00
4.550416759207921436e-01
5.080197899206548851e-01
6.064462365535465693e-01
2.265460953930115151e-01
0.000000000000000000e+00
3.138366615099827395e-01
0.000000000000000000e+00
2.455762859010437171e-01
1.308767627940694289e-01
4.395932698620448331e-01
5.484315446348381196e-01
4.202567889974585524e-01
2.711653921963141922e-01
2.555516416203233443e-01
1.179348970900547244e-01
7.081621855448014813e-01
4.012265984894263227e-01
2.265460953930115151e-01
1.803526584271128996e-01
8.367089815712979162e-01
5.314280637883470604e-01
3.673391757052091311e-01
2.575291141640554393e-01
5.427249185457933001e-01
4.832945269345913508e-01
4.023522215827498028e-01
5.617551090538254188e-01
2.527591123901953840e-01
2.337558017598668769e-01
7.029455680095777481e-01
5.827776175818561999e-01
1.576350397277381243e-01
9.890470658202253629e-02
2.265460953930115151e-01
5.922171744992049680e-02
4.452341459185270023e-01
5.123978732803149416e-01
4.157296042504189937e-01
5.383452644420726463e-01
6.334962169822335731e-01
3.158750204034618814e-01
6.105586940777804061e-01
3.631662174733619741e-01
4.392869795054907267e-01
7.503350240850996666e-01
5.213549079506556438e-01
7.563218314646279472e-01
8.551870920738350312e-01
8.333928229574394386e-01
2.337558017598668769e-01
9.013805290397336467e-01
9.141781225192967542e-01
4.557284850378000018e-01
8.071798059602551811e-01
8.438918080604494998e-01
7.338231225364902910e-01
6.332113335562253864e-01
8.477584759357426059e-01
8.742172825818673720e-01
4.852346268224484449e-01
8.037112875401500878e-01
8.025152684305265627e-01
8.833005679923841003e-01
9.357266019867519491e-01
9.238792379678714140e-01
9.728367535421338363e-01
8.786360304626554818e-01
8.501244050889187331e-01
8.963178420548173486e-01
8.786360304626553708e-01
7.596379900784866468e-01
8.176787910632659084e-01
6.868724804372838832e-01
8.823503385317016390e-01
6.324395729678603528e-01
8.598516296035639828e-01
7.856313264928003193e-01
6.792508399718166778e-01
7.980965205497386750e-01
6.374204793420206183e-01
4.904773534237429899e-01
6.720680134826649832e-01
8.130142535335367349e-01
3.840984376468198902e-01
6.068443860087342490e-01
7.644548874144622141e-01
9.060450665694625982e-01
2.717893028982276138e-01
6.018078080898884297e-01
8.551870920738352533e-01
2.147256112518347027e-01
3.940437720002746835e-01
7.809667889630714788e-01
5.383452644420726463e-01
1.179348970900547244e-01
4.757793010228148489e-01
7.254442769377151823e-01
5.879681260510093432e-01
1.570897797912532978e-01
7.481887755147937913e-01
3.578854206496360213e-01
4.176681040217357643e-01
2.147256112518347027e-01
6.374204793420206183e-01
4.714471629157108157e-01
1.179348970900547244e-01
1.570897797912532978e-01
5.123978732803149416e-01
6.208379985979206594e-01
1.179348970900547244e-01
0.000000000000000000e+00
7.906679044116461386e-01
0.000000000000000000e+00
1.308767627940694289e-01
2.146987313741310077e-01
1.570897797912532978e-01
0.000000000000000000e+00
5.063553943561012183e-01
2.147256112518347027e-01
2.413598115306002934e-01
5.922171744992049680e-02
4.318583633673982458e-01
2.654413044290927504e-01
7.093711893654214284e-01
6.023337790293127325e-01
1.761199702992854721e-01
6.201940594937921380e-01
6.332113335562253864e-01
8.895331650208533336e-01
9.357266019867519491e-01
8.477584759357426059e-01
9.547567924947840678e-01
8.320444440415691867e-01
8.190271699791359383e-01
8.405756494465908002e-01
8.941977025505820631e-01
9.238792379678713029e-01
9.266433165762352209e-01
2.830127562151946718e-01
7.029455680095777481e-01
5.161121813493612098e-01
2.146987313741310077e-01
3.092257732123785408e-01
2.844567704655103779e-01
2.368193192492960564e-01
4.157296042504189937e-01
2.926617931757052316e-01
0.000000000000000000e+00
9.890470658202253629e-02
6.636334963392045427e-01
7.763022514333426383e-01
7.192116799092461710e-01
6.334962169822335731e-01
4.223326415514644938e-01
6.976632004417910871e-01
5.617551090538254188e-01
6.026186624553209192e-01
5.922171744992049680e-02
7.145471423795173305e-01
3.814001090710189001e-01
6.149774419585684049e-01
7.338231225364902910e-01
5.637474270738240811e-01
6.254764270615787991e-01
4.909428236555539726e-01
8.570875509952000648e-01
7.332052924984325815e-01
0.000000000000000000e+00
7.672189660228259100e-01
7.440763179905599545e-01
4.384906805951155340e-01
6.023337790293126215e-01
7.491390049754761415e-01
8.236917075088647788e-01
7.790663300417063342e-01
3.092257732123785408e-01
8.130142535335369569e-01
7.009793590556497866e-01
6.904803739526393924e-01
1.179348970900547244e-01
1.570897797912532978e-01
4.485456585486483627e-01
4.295154680406161884e-01
2.147256112518346749e-01
5.922171744992049680e-02
7.206273796017398370e-01
4.395932698620448331e-01
5.485593661190748538e-01
5.526045028666852765e-01
7.204076990188695850e-01
7.782700311313313080e-01
5.953294214124784656e-01
3.282559637204107705e-01
6.075488258204758685e-01
2.711653921963141922e-01
8.510746345496014165e-01
8.201970800226885405e-01
8.161764815970882214e-01
5.063553943561012183e-01
7.784485000036487357e-01
5.429033874181107278e-01
7.714853540973672930e-01
6.564506698500528481e-01
6.594243505534093108e-01
4.861848562831310727e-01
3.288201445263438938e-01
5.367772049433323645e-01
4.981256501447056673e-01
6.929986629120622466e-01
6.940553069264355779e-01
2.717893028982276138e-01
7.881496154522230624e-01
6.555967764551836607e-01
5.475679249478395683e-01
9.076131260682029911e-01
6.201940594937922491e-01
6.174400593733059273e-01
6.967129709811085148e-01
9.890470658202253629e-02
4.077637647532570964e-01
3.282559637204107705e-01
2.146987313741310077e-01
2.717893028982276138e-01
3.642703774843519260e-01
0.000000000000000000e+00
9.890470658202253629e-02
3.999909384133108481e-01
2.527591123901953840e-01
0.000000000000000000e+00
2.368193192492960564e-01
5.922171744992049680e-02
6.396223994570119364e-01
7.275905255080211687e-01
5.922171744992049680e-02
9.890470658202253629e-02
1.761199702992854721e-01
3.940437720002746835e-01
6.180478109234862627e-01
7.668208165676383414e-01
4.485456585486484182e-01
5.922171744992049680e-02
4.904773534237429344e-01
5.435212174561684373e-01
4.761529121559923694e-01
4.955139313425887537e-01
6.903019050803219647e-01
7.097302450435416521e-01
5.091473143218872011e-01
3.840984376468198902e-01
5.658675665780592556e-01
8.776858010019727985e-01
9.048490474598391842e-01
4.467760963511964722e-01
6.295231345532498191e-01
5.556143711239899252e-01
3.631662174733619741e-01
3.460086556994317331e-01
3.369532004761781607e-01
7.200095495636820164e-01
3.369532004761781607e-01
1.179348970900547244e-01
5.314280637883470604e-01
4.842287258170805408e-01
9.890470658202253629e-02
4.832945269345913508e-01
6.280208250870723541e-01
1.179348970900547244e-01
4.481244752670666132e-01
4.434599377373378282e-01
3.914550870245517844e-01
5.806313690115503245e-01
6.982810304798489076e-01
6.735964320149132600e-01
6.289710545477548154e-01
8.215454589385586814e-01
8.714532039735035651e-01
8.433397280549546071e-01
4.339767817504408542e-01
7.396575701097719557e-01
8.524230134654714464e-01
5.244631967608730516e-01
5.177470144353002457e-01
9.204107195477659875e-01
7.846810970321177470e-01
4.792199892556570640e-01
7.338231225364904020e-01
8.037112875401500878e-01
7.854528576204828916e-01
5.879681260510093432e-01
7.856313264928004303e-01
6.950055363871182612e-01
9.784515205325450271e-01
8.287282854277104871e-01
8.549413024248943005e-01
6.112074623448366939e-01
7.753520219726600660e-01
8.551870920738350312e-01
3.840984376468198902e-01
6.978828810246612280e-01
7.402487438923341934e-01
2.830127562151946718e-01
6.754808603580849669e-01
5.363105607797535868e-01
6.564506698500528481e-01
3.999909384133107926e-01
7.516572939348991067e-01
7.263945063983977546e-01
5.232950078385129045e-01
3.840984376468198902e-01
4.569030410650899987e-01
4.714471629157107602e-01
6.967129709811085148e-01
7.635046579537796418e-01
2.711653921963141922e-01
4.675758490566805925e-01
8.904833944815356839e-01
8.823503385317017500e-01
8.751675120425498333e-01
7.868012365363530325e-01
9.466237365449498009e-01
7.519030835838400595e-01
7.637504476027204836e-01
8.701048250576335352e-01
8.442899575156372904e-01
8.239113880917349197e-01
8.551870920738350312e-01
7.477906260596061117e-01
7.965284610509982821e-01
5.879681260510092322e-01
7.410059490256419856e-01
6.425795023927503014e-01
2.265460953930115151e-01
3.199988625221518723e-01
8.705029745128211038e-01
3.833220310747176285e-01
1.885125942546508060e-01
5.831903224921012319e-01
5.172803702717214680e-01
3.035295268025793858e-01
4.642643364265590655e-01
5.432754278072275955e-01
2.147256112518347027e-01
4.202567889974585524e-01
2.368193192492960564e-01
6.374204793420206183e-01
5.553407512877858165e-01
5.172803702717214680e-01
1.179348970900547244e-01
3.079776756146910821e-01
3.940437720002746835e-01
4.569030410650899987e-01
3.650682471387877159e-01
6.784545410614414296e-01
8.015650389698439904e-01
4.832079171609074408e-01
6.291907351306250673e-01
7.672189660228259100e-01
1.179348970900547244e-01
2.146987313741310077e-01
7.015971890937074962e-01
7.368934915014081488e-01
3.631662174733619186e-01
4.130739625083068578e-01
8.427218980168968976e-01
3.092257732123785408e-01
2.717893028982276138e-01
5.943791919517958933e-01
6.776827804730763960e-01
5.549704320198614038e-01
6.929986629120623576e-01
9.204107195477659875e-01
6.792508399718166778e-01
7.320765941654325815e-01
7.553716020039453749e-01
7.120288534200944763e-01
7.666011359847680895e-01
8.095457351134314194e-01
6.446033058311723130e-01
6.819491685476175569e-01
6.904803739526393924e-01
6.549382818959978980e-01
3.126422131444199781e-01
6.324395729678603528e-01
4.982501797636891827e-01
6.022205130001332396e-01
5.285377344398074495e-01
4.710869333058227970e-01
8.243095375469224884e-01
6.596028194257267385e-01
8.823503385317016390e-01
7.716377139036137978e-01
6.831581723682376150e-01
7.862491565308581398e-01
7.703154440538144687e-01
1.179348970900547244e-01
5.417746890851107278e-01
8.215454589385589035e-01
5.988652606092073061e-01
1.570897797912532978e-01
7.403881189875843871e-01
5.504582542963792902e-01
3.578854206496360213e-01
5.922171744992049680e-02
1.761199702992854721e-01
4.639041068166710469e-01
1.761199702992854721e-01
3.462118795193357967e-01
1.179348970900547244e-01
6.514697634758924716e-01
4.262039554104947170e-01
5.423251983465451342e-01
6.188456805779219971e-01
7.821366990066243030e-01
7.238762174389750115e-01
5.113213930794563433e-01
6.208379985979206594e-01
6.398681891059528892e-01
5.171558406527378970e-01
6.636334963392045427e-01
8.058314270443851512e-01
2.147256112518346749e-01
4.262039554104947170e-01
6.280208250870722431e-01
5.899604440710080056e-01
7.664226671124506618e-01
7.691194249441910546e-01
6.280208250870723541e-01
9.500922549650553384e-01
8.941977025505820631e-01
3.270078661227233119e-01
3.840984376468198902e-01
7.868012365363530325e-01
9.403911395164806786e-01
8.087478654589956850e-01
5.866197471351392023e-01
4.832945269345912398e-01
6.495693045545273270e-01
7.553716020039453749e-01
5.232950078385129045e-01
4.295154680406161884e-01
6.405726289176945087e-01
5.893165049668794842e-01
2.147256112518347027e-01
7.023277379715199276e-01
8.190271699791360493e-01
6.858158364229105519e-01
5.232950078385129045e-01
6.018078080898884297e-01
5.943791919517958933e-01
7.928141529819520139e-01
8.582574610387530001e-01
8.810019596158316091e-01
7.930338335648221548e-01
7.522354830064648112e-01
8.747693625873622647e-01
8.689349150140807110e-01
8.015650389698441014e-01
6.522415240642576162e-01
