4.874364262129023961e-01
8.781408934467742622e-01
7.437182131064510315e-01
7.243718213106448145e-01
7.562817868935485244e-01
5.999533446445470819e-01
8.974872852425804792e-01
7.437182131064510315e-01
8.075381442722582293e-01
8.781408934467740401e-01
6.537690721361290036e-01
8.268845360680644463e-01
6.537690721361290036e-01
6.831196676061603856e-01
5.486969872658371550e-01
4.999999999999997780e-01
7.243718213106448145e-01
7.949745704851607364e-01
4.999999999999997780e-01
7.756281786893547414e-01
6.537690721361290036e-01
4.257654957169585419e-01
3.713580754380655935e-01
1.272644662109704561e-01
4.361800688341926358e-01
1.272644662109704561e-01
6.537690721361290036e-01
1.272644662109704561e-01
1.999066892890943026e-01
1.999066892890943026e-01
0.000000000000000000e+00
5.831663229616131927e-01
0.000000000000000000e+00
0.000000000000000000e+00
0.000000000000000000e+00
3.201017180593558331e-01
0.000000000000000000e+00
0.000000000000000000e+00
0.000000000000000000e+00
3.013470190508606428e-01
0.000000000000000000e+00
1.272644662109704561e-01
4.770218530956683023e-01
7.024660594019666027e-01
1.272644662109704561e-01
0.000000000000000000e+00
4.770218530956683023e-01
0.000000000000000000e+00
2.511630466678040352e-01
3.713580754380655935e-01
0.000000000000000000e+00
6.924618557277413267e-01
7.243718213106450365e-01
1.272644662109704561e-01
7.243718213106448145e-01
4.780942380913214551e-01
6.924618557277413267e-01
6.537690721361290036e-01
0.000000000000000000e+00
7.243718213106448145e-01
0.000000000000000000e+00
7.537224167806763075e-01
5.999533446445470819e-01
9.487436426212899621e-01
7.537224167806763075e-01
7.243718213106448145e-01
8.974872852425804792e-01
8.075381442722584513e-01
6.731154639319349986e-01
7.243718213106450365e-01
8.781408934467740401e-01
7.562817868935483023e-01
5.831663229616131927e-01
6.318633102274505697e-01
6.537690721361290036e-01
4.770218530956681913e-01
5.831663229616131927e-01
8.049787741593859014e-01
4.361800688341926358e-01
3.201017180593558331e-01
8.462309278638705523e-01
5.831663229616131927e-01
3.713580754380655935e-01
5.988809596488938736e-01
8.462309278638705523e-01
5.319099655829033768e-01
5.074448335613527261e-01
7.537224167806763075e-01
5.476246022701840577e-01
4.874364262129023961e-01
4.361800688341926358e-01
7.537224167806763075e-01
8.781408934467742622e-01
3.849237114554828754e-01
8.268845360680642242e-01
6.025127147574192987e-01
8.075381442722584513e-01
9.487436426212899621e-01
7.756281786893545194e-01
9.487436426212901841e-01
8.974872852425804792e-01
6.537690721361290036e-01
8.781408934467740401e-01
7.537224167806763075e-01
5.486969872658371550e-01
7.756281786893547414e-01
8.974872852425802572e-01
8.268845360680644463e-01
9.487436426212901841e-01
7.537224167806763075e-01
8.781408934467740401e-01
7.756281786893547414e-01
0.000000000000000000e+00
0.000000000000000000e+00
5.074448335613526151e-01
6.318633102274505697e-01
6.318633102274505697e-01
7.243718213106448145e-01
3.655773196596767693e-01
7.756281786893547414e-01
4.874364262129023961e-01
1.272644662109704561e-01
7.024660594019663806e-01
1.272644662109704561e-01
8.462309278638705523e-01
6.025127147574192987e-01
1.272644662109704561e-01
2.494989688848399667e-01
6.025127147574192987e-01
5.831663229616131927e-01
8.268845360680644463e-01
4.999999999999997780e-01
0.000000000000000000e+00
0.000000000000000000e+00
0.000000000000000000e+00
1.272644662109704561e-01
7.437182131064510315e-01
1.999066892890943026e-01
1.272644662109704561e-01
5.999533446445470819e-01
4.999999999999997780e-01
7.949745704851607364e-01
7.243718213106448145e-01
8.462309278638705523e-01
5.612605610529346478e-01
7.756281786893547414e-01
8.075381442722582293e-01
5.988809596488938736e-01
6.318633102274505697e-01
7.243718213106448145e-01
6.537690721361290036e-01
5.074448335613527261e-01
7.537224167806763075e-01
5.476246022701840577e-01
3.713580754380655935e-01
3.201017180593558331e-01
6.537690721361290036e-01
2.511630466678040352e-01
1.272644662109704561e-01
4.874364262129023961e-01
4.963682448914744083e-01
4.999999999999997780e-01
2.511630466678040352e-01
6.318633102274505697e-01
5.486969872658371550e-01
2.511630466678040352e-01
1.272644662109704561e-01
7.562817868935485244e-01
7.369353950977424184e-01
5.319099655829034878e-01
6.318633102274505697e-01
7.756281786893547414e-01
5.476246022701842797e-01
4.874364262129023961e-01
5.831663229616131927e-01
6.831196676061603856e-01
1.272644662109704561e-01
6.731154639319349986e-01
9.487436426212899621e-01
6.537690721361290036e-01
5.319099655829034878e-01
1.272644662109704561e-01
9.293972508254839671e-01
7.050254295148389305e-01
9.293972508254839671e-01
8.974872852425802572e-01
7.756281786893547414e-01
7.562817868935485244e-01
8.075381442722582293e-01
7.243718213106448145e-01
5.988809596488938736e-01
7.756281786893547414e-01
6.318633102274505697e-01
6.537690721361292256e-01
7.949745704851607364e-01
6.025127147574192987e-01
7.024660594019663806e-01
4.361800688341926913e-01
9.293972508254839671e-01
7.756281786893547414e-01
0.000000000000000000e+00
0.000000000000000000e+00
6.025127147574191877e-01
1.272644662109704561e-01
3.201017180593558331e-01
6.924618557277413267e-01
5.512563573787095939e-01
7.537224167806763075e-01
7.243718213106448145e-01
6.731154639319352206e-01
4.770218530956683023e-01
9.293972508254841891e-01
7.050254295148389305e-01
1.272644662109704561e-01
0.000000000000000000e+00
8.075381442722582293e-01
5.476246022701840577e-01
6.318633102274505697e-01
6.831196676061603856e-01
6.831196676061603856e-01
6.318633102274505697e-01
5.999533446445470819e-01
4.874364262129023961e-01
6.318633102274505697e-01
4.770218530956681913e-01
7.024660594019663806e-01
5.831663229616131927e-01
2.511630466678040352e-01
1.272644662109704561e-01
5.476246022701840577e-01
6.318633102274505697e-01
1.272644662109704561e-01
2.824109966980634101e-01
5.486969872658371550e-01
3.655773196596767693e-01
1.272644662109704561e-01
1.999066892890943026e-01
7.369353950977424184e-01
8.268845360680642242e-01
6.831196676061603856e-01
1.272644662109704561e-01
7.949745704851609585e-01
3.849237114554828754e-01
4.963682448914744083e-01
8.974872852425802572e-01
8.974872852425802572e-01
7.024660594019663806e-01
6.537690721361292256e-01
8.462309278638705523e-01
5.612605610529346478e-01
6.537690721361292256e-01
5.476246022701842797e-01
3.713580754380655935e-01
6.318633102274505697e-01
3.655773196596767693e-01
7.243718213106448145e-01
7.024660594019663806e-01
4.999999999999997780e-01
6.512097020232567868e-01
4.963682448914744083e-01
7.537224167806763075e-01
8.781408934467740401e-01
3.713580754380655935e-01
5.476246022701841687e-01
2.511630466678040352e-01
4.361800688341926358e-01
2.494989688848399667e-01
2.511630466678040352e-01
4.999999999999997780e-01
1.999066892890943026e-01
0.000000000000000000e+00
1.272644662109704561e-01
4.257654957169585419e-01
4.361800688341926358e-01
0.000000000000000000e+00
3.713580754380655935e-01
3.713580754380655935e-01
3.075381442722583958e-01
6.924618557277412156e-01
4.361800688341926358e-01
3.655773196596767693e-01
7.949745704851607364e-01
8.049787741593861234e-01
8.974872852425804792e-01
5.706027491745156999e-01
0.000000000000000000e+00
9.487436426212899621e-01
6.731154639319349986e-01
2.511630466678040352e-01
4.770218530956683023e-01
3.849237114554828754e-01
1.272644662109704561e-01
6.537690721361290036e-01
4.780942380913214551e-01
6.924618557277413267e-01
1.272644662109704561e-01
3.938555301340549430e-01
0.000000000000000000e+00
6.537690721361290036e-01
3.201017180593558331e-01
3.201017180593558331e-01
4.074914889168055332e-01
1.272644662109704561e-01
4.770218530956681913e-01
7.243718213106448145e-01
4.074914889168055332e-01
4.999999999999997780e-01
1.272644662109704561e-01
3.201017180593558331e-01
4.770218530956681913e-01
1.272644662109704561e-01
1.272644662109704561e-01
4.361800688341926358e-01
2.511630466678040352e-01
1.999066892890943026e-01
4.770218530956683023e-01
3.713580754380655935e-01
4.999999999999997780e-01
3.075381442722583958e-01
3.713580754380655935e-01
7.537224167806763075e-01
6.537690721361290036e-01
6.512097020232567868e-01
9.293972508254839671e-01
6.856790377190324914e-01
4.963682448914744083e-01
2.511630466678040352e-01
0.000000000000000000e+00
7.024660594019663806e-01
4.361800688341926913e-01
4.874364262129023961e-01
6.831196676061603856e-01
6.025127147574192987e-01
7.562817868935485244e-01
1.272644662109704561e-01
4.361800688341926358e-01
5.476246022701841687e-01
5.831663229616131927e-01
0.000000000000000000e+00
3.201017180593558331e-01
6.318633102274505697e-01
6.924618557277413267e-01
2.494989688848399667e-01
5.486969872658371550e-01
9.487436426212901841e-01
5.476246022701842797e-01
0.000000000000000000e+00
1.272644662109704561e-01
4.999999999999997780e-01
5.831663229616131927e-01
4.361800688341926358e-01
2.511630466678040352e-01
5.486969872658371550e-01
6.831196676061603856e-01
6.537690721361290036e-01
4.074914889168055332e-01
4.874364262129023961e-01
5.486969872658371550e-01
5.476246022701840577e-01
1.272644662109704561e-01
7.537224167806763075e-01
7.437182131064510315e-01
4.874364262129023961e-01
0.000000000000000000e+00
5.319099655829034878e-01
4.770218530956683023e-01
6.537690721361290036e-01
4.361800688341926358e-01
2.511630466678040352e-01
3.655773196596767693e-01
4.874364262129023961e-01
1.272644662109704561e-01
0.000000000000000000e+00
7.437182131064510315e-01
1.999066892890943026e-01
5.319099655829034878e-01
5.319099655829034878e-01
5.612605610529346478e-01
6.412054983490315108e-01
0.000000000000000000e+00
3.201017180593558331e-01
6.831196676061603856e-01
3.713580754380655935e-01
2.824109966980634101e-01
5.074448335613527261e-01
4.999999999999997780e-01
6.924618557277413267e-01
0.000000000000000000e+00
4.999999999999997780e-01
5.999533446445470819e-01
2.511630466678040352e-01
7.949745704851607364e-01
1.999066892890943026e-01
5.319099655829034878e-01
8.781408934467740401e-01
5.806069528487408649e-01
7.024660594019663806e-01
4.361800688341926358e-01
6.412054983490315108e-01
7.949745704851609585e-01
6.537690721361292256e-01
7.024660594019663806e-01
6.537690721361290036e-01
5.706027491745156999e-01
6.831196676061603856e-01
6.731154639319351096e-01
5.706027491745156999e-01
9.999999999999997780e-01
8.075381442722582293e-01
8.268845360680642242e-01
7.756281786893544083e-01
7.756281786893547414e-01
5.831663229616131927e-01
6.537690721361290036e-01
4.770218530956681913e-01
4.770218530956681913e-01
3.013470190508606428e-01
3.655773196596767693e-01
4.361800688341926358e-01
4.361800688341926358e-01
4.361800688341926358e-01
3.655773196596767693e-01
4.361800688341926358e-01
4.874364262129023961e-01
4.999999999999997780e-01
8.075381442722582293e-01
4.999999999999997780e-01
7.243718213106448145e-01
7.243718213106448145e-01
3.713580754380655935e-01
4.074914889168055332e-01
4.257654957169585419e-01
3.713580754380655935e-01
2.511630466678040352e-01
1.272644662109704561e-01
0.000000000000000000e+00
3.938555301340549430e-01
4.963682448914744083e-01
5.988809596488938736e-01
0.000000000000000000e+00
3.713580754380655935e-01
4.874364262129023961e-01
7.243718213106448145e-01
7.756281786893547414e-01
8.781408934467740401e-01
4.770218530956683023e-01
5.476246022701840577e-01
5.319099655829034878e-01
4.074914889168055332e-01
8.075381442722584513e-01
8.075381442722584513e-01
9.806536082041937830e-01
1.272644662109704561e-01
3.201017180593558331e-01
1.272644662109704561e-01
7.756281786893547414e-01
7.243718213106448145e-01
7.024660594019666027e-01
6.025127147574191877e-01
5.999533446445470819e-01
8.075381442722582293e-01
2.824109966980634101e-01
6.537690721361290036e-01
8.268845360680644463e-01
1.272644662109704561e-01
6.318633102274505697e-01
1.272644662109704561e-01
6.537690721361290036e-01
1.272644662109704561e-01
1.272644662109704561e-01
6.318633102274505697e-01
3.713580754380655935e-01
1.999066892890943026e-01
6.831196676061602746e-01
4.963682448914744083e-01
3.201017180593558331e-01
1.272644662109704561e-01
6.025127147574191877e-01
9.487436426212901841e-01
7.949745704851607364e-01
5.988809596488938736e-01
3.201017180593558331e-01
8.075381442722582293e-01
5.831663229616131927e-01
5.988809596488938736e-01
4.999999999999997780e-01
3.938555301340549430e-01
1.000000000000000000e+00
5.476246022701840577e-01
6.537690721361292256e-01
5.999533446445470819e-01
4.361800688341926358e-01
3.713580754380655935e-01
8.268845360680644463e-01
7.949745704851607364e-01
7.949745704851609585e-01
3.713580754380655935e-01
5.999533446445470819e-01
3.938555301340549430e-01
4.361800688341926358e-01
4.963682448914744083e-01
4.361800688341926358e-01
3.713580754380655935e-01
5.988809596488938736e-01
4.999999999999997780e-01
2.511630466678040352e-01
3.655773196596767693e-01
6.318633102274505697e-01
6.537690721361292256e-01
5.831663229616131927e-01
7.243718213106448145e-01
6.318633102274505697e-01
6.537690721361290036e-01
8.075381442722582293e-01
6.025127147574192987e-01
8.075381442722582293e-01
9.293972508254841891e-01
4.361800688341926358e-01
3.655773196596767693e-01
1.272644662109704561e-01
7.243718213106448145e-01
7.024660594019663806e-01
6.537690721361290036e-01
4.999999999999997780e-01
6.537690721361290036e-01
7.024660594019663806e-01
3.849237114554828754e-01
4.770218530956683023e-01
4.963682448914744083e-01
3.201017180593558886e-01
3.713580754380655935e-01
5.831663229616131927e-01
7.756281786893547414e-01
5.899491409703218059e-01
1.272644662109704561e-01
5.074448335613527261e-01
5.074448335613527261e-01
9.999999999999997780e-01
6.537690721361290036e-01
5.476246022701840577e-01
5.831663229616131927e-01
8.587945016509680451e-01
5.476246022701842797e-01
1.272644662109704561e-01
7.024660594019663806e-01
7.243718213106448145e-01
7.024660594019663806e-01
4.770218530956683023e-01
2.511630466678040352e-01
6.025127147574192987e-01
8.075381442722584513e-01
8.268845360680642242e-01
8.587945016509680451e-01
6.318633102274505697e-01
7.537224167806763075e-01
6.537690721361292256e-01
8.781408934467740401e-01
7.562817868935485244e-01
5.476246022701840577e-01
6.318633102274505697e-01
0.000000000000000000e+00
5.706027491745156999e-01
4.999999999999997780e-01
4.963682448914744083e-01
6.537690721361292256e-01
6.025127147574192987e-01
6.025127147574191877e-01
8.075381442722584513e-01
7.949745704851607364e-01
4.874364262129023961e-01
5.476246022701840577e-01
6.924618557277413267e-01
4.361800688341926358e-01
5.831663229616131927e-01
7.949745704851609585e-01
1.999066892890943026e-01
5.831663229616131927e-01
6.412054983490317328e-01
5.074448335613527261e-01
8.075381442722584513e-01
2.511630466678040352e-01
6.318633102274505697e-01
7.024660594019663806e-01
6.318633102274505697e-01
6.831196676061603856e-01
2.511630466678040352e-01
7.949745704851609585e-01
4.874364262129023961e-01
2.511630466678040352e-01
1.272644662109704561e-01
2.511630466678040352e-01
1.999066892890943026e-01
3.655773196596767693e-01
5.319099655829034878e-01
2.511630466678040352e-01
8.781408934467740401e-01
7.437182131064510315e-01
5.476246022701841687e-01
5.999533446445470819e-01
7.537224167806763075e-01
7.243718213106450365e-01
7.949745704851607364e-01
9.806536082041937830e-01
5.831663229616131927e-01
8.781408934467742622e-01
8.462309278638705523e-01
8.974872852425800351e-01
8.268845360680644463e-01
6.924618557277413267e-01
5.486969872658372660e-01
2.511630466678040352e-01
4.874364262129023961e-01
6.537690721361290036e-01
3.201017180593558331e-01
2.511630466678040352e-01
7.756281786893547414e-01
5.899491409703216949e-01
2.511630466678040352e-01
8.781408934467740401e-01
3.713580754380655935e-01
5.988809596488938736e-01
9.293972508254841891e-01
6.025127147574191877e-01
5.706027491745156999e-01
5.476246022701840577e-01
8.462309278638705523e-01
6.318633102274505697e-01
5.999533446445470819e-01
2.511630466678040352e-01
7.243718213106448145e-01
8.781408934467740401e-01
4.487436426212900176e-01
6.537690721361290036e-01
6.318633102274505697e-01
5.476246022701842797e-01
3.201017180593558331e-01
4.361800688341926358e-01
8.075381442722584513e-01
3.655773196596767693e-01
8.075381442722582293e-01
8.974872852425804792e-01
6.537690721361290036e-01
7.537224167806763075e-01
6.831196676061603856e-01
9.293972508254839671e-01
8.462309278638705523e-01
6.537690721361290036e-01
6.318633102274505697e-01
7.949745704851609585e-01
6.025127147574192987e-01
6.831196676061603856e-01
9.293972508254839671e-01
1.272644662109704561e-01
1.272644662109704561e-01
5.988809596488938736e-01
5.999533446445470819e-01
4.074914889168055332e-01
6.831196676061603856e-01
4.361800688341926913e-01
8.781408934467740401e-01
6.731154639319349986e-01
6.412054983490315108e-01
4.770218530956683023e-01
1.272644662109704561e-01
4.487436426212900176e-01
4.780942380913214551e-01
7.243718213106448145e-01
2.511630466678040352e-01
7.243718213106448145e-01
4.999999999999997780e-01
4.963682448914744083e-01
8.462309278638705523e-01
3.201017180593558331e-01
4.361800688341926913e-01
5.999533446445470819e-01
4.999999999999997780e-01
6.537690721361290036e-01
1.272644662109704561e-01
4.361800688341926358e-01
9.293972508254839671e-01
6.318633102274505697e-01
1.272644662109704561e-01
7.949745704851609585e-01
7.024660594019663806e-01
1.272644662109704561e-01
8.075381442722584513e-01
5.319099655829034878e-01
5.476246022701842797e-01
8.462309278638705523e-01
6.537690721361290036e-01
7.756281786893547414e-01
7.949745704851607364e-01
9.293972508254839671e-01
8.781408934467740401e-01
8.974872852425802572e-01
8.268845360680644463e-01
9.999999999999997780e-01
7.024660594019663806e-01
7.949745704851607364e-01
9.487436426212901841e-01
8.781408934467742622e-01
8.781408934467742622e-01
8.974872852425802572e-01
8.462309278638705523e-01
8.781408934467740401e-01
4.963682448914744083e-01
8.462309278638705523e-01
7.756281786893547414e-01
8.462309278638705523e-01
6.831196676061603856e-01
6.537690721361292256e-01
7.949745704851609585e-01
7.243718213106448145e-01
7.024660594019663806e-01
9.487436426212899621e-01
8.781408934467740401e-01
4.613072164083875104e-01
8.075381442722582293e-01
9.293972508254839671e-01
8.268845360680643353e-01
8.462309278638704413e-01
7.562817868935485244e-01
9.487436426212899621e-01
5.476246022701840577e-01
7.949745704851607364e-01
8.781408934467740401e-01
5.612605610529347588e-01
8.781408934467742622e-01
7.562817868935485244e-01
8.781408934467740401e-01
4.770218530956683023e-01
8.268845360680644463e-01
8.587945016509680451e-01
8.268845360680643353e-01
6.924618557277413267e-01
7.949745704851607364e-01
6.731154639319352206e-01
6.537690721361290036e-01
8.781408934467740401e-01
5.831663229616131927e-01
8.075381442722582293e-01
8.781408934467742622e-01
8.974872852425804792e-01
7.949745704851609585e-01
7.437182131064510315e-01
8.462309278638705523e-01
6.731154639319352206e-01
6.025127147574192987e-01
6.731154639319351096e-01
8.462309278638705523e-01
5.074448335613527261e-01
8.781408934467740401e-01
6.412054983490315108e-01
7.537224167806763075e-01
5.988809596488938736e-01
7.949745704851607364e-01
7.949745704851607364e-01
6.318633102274505697e-01
4.361800688341926358e-01
6.831196676061603856e-01
2.494989688848399667e-01
1.272644662109704561e-01
0.000000000000000000e+00
6.412054983490315108e-01
7.243718213106450365e-01
1.272644662109704561e-01
4.874364262129023961e-01
8.462309278638705523e-01
4.874364262129023961e-01
4.361800688341926358e-01
3.201017180593558331e-01
4.561884761826429657e-01
5.831663229616131927e-01
6.831196676061603856e-01
6.318633102274505697e-01
7.949745704851609585e-01
7.949745704851609585e-01
4.874364262129023961e-01
6.831196676061603856e-01
8.781408934467740401e-01
9.487436426212899621e-01
4.874364262129023961e-01
1.272644662109704561e-01
6.412054983490315108e-01
5.486969872658371550e-01
8.268845360680644463e-01
