4.080371483944016386e-01
3.939595784877516493e-01
4.524074588047471424e-01
4.922969297548875911e-01
3.495892680774060901e-01
4.278231209879631569e-01
4.922969297548875911e-01
4.524074588047471424e-01
5.814055800170303545e-01
6.493127180980270419e-01
6.852019736050303234e-01
7.092719581522678451e-01
6.802067808752787492e-01
8.567779850529717578e-01
7.398822244189808828e-01
7.584406337858358160e-01
6.490821613390193034e-01
6.403173099251383560e-01
7.491614291024082384e-01
7.047911186920627902e-01
6.819486973715318534e-01
7.649809155053114429e-01
7.988444580055228394e-01
4.278231209879632679e-01
5.941181140145298523e-01
6.551585934673823663e-01
6.501108678781124528e-01
9.310453517728705108e-01
7.049879461985920637e-01
8.229144425527603612e-01
8.818766761393026510e-01
8.093512259156570021e-01
9.415521196830044515e-01
7.295722840153759936e-01
7.928185295555940648e-01
9.016626487328638362e-01
5.315980984246535535e-01
5.315980984246535535e-01
4.917086274745131602e-01
5.654616409248651721e-01
4.917086274745131602e-01
5.070137606078697345e-01
8.093512259156570021e-01
6.852019736050303234e-01
4.971457986565443465e-01
2.440321543861131703e-01
1.188521663553090829e-01
3.626698315163573438e-01
7.214064635623844424e-02
6.759227689216029678e-01
3.209177458134752636e-01
1.892609617896857666e-01
2.138452996064697520e-01
0.000000000000000000e+00
6.802067808752787492e-01
0.000000000000000000e+00
0.000000000000000000e+00
0.000000000000000000e+00
5.485202403774779301e-01
7.214064635623844424e-02
0.000000000000000000e+00
7.214064635623844424e-02
1.849829517955613734e-01
0.000000000000000000e+00
2.687773670096939571e-01
4.578450849743015416e-01
8.174028673723779947e-01
3.264630502463364281e-01
0.000000000000000000e+00
5.695337761977459223e-01
0.000000000000000000e+00
5.415161090668898503e-01
4.048343758393372904e-01
0.000000000000000000e+00
7.097863114218144753e-01
8.279096352825119354e-01
0.000000000000000000e+00
3.875035296991887757e-01
3.608072167636158234e-01
5.823837828776893266e-01
6.907135487854129119e-01
0.000000000000000000e+00
5.863502690683477514e-01
0.000000000000000000e+00
4.239815424740900895e-01
3.575539405301173534e-01
7.476500693651629836e-01
4.118385071499253702e-01
3.700864214470433455e-01
7.250914445551709386e-01
7.049879461985919527e-01
6.372608611981690485e-01
6.912279020549595421e-01
7.311173730050999353e-01
7.883376900953890098e-01
7.383708646817354060e-01
5.568212422002464246e-01
4.890941571998233539e-01
7.077605984150224794e-01
8.770783109160801283e-01
8.432147684158685097e-01
3.428838589227957701e-01
3.518095851434734911e-01
7.110138746485209493e-01
7.110138746485210604e-01
1.553974192894742312e-01
6.001440424644589600e-01
6.972538305048883167e-01
4.134747745639560934e-01
2.963334079966912782e-01
8.174028673723779947e-01
7.983301047359764313e-01
2.138452996064697520e-01
3.872541693331413848e-01
8.371888399659397351e-01
6.453125026548899301e-01
5.229576997000348060e-01
7.448774171487325679e-01
8.492406968657975064e-01
7.584406337858360381e-01
7.923041762860474346e-01
8.399614921823701508e-01
8.327080005057344581e-01
8.234287958223069914e-01
6.400335134145994642e-01
9.076885771827928329e-01
7.847668880988729612e-01
7.815136118653746022e-01
8.246563590490135764e-01
9.016626487328640582e-01
7.880201643323713201e-01
7.436498539220258719e-01
8.414728519196154055e-01
8.660571897363993354e-01
9.076885771827930549e-01
7.142671508820196413e-01
5.967107131503868178e-01
8.093512259156570021e-01
7.601825502820890312e-01
7.988444580055230615e-01
8.432147684158686207e-01
7.847668880988731832e-01
7.644665622357648127e-01
7.880201643323715421e-01
7.142671508820196413e-01
7.388514886988035713e-01
7.077605984150224794e-01
6.408316631946848752e-01
6.255265300613284118e-01
6.746952056948963827e-01
5.763578544277604410e-01
6.501108678781124528e-01
6.501108678781123418e-01
4.966314453869976608e-01
4.431787577997537420e-01
6.152691225172417511e-01
6.398534603340259030e-01
6.797429312841662963e-01
6.551585934673822553e-01
5.906847847004579322e-01
8.572923383225186100e-01
8.492406968657975064e-01
1.434365041720931100e-01
1.892609617896857666e-01
4.642604590169917000e-01
6.807211341448254904e-01
7.355982124653047682e-01
7.158122398717434720e-01
5.314731907478682515e-01
6.852019736050303234e-01
6.746952056948963827e-01
7.142671508820194193e-01
9.217661470894427111e-01
5.153699078344263773e-01
8.831042393660091250e-01
7.245770912856244195e-01
3.518095851434734911e-01
4.361053192036918880e-01
8.093512259156570021e-01
6.340075849646705786e-01
6.606176357882465044e-01
3.875035296991888312e-01
7.214064635623844424e-02
1.434365041720931100e-01
7.214064635623844424e-02
1.188521663553090829e-01
4.966314453869976608e-01
3.730709503442689590e-01
1.434365041720931100e-01
7.847668880988731832e-01
5.775854176544668039e-01
8.665715430059460767e-01
8.432147684158685097e-01
6.831762605982384384e-01
6.746952056948963827e-01
7.496757823719550906e-01
6.698968404716738601e-01
7.214064635623844424e-02
7.983301047359764313e-01
7.847668880988729612e-01
3.298537991622786936e-01
3.600960359875401418e-01
7.742601201887389095e-01
6.453125026548899301e-01
3.209177458134753191e-01
1.434365041720931100e-01
8.911558808227298956e-01
5.229576997000348060e-01
4.739690771470403408e-01
4.025593024664978481e-01
5.906847847004579322e-01
6.551585934673823663e-01
5.542286430643893480e-01
8.387339289556634547e-01
5.561824362414374834e-01
4.610071827834932856e-01
3.946707592638272755e-01
9.064610139560863589e-01
6.907135487854128009e-01
6.573643595547479235e-01
7.584406337858358160e-01
7.988444580055230615e-01
7.532465843684708062e-01
8.665715430059459656e-01
9.415521196830044515e-01
7.928185295555940648e-01
6.493127180980271529e-01
6.408316631946848752e-01
8.770783109160801283e-01
7.245770912856244195e-01
6.957087415151644860e-01
7.928185295555940648e-01
9.157402186395139365e-01
6.711244036983804451e-01
8.153771543655858878e-01
8.971818092726588922e-01
8.572923383225186100e-01
7.250914445551709386e-01
7.649809155053114429e-01
6.303248952845507125e-01
5.296443052476055291e-01
5.153699078344263773e-01
7.250914445551709386e-01
8.081236626889504171e-01
3.892798823399332142e-01
4.957807627473938550e-01
8.572923383225186100e-01
8.234287958223069914e-01
0.000000000000000000e+00
0.000000000000000000e+00
5.463144742901122619e-01
3.091854438577190112e-01
7.895652533220953728e-01
7.053054719616093093e-01
5.315980984246535535e-01
8.141495911388794138e-01
6.152691225172417511e-01
6.400335134145994642e-01
4.230584850172193212e-01
6.852019736050303234e-01
7.077605984150224794e-01
1.892609617896857666e-01
0.000000000000000000e+00
7.532465843684708062e-01
5.906847847004579322e-01
7.601825502820890312e-01
9.064610139560863589e-01
6.388059501878929902e-01
6.987651902421339045e-01
6.137072591015623191e-01
5.973713902480284332e-01
6.372608611981690485e-01
9.907207953165726444e-01
4.025593024664978481e-01
2.933617048264779426e-01
2.765474354031297599e-01
4.769917966215312388e-01
8.480131336390910324e-01
2.534722338763374383e-01
4.514104523370484068e-01
7.496757823719548686e-01
8.081236626889506391e-01
4.524074588047471424e-01
3.600960359875401418e-01
9.064610139560865809e-01
7.883376900953890098e-01
6.846876203354839152e-01
2.587359652459134129e-01
6.650984752484514484e-01
6.057405574677667826e-01
6.738970559148110828e-01
6.388059501878929902e-01
7.077605984150224794e-01
6.879746258214607391e-01
7.895652533220954838e-01
7.694617549655163868e-01
7.416241409152339870e-01
7.049879461985920637e-01
7.190655161052418309e-01
7.388514886988033492e-01
7.649809155053115539e-01
3.600960359875401418e-01
6.561367963280412274e-01
8.279096352825119354e-01
4.865015580639664994e-01
8.971818092726590033e-01
7.544741475951773912e-01
7.730325569620323245e-01
8.572923383225186100e-01
6.957087415151644860e-01
6.900003388282528460e-01
2.248724227457018776e-01
5.695337761977459223e-01
1.849829517955613734e-01
5.542286430643895700e-01
6.114489601546784225e-01
2.639430346564600738e-01
3.298537991622786936e-01
2.765474354031297599e-01
2.963334079966912782e-01
5.153699078344263773e-01
7.214064635623844424e-02
2.341516274291294275e-01
6.501108678781123418e-01
5.561824362414374834e-01
8.371888399659395130e-01
5.896372745543250193e-01
3.875035296991887757e-01
8.153771543655859988e-01
9.109418534162915249e-01
6.646178512313835052e-01
5.552593787845667705e-01
0.000000000000000000e+00
8.432147684158685097e-01
4.930081105309634393e-01
4.431787577997537420e-01
6.892021890481674351e-01
5.964613527843393159e-01
2.138452996064697520e-01
5.973713902480284332e-01
7.742601201887390205e-01
9.016626487328640582e-01
1.188521663553090829e-01
7.250914445551709386e-01
3.288062890161457807e-01
7.601825502820891423e-01
5.026048409774083181e-01
6.447981493853432999e-01
6.162473253779008342e-01
5.941181140145298523e-01
8.048703864554518361e-01
6.303248952845509345e-01
4.355909659341452578e-01
5.098583326540438998e-01
0.000000000000000000e+00
2.765474354031297599e-01
4.355909659341452578e-01
7.214064635623844424e-02
2.534722338763374383e-01
2.587359652459134129e-01
3.626698315163573438e-01
1.434365041720931100e-01
7.416241409152339870e-01
5.356702336975344148e-01
6.403173099251383560e-01
7.637533522786049689e-01
7.245770912856244195e-01
7.682341917388100239e-01
6.771503321483094417e-01
6.907135487854129119e-01
7.677198384692635047e-01
7.311173730050999353e-01
8.000720212322295355e-01
6.202138115685594810e-01
4.118385071499253702e-01
6.957087415151644860e-01
4.966314453869976608e-01
7.584406337858360381e-01
7.049879461985920637e-01
7.742601201887389095e-01
5.863502690683478624e-01
3.608072167636158234e-01
6.754084156520564486e-01
8.279096352825119354e-01
7.491614291024082384e-01
0.000000000000000000e+00
6.069681206944734786e-01
8.327080005057344581e-01
6.999927534688404895e-01
6.649016477419223969e-01
6.573643595547480345e-01
5.574819192978879290e-01
3.362228789468317824e-01
7.214064635623844424e-02
7.214064635623844424e-02
3.847308774827583044e-01
7.491614291024082384e-01
3.091854438577190112e-01
3.939595784877516493e-01
6.802067808752787492e-01
7.694617549655166089e-01
6.388059501878929902e-01
3.730709503442690145e-01
6.187024518313138932e-01
7.391690144618209279e-01
6.262397400184883667e-01
6.900003388282528460e-01
8.480131336390910324e-01
8.339355637324409320e-01
5.763578544277604410e-01
2.765474354031297599e-01
8.414728519196152945e-01
7.649809155053114429e-01
8.033252974657278944e-01
5.967107131503868178e-01
3.362228789468317824e-01
4.230584850172193212e-01
4.922969297548875911e-01
5.219101895539018932e-01
1.434365041720931100e-01
6.711244036983804451e-01
3.209177458134752636e-01
4.812758085752071868e-01
3.626698315163573438e-01
4.976096482476567440e-01
7.158122398717434720e-01
0.000000000000000000e+00
6.152186188388077959e-01
7.476500693651629836e-01
7.053054719616094204e-01
2.534722338763374383e-01
5.296443052476055291e-01
5.517735166109764000e-01
7.584406337858358160e-01
0.000000000000000000e+00
3.821382783469013389e-01
1.434365041720931100e-01
3.626698315163573438e-01
7.140703233754903678e-01
2.687773670096939571e-01
5.823837828776893266e-01
7.295722840153759936e-01
7.541566218321600346e-01
7.298898097783933503e-01
5.306750409677828406e-01
3.355116981707561563e-01
5.542286430643893480e-01
8.923834440494367026e-01
7.206106050949661057e-01
9.415521196830046735e-01
7.754876834154456056e-01
8.186304305990845798e-01
7.416241409152339870e-01
8.677991062326525507e-01
7.152978866021968418e-01
6.999927534688404895e-01
7.589549870553824462e-01
6.807211341448253794e-01
7.976168947788163655e-01
6.295267455044654126e-01
6.049424076876814826e-01
8.725974714558749623e-01
7.557017108218838652e-01
6.152186188388077959e-01
4.780205031606242772e-01
6.831762605982385494e-01
7.137865268649514761e-01
3.091854438577190112e-01
1.188521663553090829e-01
6.992795435116803127e-01
6.064537674249268484e-01
5.018066911973229072e-01
1.188521663553090829e-01
6.957087415151643750e-01
6.738970559148108608e-01
5.984021259682059668e-01
7.017346699650934827e-01
7.323449362318066314e-01
4.469296128768434073e-01
5.585126550180653515e-01
7.601825502820889202e-01
6.303248952845509345e-01
7.649809155053114429e-01
8.524939730992960873e-01
8.174028673723779947e-01
5.296443052476055291e-01
5.662804999642473414e-01
5.098583326540438998e-01
8.492406968657975064e-01
8.129220279121728288e-01
8.818766761393024289e-01
7.940460927823005388e-01
7.682341917388100239e-01
7.403965776885275130e-01
3.209177458134752636e-01
5.823837828776893266e-01
6.852019736050303234e-01
7.214064635623844424e-02
3.821382783469013389e-01
5.814055800170303545e-01
8.174028673723779947e-01
4.720471075702136754e-01
3.209177458134752636e-01
7.250914445551709386e-01
3.946707592638272755e-01
4.185944199829698675e-01
7.976168947788163655e-01
6.852019736050303234e-01
2.534722338763374383e-01
2.138452996064697520e-01
5.891229212847783892e-01
6.307543087311719976e-01
8.923834440494364806e-01
7.509033455986616756e-01
7.923041762860474346e-01
8.567779850529717578e-01
8.818766761393026510e-01
4.373328824303984730e-01
4.080371483944016386e-01
7.436498539220257609e-01
5.344426704708279408e-01
3.600960359875401418e-01
5.695337761977459223e-01
6.009421922445444819e-01
3.288062890161458363e-01
1.434365041720931100e-01
5.296443052476055291e-01
6.693824872021274519e-01
6.360332979714623525e-01
3.362228789468317824e-01
5.708988121068963029e-01
3.600960359875401418e-01
3.288062890161458363e-01
6.907135487854129119e-01
4.441569606604128251e-01
4.977345559244421569e-01
5.344426704708278297e-01
6.310381052417107783e-01
4.223452750600593109e-01
9.016626487328640582e-01
8.033252974657278944e-01
7.988444580055228394e-01
6.678711274648818641e-01
6.305742556505983254e-01
7.077605984150227014e-01
8.585199015492249730e-01
7.479338658757018754e-01
6.759227689216028567e-01
5.015761344383151688e-01
9.355261912330756768e-01
8.327080005057344581e-01
3.518095851434734911e-01
2.138452996064697520e-01
7.940460927823005388e-01
7.496757823719548686e-01
6.852019736050303234e-01
4.185944199829698675e-01
7.509033455986614536e-01
6.794935709181189054e-01
2.833203030626973984e-01
5.086307694273373148e-01
5.542286430643893480e-01
4.732221379374019210e-01
3.518095851434734911e-01
5.020904877078616879e-01
6.162473253779010562e-01
4.917086274745131602e-01
2.138452996064697520e-01
4.917086274745131602e-01
5.718770149675553860e-01
6.109346068851316813e-01
6.984813937315949017e-01
7.787409596489439645e-01
4.469296128768434073e-01
7.983301047359763203e-01
7.245770912856244195e-01
4.271436402832818335e-01
6.799229843647398575e-01
8.971818092726588922e-01
8.339355637324409320e-01
8.339355637324409320e-01
6.957087415151643750e-01
6.372608611981690485e-01
1.000000000000000000e+00
7.403965776885275130e-01
7.250914445551709386e-01
7.185511628356955338e-01
7.245770912856244195e-01
7.649809155053114429e-01
6.678711274648818641e-01
7.245770912856244195e-01
5.645385834679944592e-01
7.250914445551709386e-01
4.917086274745131602e-01
7.355982124653051013e-01
2.687773670096939571e-01
6.508240778352724076e-01
5.542286430643895700e-01
4.719226548809515864e-01
7.436498539220258719e-01
6.852019736050303234e-01
4.917086274745131602e-01
7.245770912856244195e-01
5.542286430643893480e-01
4.787337131177842875e-01
1.434365041720931100e-01
5.891229212847783892e-01
7.694617549655166089e-01
1.849829517955613734e-01
6.033973186979574299e-01
3.655336621570945965e-01
6.896828130652356004e-01
6.493127180980271529e-01
7.137865268649514761e-01
5.485202403774779301e-01
4.973258517371180187e-01
4.080371483944016386e-01
6.912279020549594311e-01
3.196182627570250401e-01
7.386546611922742978e-01
3.600960359875401418e-01
3.209177458134752636e-01
3.362228789468317824e-01
5.941181140145298523e-01
4.524074588047471424e-01
2.833203030626973984e-01
4.966314453869976608e-01
4.271436402832818335e-01
7.976168947788163655e-01
6.142216123711089493e-01
5.863502690683477514e-01
5.788129808811735000e-01
7.830249716026199680e-01
5.654616409248651721e-01
7.557017108218838652e-01
8.141495911388791917e-01
8.813623228697556877e-01
7.730325569620323245e-01
7.017346699650934827e-01
6.453125026548899301e-01
5.356702336975344148e-01
2.833203030626973984e-01
7.097863114218142533e-01
7.436498539220260939e-01
4.725614608397602501e-01
7.391690144618209279e-01
4.278231209879631569e-01
5.542286430643895700e-01
8.234287958223069914e-01
5.654616409248650610e-01
5.916629875611169043e-01
7.637533522786049689e-01
5.239359025606938891e-01
4.025593024664978481e-01
4.780205031606242772e-01
8.971818092726588922e-01
6.714419294613978018e-01
6.508240778352725187e-01
7.017346699650934827e-01
8.279096352825121574e-01
8.770783109160801283e-01
3.629191918824047902e-01
8.677991062326525507e-01
6.553386465479559275e-01
4.118385071499253702e-01
5.577994450609055077e-01
1.434365041720931100e-01
7.907928165488019578e-01
4.332607471575176117e-01
7.722344071819468025e-01
8.093512259156570021e-01
7.250914445551709386e-01
8.984093724993655883e-01
6.069681206944732565e-01
7.787409596489438535e-01
8.168885141028313646e-01
2.933617048264779426e-01
8.234287958223069914e-01
7.142671508820194193e-01
7.170398030984500570e-01
6.169605353350609001e-01
8.279096352825119354e-01
5.530010798376829850e-01
2.587359652459134129e-01
5.695337761977459223e-01
6.738970559148108608e-01
4.474627697534296900e-01
6.736664991558033444e-01
7.065330351883160054e-01
8.432147684158685097e-01
4.922969297548875911e-01
3.272252473266895056e-01
5.896372745543250193e-01
1.188521663553090829e-01
4.278231209879632679e-01
4.514104523370484068e-01
5.896372745543250193e-01
7.214064635623844424e-02
6.340075849646705786e-01
4.042674897102722653e-01
4.534361653438403472e-01
5.896372745543250193e-01
4.080371483944016386e-01
6.064537674249268484e-01
6.398029566555917258e-01
5.708988121068963029e-01
6.759227689216029678e-01
1.434365041720931100e-01
8.572923383225186100e-01
7.677198384692631716e-01
4.719226548809515864e-01
2.138452996064697520e-01
6.907135487854129119e-01
7.140703233754903678e-01
5.015761344383151688e-01
7.145846766450367760e-01
5.169317712501059203e-01
5.229576997000349170e-01
5.954831499236804548e-01
6.152691225172419731e-01
4.971457986565442910e-01
4.890941571998233539e-01
4.966314453869977719e-01
4.966314453869976608e-01
5.229576997000348060e-01
7.847668880988731832e-01
8.093512259156570021e-01
8.093512259156570021e-01
8.911558808227300066e-01
6.944811782884579010e-01
9.016626487328640582e-01
6.746952056948964938e-01
7.737457669191925014e-01
7.649809155053114429e-01
5.015761344383151688e-01
4.364228449667094112e-01
4.364228449667094112e-01
4.271436402832818335e-01
4.610071827834933966e-01
5.015761344383151688e-01
4.677125919381036612e-01
5.015761344383151688e-01
4.677125919381036612e-01
5.015761344383151688e-01
4.080371483944016386e-01
5.015761344383151688e-01
5.315980984246535535e-01
5.015761344383152798e-01
4.719226548809515864e-01
4.731502181076580604e-01
5.162929652912972012e-01
5.315980984246535535e-01
4.957807627473940215e-01
5.296443052476055291e-01
6.279816565147414709e-01
4.852739948372598588e-01
4.619172202471824029e-01
5.941181140145299633e-01
5.296443052476055291e-01
4.865015580639664994e-01
6.279816565147414709e-01
5.695337761977459223e-01
5.098583326540438998e-01
5.542286430643893480e-01
5.110858958807504848e-01
6.279816565147414709e-01
5.542286430643893480e-01
6.033973186979575409e-01
5.941181140145299633e-01
6.305742556505984364e-01
5.708988121068963029e-01
5.815856330976040267e-01
7.730325569620325465e-01
6.984813937315949017e-01
6.661292109686289820e-01
7.140703233754903678e-01
7.295722840153757716e-01
7.386546611922742978e-01
6.219557280648124742e-01
6.162473253779010562e-01
5.266748255246458399e-01
5.344426704708278297e-01
3.730709503442690145e-01
1.434365041720931100e-01
8.033252974657280054e-01
6.907135487854129119e-01
2.534722338763374383e-01
6.698968404716738601e-01
8.665715430059459656e-01
5.973713902480284332e-01
6.126765233813848965e-01
5.830969928348493925e-01
7.140703233754903678e-01
4.271436402832818335e-01
5.568212422002464246e-01
6.310381052417107783e-01
8.246563590490135764e-01
5.967107131503868178e-01
5.602545715143183447e-01
8.129220279121729398e-01
8.327080005057344581e-01
8.770783109160801283e-01
5.086307694273373148e-01
6.907135487854129119e-01
8.923834440494364806e-01
5.763578544277603299e-01
6.846876203354839152e-01
8.129220279121729398e-01
8.036428232287452511e-01
7.233495280589179455e-01
